#!ascii label  , from subject sub-v2s12x28893_ses-1 vox2ras=TkReg
733
52084  27.775  -16.456  68.041 0.0000000000
140647  43.918  -5.740  49.239 0.0000000000
62579  54.164  -7.495  46.609 0.0000000000
61454  41.371  -7.044  59.728 0.0000000000
46885  31.314  -21.507  63.036 0.0000000000
46836  29.537  -21.830  66.401 0.0000000000
63659  49.447  -5.101  48.614 0.0000000000
133419  48.030  -7.052  52.726 0.0000000000
58419  38.208  -10.552  61.471 0.0000000000
47863  35.469  -20.125  63.467 0.0000000000
69670  56.242  1.496  42.852 0.0000000000
136495  52.581  -4.306  44.267 0.0000000000
62482  39.350  -6.218  56.241 0.0000000000
64581  43.180  -4.216  55.906 0.0000000000
48857  29.522  -19.819  65.255 0.0000000000
49886  28.668  -18.946  67.553 0.0000000000
144019  46.621  -3.960  49.455 0.0000000000
64618  48.987  -4.757  50.987 0.0000000000
63606  47.045  -5.358  51.867 0.0000000000
51084  41.401  -17.157  59.261 0.0000000000
45837  32.667  -22.750  64.442 0.0000000000
133617  33.315  -20.965  63.199 0.0000000000
44863  34.737  -23.916  62.809 0.0000000000
69657  54.178  1.015  44.053 0.0000000000
68587  54.644  -0.733  43.577 0.0000000000
68568  54.306  -0.778  45.630 0.0000000000
62596  50.376  -6.923  45.975 0.0000000000
63738  50.031  -5.318  43.868 0.0000000000
63714  53.711  -6.091  44.895 0.0000000000
64688  55.494  -5.373  44.145 0.0000000000
140712  55.335  -7.385  44.358 0.0000000000
60357  39.792  -8.078  61.749 0.0000000000
61456  38.008  -7.709  59.584 0.0000000000
140180  40.012  -5.921  59.310 0.0000000000
129420  40.021  -4.798  56.384 0.0000000000
63502  42.208  -5.035  58.710 0.0000000000
133609  45.241  -6.882  57.194 0.0000000000
60400  42.685  -8.151  57.690 0.0000000000
46847  30.732  -21.393  65.353 0.0000000000
62585  47.965  -6.351  46.465 0.0000000000
63673  51.678  -6.732  48.288 0.0000000000
62534  51.328  -6.750  49.552 0.0000000000
60502  49.581  -8.551  50.723 0.0000000000
141383  38.069  -16.978  62.795 0.0000000000
54442  39.561  -14.307  62.402 0.0000000000
56536  41.175  -12.518  61.197 0.0000000000
57494  40.094  -10.928  59.445 0.0000000000
59439  40.593  -9.545  56.850 0.0000000000
49964  36.687  -18.600  62.152 0.0000000000
47860  37.770  -19.975  62.828 0.0000000000
69705  55.314  0.610  40.102 0.0000000000
67489  52.146  -1.664  43.963 0.0000000000
65619  54.556  -3.856  44.134 0.0000000000
63780  55.590  -4.653  40.511 0.0000000000
139739  44.234  -5.786  53.262 0.0000000000
63550  46.347  -5.774  54.959 0.0000000000
60430  46.778  -8.730  55.061 0.0000000000
50978  27.491  -17.339  68.581 0.0000000000
50987  28.531  -17.632  67.687 0.0000000000
48800  27.043  -19.438  68.205 0.0000000000
64632  45.411  -4.961  49.513 0.0000000000
63626  46.650  -4.862  50.878 0.0000000000
63627  45.623  -5.403  50.489 0.0000000000
45836  33.525  -22.464  64.083 0.0000000000
69658  53.141  0.604  43.248 0.0000000000
68576  54.685  0.190  45.771 0.0000000000
68577  53.523  -0.430  44.866 0.0000000000
62594  53.503  -7.017  46.165 0.0000000000
62613  52.093  -6.298  45.066 0.0000000000
62593  54.657  -7.359  46.015 0.0000000000
62610  55.350  -7.382  45.134 0.0000000000
60365  41.028  -7.605  61.154 0.0000000000
62440  39.406  -6.505  60.741 0.0000000000
62453  40.754  -6.024  60.226 0.0000000000
63504  40.816  -4.980  59.179 0.0000000000
152176  41.874  -6.004  58.843 0.0000000000
61466  43.143  -6.720  58.348 0.0000000000
60383  42.001  -7.207  58.387 0.0000000000
48856  30.001  -20.555  65.085 0.0000000000
46835  30.290  -21.576  65.869 0.0000000000
45826  30.235  -22.967  65.562 0.0000000000
64658  47.545  -4.385  48.083 0.0000000000
136338  46.821  -5.300  46.746 0.0000000000
133961  48.982  -5.426  47.996 0.0000000000
62572  50.438  -6.525  47.616 0.0000000000
139885  50.093  -5.470  48.737 0.0000000000
63643  51.142  -6.241  48.815 0.0000000000
64645  50.102  -5.327  49.505 0.0000000000
62524  48.758  -6.005  51.599 0.0000000000
62523  49.403  -6.446  51.090 0.0000000000
61531  48.833  -7.664  51.561 0.0000000000
58553  48.576  -9.396  51.402 0.0000000000
135405  48.167  -8.310  52.381 0.0000000000
153140  39.105  -18.158  62.442 0.0000000000
53288  38.036  -15.297  62.619 0.0000000000
133338  40.035  -17.186  62.144 0.0000000000
54472  41.658  -14.620  60.293 0.0000000000
57482  41.187  -11.453  60.742 0.0000000000
47864  34.790  -20.140  63.419 0.0000000000
48873  35.061  -19.658  63.109 0.0000000000
49930  35.604  -19.359  63.070 0.0000000000
48870  37.048  -19.221  63.271 0.0000000000
47861  37.037  -20.086  63.259 0.0000000000
70701  55.649  2.186  43.590 0.0000000000
69688  55.709  0.654  41.211 0.0000000000
67496  54.304  -1.718  43.523 0.0000000000
64700  51.598  -4.319  43.917 0.0000000000
65628  50.202  -3.589  43.531 0.0000000000
65627  51.219  -3.505  43.797 0.0000000000
67490  51.232  -2.069  43.509 0.0000000000
66571  52.983  -2.489  44.585 0.0000000000
66570  53.649  -2.244  44.746 0.0000000000
65621  53.225  -3.180  44.504 0.0000000000
62646  55.369  -5.878  41.906 0.0000000000
64715  55.943  -5.229  42.964 0.0000000000
134974  37.573  -12.263  61.423 0.0000000000
59391  37.286  -10.375  60.325 0.0000000000
61483  38.674  -7.460  57.807 0.0000000000
60403  38.130  -8.466  57.706 0.0000000000
64582  42.230  -4.341  56.008 0.0000000000
144648  40.860  -4.742  55.058 0.0000000000
63554  42.592  -4.932  54.334 0.0000000000
63572  42.269  -5.262  53.570 0.0000000000
63553  44.271  -5.037  54.257 0.0000000000
146727  44.976  -5.553  53.903 0.0000000000
64578  45.322  -4.832  55.522 0.0000000000
60397  45.058  -8.765  57.027 0.0000000000
61490  46.092  -7.846  56.014 0.0000000000
59433  45.836  -9.853  55.861 0.0000000000
58526  46.469  -10.537  53.960 0.0000000000
48829  29.150  -19.152  66.401 0.0000000000
47818  29.097  -20.377  67.110 0.0000000000
45815  27.539  -22.252  65.920 0.0000000000
47819  27.987  -20.980  67.249 0.0000000000
64648  47.952  -4.039  48.965 0.0000000000
139324  49.367  -4.594  49.730 0.0000000000
64629  47.802  -4.160  50.779 0.0000000000
151386  48.139  -4.988  51.843 0.0000000000
135732  47.505  -5.544  52.667 0.0000000000
46876  31.802  -21.734  63.911 0.0000000000
47881  32.795  -20.787  62.770 0.0000000000
47850  33.352  -21.396  63.788 0.0000000000
46860  33.773  -21.602  63.989 0.0000000000
46858  35.107  -21.268  63.612 0.0000000000
46874  36.479  -21.870  62.992 0.0000000000
44872  35.687  -23.785  61.891 0.0000000000
69641  55.628  1.454  44.299 0.0000000000
68598  55.283  0.097  43.233 0.0000000000
69642  55.176  0.838  44.915 0.0000000000
67486  54.635  -0.849  44.885 0.0000000000
67487  54.351  -1.525  44.934 0.0000000000
138818  48.981  -6.511  45.058 0.0000000000
63717  50.486  -5.945  44.499 0.0000000000
63716  51.529  -5.790  44.586 0.0000000000
63715  52.787  -5.558  44.615 0.0000000000
152420  54.323  -4.680  44.393 0.0000000000
63713  54.757  -6.236  44.919 0.0000000000
154162  55.548  -6.770  43.846 0.0000000000
60350  38.776  -8.825  61.618 0.0000000000
60367  37.923  -8.765  60.906 0.0000000000
61442  38.111  -7.749  60.596 0.0000000000
62466  39.133  -6.516  59.053 0.0000000000
152043  39.700  -5.772  57.921 0.0000000000
63529  39.608  -5.512  56.440 0.0000000000
64549  40.159  -5.049  57.873 0.0000000000
64547  41.470  -4.260  57.923 0.0000000000
64545  43.370  -4.070  57.489 0.0000000000
63527  45.015  -4.537  56.856 0.0000000000
62473  44.218  -5.637  57.991 0.0000000000
60381  43.906  -7.362  58.054 0.0000000000
59420  44.319  -9.303  56.944 0.0000000000
47851  29.406  -20.337  64.157 0.0000000000
47868  30.097  -21.031  64.214 0.0000000000
46877  30.970  -21.520  63.637 0.0000000000
46846  31.362  -21.894  65.162 0.0000000000
44855  31.441  -24.159  64.424 0.0000000000
62597  49.396  -6.771  45.867 0.0000000000
62582  50.936  -7.081  46.842 0.0000000000
62570  52.511  -7.227  47.622 0.0000000000
62560  52.819  -7.411  47.647 0.0000000000
60518  52.577  -7.939  48.568 0.0000000000
59534  51.400  -9.148  49.141 0.0000000000
63624  50.138  -5.584  50.234 0.0000000000
145993  50.741  -7.926  50.150 0.0000000000
52156  37.442  -16.669  61.632 0.0000000000
53310  37.589  -15.026  62.175 0.0000000000
141475  37.824  -13.697  62.376 0.0000000000
56518  38.184  -12.714  62.435 0.0000000000
53332  41.175  -15.641  61.189 0.0000000000
148619  40.231  -13.263  61.880 0.0000000000
128925  39.636  -11.040  61.742 0.0000000000
58429  40.927  -10.147  61.231 0.0000000000
131400  40.903  -9.057  60.502 0.0000000000
59399  40.233  -9.064  59.197 0.0000000000
60402  40.645  -8.355  57.914 0.0000000000
58471  39.777  -9.791  57.707 0.0000000000
51036  37.593  -17.294  62.712 0.0000000000
49927  38.232  -18.367  62.999 0.0000000000
47878  39.024  -20.123  61.766 0.0000000000
148128  37.874  -21.540  62.053 0.0000000000
46894  38.520  -21.368  60.970 0.0000000000
69719  55.910  1.121  39.567 0.0000000000
68578  52.414  -0.881  43.858 0.0000000000
67488  53.203  -1.320  44.764 0.0000000000
67477  54.161  -1.143  45.434 0.0000000000
65626  54.545  -3.502  43.950 0.0000000000
138036  55.037  -4.618  44.236 0.0000000000
64716  55.606  -4.630  42.857 0.0000000000
65645  55.330  -4.305  40.835 0.0000000000
59400  37.420  -9.392  59.127 0.0000000000
63610  42.299  -6.058  51.679 0.0000000000
146075  44.062  -6.212  51.590 0.0000000000
63589  44.904  -6.124  52.254 0.0000000000
63569  46.477  -5.660  53.479 0.0000000000
62497  47.304  -6.471  53.837 0.0000000000
63525  46.128  -5.663  55.812 0.0000000000
62488  47.038  -6.813  54.683 0.0000000000
153992  47.496  -7.796  53.623 0.0000000000
59456  47.399  -9.459  53.526 0.0000000000
59422  42.198  -8.659  56.995 0.0000000000
59437  43.005  -9.381  56.513 0.0000000000
50969  26.734  -17.026  68.835 0.0000000000
52075  27.279  -16.660  68.459 0.0000000000
52083  28.169  -16.974  68.205 0.0000000000
50977  28.197  -17.610  68.294 0.0000000000
151754  44.737  -5.211  49.143 0.0000000000
63645  44.617  -5.786  50.013 0.0000000000
68588  52.737  -0.098  43.622 0.0000000000
62592  55.100  -7.715  45.630 0.0000000000
61595  54.765  -7.891  46.104 0.0000000000
61439  41.146  -6.951  60.676 0.0000000000
153024  40.834  -6.459  60.735 0.0000000000
61453  41.161  -6.382  60.201 0.0000000000
62452  41.291  -5.862  59.911 0.0000000000
61468  41.597  -6.334  59.240 0.0000000000
146901  41.441  -7.255  58.789 0.0000000000
47831  29.669  -20.762  66.534 0.0000000000
142475  30.128  -20.988  66.101 0.0000000000
138691  28.914  -22.695  65.949 0.0000000000
63660  48.515  -4.725  48.376 0.0000000000
134249  48.064  -5.011  47.592 0.0000000000
63675  49.976  -5.584  48.216 0.0000000000
63658  50.412  -5.612  49.042 0.0000000000
64646  49.769  -5.070  49.231 0.0000000000
62515  48.319  -6.466  52.261 0.0000000000
62514  48.865  -6.900  51.648 0.0000000000
61532  48.444  -7.502  52.219 0.0000000000
60468  48.530  -8.293  51.824 0.0000000000
49944  39.505  -18.596  62.055 0.0000000000
51049  39.236  -17.510  62.463 0.0000000000
129084  40.173  -18.282  61.438 0.0000000000
48872  35.480  -19.619  63.217 0.0000000000
48871  36.186  -19.649  63.298 0.0000000000
47862  36.318  -20.337  63.378 0.0000000000
70688  56.048  1.755  43.590 0.0000000000
71734  56.093  2.235  43.248 0.0000000000
69687  56.530  1.417  41.788 0.0000000000
69671  55.936  0.886  42.540 0.0000000000
65622  52.286  -3.367  44.167 0.0000000000
66577  51.913  -2.672  43.986 0.0000000000
137578  38.016  -11.574  61.638 0.0000000000
58430  37.465  -11.079  60.903 0.0000000000
59380  37.721  -10.385  61.015 0.0000000000
61492  39.063  -7.034  56.887 0.0000000000
61500  39.030  -6.989  55.791 0.0000000000
64597  41.697  -4.590  55.252 0.0000000000
64596  42.456  -4.571  55.085 0.0000000000
64595  43.474  -4.671  54.907 0.0000000000
64594  44.505  -4.599  55.176 0.0000000000
64580  44.113  -4.150  55.843 0.0000000000
59434  45.281  -9.921  56.214 0.0000000000
60417  45.450  -9.337  56.420 0.0000000000
58479  45.647  -10.140  55.845 0.0000000000
58495  46.095  -10.182  55.345 0.0000000000
49885  29.018  -18.313  67.174 0.0000000000
49894  28.998  -18.368  66.682 0.0000000000
48814  29.163  -19.267  67.027 0.0000000000
47817  29.513  -19.824  66.377 0.0000000000
48815  28.453  -19.853  67.560 0.0000000000
64650  45.365  -4.079  48.419 0.0000000000
135107  46.141  -3.981  48.581 0.0000000000
64649  46.997  -3.938  48.676 0.0000000000
150605  47.247  -3.840  49.217 0.0000000000
64638  47.558  -3.930  49.884 0.0000000000
64620  47.509  -4.572  51.255 0.0000000000
63605  47.854  -5.045  51.867 0.0000000000
141221  47.917  -5.320  52.130 0.0000000000
63586  47.462  -5.404  52.477 0.0000000000
46861  32.481  -21.913  64.266 0.0000000000
138856  32.906  -22.034  64.203 0.0000000000
44852  34.168  -23.210  63.538 0.0000000000
45835  34.377  -22.236  63.801 0.0000000000
46859  34.500  -21.318  63.803 0.0000000000
45846  35.067  -23.025  63.273 0.0000000000
45845  35.913  -22.644  62.919 0.0000000000
70691  53.743  1.291  42.972 0.0000000000
70690  55.103  1.697  44.125 0.0000000000
69643  54.978  0.841  45.038 0.0000000000
68567  54.779  -0.229  45.775 0.0000000000
67476  54.372  -0.661  45.651 0.0000000000
62614  49.942  -6.516  45.158 0.0000000000
134872  51.072  -6.520  45.303 0.0000000000
62612  53.037  -6.419  45.299 0.0000000000
142850  54.032  -5.429  44.533 0.0000000000
62609  55.377  -7.394  44.660 0.0000000000
141198  55.508  -6.867  44.569 0.0000000000
145183  55.430  -7.187  44.266 0.0000000000
62625  55.457  -6.920  43.766 0.0000000000
61636  55.168  -7.010  43.562 0.0000000000
60349  39.333  -8.690  61.674 0.0000000000
60366  38.596  -7.959  61.345 0.0000000000
61430  39.330  -7.485  61.673 0.0000000000
62454  39.938  -6.245  60.014 0.0000000000
62455  39.073  -6.498  59.997 0.0000000000
136768  39.534  -6.226  59.442 0.0000000000
62465  39.717  -5.941  58.712 0.0000000000
63519  40.000  -5.404  58.221 0.0000000000
63503  41.390  -4.878  59.071 0.0000000000
64529  41.128  -4.549  58.615 0.0000000000
144591  41.853  -4.415  58.428 0.0000000000
64546  42.407  -4.071  57.762 0.0000000000
63518  42.807  -4.427  58.169 0.0000000000
64544  43.804  -4.611  57.866 0.0000000000
62474  43.221  -5.285  58.373 0.0000000000
60382  43.149  -7.504  58.024 0.0000000000
145774  44.017  -8.213  57.754 0.0000000000
143894  44.462  -8.838  57.251 0.0000000000
60399  43.780  -8.616  57.518 0.0000000000
48858  28.966  -19.366  64.482 0.0000000000
48875  28.664  -19.765  63.488 0.0000000000
132002  30.623  -21.182  65.000 0.0000000000
148519  30.681  -21.376  64.173 0.0000000000
46863  31.290  -21.621  64.740 0.0000000000
63690  47.579  -5.560  46.932 0.0000000000
62598  48.465  -6.648  45.773 0.0000000000
62584  48.888  -6.597  46.621 0.0000000000
62571  51.503  -6.756  47.820 0.0000000000
153272  52.115  -6.947  47.858 0.0000000000
62561  51.964  -6.920  48.215 0.0000000000
62548  51.632  -6.710  48.823 0.0000000000
140110  51.935  -7.287  49.022 0.0000000000
59533  52.159  -8.608  48.810 0.0000000000
61555  51.340  -7.565  49.648 0.0000000000
64628  49.256  -4.542  50.335 0.0000000000
64627  49.640  -5.059  50.362 0.0000000000
63625  49.368  -5.547  50.929 0.0000000000
61545  49.367  -7.328  51.143 0.0000000000
62522  50.072  -6.827  50.678 0.0000000000
60482  49.989  -7.817  50.670 0.0000000000
60501  50.283  -8.531  50.283 0.0000000000
59519  49.698  -9.041  50.452 0.0000000000
52141  37.678  -16.540  62.323 0.0000000000
141024  37.519  -15.824  61.817 0.0000000000
142811  37.746  -15.868  62.310 0.0000000000
53287  38.510  -15.381  62.599 0.0000000000
142646  38.120  -14.783  62.645 0.0000000000
54426  38.110  -14.117  62.642 0.0000000000
55480  37.937  -13.115  62.399 0.0000000000
55478  38.775  -13.810  62.583 0.0000000000
134526  41.162  -17.226  60.744 0.0000000000
52154  41.231  -16.371  60.794 0.0000000000
55517  41.712  -13.159  60.377 0.0000000000
55504  41.460  -14.067  60.775 0.0000000000
56526  40.501  -12.627  61.584 0.0000000000
56527  39.550  -12.603  62.113 0.0000000000
147088  40.848  -11.926  61.441 0.0000000000
59364  40.113  -10.179  61.441 0.0000000000
58417  40.714  -11.078  61.408 0.0000000000
129821  40.837  -10.860  60.312 0.0000000000
58440  41.099  -10.228  60.888 0.0000000000
58449  40.421  -9.958  59.863 0.0000000000
59410  39.968  -9.288  58.310 0.0000000000
58450  39.751  -10.059  58.640 0.0000000000
153411  33.128  -20.090  62.430 0.0000000000
49965  35.896  -19.102  62.269 0.0000000000
147699  36.416  -19.021  61.434 0.0000000000
51060  37.229  -17.744  61.840 0.0000000000
49947  36.977  -18.107  62.733 0.0000000000
152772  37.437  -19.546  63.158 0.0000000000
49928  37.518  -18.354  63.173 0.0000000000
48869  37.877  -19.045  63.145 0.0000000000
49946  38.422  -18.730  62.770 0.0000000000
48890  38.433  -19.636  62.513 0.0000000000
45843  37.206  -21.926  62.462 0.0000000000
46903  39.045  -20.821  60.667 0.0000000000
69704  56.330  1.219  40.644 0.0000000000
69706  54.049  0.218  39.702 0.0000000000
63739  49.057  -5.376  43.806 0.0000000000
64702  49.521  -4.407  43.503 0.0000000000
151356  51.984  -2.185  44.024 0.0000000000
67497  51.453  -1.248  43.186 0.0000000000
66569  53.996  -1.788  45.070 0.0000000000
66568  54.108  -2.354  44.569 0.0000000000
64689  54.934  -5.146  44.480 0.0000000000
143106  54.458  -4.169  44.321 0.0000000000
151898  55.847  -4.925  41.437 0.0000000000
64732  55.488  -4.431  41.899 0.0000000000
60374  37.749  -8.578  59.866 0.0000000000
140168  37.442  -9.473  60.089 0.0000000000
60385  37.845  -8.539  58.812 0.0000000000
63539  39.720  -5.133  56.418 0.0000000000
63556  40.542  -4.901  54.169 0.0000000000
63571  43.015  -5.689  52.968 0.0000000000
145066  42.812  -5.965  52.230 0.0000000000
63609  43.200  -6.195  51.565 0.0000000000
63590  43.674  -6.081  52.312 0.0000000000
63551  45.851  -5.497  54.988 0.0000000000
143561  45.801  -5.457  54.122 0.0000000000
131059  46.506  -5.657  54.199 0.0000000000
63568  47.061  -5.543  53.218 0.0000000000
128657  46.784  -5.992  53.890 0.0000000000
63516  45.242  -5.214  57.024 0.0000000000
63526  45.527  -5.109  56.368 0.0000000000
62481  45.603  -6.121  56.679 0.0000000000
134698  46.488  -8.148  55.460 0.0000000000
61499  46.542  -7.266  55.359 0.0000000000
61498  46.931  -7.749  54.859 0.0000000000
61507  47.307  -7.314  54.116 0.0000000000
139381  47.173  -8.226  54.260 0.0000000000
60445  47.453  -8.576  53.556 0.0000000000
60446  47.032  -9.165  54.302 0.0000000000
57563  46.834  -10.633  53.186 0.0000000000
58470  40.243  -9.078  57.638 0.0000000000
59423  40.984  -8.703  57.202 0.0000000000
50995  28.821  -17.644  67.055 0.0000000000
48799  28.028  -19.272  68.107 0.0000000000
49873  28.423  -18.329  68.091 0.0000000000
49874  27.554  -18.118  68.562 0.0000000000
64640  45.066  -4.527  48.798 0.0000000000
64639  45.756  -4.264  49.142 0.0000000000
64631  46.195  -4.508  49.973 0.0000000000
63607  45.884  -5.724  51.555 0.0000000000
44854  32.398  -23.761  64.262 0.0000000000
44853  33.293  -23.455  63.914 0.0000000000
44864  33.868  -24.171  63.200 0.0000000000
69644  53.835  0.400  44.549 0.0000000000
133813  51.309  -7.005  46.098 0.0000000000
62595  52.170  -6.769  45.745 0.0000000000
62611  54.169  -6.645  45.514 0.0000000000
151988  55.083  -7.083  45.470 0.0000000000
61604  55.262  -7.829  45.210 0.0000000000
61429  40.279  -7.477  61.594 0.0000000000
61440  39.758  -6.809  61.347 0.0000000000
140672  40.618  -6.856  61.195 0.0000000000
62439  40.201  -6.417  60.777 0.0000000000
63490  40.532  -5.611  59.608 0.0000000000
63489  41.064  -5.408  59.677 0.0000000000
62464  41.617  -5.571  59.220 0.0000000000
62463  42.529  -5.905  58.649 0.0000000000
61467  42.334  -6.493  58.518 0.0000000000
48841  29.927  -20.052  65.764 0.0000000000
47839  30.261  -20.719  65.546 0.0000000000
45813  30.638  -22.123  65.584 0.0000000000
63678  46.156  -4.614  47.039 0.0000000000
63677  47.127  -4.765  47.338 0.0000000000
63676  48.469  -5.962  47.203 0.0000000000
62573  49.428  -6.305  47.411 0.0000000000
63674  50.778  -6.083  48.532 0.0000000000
62549  51.108  -6.212  49.322 0.0000000000
63604  48.476  -5.162  51.644 0.0000000000
60483  49.094  -8.245  51.191 0.0000000000
145483  49.067  -8.964  51.018 0.0000000000
138475  48.560  -8.943  51.601 0.0000000000
59485  48.044  -9.624  52.088 0.0000000000
143351  38.180  -17.332  62.860 0.0000000000
52129  37.831  -16.107  62.423 0.0000000000
52127  38.624  -17.021  62.657 0.0000000000
52140  39.557  -16.674  62.400 0.0000000000
53309  39.940  -15.833  62.329 0.0000000000
52170  41.109  -15.838  60.063 0.0000000000
56546  41.972  -12.788  60.029 0.0000000000
56545  41.295  -12.388  60.634 0.0000000000
141156  41.169  -12.363  60.397 0.0000000000
56556  40.740  -12.781  59.820 0.0000000000
47865  34.012  -20.658  63.325 0.0000000000
47880  33.577  -20.370  62.815 0.0000000000
48874  34.364  -20.085  62.981 0.0000000000
48891  34.619  -19.623  62.582 0.0000000000
49949  35.346  -19.338  62.866 0.0000000000
49948  36.269  -18.870  62.948 0.0000000000
49929  36.354  -19.022  63.117 0.0000000000
152891  56.701  1.839  41.581 0.0000000000
63737  50.997  -5.221  44.032 0.0000000000
64701  50.588  -4.399  43.723 0.0000000000
66578  50.732  -2.847  43.550 0.0000000000
67479  52.705  -2.068  44.520 0.0000000000
65620  53.947  -3.007  44.536 0.0000000000
63755  55.855  -5.918  43.322 0.0000000000
64698  55.797  -5.575  43.584 0.0000000000
143249  55.872  -5.570  42.411 0.0000000000
63770  55.627  -5.279  41.214 0.0000000000
56528  37.636  -12.839  61.721 0.0000000000
61470  38.279  -7.710  58.638 0.0000000000
60419  38.076  -8.609  56.613 0.0000000000
64583  41.260  -4.489  55.998 0.0000000000
139406  40.294  -4.655  55.818 0.0000000000
63555  41.659  -4.861  54.369 0.0000000000
63573  41.223  -5.256  53.440 0.0000000000
139847  43.293  -5.274  53.867 0.0000000000
63552  45.134  -5.062  54.626 0.0000000000
61481  45.176  -7.804  57.183 0.0000000000
61491  45.643  -7.339  56.634 0.0000000000
135458  45.594  -8.412  56.573 0.0000000000
60416  46.120  -8.957  55.854 0.0000000000
141330  46.494  -9.722  55.121 0.0000000000
59457  46.965  -9.919  54.208 0.0000000000
49915  29.049  -19.188  65.486 0.0000000000
49895  28.676  -18.546  65.802 0.0000000000
48842  29.542  -19.502  65.958 0.0000000000
48828  29.660  -19.699  65.920 0.0000000000
46823  28.793  -21.476  66.830 0.0000000000
45804  28.604  -22.181  66.398 0.0000000000
46824  28.028  -21.860  66.620 0.0000000000
46825  27.340  -21.480  66.675 0.0000000000
48816  27.471  -20.103  67.731 0.0000000000
64659  46.615  -4.198  47.886 0.0000000000
64647  48.987  -4.550  49.106 0.0000000000
64637  48.587  -4.150  49.882 0.0000000000
144283  48.553  -4.270  50.727 0.0000000000
64630  46.979  -4.155  50.455 0.0000000000
64619  48.227  -4.609  51.444 0.0000000000
142983  48.235  -5.668  52.037 0.0000000000
63585  48.065  -6.070  52.396 0.0000000000
49963  40.315  -18.792  60.863 0.0000000000
47867  32.078  -21.352  63.140 0.0000000000
47866  32.624  -21.482  63.509 0.0000000000
47849  34.162  -20.841  63.684 0.0000000000
47848  34.789  -20.589  63.565 0.0000000000
138842  35.401  -20.889  63.525 0.0000000000
133159  36.062  -21.001  63.407 0.0000000000
46875  35.739  -21.665  63.394 0.0000000000
44861  36.248  -23.220  62.195 0.0000000000
44871  36.322  -23.307  61.687 0.0000000000
70689  55.782  1.814  44.038 0.0000000000
69656  55.787  1.081  43.894 0.0000000000
68586  55.138  0.234  44.649 0.0000000000
69628  54.773  0.182  45.455 0.0000000000
68566  54.816  0.064  45.580 0.0000000000
66576  54.407  -2.543  43.980 0.0000000000
63718  49.505  -5.996  44.406 0.0000000000
139386  51.883  -5.142  44.168 0.0000000000
64690  53.642  -4.301  44.425 0.0000000000
135211  55.389  -6.126  44.529 0.0000000000
153615  55.398  -6.786  45.002 0.0000000000
63712  55.770  -6.070  44.022 0.0000000000
62633  55.676  -6.322  43.359 0.0000000000
62634  55.595  -6.327  42.997 0.0000000000
59367  38.536  -9.498  61.598 0.0000000000
59379  38.114  -9.584  61.261 0.0000000000
60359  38.480  -8.743  61.527 0.0000000000
61441  38.869  -7.087  61.050 0.0000000000
61455  38.538  -7.107  60.214 0.0000000000
61469  38.606  -7.104  59.342 0.0000000000
131579  38.814  -7.081  58.569 0.0000000000
134864  39.219  -6.524  58.026 0.0000000000
62475  39.529  -6.013  57.171 0.0000000000
63528  39.832  -5.382  57.337 0.0000000000
64569  40.133  -4.933  57.157 0.0000000000
64530  40.476  -4.913  58.531 0.0000000000
64548  40.681  -4.598  57.920 0.0000000000
64568  40.795  -4.505  56.921 0.0000000000
64567  41.863  -4.188  57.010 0.0000000000
64566  42.876  -3.932  56.921 0.0000000000
64565  43.796  -3.996  56.675 0.0000000000
64564  44.529  -4.297  56.489 0.0000000000
146303  44.230  -4.307  57.143 0.0000000000
63517  44.618  -4.952  57.427 0.0000000000
62472  44.987  -5.948  57.437 0.0000000000
62462  43.626  -6.326  58.270 0.0000000000
61482  44.560  -6.915  57.695 0.0000000000
60398  44.570  -8.075  57.513 0.0000000000
59419  44.895  -9.476  56.773 0.0000000000
46886  30.556  -21.440  62.764 0.0000000000
46878  30.262  -21.313  63.429 0.0000000000
46862  31.898  -21.902  64.812 0.0000000000
45824  32.058  -22.169  64.866 0.0000000000
45825  31.143  -22.592  65.266 0.0000000000
44843  31.755  -23.092  64.832 0.0000000000
62583  49.871  -6.841  46.750 0.0000000000
62581  52.259  -7.181  46.875 0.0000000000
62580  53.338  -7.354  46.846 0.0000000000
61586  54.202  -7.889  46.767 0.0000000000
62569  53.441  -7.545  47.093 0.0000000000
61587  53.577  -7.756  47.294 0.0000000000
61576  53.275  -8.008  47.943 0.0000000000
61565  52.370  -7.320  48.306 0.0000000000
64636  49.764  -4.913  49.878 0.0000000000
64626  50.078  -5.258  49.873 0.0000000000
62535  50.710  -6.220  50.090 0.0000000000
62536  49.989  -6.089  50.604 0.0000000000
61556  50.791  -7.148  50.231 0.0000000000
60500  51.192  -8.444  49.589 0.0000000000
142640  37.401  -15.599  61.268 0.0000000000
54457  37.467  -14.325  61.447 0.0000000000
53289  37.733  -15.180  62.367 0.0000000000
54428  37.704  -14.461  62.315 0.0000000000
55493  37.584  -13.504  61.803 0.0000000000
56519  37.962  -12.963  62.330 0.0000000000
147299  37.992  -12.595  62.216 0.0000000000
57458  38.333  -11.353  61.831 0.0000000000
51058  40.945  -17.927  61.018 0.0000000000
52155  40.918  -16.438  61.397 0.0000000000
54441  40.328  -14.876  62.116 0.0000000000
53331  41.264  -15.358  60.544 0.0000000000
136285  40.920  -14.371  61.529 0.0000000000
55491  40.349  -13.939  62.028 0.0000000000
55492  39.556  -13.489  62.325 0.0000000000
57444  38.710  -12.215  62.393 0.0000000000
58418  38.669  -10.341  61.823 0.0000000000
143874  39.244  -10.205  61.850 0.0000000000
59365  39.698  -9.369  61.616 0.0000000000
59377  40.538  -9.306  61.408 0.0000000000
133835  41.115  -10.894  61.157 0.0000000000
59389  41.007  -9.239  61.132 0.0000000000
60356  40.665  -8.375  61.434 0.0000000000
153794  41.076  -8.407  60.940 0.0000000000
60373  40.966  -7.966  59.895 0.0000000000
60384  40.906  -7.778  58.651 0.0000000000
127506  40.439  -8.573  58.489 0.0000000000
151387  40.055  -9.656  57.253 0.0000000000
143669  39.502  -11.442  57.757 0.0000000000
135872  39.579  -10.639  57.709 0.0000000000
47882  31.936  -21.054  62.478 0.0000000000
51050  37.459  -17.287  62.222 0.0000000000
51035  37.654  -17.481  62.939 0.0000000000
130709  37.075  -18.102  63.004 0.0000000000
51034  38.057  -17.764  63.109 0.0000000000
153351  38.350  -18.447  62.869 0.0000000000
49945  38.820  -18.502  62.508 0.0000000000
48903  39.500  -19.689  61.431 0.0000000000
46873  36.853  -21.083  63.136 0.0000000000
46884  37.549  -20.919  62.658 0.0000000000
46883  38.238  -21.461  61.496 0.0000000000
47879  38.337  -20.716  62.118 0.0000000000
47891  38.822  -20.839  61.297 0.0000000000
52085  27.198  -15.994  67.684 0.0000000000
67478  53.742  -1.679  45.085 0.0000000000
130787  54.200  -1.345  45.284 0.0000000000
65636  53.863  -3.388  42.789 0.0000000000
64699  55.445  -4.797  43.711 0.0000000000
138575  55.024  -4.227  43.635 0.0000000000
65635  54.725  -4.088  42.950 0.0000000000
65658  54.677  -3.914  40.466 0.0000000000
63628  43.195  -6.207  49.988 0.0000000000
59390  37.679  -9.718  60.750 0.0000000000
59401  37.090  -10.158  59.397 0.0000000000
130234  41.970  -5.682  52.619 0.0000000000
129561  42.716  -6.259  50.824 0.0000000000
129045  43.766  -6.237  50.742 0.0000000000
150778  43.850  -6.109  50.017 0.0000000000
63608  44.805  -6.094  51.119 0.0000000000
63588  46.185  -5.806  52.608 0.0000000000
63570  45.446  -5.792  53.284 0.0000000000
63587  46.816  -5.287  52.985 0.0000000000
63567  47.360  -5.860  53.144 0.0000000000
62506  47.693  -6.452  52.908 0.0000000000
64563  45.132  -4.745  56.176 0.0000000000
63538  45.997  -4.999  55.763 0.0000000000
62480  46.183  -6.742  56.013 0.0000000000
62489  46.556  -6.315  55.196 0.0000000000
63549  46.917  -6.195  54.570 0.0000000000
62496  47.673  -7.110  53.363 0.0000000000
61518  47.838  -7.866  52.912 0.0000000000
60458  47.746  -8.822  52.837 0.0000000000
59468  47.675  -9.599  52.795 0.0000000000
58539  47.338  -10.476  52.761 0.0000000000
60401  41.356  -7.917  57.886 0.0000000000
59438  41.677  -9.380  56.490 0.0000000000
59421  43.514  -9.005  57.085 0.0000000000
59436  44.044  -9.639  56.614 0.0000000000
43859  32.953  -24.411  63.561 0.0000000000
45805  28.064  -22.434  66.030 0.0000000000
45834  35.171  -22.059  63.580 0.0000000000
45844  36.598  -22.539  62.482 0.0000000000
48889  39.072  -19.228  62.145 0.0000000000
49904  28.990  -19.089  66.208 0.0000000000
51033  38.414  -18.019  62.837 0.0000000000
51048  39.871  -17.873  62.075 0.0000000000
51059  40.520  -17.329  61.569 0.0000000000
52096  28.321  -17.036  67.557 0.0000000000
52128  38.195  -16.349  62.641 0.0000000000
52130  37.774  -16.725  62.522 0.0000000000
52139  40.368  -16.530  61.962 0.0000000000
53286  39.365  -15.158  62.482 0.0000000000
53308  40.614  -15.713  61.727 0.0000000000
53349  41.624  -15.106  60.036 0.0000000000
54425  38.707  -14.600  62.575 0.0000000000
54427  37.813  -14.434  62.463 0.0000000000
54443  37.560  -14.233  61.986 0.0000000000
54456  41.327  -14.875  61.008 0.0000000000
55479  38.311  -13.370  62.603 0.0000000000
55505  41.039  -13.405  61.469 0.0000000000
56517  38.766  -12.997  62.616 0.0000000000
56537  37.401  -12.711  60.882 0.0000000000
57445  38.246  -12.065  62.161 0.0000000000
57455  39.963  -11.882  61.465 0.0000000000
57456  39.281  -11.759  62.147 0.0000000000
57457  38.791  -11.244  62.141 0.0000000000
57459  37.947  -12.305  61.951 0.0000000000
57470  41.123  -11.682  61.191 0.0000000000
57471  37.673  -11.680  61.408 0.0000000000
57493  40.742  -11.728  60.055 0.0000000000
58494  46.457  -10.311  54.617 0.0000000000
58524  47.544  -10.143  52.820 0.0000000000
58525  47.098  -10.448  53.392 0.0000000000
59366  38.956  -9.410  61.743 0.0000000000
59378  40.077  -8.723  61.631 0.0000000000
59469  47.320  -10.099  53.472 0.0000000000
60358  38.993  -8.212  61.667 0.0000000000
60469  48.096  -8.964  52.202 0.0000000000
60519  51.913  -7.958  49.164 0.0000000000
61575  53.875  -8.047  47.210 0.0000000000
61612  55.279  -7.677  44.778 0.0000000000
62608  55.564  -6.867  44.142 0.0000000000
62632  55.645  -6.454  43.697 0.0000000000
63505  40.236  -5.391  58.945 0.0000000000
63644  50.562  -5.689  49.517 0.0000000000
64579  44.685  -4.495  55.861 0.0000000000
64731  55.617  -4.596  41.121 0.0000000000
70680  55.476  1.317  44.513 0.0000000000
130663  37.495  -13.892  61.529 0.0000000000
133773  41.103  -17.088  61.170 0.0000000000
134779  46.857  -10.206  54.009 0.0000000000
136154  37.852  -13.679  62.446 0.0000000000
137343  55.933  -4.831  42.060 0.0000000000
138018  30.293  -20.886  65.612 0.0000000000
140968  40.885  -15.078  61.498 0.0000000000
143012  39.001  -16.046  62.604 0.0000000000
148008  48.133  -4.025  50.344 0.0000000000
149705  38.941  -6.733  60.564 0.0000000000
149996  37.808  -11.057  61.295 0.0000000000
151312  38.056  -12.083  61.933 0.0000000000
153424  27.585  -18.794  68.424 0.0000000000
