#!ascii label  , from subject sub-v2s12x28880_ses-1 vox2ras=TkReg
1040
54970  30.836  -5.215  56.286 0.0000000000
109066  44.555  7.814  40.591 0.0000000000
60797  37.341  -0.281  48.281 0.0000000000
48008  15.599  -12.758  67.459 0.0000000000
55852  27.301  -4.737  61.977 0.0000000000
64441  37.902  3.904  46.617 0.0000000000
51044  20.696  -9.568  64.326 0.0000000000
48004  19.577  -12.688  67.348 0.0000000000
51064  24.978  -9.597  63.162 0.0000000000
66435  48.766  6.404  39.834 0.0000000000
114105  35.274  -1.969  56.734 0.0000000000
58728  35.806  -1.788  52.899 0.0000000000
54965  36.839  -5.219  56.620 0.0000000000
69909  46.954  10.958  37.888 0.0000000000
68215  50.519  8.826  35.974 0.0000000000
68989  41.618  9.064  42.845 0.0000000000
64464  45.225  4.462  44.321 0.0000000000
64468  41.397  4.508  44.373 0.0000000000
59819  41.912  -0.188  48.011 0.0000000000
51109  32.066  -9.255  60.715 0.0000000000
110924  14.513  -16.515  70.632 0.0000000000
44158  9.960  -17.018  71.047 0.0000000000
45023  7.556  -15.602  73.904 0.0000000000
128409  28.885  -4.701  59.057 0.0000000000
51101  28.063  -9.185  61.976 0.0000000000
125387  32.126  2.013  50.670 0.0000000000
60746  37.810  1.621  53.477 0.0000000000
71705  52.725  12.601  32.418 0.0000000000
67282  46.980  7.003  40.172 0.0000000000
66410  46.987  6.748  41.829 0.0000000000
56857  32.043  -3.209  55.545 0.0000000000
55967  34.169  -3.986  54.622 0.0000000000
54968  33.424  -5.257  56.107 0.0000000000
69897  44.308  10.713  40.432 0.0000000000
70771  46.358  11.839  39.322 0.0000000000
68172  45.793  9.232  38.785 0.0000000000
68170  47.639  8.273  38.210 0.0000000000
40561  7.311  -20.279  74.590 0.0000000000
121014  41.194  7.062  43.406 0.0000000000
66361  39.598  6.815  44.837 0.0000000000
61732  37.251  1.658  47.376 0.0000000000
60825  39.210  1.352  46.611 0.0000000000
59811  39.638  -0.396  48.083 0.0000000000
58755  40.466  -1.472  50.502 0.0000000000
48006  17.830  -12.587  67.242 0.0000000000
46986  18.753  -13.880  69.291 0.0000000000
46008  16.805  -14.748  69.279 0.0000000000
45042  16.015  -15.632  71.223 0.0000000000
45084  14.614  -15.370  68.685 0.0000000000
45987  10.622  -14.363  70.774 0.0000000000
44147  8.745  -16.536  71.859 0.0000000000
54905  27.816  -5.256  60.418 0.0000000000
52968  27.785  -7.845  59.932 0.0000000000
52970  26.537  -6.797  61.173 0.0000000000
49040  24.501  -11.368  65.510 0.0000000000
50023  26.653  -10.735  65.710 0.0000000000
56873  39.144  -2.919  54.373 0.0000000000
58727  37.093  -0.725  52.701 0.0000000000
66341  39.143  6.583  46.570 0.0000000000
64417  37.312  4.468  48.065 0.0000000000
63500  35.677  3.124  48.228 0.0000000000
49042  22.233  -11.232  65.545 0.0000000000
48002  21.311  -12.371  67.592 0.0000000000
49044  19.992  -11.244  65.714 0.0000000000
50008  18.532  -10.634  66.204 0.0000000000
49991  16.650  -10.851  67.174 0.0000000000
52958  25.523  -6.888  62.119 0.0000000000
53894  23.769  -6.909  62.854 0.0000000000
51066  22.674  -9.269  63.221 0.0000000000
125349  34.165  0.463  56.559 0.0000000000
119966  32.724  0.198  54.893 0.0000000000
59722  35.121  -1.217  54.975 0.0000000000
55964  36.688  -4.658  54.021 0.0000000000
70782  49.802  11.890  34.835 0.0000000000
69033  48.771  9.707  36.432 0.0000000000
67322  49.948  7.814  37.730 0.0000000000
68143  43.043  8.700  41.241 0.0000000000
66393  44.876  6.671  42.471 0.0000000000
66395  42.592  7.128  42.828 0.0000000000
64466  43.345  4.568  44.301 0.0000000000
62634  43.767  2.232  46.009 0.0000000000
63545  39.516  3.701  45.015 0.0000000000
61763  41.289  1.958  45.792 0.0000000000
52988  31.095  -7.676  58.035 0.0000000000
53917  33.682  -6.471  59.420 0.0000000000
70764  43.800  11.117  41.983 0.0000000000
47991  13.162  -12.607  68.725 0.0000000000
46009  12.309  -15.056  69.042 0.0000000000
121688  12.181  -17.071  70.278 0.0000000000
42376  12.091  -18.574  72.982 0.0000000000
42391  10.265  -19.125  72.364 0.0000000000
42379  7.741  -18.385  73.050 0.0000000000
43249  6.253  -17.941  74.113 0.0000000000
128011  5.501  -16.652  75.389 0.0000000000
54955  29.466  -5.330  56.937 0.0000000000
52097  29.465  -8.098  58.510 0.0000000000
51100  30.569  -9.518  61.418 0.0000000000
51082  26.494  -9.158  62.836 0.0000000000
61711  34.116  1.039  49.142 0.0000000000
59756  33.098  -0.013  52.137 0.0000000000
59772  35.226  0.512  51.668 0.0000000000
58758  37.617  -1.046  50.705 0.0000000000
54922  35.998  -5.069  59.389 0.0000000000
69958  53.931  11.083  31.773 0.0000000000
69067  51.190  10.297  33.948 0.0000000000
69065  52.857  9.546  33.496 0.0000000000
67283  46.120  7.369  40.242 0.0000000000
66423  46.490  6.950  41.054 0.0000000000
66424  45.759  7.232  40.824 0.0000000000
56858  31.347  -3.264  55.620 0.0000000000
55923  33.032  -4.756  55.695 0.0000000000
54969  32.708  -5.296  56.381 0.0000000000
68163  44.670  9.292  39.780 0.0000000000
69014  45.254  9.738  39.275 0.0000000000
68162  45.320  8.766  39.363 0.0000000000
68161  46.076  8.354  39.029 0.0000000000
41493  6.300  -19.696  74.750 0.0000000000
68110  40.207  8.379  44.656 0.0000000000
68101  39.914  8.137  45.858 0.0000000000
60812  37.629  0.670  47.629 0.0000000000
125469  38.522  0.418  47.529 0.0000000000
59812  38.831  -0.588  48.359 0.0000000000
59797  39.598  -0.992  48.880 0.0000000000
58778  38.555  -1.132  49.096 0.0000000000
48007  16.522  -12.468  67.299 0.0000000000
46994  17.353  -13.828  68.152 0.0000000000
46028  15.737  -14.122  67.872 0.0000000000
112464  15.752  -14.713  68.409 0.0000000000
46029  14.844  -14.109  67.809 0.0000000000
55864  27.552  -4.988  61.217 0.0000000000
54915  27.014  -6.479  60.556 0.0000000000
53901  26.515  -6.028  61.206 0.0000000000
49008  23.966  -11.832  67.045 0.0000000000
63443  31.565  3.315  55.097 0.0000000000
57776  39.895  -2.058  55.028 0.0000000000
111433  36.150  3.814  48.317 0.0000000000
63501  35.204  4.037  48.822 0.0000000000
50047  21.887  -10.466  64.406 0.0000000000
49027  21.400  -11.565  66.099 0.0000000000
50048  20.122  -10.059  64.849 0.0000000000
51009  18.286  -9.680  66.264 0.0000000000
51010  18.010  -8.975  66.748 0.0000000000
49990  17.384  -10.610  66.839 0.0000000000
54898  24.733  -5.950  62.931 0.0000000000
52923  21.384  -7.642  63.888 0.0000000000
52026  22.351  -8.579  63.237 0.0000000000
51067  21.846  -9.086  63.568 0.0000000000
50046  22.879  -10.600  64.262 0.0000000000
59713  34.827  -0.650  55.424 0.0000000000
59712  35.342  -1.288  55.749 0.0000000000
54983  35.612  -5.322  55.494 0.0000000000
55941  35.199  -4.885  54.570 0.0000000000
54982  36.609  -5.243  55.793 0.0000000000
55939  38.117  -4.679  55.526 0.0000000000
124823  38.019  -4.845  57.004 0.0000000000
70776  46.644  11.520  38.583 0.0000000000
126048  48.535  11.180  36.421 0.0000000000
69913  48.078  10.898  36.857 0.0000000000
67306  48.695  7.490  38.577 0.0000000000
67323  49.000  7.972  37.819 0.0000000000
66451  50.006  6.824  38.890 0.0000000000
68144  42.483  9.137  41.722 0.0000000000
67260  43.137  7.542  42.141 0.0000000000
67261  42.202  7.888  42.373 0.0000000000
118257  41.226  5.902  43.935 0.0000000000
65452  42.062  6.013  43.732 0.0000000000
64467  42.358  4.560  44.313 0.0000000000
63542  43.152  3.108  45.111 0.0000000000
63543  42.241  3.162  44.880 0.0000000000
65408  38.480  5.155  46.219 0.0000000000
66351  38.832  5.585  45.636 0.0000000000
64452  38.440  4.099  45.832 0.0000000000
60823  40.975  0.795  46.891 0.0000000000
61748  40.728  1.468  46.256 0.0000000000
60822  41.932  0.848  46.967 0.0000000000
60820  43.188  1.007  47.037 0.0000000000
52084  32.118  -8.527  59.600 0.0000000000
52083  32.943  -8.183  59.924 0.0000000000
69878  42.178  10.244  43.361 0.0000000000
69886  42.390  10.184  42.534 0.0000000000
68999  43.060  9.647  41.228 0.0000000000
48003  20.422  -12.600  67.402 0.0000000000
46991  20.239  -13.199  68.638 0.0000000000
44170  15.246  -16.007  70.951 0.0000000000
44155  15.529  -15.977  71.867 0.0000000000
125611  14.498  -16.769  72.172 0.0000000000
44146  13.914  -17.178  72.325 0.0000000000
47973  12.763  -12.153  69.739 0.0000000000
46998  12.858  -13.429  68.696 0.0000000000
46977  11.911  -13.226  69.842 0.0000000000
45055  10.597  -15.615  70.491 0.0000000000
44174  11.472  -16.423  70.088 0.0000000000
43290  11.517  -17.350  70.599 0.0000000000
42389  11.989  -18.129  71.619 0.0000000000
42401  11.294  -18.272  71.520 0.0000000000
42378  10.945  -19.144  72.754 0.0000000000
43276  9.849  -17.863  71.464 0.0000000000
44148  8.278  -15.919  72.536 0.0000000000
119787  8.209  -16.943  72.395 0.0000000000
43247  7.608  -17.346  72.936 0.0000000000
43248  6.988  -17.667  73.538 0.0000000000
120474  7.100  -16.850  73.550 0.0000000000
113283  29.853  -3.322  59.802 0.0000000000
56807  29.645  -3.088  58.834 0.0000000000
55897  28.941  -4.603  58.288 0.0000000000
53003  29.637  -7.254  57.642 0.0000000000
54940  28.623  -6.024  58.203 0.0000000000
52057  28.179  -8.973  61.088 0.0000000000
52073  29.059  -8.870  60.018 0.0000000000
51079  29.579  -9.462  61.585 0.0000000000
116441  25.076  -8.447  62.493 0.0000000000
52040  25.599  -8.285  62.247 0.0000000000
51063  25.890  -9.585  63.317 0.0000000000
50022  27.491  -10.152  65.477 0.0000000000
65449  45.387  5.684  43.428 0.0000000000
65448  46.259  5.639  43.409 0.0000000000
65429  46.655  5.106  43.855 0.0000000000
63481  32.774  3.113  49.948 0.0000000000
62602  33.341  2.563  49.449 0.0000000000
61712  33.390  1.499  49.540 0.0000000000
122882  33.950  -0.554  53.871 0.0000000000
59739  32.714  0.024  53.607 0.0000000000
118194  34.132  -0.394  53.024 0.0000000000
59736  37.255  0.780  52.839 0.0000000000
60762  35.960  1.077  52.104 0.0000000000
60773  37.059  1.036  52.050 0.0000000000
59771  35.751  0.132  51.317 0.0000000000
111196  37.666  0.495  51.865 0.0000000000
59768  39.478  -0.440  51.883 0.0000000000
54923  35.087  -5.318  59.679 0.0000000000
70799  53.350  11.802  32.098 0.0000000000
69919  49.915  10.385  34.850 0.0000000000
70786  50.298  11.612  34.263 0.0000000000
69053  50.690  9.983  34.553 0.0000000000
68232  52.741  8.823  34.840 0.0000000000
68231  53.517  8.671  34.530 0.0000000000
111272  20.748  -7.929  64.270 0.0000000000
51045  19.995  -9.152  64.741 0.0000000000
66436  47.931  6.783  40.061 0.0000000000
109319  49.000  6.014  40.933 0.0000000000
66422  47.575  6.677  40.971 0.0000000000
57735  33.292  -2.399  55.910 0.0000000000
57753  34.926  -2.382  55.278 0.0000000000
121694  32.817  -3.196  55.419 0.0000000000
54985  33.809  -5.042  55.488 0.0000000000
54967  35.057  -5.437  56.381 0.0000000000
71662  46.913  12.317  40.845 0.0000000000
70772  45.637  11.478  39.659 0.0000000000
69903  45.941  11.140  38.938 0.0000000000
69910  46.519  10.163  38.132 0.0000000000
69915  47.043  10.103  37.673 0.0000000000
68171  46.459  8.830  38.452 0.0000000000
67308  46.969  8.036  38.728 0.0000000000
40560  8.285  -20.581  74.611 0.0000000000
68978  41.399  9.295  43.513 0.0000000000
67246  41.027  7.878  43.304 0.0000000000
67247  40.518  8.293  43.928 0.0000000000
66360  40.085  6.757  44.251 0.0000000000
65435  39.990  5.237  44.501 0.0000000000
63527  37.655  3.029  46.737 0.0000000000
62658  38.799  2.878  45.836 0.0000000000
61750  38.436  1.747  46.685 0.0000000000
122108  39.288  0.596  47.200 0.0000000000
123954  41.041  -0.205  47.949 0.0000000000
59795  41.330  -1.110  49.269 0.0000000000
58754  41.353  -1.385  50.460 0.0000000000
51076  32.016  -9.558  62.383 0.0000000000
48005  18.724  -12.682  67.309 0.0000000000
121843  18.907  -13.568  68.492 0.0000000000
46993  18.132  -13.846  68.656 0.0000000000
46017  18.040  -14.153  69.266 0.0000000000
45999  16.991  -14.882  70.087 0.0000000000
45066  15.460  -15.540  69.418 0.0000000000
45067  14.729  -15.838  69.302 0.0000000000
47958  11.630  -13.031  70.607 0.0000000000
46965  10.283  -14.038  71.644 0.0000000000
45043  9.948  -15.948  70.970 0.0000000000
44159  9.340  -16.211  71.438 0.0000000000
45044  9.443  -15.199  71.639 0.0000000000
128825  8.669  -14.780  73.212 0.0000000000
45962  8.525  -14.643  73.947 0.0000000000
55875  28.567  -4.886  60.161 0.0000000000
54926  28.293  -5.905  58.851 0.0000000000
54914  27.468  -6.089  59.999 0.0000000000
52969  27.158  -7.432  60.664 0.0000000000
52058  27.545  -8.694  61.515 0.0000000000
50044  24.750  -10.581  64.261 0.0000000000
50043  25.643  -10.456  64.531 0.0000000000
49039  25.365  -11.406  65.702 0.0000000000
63553  45.565  3.825  44.825 0.0000000000
61700  31.467  2.092  52.017 0.0000000000
57801  37.289  -2.736  53.221 0.0000000000
57817  36.892  -1.894  52.845 0.0000000000
57800  37.999  -2.420  53.399 0.0000000000
122874  38.458  -0.436  53.665 0.0000000000
72491  51.966  13.160  32.864 0.0000000000
41482  4.492  -19.226  75.070 0.0000000000
66329  39.265  6.328  47.521 0.0000000000
65397  38.389  5.204  47.543 0.0000000000
64428  37.531  4.146  47.376 0.0000000000
63510  37.240  3.462  47.285 0.0000000000
129797  36.638  1.923  47.610 0.0000000000
61720  36.057  0.801  48.200 0.0000000000
110679  23.125  -11.677  66.835 0.0000000000
48992  22.748  -12.059  68.324 0.0000000000
49010  21.791  -11.890  67.028 0.0000000000
48015  20.876  -12.116  66.808 0.0000000000
48016  20.020  -12.273  66.738 0.0000000000
51022  19.412  -9.655  65.302 0.0000000000
50007  19.225  -10.983  65.915 0.0000000000
48017  19.181  -12.160  66.791 0.0000000000
48018  18.311  -11.960  66.793 0.0000000000
48019  17.294  -11.735  66.940 0.0000000000
49012  15.762  -11.921  67.354 0.0000000000
54896  26.027  -5.653  61.948 0.0000000000
54897  25.388  -5.724  62.573 0.0000000000
53893  24.416  -6.709  62.719 0.0000000000
52041  24.348  -8.225  62.534 0.0000000000
53882  23.371  -6.646  63.360 0.0000000000
52025  22.991  -8.476  62.806 0.0000000000
122563  23.334  -9.247  62.943 0.0000000000
49054  23.529  -10.889  64.664 0.0000000000
115659  22.991  -11.323  65.801 0.0000000000
61643  32.800  2.041  56.824 0.0000000000
62549  32.204  2.127  56.053 0.0000000000
60707  33.311  0.787  56.267 0.0000000000
59723  34.348  -0.615  54.626 0.0000000000
58716  35.539  -2.289  53.654 0.0000000000
56876  34.901  -3.627  54.219 0.0000000000
56875  35.517  -3.264  53.761 0.0000000000
56892  36.335  -3.615  53.413 0.0000000000
55980  38.201  -3.960  54.074 0.0000000000
131513  39.341  -3.927  55.525 0.0000000000
71684  49.547  12.092  35.575 0.0000000000
70784  48.897  11.022  35.879 0.0000000000
69032  49.603  9.386  36.013 0.0000000000
68196  48.427  9.207  37.035 0.0000000000
68195  49.163  8.931  36.713 0.0000000000
67285  43.767  8.186  40.873 0.0000000000
67272  45.097  7.326  41.053 0.0000000000
67274  43.695  7.639  41.570 0.0000000000
120477  44.355  6.489  42.888 0.0000000000
65450  44.460  5.868  43.450 0.0000000000
66382  41.985  6.723  43.301 0.0000000000
65451  43.633  5.829  43.594 0.0000000000
64465  44.295  4.505  44.285 0.0000000000
63540  44.969  3.302  45.261 0.0000000000
62652  44.373  2.744  45.648 0.0000000000
112294  39.349  6.806  45.661 0.0000000000
123185  39.222  5.230  44.980 0.0000000000
63559  40.142  3.825  44.684 0.0000000000
62657  39.471  2.906  45.410 0.0000000000
62656  40.242  2.631  45.301 0.0000000000
123181  41.647  2.609  45.262 0.0000000000
61762  42.277  2.007  45.861 0.0000000000
53942  31.584  -6.440  57.199 0.0000000000
53941  32.413  -6.230  57.632 0.0000000000
53918  33.063  -6.946  59.040 0.0000000000
52976  34.011  -6.797  60.119 0.0000000000
69890  43.931  11.010  41.083 0.0000000000
69007  43.652  9.550  40.648 0.0000000000
48993  15.191  -11.307  67.795 0.0000000000
112266  14.061  -11.212  68.850 0.0000000000
111255  14.351  -12.263  67.826 0.0000000000
46996  14.059  -13.866  67.915 0.0000000000
45085  13.742  -15.256  68.630 0.0000000000
44190  13.425  -16.465  69.713 0.0000000000
46010  11.681  -14.665  69.528 0.0000000000
44191  12.477  -16.435  69.757 0.0000000000
44173  12.924  -17.056  70.321 0.0000000000
43273  12.750  -17.815  71.658 0.0000000000
43246  12.676  -18.142  73.287 0.0000000000
130935  9.703  -19.848  73.403 0.0000000000
124757  8.966  -17.606  71.838 0.0000000000
41513  9.525  -19.421  72.746 0.0000000000
41502  8.831  -19.839  73.344 0.0000000000
41491  8.043  -20.080  73.920 0.0000000000
41492  7.138  -19.499  74.085 0.0000000000
42364  6.217  -18.854  74.336 0.0000000000
44112  6.576  -16.114  75.022 0.0000000000
43235  5.768  -17.397  74.655 0.0000000000
43236  5.483  -18.130  74.692 0.0000000000
56842  30.228  -3.320  56.083 0.0000000000
56828  29.850  -2.784  56.855 0.0000000000
54971  30.042  -5.249  56.497 0.0000000000
53002  30.336  -7.263  57.504 0.0000000000
52095  30.687  -8.368  58.631 0.0000000000
52086  30.320  -8.784  59.278 0.0000000000
52980  28.853  -7.833  58.857 0.0000000000
51118  29.889  -9.060  59.967 0.0000000000
51099  31.269  -9.411  60.860 0.0000000000
52957  26.021  -7.233  61.653 0.0000000000
110564  26.848  -8.327  61.746 0.0000000000
51081  27.705  -9.245  62.756 0.0000000000
50057  26.191  -9.940  64.023 0.0000000000
50041  27.525  -9.741  64.544 0.0000000000
51042  28.234  -9.551  64.155 0.0000000000
66392  45.641  6.620  42.326 0.0000000000
63490  34.315  3.588  49.052 0.0000000000
120399  34.709  1.668  48.594 0.0000000000
112244  35.892  0.034  48.607 0.0000000000
60732  31.650  1.087  54.227 0.0000000000
60765  31.746  0.796  52.674 0.0000000000
60776  32.199  0.781  51.337 0.0000000000
59754  35.524  0.659  52.249 0.0000000000
59774  33.502  0.099  51.470 0.0000000000
60784  32.940  0.510  50.750 0.0000000000
59785  34.376  -0.006  50.200 0.0000000000
59814  35.747  -0.471  49.277 0.0000000000
58759  37.247  -1.242  49.928 0.0000000000
58757  38.552  -1.297  50.670 0.0000000000
54938  33.692  -5.575  57.819 0.0000000000
110075  34.882  -5.418  58.203 0.0000000000
54935  36.303  -5.201  58.383 0.0000000000
55882  37.558  -4.591  59.770 0.0000000000
55896  37.785  -4.700  58.747 0.0000000000
71712  54.869  12.344  31.393 0.0000000000
71697  50.826  12.116  33.769 0.0000000000
69947  51.722  11.150  33.178 0.0000000000
69052  51.526  9.623  34.344 0.0000000000
69066  52.022  9.872  33.738 0.0000000000
69946  52.356  10.839  32.861 0.0000000000
69945  53.637  10.275  32.255 0.0000000000
69944  54.122  9.728  32.155 0.0000000000
67284  45.306  7.622  40.335 0.0000000000
55925  31.247  -4.541  55.895 0.0000000000
55924  32.168  -4.639  55.799 0.0000000000
119229  31.746  -5.264  56.272 0.0000000000
68152  44.790  8.310  39.996 0.0000000000
67295  45.648  7.946  39.681 0.0000000000
59823  38.209  -0.133  47.972 0.0000000000
113075  37.975  -0.757  48.625 0.0000000000
47006  16.143  -13.338  67.569 0.0000000000
47007  15.296  -13.493  67.618 0.0000000000
54906  27.127  -5.690  60.764 0.0000000000
54895  26.793  -5.331  61.517 0.0000000000
48990  24.185  -12.031  68.029 0.0000000000
115902  31.840  3.087  55.822 0.0000000000
114005  20.976  -10.348  64.589 0.0000000000
52016  21.231  -8.439  63.812 0.0000000000
131642  21.135  -9.155  63.888 0.0000000000
51043  21.456  -9.798  64.019 0.0000000000
58685  35.177  -1.860  55.942 0.0000000000
54964  37.542  -4.997  56.248 0.0000000000
54948  37.364  -5.052  57.180 0.0000000000
70775  47.446  11.908  38.136 0.0000000000
70779  47.702  11.318  37.440 0.0000000000
69914  47.555  10.498  37.342 0.0000000000
67292  48.308  7.092  39.303 0.0000000000
66452  49.138  6.881  39.085 0.0000000000
41490  9.662  -20.296  74.662 0.0000000000
68988  42.095  9.458  42.338 0.0000000000
68131  42.031  8.726  42.260 0.0000000000
65434  41.813  5.266  44.088 0.0000000000
63557  41.865  3.803  44.547 0.0000000000
123445  38.300  4.533  46.215 0.0000000000
60810  41.481  0.316  47.481 0.0000000000
52072  31.686  -9.077  60.123 0.0000000000
52071  32.488  -8.858  60.309 0.0000000000
52056  32.727  -9.147  61.003 0.0000000000
68977  41.845  9.718  43.025 0.0000000000
69000  42.505  9.767  41.875 0.0000000000
47002  19.955  -13.010  67.945 0.0000000000
47989  20.827  -12.845  68.127 0.0000000000
44156  14.825  -16.451  71.577 0.0000000000
44157  14.025  -16.980  71.391 0.0000000000
47974  12.409  -12.963  69.321 0.0000000000
44175  10.682  -16.768  70.587 0.0000000000
43274  11.604  -17.885  71.124 0.0000000000
43275  10.763  -17.753  71.061 0.0000000000
42402  10.545  -18.545  71.763 0.0000000000
45022  8.089  -15.271  73.357 0.0000000000
44135  7.609  -16.248  73.180 0.0000000000
55883  29.092  -4.534  59.833 0.0000000000
56808  29.335  -4.020  59.231 0.0000000000
54925  28.670  -5.333  58.523 0.0000000000
109590  28.691  -9.263  61.476 0.0000000000
130190  28.771  -9.380  62.066 0.0000000000
112892  29.161  -9.490  62.634 0.0000000000
51084  24.641  -8.977  62.702 0.0000000000
51083  25.573  -9.029  62.656 0.0000000000
65430  45.762  5.034  43.838 0.0000000000
128565  31.903  3.177  51.057 0.0000000000
63482  32.410  3.680  50.679 0.0000000000
62594  32.234  2.751  50.545 0.0000000000
62593  32.642  2.017  50.010 0.0000000000
59737  35.288  -1.499  53.378 0.0000000000
130528  34.881  -0.799  52.953 0.0000000000
60747  37.464  1.367  53.112 0.0000000000
60748  37.248  0.920  52.548 0.0000000000
59751  37.765  1.332  52.804 0.0000000000
60760  38.374  1.630  53.235 0.0000000000
72489  53.295  13.279  32.236 0.0000000000
69039  50.342  9.545  35.274 0.0000000000
52924  20.357  -7.494  64.919 0.0000000000
52913  19.958  -7.161  65.677 0.0000000000
120365  21.003  -7.172  64.473 0.0000000000
67293  47.424  7.329  39.405 0.0000000000
112620  47.872  6.822  41.942 0.0000000000
57755  32.485  -2.706  55.687 0.0000000000
125541  34.130  -5.391  56.219 0.0000000000
70768  44.647  11.391  40.750 0.0000000000
70767  45.432  11.756  40.469 0.0000000000
69896  44.913  11.151  40.003 0.0000000000
69904  45.358  10.694  39.384 0.0000000000
69020  45.858  10.214  38.706 0.0000000000
123621  46.347  10.811  38.432 0.0000000000
131697  46.277  9.549  38.383 0.0000000000
67294  46.517  7.612  39.510 0.0000000000
68973  41.250  9.454  44.278 0.0000000000
68979  40.948  8.927  43.882 0.0000000000
68974  40.671  8.926  44.539 0.0000000000
67233  39.962  7.646  44.483 0.0000000000
110899  40.401  5.960  44.210 0.0000000000
109659  39.694  6.022  44.608 0.0000000000
61751  37.708  2.159  46.910 0.0000000000
117068  37.897  1.435  47.141 0.0000000000
59822  39.023  -0.020  47.767 0.0000000000
59821  39.677  0.100  47.609 0.0000000000
59820  40.286  -0.092  47.775 0.0000000000
59810  40.427  -0.606  48.367 0.0000000000
59809  41.388  -0.729  48.633 0.0000000000
58768  40.030  -1.398  49.733 0.0000000000
58767  40.921  -1.328  49.782 0.0000000000
58741  40.955  -1.386  51.155 0.0000000000
69875  41.778  10.024  44.720 0.0000000000
47004  18.208  -13.301  67.881 0.0000000000
46019  16.534  -14.389  68.424 0.0000000000
46018  17.412  -14.284  68.881 0.0000000000
46007  17.536  -14.506  69.625 0.0000000000
45083  15.342  -15.213  68.734 0.0000000000
126683  15.047  -15.557  68.978 0.0000000000
45988  10.033  -14.862  71.184 0.0000000000
45975  9.780  -14.303  72.056 0.0000000000
55863  28.534  -4.676  61.087 0.0000000000
55874  29.260  -4.480  60.690 0.0000000000
54913  28.032  -5.573  59.609 0.0000000000
52075  27.666  -8.343  60.739 0.0000000000
131825  27.175  -8.080  61.220 0.0000000000
49053  24.242  -10.967  64.774 0.0000000000
49052  25.082  -10.991  64.989 0.0000000000
62575  31.360  2.981  52.651 0.0000000000
109620  31.230  2.202  52.927 0.0000000000
56890  38.515  -3.128  53.864 0.0000000000
58714  39.590  -1.224  54.685 0.0000000000
58715  39.179  -1.297  54.080 0.0000000000
63511  36.866  3.880  47.844 0.0000000000
111263  36.495  3.243  47.784 0.0000000000
62609  36.226  2.483  47.844 0.0000000000
61733  36.098  1.652  47.974 0.0000000000
49026  22.434  -11.550  66.426 0.0000000000
49009  22.568  -11.838  67.382 0.0000000000
120299  20.751  -11.321  65.666 0.0000000000
49028  20.451  -11.749  66.199 0.0000000000
49029  19.599  -11.668  66.265 0.0000000000
52007  19.301  -8.607  65.452 0.0000000000
50027  18.930  -10.167  65.763 0.0000000000
49030  18.821  -11.422  66.402 0.0000000000
49031  18.066  -11.122  66.578 0.0000000000
50999  16.844  -9.964  67.402 0.0000000000
49011  16.433  -11.617  67.188 0.0000000000
49992  15.903  -11.055  67.477 0.0000000000
54886  25.896  -5.159  62.760 0.0000000000
53881  24.115  -6.356  63.263 0.0000000000
52946  24.017  -7.462  62.590 0.0000000000
110618  22.438  -7.830  63.180 0.0000000000
50060  23.328  -9.976  63.453 0.0000000000
49055  22.274  -10.890  64.863 0.0000000000
121781  22.943  -11.025  65.044 0.0000000000
124485  23.040  -11.491  66.316 0.0000000000
61642  33.584  1.225  56.905 0.0000000000
130581  32.810  1.466  56.438 0.0000000000
58717  35.297  -1.782  54.400 0.0000000000
56855  34.568  -3.147  54.771 0.0000000000
121190  35.866  -4.704  54.053 0.0000000000
55965  35.384  -4.159  53.927 0.0000000000
55983  36.060  -4.234  53.653 0.0000000000
126714  35.845  -3.699  53.568 0.0000000000
55982  36.671  -4.134  53.584 0.0000000000
55981  37.357  -4.164  53.769 0.0000000000
112103  37.643  -4.575  54.532 0.0000000000
111768  39.208  -4.305  56.721 0.0000000000
119424  38.937  -4.334  55.879 0.0000000000
71668  46.960  12.332  39.904 0.0000000000
71679  50.064  12.719  36.003 0.0000000000
71680  49.396  12.375  36.392 0.0000000000
69917  48.541  10.541  36.369 0.0000000000
69041  49.068  10.237  35.866 0.0000000000
68180  47.420  8.843  37.805 0.0000000000
69026  47.626  9.514  37.425 0.0000000000
68179  48.184  8.595  37.668 0.0000000000
113371  48.861  8.587  37.280 0.0000000000
68178  49.565  8.357  37.229 0.0000000000
128309  43.213  8.059  41.456 0.0000000000
66394  43.532  6.805  42.801 0.0000000000
66380  43.815  6.265  43.247 0.0000000000
66396  41.734  7.482  42.964 0.0000000000
65433  42.878  5.407  43.923 0.0000000000
65432  43.927  5.197  43.869 0.0000000000
63554  44.652  3.867  44.743 0.0000000000
63555  43.716  3.832  44.690 0.0000000000
121204  43.680  2.747  45.518 0.0000000000
62633  44.577  2.204  46.151 0.0000000000
67218  39.577  7.434  46.242 0.0000000000
64451  39.035  4.306  45.218 0.0000000000
64470  39.668  4.459  44.742 0.0000000000
62635  39.144  2.178  46.089 0.0000000000
61764  40.482  2.047  45.733 0.0000000000
62655  40.898  2.429  45.392 0.0000000000
62664  40.797  3.006  44.924 0.0000000000
53001  31.092  -7.001  57.479 0.0000000000
53929  31.841  -6.925  57.870 0.0000000000
52987  32.085  -7.409  58.529 0.0000000000
52069  33.985  -8.189  61.027 0.0000000000
52967  33.681  -7.748  60.352 0.0000000000
70763  44.546  11.455  41.644 0.0000000000
68154  43.448  8.969  40.791 0.0000000000
48001  22.130  -12.146  67.945 0.0000000000
47987  22.370  -12.287  68.866 0.0000000000
45032  16.286  -15.595  72.112 0.0000000000
49975  15.450  -10.563  68.160 0.0000000000
48977  13.411  -11.683  69.240 0.0000000000
48976  13.771  -10.980  69.711 0.0000000000
48995  13.816  -11.985  68.354 0.0000000000
47990  13.919  -12.919  67.862 0.0000000000
46997  13.434  -13.404  68.296 0.0000000000
45086  12.936  -14.961  68.727 0.0000000000
46022  13.363  -14.274  68.428 0.0000000000
45068  13.977  -15.927  69.119 0.0000000000
45069  13.013  -15.773  69.101 0.0000000000
111550  11.128  -13.575  70.797 0.0000000000
46978  11.545  -13.767  69.972 0.0000000000
124624  11.169  -14.291  70.170 0.0000000000
130189  11.816  -15.987  69.715 0.0000000000
43288  13.205  -17.418  70.991 0.0000000000
43289  12.340  -17.618  70.903 0.0000000000
43261  12.389  -18.235  72.372 0.0000000000
41500  10.332  -19.566  73.100 0.0000000000
41489  10.266  -19.898  74.051 0.0000000000
119679  9.352  -17.094  71.467 0.0000000000
43262  8.405  -18.074  72.404 0.0000000000
42393  8.661  -19.067  72.741 0.0000000000
41503  7.918  -19.319  73.408 0.0000000000
42380  7.012  -18.619  73.679 0.0000000000
45011  7.330  -15.531  74.701 0.0000000000
44124  5.850  -16.761  75.029 0.0000000000
128439  5.179  -17.270  75.166 0.0000000000
57737  30.611  -2.542  56.143 0.0000000000
55908  29.219  -4.428  57.297 0.0000000000
56817  29.619  -2.866  57.868 0.0000000000
56829  29.445  -3.480  57.323 0.0000000000
55927  29.642  -3.797  56.638 0.0000000000
54972  29.654  -4.645  56.633 0.0000000000
54954  29.891  -5.967  56.807 0.0000000000
52989  29.998  -8.037  57.918 0.0000000000
52981  28.186  -7.343  59.188 0.0000000000
52991  28.632  -7.322  58.688 0.0000000000
52087  28.538  -8.213  59.516 0.0000000000
129778  29.525  -9.238  60.605 0.0000000000
51110  30.268  -9.373  60.738 0.0000000000
111939  31.269  -9.548  61.778 0.0000000000
51078  30.508  -9.579  62.147 0.0000000000
131908  25.556  -6.161  62.155 0.0000000000
53902  25.969  -6.415  61.667 0.0000000000
52060  25.637  -7.613  62.070 0.0000000000
52039  26.297  -8.652  62.228 0.0000000000
52038  27.199  -8.897  62.345 0.0000000000
120400  27.192  -9.234  63.035 0.0000000000
50042  26.606  -10.204  64.838 0.0000000000
51061  27.686  -9.438  63.576 0.0000000000
66413  45.004  7.029  41.863 0.0000000000
64408  34.308  4.308  49.499 0.0000000000
62601  33.982  2.098  48.989 0.0000000000
60800  34.829  0.657  48.759 0.0000000000
118005  35.450  0.487  48.548 0.0000000000
60799  35.149  -0.036  48.954 0.0000000000
61670  32.045  0.856  55.049 0.0000000000
61657  31.911  1.655  55.402 0.0000000000
60749  32.814  0.027  52.892 0.0000000000
60750  32.191  0.404  53.165 0.0000000000
61691  31.656  1.062  51.969 0.0000000000
60764  32.254  0.415  52.221 0.0000000000
58732  36.486  -0.695  52.588 0.0000000000
58733  35.900  -0.793  52.599 0.0000000000
59753  36.114  0.781  52.354 0.0000000000
60774  35.932  1.119  52.026 0.0000000000
60763  35.364  0.788  52.065 0.0000000000
59773  34.513  0.275  51.703 0.0000000000
59786  33.829  0.136  50.799 0.0000000000
59784  34.973  -0.186  50.642 0.0000000000
59783  36.591  -0.657  50.731 0.0000000000
109479  35.689  -0.609  50.199 0.0000000000
59799  36.450  -0.919  49.679 0.0000000000
58770  38.099  -1.415  49.924 0.0000000000
53927  33.354  -6.208  58.783 0.0000000000
53940  33.128  -5.916  58.124 0.0000000000
130841  33.679  -5.752  58.454 0.0000000000
54924  34.629  -5.452  59.000 0.0000000000
54936  35.419  -5.284  58.725 0.0000000000
55895  38.575  -4.477  58.416 0.0000000000
71713  54.086  12.035  31.673 0.0000000000
70807  54.745  11.473  31.457 0.0000000000
69957  54.620  10.778  31.544 0.0000000000
71683  50.105  12.517  35.116 0.0000000000
69923  50.399  10.763  34.281 0.0000000000
69935  51.005  11.178  33.655 0.0000000000
70793  51.465  11.813  33.242 0.0000000000
69050  53.022  9.032  34.119 0.0000000000
69051  52.362  9.309  34.218 0.0000000000
132073  52.416  10.159  33.243 0.0000000000
69933  52.972  10.153  32.780 0.0000000000
110825  53.137  10.945  32.385 0.0000000000
66411  46.269  6.785  41.865 0.0000000000
55945  31.702  -3.887  55.608 0.0000000000
115648  33.559  -5.495  56.923 0.0000000000
69006  44.153  9.853  40.262 0.0000000000
69015  44.724  10.285  39.809 0.0000000000
68104  40.372  8.739  45.386 0.0000000000
68105  39.912  8.146  45.115 0.0000000000
67225  39.667  7.530  45.348 0.0000000000
58769  39.056  -1.416  49.772 0.0000000000
47005  17.136  -13.131  67.574 0.0000000000
46995  16.574  -13.789  67.851 0.0000000000
45082  16.040  -15.027  68.961 0.0000000000
46020  15.103  -14.753  68.206 0.0000000000
45960  9.687  -13.962  72.982 0.0000000000
49025  23.709  -11.512  66.167 0.0000000000
49024  24.807  -11.764  66.345 0.0000000000
49007  24.901  -12.020  67.215 0.0000000000
117957  31.440  2.942  54.752 0.0000000000
57752  39.777  -2.822  54.969 0.0000000000
57751  40.323  -2.404  55.632 0.0000000000
64418  36.675  4.390  48.398 0.0000000000
64419  36.061  4.427  48.720 0.0000000000
49043  21.417  -11.010  65.157 0.0000000000
50025  20.460  -10.792  65.211 0.0000000000
51023  18.828  -9.360  65.761 0.0000000000
51995  18.573  -8.688  66.241 0.0000000000
50009  17.947  -10.336  66.504 0.0000000000
129387  21.973  -7.475  63.608 0.0000000000
52027  21.852  -8.165  63.499 0.0000000000
50061  22.325  -9.931  63.736 0.0000000000
59699  35.252  -0.734  56.022 0.0000000000
58701  35.339  -1.759  55.246 0.0000000000
55942  34.321  -4.697  54.871 0.0000000000
55966  34.745  -4.310  54.376 0.0000000000
126306  36.299  -5.088  54.735 0.0000000000
128924  36.980  -4.895  54.585 0.0000000000
55940  37.229  -4.986  55.219 0.0000000000
55922  38.438  -4.644  56.453 0.0000000000
55906  38.708  -4.533  57.406 0.0000000000
70770  47.089  12.240  38.992 0.0000000000
71673  47.956  12.545  38.808 0.0000000000
71681  48.819  12.139  36.752 0.0000000000
70778  48.376  11.625  36.939 0.0000000000
69025  48.095  10.062  36.846 0.0000000000
68169  48.290  7.979  38.199 0.0000000000
67305  49.527  7.378  38.364 0.0000000000
67304  50.367  7.280  38.198 0.0000000000
67275  42.624  8.338  41.803 0.0000000000
65453  41.441  6.442  43.629 0.0000000000
63556  42.784  3.826  44.632 0.0000000000
62653  43.082  2.426  45.665 0.0000000000
66342  38.726  5.832  46.343 0.0000000000
123427  38.998  6.223  45.844 0.0000000000
65417  38.665  4.830  45.625 0.0000000000
60824  40.047  1.039  46.693 0.0000000000
61749  39.903  1.687  46.129 0.0000000000
61747  41.641  1.398  46.388 0.0000000000
61746  42.600  1.355  46.584 0.0000000000
60821  42.587  0.846  47.084 0.0000000000
52979  31.648  -8.133  58.868 0.0000000000
52978  32.564  -7.706  59.192 0.0000000000
52070  33.248  -8.567  60.637 0.0000000000
69873  43.104  10.852  44.511 0.0000000000
69877  42.892  10.760  43.399 0.0000000000
69885  43.076  10.730  42.319 0.0000000000
69891  43.333  10.545  41.492 0.0000000000
69892  42.777  10.216  41.815 0.0000000000
47988  21.670  -12.494  68.470 0.0000000000
47972  21.154  -12.966  68.953 0.0000000000
44145  15.068  -16.342  72.493 0.0000000000
44133  14.495  -16.769  73.072 0.0000000000
46987  12.204  -14.027  69.011 0.0000000000
112190  11.235  -15.277  69.908 0.0000000000
42390  11.504  -18.662  72.281 0.0000000000
42377  11.586  -18.910  73.120 0.0000000000
129175  10.827  -18.901  72.272 0.0000000000
44114  5.265  -16.438  75.615 0.0000000000
56818  29.277  -3.723  58.125 0.0000000000
54939  28.960  -5.501  57.651 0.0000000000
118034  29.396  -6.022  57.221 0.0000000000
53930  29.077  -6.540  57.757 0.0000000000
52990  29.120  -7.426  58.229 0.0000000000
52074  28.315  -8.623  60.289 0.0000000000
51111  28.876  -9.145  60.803 0.0000000000
126790  29.899  -9.583  62.558 0.0000000000
52945  24.987  -7.486  62.441 0.0000000000
114819  26.651  -11.211  66.315 0.0000000000
50006  27.226  -10.754  66.278 0.0000000000
66379  45.122  6.266  42.975 0.0000000000
66378  45.916  6.110  42.940 0.0000000000
64401  32.970  4.489  50.753 0.0000000000
113363  33.012  3.905  50.126 0.0000000000
63491  33.573  3.607  49.534 0.0000000000
59724  33.203  -0.228  54.286 0.0000000000
60731  32.228  0.406  54.131 0.0000000000
59738  33.344  -0.268  53.420 0.0000000000
126800  33.465  -0.136  52.706 0.0000000000
59752  36.625  0.809  52.487 0.0000000000
60761  36.429  1.085  52.133 0.0000000000
113941  36.464  0.823  51.831 0.0000000000
59770  37.235  -0.014  51.507 0.0000000000
58744  38.080  -0.528  51.375 0.0000000000
59769  38.325  0.353  51.955 0.0000000000
53910  34.647  -6.295  60.535 0.0000000000
53916  34.369  -5.868  59.784 0.0000000000
53915  34.934  -5.626  60.315 0.0000000000
54912  35.661  -5.235  60.386 0.0000000000
71704  53.533  12.534  31.985 0.0000000000
69924  49.758  11.181  34.751 0.0000000000
68246  53.608  8.904  33.585 0.0000000000
52017  20.627  -8.741  64.234 0.0000000000
52006  20.115  -8.290  64.771 0.0000000000
131921  19.766  -7.844  65.313 0.0000000000
53873  21.744  -6.901  64.118 0.0000000000
66421  49.279  5.996  40.345 0.0000000000
126482  48.538  6.347  40.590 0.0000000000
58686  34.467  -2.186  56.347 0.0000000000
57734  34.400  -2.474  55.729 0.0000000000
57754  33.662  -2.907  55.436 0.0000000000
56856  33.522  -3.560  55.117 0.0000000000
55944  32.652  -3.923  55.386 0.0000000000
55943  33.547  -4.370  55.144 0.0000000000
54984  34.634  -5.231  55.393 0.0000000000
54966  36.045  -5.381  56.524 0.0000000000
70766  46.200  12.061  40.189 0.0000000000
68181  46.845  9.348  37.914 0.0000000000
119283  47.017  8.619  38.144 0.0000000000
67307  47.897  7.697  38.747 0.0000000000
40559  9.033  -20.467  74.415 0.0000000000
68116  41.160  8.638  43.374 0.0000000000
66383  40.499  7.386  43.795 0.0000000000
124950  40.761  6.578  43.826 0.0000000000
114713  40.892  5.225  44.262 0.0000000000
63526  38.296  3.344  46.153 0.0000000000
62636  38.323  2.544  46.404 0.0000000000
61731  38.477  1.008  47.103 0.0000000000
60811  40.179  0.445  47.248 0.0000000000
131903  40.790  0.251  47.485 0.0000000000
59794  41.987  -1.024  49.199 0.0000000000
58766  41.684  -1.225  49.774 0.0000000000
59796  40.624  -1.085  49.076 0.0000000000
58753  42.176  -1.257  50.372 0.0000000000
51098  32.051  -9.439  61.395 0.0000000000
51097  32.814  -9.259  61.835 0.0000000000
51075  32.965  -9.407  62.725 0.0000000000
69879  41.739  9.912  43.818 0.0000000000
47003  19.163  -13.153  67.867 0.0000000000
45054  15.750  -15.627  70.326 0.0000000000
44171  15.001  -16.061  70.011 0.0000000000
44189  14.246  -16.349  69.802 0.0000000000
45033  8.827  -15.556  72.033 0.0000000000
45976  9.116  -14.687  72.565 0.0000000000
45021  8.567  -15.198  72.718 0.0000000000
55884  28.554  -5.099  59.328 0.0000000000
54927  27.930  -6.474  59.285 0.0000000000
53919  27.509  -6.966  59.852 0.0000000000
50059  24.369  -10.123  63.574 0.0000000000
50058  25.308  -10.089  63.793 0.0000000000
50024  25.909  -10.844  65.302 0.0000000000
49023  25.634  -11.661  66.283 0.0000000000
49038  26.088  -11.302  65.996 0.0000000000
64463  46.247  4.407  44.384 0.0000000000
62585  31.628  3.084  51.751 0.0000000000
62584  31.791  2.450  51.163 0.0000000000
57802  36.639  -2.823  53.150 0.0000000000
57818  36.305  -1.896  52.850 0.0000000000
121348  37.416  -1.830  53.025 0.0000000000
57799  38.773  -1.988  53.755 0.0000000000
58726  37.840  -0.865  53.092 0.0000000000
59735  37.596  0.919  53.374 0.0000000000
68214  51.225  8.948  35.432 0.0000000000
42365  5.325  -19.041  74.911 0.0000000000
67204  39.574  7.238  47.116 0.0000000000
66330  38.769  5.848  47.124 0.0000000000
120970  38.474  5.346  46.808 0.0000000000
64427  38.104  4.692  46.907 0.0000000000
64416  37.890  4.770  47.808 0.0000000000
62619  36.995  2.591  47.336 0.0000000000
60813  36.722  1.157  47.775 0.0000000000
60798  36.675  0.280  48.152 0.0000000000
123019  23.258  -11.889  67.733 0.0000000000
50026  19.649  -10.509  65.437 0.0000000000
131712  17.216  -12.505  67.236 0.0000000000
53892  25.075  -6.428  62.490 0.0000000000
52947  23.182  -7.462  62.854 0.0000000000
52042  23.621  -8.085  62.589 0.0000000000
51085  23.803  -8.768  62.688 0.0000000000
51065  24.057  -9.501  63.015 0.0000000000
50045  23.845  -10.592  64.093 0.0000000000
49041  23.667  -11.195  65.304 0.0000000000
61656  32.465  1.201  55.857 0.0000000000
60718  32.982  0.444  55.579 0.0000000000
60706  34.136  -0.065  55.999 0.0000000000
60717  33.661  -0.169  55.171 0.0000000000
109993  34.819  -1.022  53.894 0.0000000000
121096  35.209  -2.277  54.813 0.0000000000
57778  35.276  -2.701  54.191 0.0000000000
57803  36.011  -2.833  53.258 0.0000000000
128762  37.002  -3.576  53.384 0.0000000000
56891  37.771  -3.410  53.571 0.0000000000
56874  38.800  -3.576  54.415 0.0000000000
55963  38.677  -4.164  54.931 0.0000000000
55962  39.342  -3.515  54.950 0.0000000000
127514  48.966  11.692  36.181 0.0000000000
70783  49.391  11.456  35.417 0.0000000000
69920  49.394  10.742  35.339 0.0000000000
69040  49.599  10.041  35.422 0.0000000000
68194  49.976  8.646  36.598 0.0000000000
116921  50.702  8.401  36.592 0.0000000000
129491  44.288  8.276  40.432 0.0000000000
67273  44.349  7.463  41.329 0.0000000000
67259  44.160  7.084  42.190 0.0000000000
65431  44.845  5.125  43.857 0.0000000000
67262  41.571  8.308  42.813 0.0000000000
66381  42.942  6.328  43.384 0.0000000000
63541  44.080  3.260  45.158 0.0000000000
66350  39.228  6.110  45.162 0.0000000000
64469  40.484  4.495  44.496 0.0000000000
63558  40.931  3.740  44.603 0.0000000000
63546  38.897  3.531  45.508 0.0000000000
61765  39.835  2.265  45.679 0.0000000000
63544  40.067  3.232  44.933 0.0000000000
131622  40.461  3.447  44.765 0.0000000000
127879  41.491  3.232  44.788 0.0000000000
62654  42.487  2.649  45.348 0.0000000000
61761  43.123  1.881  46.168 0.0000000000
61745  43.426  1.499  46.602 0.0000000000
130737  43.580  1.837  46.317 0.0000000000
53953  31.258  -5.903  56.633 0.0000000000
54953  32.145  -5.843  56.865 0.0000000000
53928  32.647  -6.660  58.422 0.0000000000
52977  33.349  -7.326  59.662 0.0000000000
69898  43.674  10.295  40.804 0.0000000000
68153  44.082  8.910  40.344 0.0000000000
47971  21.919  -12.538  69.357 0.0000000000
126163  19.549  -13.325  68.384 0.0000000000
49013  15.024  -12.131  67.604 0.0000000000
48994  14.488  -11.561  68.118 0.0000000000
48009  14.787  -12.871  67.583 0.0000000000
47008  14.582  -13.487  67.690 0.0000000000
46021  14.317  -14.670  68.221 0.0000000000
44172  13.726  -16.843  70.439 0.0000000000
45070  12.075  -15.588  69.442 0.0000000000
129942  13.409  -17.500  71.711 0.0000000000
43260  13.187  -17.703  72.573 0.0000000000
41488  11.150  -19.320  73.738 0.0000000000
41501  9.407  -20.205  73.935 0.0000000000
42392  9.473  -18.651  72.099 0.0000000000
40564  8.729  -20.287  73.998 0.0000000000
44136  7.094  -16.201  74.086 0.0000000000
43234  6.444  -16.953  74.214 0.0000000000
42354  4.877  -18.299  74.935 0.0000000000
61633  34.125  1.426  57.517 0.0000000000
55946  30.882  -3.713  55.755 0.0000000000
55926  30.276  -4.366  56.150 0.0000000000
53954  30.502  -5.792  56.597 0.0000000000
53943  30.618  -6.487  56.986 0.0000000000
53944  29.773  -6.638  57.247 0.0000000000
52085  31.221  -8.734  59.403 0.0000000000
53931  28.495  -6.729  58.557 0.0000000000
117823  29.418  -8.517  59.222 0.0000000000
51117  30.799  -9.147  60.042 0.0000000000
52956  26.642  -7.629  61.361 0.0000000000
52059  26.129  -8.007  61.800 0.0000000000
51062  26.759  -9.497  63.514 0.0000000000
50056  26.941  -9.732  64.131 0.0000000000
51080  28.358  -9.361  62.748 0.0000000000
51060  28.686  -9.499  63.468 0.0000000000
66412  45.728  7.012  41.523 0.0000000000
66391  46.465  6.497  42.451 0.0000000000
64399  35.020  4.912  49.623 0.0000000000
62611  34.698  2.853  48.601 0.0000000000
115851  33.931  2.977  49.042 0.0000000000
62610  35.470  2.195  48.225 0.0000000000
61721  35.429  1.235  48.331 0.0000000000
59813  36.510  -0.477  48.759 0.0000000000
62550  31.637  2.481  55.192 0.0000000000
62558  31.340  2.522  54.381 0.0000000000
60751  31.645  0.914  53.443 0.0000000000
61682  31.299  1.781  53.716 0.0000000000
61692  31.419  1.424  52.770 0.0000000000
61699  31.842  1.568  51.239 0.0000000000
58729  35.412  -0.762  52.720 0.0000000000
110361  34.764  0.211  52.328 0.0000000000
59755  34.153  0.139  52.095 0.0000000000
60775  32.727  0.275  51.538 0.0000000000
61706  32.387  1.293  50.624 0.0000000000
61705  32.922  1.086  50.086 0.0000000000
60783  33.665  0.545  49.950 0.0000000000
60790  34.503  0.235  49.416 0.0000000000
59800  35.023  -0.301  49.702 0.0000000000
59798  37.185  -0.935  49.068 0.0000000000
125423  37.793  -1.182  49.310 0.0000000000
58756  39.514  -1.449  50.553 0.0000000000
58743  38.993  -0.901  51.340 0.0000000000
58742  39.982  -1.288  51.280 0.0000000000
54952  32.971  -5.654  57.338 0.0000000000
54937  34.233  -5.509  58.337 0.0000000000
54951  34.456  -5.476  57.389 0.0000000000
54950  35.550  -5.400  57.570 0.0000000000
54949  36.564  -5.255  57.386 0.0000000000
54911  36.927  -4.839  60.798 0.0000000000
124960  36.619  -4.838  60.079 0.0000000000
54921  36.922  -4.906  59.071 0.0000000000
54934  37.181  -5.047  58.095 0.0000000000
55907  37.948  -4.802  57.810 0.0000000000
71687  50.402  12.350  34.437 0.0000000000
71686  50.960  12.906  33.995 0.0000000000
71696  51.423  12.666  33.350 0.0000000000
71706  51.937  12.283  32.769 0.0000000000
127881  51.116  9.411  34.883 0.0000000000
69934  51.793  10.550  33.411 0.0000000000
70801  51.974  11.530  32.844 0.0000000000
70800  52.559  11.647  32.524 0.0000000000
69078  53.519  9.545  32.797 0.0000000000
128385  54.210  10.392  31.798 0.0000000000
40552  9.006  -20.632  75.072 0.0000000000
52096  29.966  -8.429  58.560 0.0000000000
53926  33.990  -5.847  58.989 0.0000000000
57757  30.833  -3.029  55.730 0.0000000000
57777  39.446  -2.148  54.459 0.0000000000
60772  37.557  0.962  52.288 0.0000000000
61671  31.563  1.714  54.688 0.0000000000
68233  51.848  9.095  34.861 0.0000000000
111559  44.020  1.750  46.460 0.0000000000
127343  34.508  0.017  51.024 0.0000000000
129127  36.318  -5.084  60.779 0.0000000000
129595  32.600  -7.188  58.809 0.0000000000
