#!ascii label  , from subject sub-v2s12x28869_ses-1 vox2ras=TkReg
1224
6685  -33.435  -53.490  6.443 0.5000000000
140909  -32.813  -54.116  6.622 0.6000000238
8666  -40.606  -49.491  4.314 0.3000000119
6115  -31.558  -54.973  6.396 0.5000000000
9382  -38.505  -49.466  4.790 0.4000000060
9383  -39.923  -49.125  4.458 0.4000000060
9384  -40.443  -49.073  4.370 0.4000000060
9394  -39.989  -49.432  4.238 0.3000000119
9370  -39.258  -49.201  4.779 0.4000000060
7928  -33.774  -51.916  8.555 0.5000000000
7305  -33.384  -52.741  8.372 0.5000000000
7329  -33.969  -52.632  6.793 0.5000000000
7293  -33.256  -52.433  9.155 0.6000000238
7304  -32.894  -53.105  8.902 0.5000000000
123661  -32.898  -53.777  7.373 0.6000000238
8652  -41.418  -50.693  4.923 0.3000000119
6091  -32.375  -53.915  8.031 0.5000000000
9368  -37.806  -49.422  5.934 0.5000000000
9381  -37.674  -49.824  4.811 0.5000000000
8667  -41.317  -50.006  4.498 0.3000000119
6664  -32.498  -53.556  8.628 0.6000000238
6105  -32.239  -54.425  7.181 0.5000000000
9369  -38.685  -49.047  5.958 0.5000000000
10152  -40.625  -48.757  5.151 0.4000000060
121653  -41.785  -48.989  4.578 0.3000000119
137178  -41.309  -49.354  4.432 0.3000000119
137275  -38.555  -48.723  6.905 0.4000000060
10139  -39.633  -48.814  5.648 0.4000000060
10141  -41.377  -48.592  5.818 0.4000000060
10119  -39.729  -48.480  6.791 0.4000000060
10075  -35.087  -48.962  10.107 0.6999999881
9318  -34.855  -49.498  9.650 0.6999999881
120226  -34.447  -50.421  9.059 0.6999999881
10058  -34.594  -48.557  10.879 0.6999999881
9298  -34.342  -49.371  10.396 0.6999999881
8569  -33.859  -50.703  9.678 0.8000000119
7914  -33.552  -51.599  9.385 0.5000000000
7279  -32.993  -52.116  9.862 0.6999999881
7957  -34.886  -51.523  6.180 0.5000000000
8551  -33.394  -50.628  10.418 0.6999999881
8635  -36.221  -50.295  6.154 0.4000000060
9367  -36.981  -49.801  5.956 0.5000000000
135127  -32.467  -52.495  10.125 0.6000000238
117321  -37.165  -49.381  6.865 0.5000000000
8653  -42.114  -50.381  4.815 0.3000000119
7292  -32.676  -52.787  9.557 0.5000000000
9355  -37.930  -48.994  6.879 0.5000000000
10099  -39.533  -48.208  7.745 0.4000000060
10118  -38.958  -48.450  7.333 0.4000000060
10140  -40.652  -48.449  6.581 0.4000000060
10142  -42.332  -48.609  5.616 0.4000000060
10153  -41.621  -48.707  4.929 0.4000000060
10100  -40.082  -48.019  8.047 0.3000000119
123150  -40.175  -48.234  7.420 0.4000000060
133029  -35.124  -45.482  11.152 0.5000000000
132428  -35.036  -45.822  11.444 0.6000000238
11502  -35.671  -46.063  11.531 0.6000000238
10804  -35.622  -47.431  11.196 0.6000000238
10059  -35.342  -48.241  10.622 0.6000000238
12276  -33.814  -45.494  10.681 0.5000000000
12277  -34.753  -45.333  10.544 0.5000000000
12253  -34.408  -45.612  11.194 0.6000000238
10790  -35.039  -46.632  11.537 0.6000000238
10803  -34.775  -47.676  11.335 0.6999999881
8588  -34.732  -50.506  8.280 0.6000000238
7931  -41.755  -51.221  7.710 0.3000000119
11547  -32.390  -45.814  10.071 0.6999999881
12275  -32.968  -45.656  10.842 0.6000000238
12251  -32.841  -45.956  11.353 0.6000000238
11501  -34.222  -46.095  11.553 0.6000000238
140550  -33.604  -47.630  11.743 0.6999999881
9281  -33.205  -49.210  11.486 0.6999999881
9337  -35.752  -49.492  8.451 0.6000000238
8589  -35.383  -50.048  7.949 0.6000000238
8633  -34.842  -51.183  6.954 0.5000000000
12298  -32.725  -45.838  9.031 0.6999999881
11525  -32.078  -46.046  11.053 0.6000000238
11489  -31.774  -46.839  12.041 0.6000000238
10788  -32.283  -47.224  12.146 0.6000000238
10044  -32.620  -48.621  12.039 0.6999999881
8535  -32.367  -50.596  11.417 0.6999999881
8614  -35.741  -50.192  7.097 0.5000000000
121513  -41.168  -51.125  5.440 0.3000000119
118855  -31.961  -46.228  9.187 0.6999999881
11546  -31.588  -46.286  10.119 0.6000000238
11524  -31.144  -46.492  10.959 0.6999999881
129966  -32.075  -47.907  12.312 0.6000000238
10031  -31.804  -48.727  12.336 0.6000000238
7897  -32.529  -51.832  10.563 0.6999999881
9338  -36.474  -49.175  8.134 0.5000000000
10117  -37.288  -48.917  7.724 0.5000000000
11498  -31.509  -46.610  11.629 0.6000000238
9265  -30.885  -48.705  12.574 0.6000000238
7883  -31.638  -51.161  11.701 0.6000000238
7262  -31.840  -51.955  11.167 0.6000000238
7278  -31.964  -52.556  10.568 0.6000000238
10098  -37.779  -48.399  8.411 0.5000000000
8668  -41.818  -49.569  4.542 0.3000000119
10802  -30.368  -47.091  10.697 0.6999999881
10787  -30.620  -46.933  11.665 0.6000000238
10777  -31.184  -46.977  12.143 0.6000000238
129610  -30.598  -49.612  12.748 0.6000000238
8519  -31.059  -50.539  12.400 0.5000000000
7868  -30.908  -51.373  12.161 0.5000000000
138065  -30.602  -53.287  10.820 0.5000000000
7291  -32.098  -53.067  9.948 0.5000000000
10848  -38.736  -48.181  8.244 0.5000000000
10851  -40.985  -47.781  8.881 0.3000000119
10101  -41.696  -47.949  8.677 0.3000000119
10120  -40.923  -48.084  7.855 0.3000000119
10121  -41.654  -48.410  6.760 0.4000000060
6652  -30.885  -53.639  10.092 0.5000000000
10850  -40.273  -47.768  8.692 0.3000000119
13030  -36.171  -44.849  9.146 0.5000000000
12301  -35.483  -45.110  9.865 0.5000000000
13007  -36.285  -44.880  10.265 0.5000000000
12279  -36.525  -45.058  11.024 0.5000000000
12309  -34.529  -45.538  8.044 0.5000000000
12310  -35.276  -45.234  8.719 0.5000000000
137620  -34.801  -45.305  9.559 0.5000000000
12278  -35.657  -45.207  10.816 0.5000000000
12254  -35.880  -45.572  11.293 0.5000000000
10791  -36.013  -46.627  11.424 0.6000000238
10805  -36.441  -47.310  11.046 0.6000000238
12299  -33.664  -45.644  8.737 0.5000000000
10060  -36.105  -47.993  10.374 0.6000000238
9319  -35.461  -49.264  9.291 0.8000000119
7932  -42.715  -51.515  8.840 0.3000000119
119196  -33.861  -45.870  7.520 0.6000000238
12300  -34.455  -45.443  8.949 0.6000000238
10827  -36.879  -47.785  10.187 0.4000000060
120319  -42.473  -51.710  7.912 0.3000000119
11560  -32.331  -46.350  8.285 0.6999999881
10096  -36.176  -48.951  8.922 0.5000000000
9336  -34.999  -49.868  8.868 0.6000000238
7961  -41.732  -51.702  5.918 0.3000000119
11559  -31.732  -46.694  8.465 0.6999999881
10078  -37.353  -48.138  9.279 0.4000000060
7974  -41.893  -51.376  5.359 0.3000000119
10847  -31.196  -46.869  9.126 0.6000000238
11545  -30.931  -46.748  10.117 0.6999999881
10097  -36.928  -48.649  8.618 0.4000000060
9386  -42.559  -49.285  4.745 0.3000000119
10826  -30.530  -47.457  9.558 0.6000000238
120806  -30.575  -47.321  12.192 0.6000000238
8518  -30.229  -50.447  12.917 0.5000000000
7277  -31.268  -52.628  11.060 0.6000000238
10079  -38.206  -47.923  9.108 0.4000000060
139397  -38.950  -47.795  9.003 0.4000000060
10810  -41.816  -47.359  10.525 0.3000000119
10832  -41.524  -47.645  9.657 0.3000000119
10080  -42.356  -47.932  9.354 0.3000000119
123223  -42.446  -48.194  8.584 0.3000000119
118443  -42.041  -48.262  7.792 0.4000000060
10154  -42.293  -48.781  4.884 0.3000000119
10028  -29.476  -48.228  12.512 0.6000000238
9264  -29.778  -49.642  13.094 0.5000000000
138522  -29.581  -50.360  13.214 0.5000000000
7867  -30.453  -51.127  12.597 0.5000000000
7261  -30.491  -52.601  11.554 0.5000000000
6641  -29.736  -53.661  10.862 0.6000000238
6066  -30.186  -53.916  10.171 0.5000000000
10830  -39.622  -47.525  9.507 0.3000000119
10831  -40.586  -47.526  9.600 0.3000000119
125164  -29.204  -48.973  12.995 0.5000000000
7244  -29.371  -52.116  12.699 0.5000000000
6628  -29.320  -53.289  11.559 0.5000000000
6627  -28.541  -53.500  11.784 0.5000000000
140502  -36.876  -44.706  7.061 0.5000000000
13047  -36.063  -44.966  8.156 0.5000000000
13031  -36.797  -44.635  9.690 0.5000000000
13032  -37.598  -44.414  9.551 0.5000000000
129461  -37.101  -44.700  10.521 0.5000000000
12993  -37.394  -44.921  11.119 0.5000000000
12319  -34.646  -45.762  6.932 0.5000000000
140437  -36.468  -44.749  8.528 0.5000000000
12256  -37.814  -45.318  11.369 0.4000000060
11504  -37.438  -46.032  11.495 0.4000000060
8594  -42.066  -50.917  8.853 0.3000000119
12325  -34.175  -46.247  6.401 0.6000000238
10792  -36.846  -46.633  11.344 0.4000000060
125180  -37.115  -47.246  10.867 0.4000000060
118824  -33.407  -46.398  6.875 0.6000000238
11569  -32.636  -46.614  7.280 0.6000000238
7947  -42.248  -52.111  6.617 0.3000000119
11568  -31.937  -46.936  7.632 0.6000000238
10828  -37.747  -47.524  10.178 0.4000000060
10861  -31.552  -47.784  7.042 0.6000000238
10807  -39.224  -47.097  10.575 0.4000000060
10829  -38.681  -47.505  9.854 0.4000000060
7975  -42.598  -51.243  5.286 0.3000000119
121596  -31.339  -47.371  8.059 0.6999999881
10809  -41.036  -47.255  10.451 0.3000000119
13049  -37.514  -44.365  8.390 0.5000000000
130166  -36.880  -44.581  8.875 0.5000000000
13050  -38.286  -44.095  8.747 0.5000000000
13033  -38.575  -44.185  9.777 0.4000000060
12320  -35.437  -45.364  7.357 0.5000000000
13008  -38.059  -44.568  10.661 0.4000000060
12994  -38.118  -44.870  11.191 0.4000000060
13059  -36.663  -45.011  6.257 0.6000000238
12257  -38.726  -45.145  11.379 0.4000000060
11505  -38.356  -45.858  11.439 0.4000000060
7320  -42.785  -52.896  7.066 0.3000000119
7307  -43.046  -52.331  8.237 0.3000000119
10862  -32.265  -47.359  6.579 0.6000000238
11526  -38.114  -46.426  11.281 0.4000000060
127993  -38.368  -47.032  10.770 0.4000000060
11528  -39.725  -46.535  11.157 0.4000000060
11529  -40.739  -46.624  11.156 0.4000000060
10808  -40.143  -47.167  10.469 0.3000000119
11530  -41.455  -46.967  10.976 0.3000000119
139738  -30.628  -48.613  7.814 0.6000000238
13060  -37.437  -44.420  7.378 0.5000000000
13868  -38.851  -43.788  7.996 0.5000000000
13869  -39.671  -43.649  8.169 0.4000000060
13849  -39.106  -43.837  8.972 0.4000000060
13068  -37.325  -44.656  6.348 0.5000000000
13069  -38.080  -44.200  6.553 0.5000000000
13832  -39.441  -43.966  9.928 0.4000000060
12327  -35.312  -45.776  6.110 0.6000000238
13067  -37.145  -45.150  5.272 0.6000000238
131140  -37.816  -44.612  5.490 0.6000000238
13010  -39.808  -44.247  10.696 0.4000000060
137060  -34.763  -46.112  5.992 0.6000000238
12330  -35.929  -45.981  5.141 0.6000000238
128424  -40.151  -44.554  11.110 0.4000000060
134594  -39.543  -45.208  11.397 0.4000000060
11572  -33.841  -46.850  5.633 0.6000000238
11506  -39.229  -45.834  11.431 0.4000000060
12259  -40.949  -45.210  11.453 0.4000000060
121120  -41.061  -45.921  11.484 0.4000000060
12260  -41.836  -45.590  11.477 0.4000000060
135431  -42.597  -52.330  5.848 0.3000000119
7334  -42.867  -52.992  6.459 0.3000000119
10868  -33.409  -47.499  4.907 0.6000000238
11508  -41.590  -46.432  11.324 0.4000000060
7976  -43.369  -51.464  5.515 0.3000000119
10137  -31.834  -48.285  5.879 0.6000000238
121904  -31.084  -48.906  6.430 0.6000000238
10151  -32.065  -48.575  4.915 0.6999999881
11580  -32.914  -47.179  4.339 0.6999999881
10136  -31.418  -49.135  5.361 0.6000000238
10871  -32.492  -47.907  4.478 0.6999999881
11579  -31.929  -47.400  4.343 0.6999999881
9391  -31.023  -49.463  4.735 0.6000000238
12333  -33.068  -45.974  4.443 0.6999999881
13078  -33.541  -45.167  4.556 0.6000000238
10870  -31.541  -48.356  4.436 0.6999999881
12332  -32.023  -46.320  4.441 0.6999999881
13061  -38.119  -44.076  7.735 0.5000000000
13890  -40.310  -43.525  7.378 0.5000000000
131735  -38.474  -44.315  5.414 0.5000000000
13909  -39.784  -43.683  5.819 0.5000000000
13888  -38.654  -43.851  7.151 0.5000000000
124792  -41.177  -43.471  7.479 0.5000000000
13870  -40.544  -43.582  8.321 0.4000000060
13850  -39.955  -43.693  9.144 0.4000000060
13073  -37.161  -45.169  4.852 0.6000000238
13075  -38.301  -44.500  4.968 0.6000000238
13923  -39.216  -44.079  5.083 0.6000000238
13924  -40.222  -43.722  5.029 0.6000000238
13834  -41.137  -43.895  10.156 0.4000000060
12326  -35.179  -46.346  5.173 0.6000000238
133595  -38.206  -44.221  4.755 0.6000000238
14796  -39.991  -42.724  4.613 0.6000000238
13011  -40.585  -44.232  10.764 0.4000000060
11577  -34.777  -46.568  4.847 0.6000000238
12336  -36.016  -45.770  4.783 0.6000000238
13082  -37.049  -44.762  4.648 0.6000000238
14794  -37.594  -42.554  4.701 0.6000000238
122615  -38.319  -43.337  4.584 0.6000000238
12997  -40.802  -44.662  11.224 0.4000000060
13014  -43.107  -44.654  11.077 0.4000000060
11582  -34.594  -46.558  4.692 0.6000000238
13081  -36.308  -44.839  4.589 0.6000000238
13934  -36.575  -43.812  4.589 0.6000000238
15711  -37.713  -41.744  5.112 0.6000000238
121785  -39.313  -41.359  5.813 0.6000000238
12998  -41.619  -44.825  11.323 0.4000000060
13000  -43.335  -45.132  11.341 0.4000000060
11576  -34.092  -46.958  4.748 0.6000000238
12335  -35.064  -45.950  4.606 0.5000000000
14786  -37.023  -42.027  5.036 0.6000000238
15697  -37.848  -41.516  5.867 0.6000000238
15677  -39.182  -41.408  6.691 0.6999999881
131845  -32.655  -47.876  5.338 0.6999999881
11581  -33.799  -46.874  4.521 0.6000000238
13080  -35.414  -44.917  4.567 0.6000000238
14792  -36.111  -42.919  4.802 0.6000000238
15676  -38.119  -41.559  6.737 0.6000000238
123856  -39.485  -41.459  7.745 0.6000000238
15656  -40.077  -41.450  8.354 0.6000000238
14773  -36.463  -42.077  6.044 0.6000000238
15675  -37.154  -41.892  6.587 0.6000000238
118758  -38.477  -41.587  7.643 0.6000000238
136602  -39.400  -41.516  8.639 0.6000000238
13079  -34.329  -44.845  4.586 0.6000000238
14784  -35.557  -42.750  5.267 0.6000000238
14760  -36.287  -42.368  6.829 0.5000000000
14761  -37.576  -41.848  7.573 0.6000000238
15655  -38.710  -41.605  8.548 0.6000000238
14772  -35.629  -42.480  6.109 0.5000000000
127276  -31.183  -46.549  4.512 0.6999999881
126845  -32.716  -44.708  4.731 0.6999999881
133196  -33.348  -44.189  4.851 0.5000000000
14783  -34.897  -42.904  5.691 0.6000000238
123020  -36.780  -42.233  7.551 0.5000000000
120451  -34.610  -43.028  6.548 0.6000000238
16531  -26.224  -39.921  5.995 0.6000000238
15692  -26.825  -40.367  6.229 0.6000000238
14755  -26.860  -41.385  6.808 0.6000000238
129153  -40.224  -43.529  6.483 0.5000000000
13910  -40.616  -43.545  5.583 0.5000000000
13891  -41.715  -43.417  6.737 0.5000000000
13871  -41.470  -43.574  8.360 0.5000000000
13851  -40.843  -43.680  9.253 0.4000000060
15720  -40.305  -41.885  4.831 0.5000000000
13938  -40.574  -43.317  4.781 0.5000000000
15715  -41.570  -41.704  5.274 0.5000000000
13852  -41.779  -43.728  9.320 0.4000000060
13853  -42.814  -43.833  9.397 0.4000000060
15721  -41.110  -42.063  4.810 0.5000000000
15701  -41.976  -41.473  5.734 0.5000000000
13012  -41.397  -44.330  10.881 0.4000000060
13836  -42.890  -44.231  10.413 0.4000000060
134979  -43.674  -44.374  10.595 0.4000000060
15699  -40.183  -41.295  5.994 0.5000000000
15680  -41.595  -41.344  6.322 0.5000000000
15714  -40.738  -41.537  5.307 0.5000000000
13013  -42.256  -44.488  11.002 0.4000000060
15678  -40.044  -41.383  6.874 0.6000000238
124787  -41.226  -41.371  7.116 0.6000000238
124788  -40.444  -41.401  7.433 0.6000000238
15658  -41.601  -41.419  7.764 0.5000000000
15637  -40.519  -41.493  9.071 0.4000000060
15638  -41.396  -41.475  8.913 0.4000000060
118636  -42.551  -41.564  10.165 0.4000000060
15635  -38.991  -41.600  9.331 0.6000000238
15636  -39.746  -41.515  9.226 0.6000000238
118639  -40.163  -41.498  9.999 0.5000000000
118638  -40.966  -41.471  9.986 0.4000000060
118637  -41.802  -41.505  10.075 0.4000000060
125683  -42.399  -41.609  11.115 0.4000000060
11574  -30.141  -47.787  4.755 0.6999999881
15654  -37.869  -41.812  8.472 0.6000000238
119996  -39.400  -41.582  10.071 0.5000000000
125684  -41.462  -41.537  11.040 0.4000000060
13930  -32.624  -43.853  5.103 0.6000000238
118490  -36.073  -42.540  7.637 0.5000000000
14748  -37.096  -42.161  8.377 0.5000000000
15618  -38.660  -41.750  10.149 0.5000000000
15619  -39.835  -41.549  10.882 0.5000000000
15620  -40.610  -41.502  10.909 0.4000000060
15598  -41.071  -41.378  11.769 0.4000000060
14782  -34.114  -43.113  5.907 0.6000000238
14733  -37.325  -42.147  9.202 0.5000000000
16520  -25.511  -40.253  6.549 0.6999999881
16525  -25.998  -39.675  6.221 0.6000000238
18096  -26.896  -38.183  6.771 0.6999999881
16532  -27.026  -39.470  6.119 0.6000000238
141735  -27.488  -37.557  7.197 0.6000000238
16526  -28.026  -40.021  7.078 0.6000000238
131674  -27.783  -37.997  6.509 0.6000000238
18876  -28.623  -36.826  6.996 0.6000000238
130671  -28.809  -36.606  7.650 0.6000000238
18095  -29.444  -37.262  8.767 0.6000000238
140332  -27.803  -41.521  7.841 0.5000000000
17316  -28.612  -38.266  6.545 0.6000000238
18101  -29.641  -37.408  6.922 0.6000000238
18097  -29.659  -37.352  7.668 0.6000000238
124791  -42.054  -43.481  7.437 0.5000000000
15651  -28.620  -41.752  8.342 0.5000000000
15669  -27.919  -40.935  7.542 0.5000000000
18104  -30.115  -38.140  6.744 0.5000000000
18098  -30.330  -38.252  8.069 0.5000000000
13925  -41.010  -43.403  4.938 0.4000000060
13926  -41.790  -43.042  4.995 0.5000000000
13872  -42.427  -43.613  8.335 0.5000000000
15670  -28.849  -40.842  7.842 0.5000000000
16527  -29.082  -39.881  7.303 0.5000000000
17313  -30.594  -38.636  6.866 0.5000000000
129954  -30.934  -39.037  8.021 0.5000000000
13927  -42.564  -42.467  5.118 0.5000000000
13873  -43.372  -43.661  8.299 0.4000000060
13854  -43.758  -43.845  9.131 0.4000000060
13856  -45.287  -43.854  9.058 0.4000000060
14742  -29.126  -42.397  8.646 0.5000000000
15671  -29.574  -40.659  7.396 0.5000000000
16533  -30.262  -39.087  6.619 0.6000000238
17309  -31.232  -39.481  7.528 0.6000000238
140302  -43.453  -44.045  9.908 0.4000000060
14757  -30.074  -41.454  7.254 0.6000000238
15672  -30.614  -40.521  6.327 0.6000000238
16534  -30.859  -39.813  6.429 0.6999999881
124786  -41.940  -41.378  6.862 0.5000000000
12318  -29.364  -45.946  7.707 0.6000000238
15640  -43.063  -41.552  9.565 0.4000000060
12324  -29.502  -46.221  6.810 0.6000000238
118635  -42.004  -41.439  8.366 0.4000000060
12329  -29.975  -45.770  5.317 0.6000000238
13071  -30.357  -45.082  5.264 0.6000000238
125350  -43.352  -41.681  10.843 0.4000000060
13919  -32.078  -43.156  5.445 0.6000000238
13076  -31.037  -45.605  4.780 0.6999999881
140957  -33.956  -43.256  7.044 0.6000000238
14759  -34.397  -43.174  7.651 0.6000000238
14746  -35.403  -42.855  8.270 0.5000000000
14747  -36.314  -42.479  8.333 0.5000000000
17307  -26.646  -38.800  7.556 0.6999999881
18094  -27.386  -37.837  8.070 0.6999999881
18871  -28.151  -36.981  8.857 0.6000000238
18874  -28.736  -36.538  8.532 0.6000000238
18872  -28.810  -36.439  9.505 0.6000000238
136031  -29.053  -36.380  9.615 0.6000000238
127539  -29.368  -37.347  9.958 0.6999999881
141857  -29.512  -38.467  10.028 0.6000000238
17300  -29.689  -38.398  9.355 0.6000000238
13912  -42.593  -42.987  5.380 0.5000000000
13892  -42.453  -43.340  6.359 0.5000000000
13893  -43.055  -43.441  7.197 0.5000000000
17301  -30.370  -39.149  8.983 0.6000000238
16502  -30.056  -40.231  10.698 0.5000000000
13913  -43.286  -43.142  5.867 0.5000000000
13874  -44.206  -43.695  8.329 0.4000000060
16522  -31.476  -40.360  8.234 0.6000000238
17302  -31.065  -39.733  8.598 0.6000000238
123643  -42.354  -41.865  5.263 0.5000000000
136199  -29.509  -45.086  8.067 0.6000000238
13906  -29.949  -43.361  7.640 0.4000000060
14768  -30.170  -42.439  7.147 0.6000000238
16535  -31.268  -40.385  6.249 0.6000000238
16529  -31.476  -40.200  7.024 0.6000000238
15615  -31.384  -41.299  10.123 0.6000000238
124785  -42.695  -41.367  6.706 0.4000000060
129030  -43.881  -41.401  5.820 0.4000000060
13065  -29.918  -44.291  6.614 0.5000000000
13907  -30.225  -43.368  6.340 0.5000000000
137115  -30.444  -41.871  6.429 0.6000000238
15693  -31.174  -40.949  5.917 0.6999999881
15673  -31.725  -41.070  6.634 0.6000000238
136594  -31.829  -41.232  7.890 0.6000000238
15632  -31.630  -41.203  9.078 0.6000000238
15660  -43.192  -41.381  7.485 0.5000000000
118097  -29.635  -45.278  6.926 0.6000000238
15708  -31.053  -41.856  5.704 0.6000000238
15694  -31.596  -41.235  5.966 0.6000000238
15653  -32.306  -42.188  8.270 0.6000000238
15633  -32.119  -41.942  8.974 0.6000000238
14718  -32.832  -42.531  10.671 0.6000000238
118634  -42.714  -41.447  8.471 0.4000000060
13066  -30.187  -44.237  5.763 0.5000000000
13917  -30.582  -43.408  5.716 0.6000000238
15695  -32.136  -41.837  6.302 0.6000000238
122973  -32.842  -42.747  8.984 0.6000000238
14729  -33.285  -42.791  9.955 0.6000000238
13070  -29.842  -45.068  5.821 0.6000000238
123270  -30.615  -44.170  5.452 0.6000000238
13918  -31.140  -43.485  5.402 0.6000000238
14770  -32.647  -42.591  6.109 0.6000000238
14743  -32.759  -42.769  7.944 0.6000000238
14771  -33.528  -43.097  6.501 0.6000000238
121324  -33.288  -43.027  5.864 0.6000000238
138666  -35.854  -42.708  8.995 0.5000000000
126940  -36.720  -42.403  9.880 0.5000000000
16512  -26.398  -40.372  8.550 0.6999999881
17298  -26.604  -39.511  8.351 0.6999999881
15612  -26.772  -41.828  9.930 0.6999999881
15631  -26.932  -40.969  9.594 0.6999999881
16513  -26.996  -39.939  9.394 0.6999999881
17299  -27.121  -38.855  9.090 0.6999999881
18855  -28.362  -37.035  9.994 0.6000000238
18856  -28.978  -36.211  10.409 0.6000000238
18840  -29.148  -36.214  11.231 0.5000000000
18857  -29.098  -36.282  10.516 0.6999999881
18068  -29.458  -37.171  11.409 0.5000000000
17276  -29.498  -38.662  11.543 0.5000000000
16478  -29.648  -39.864  11.710 0.5000000000
13928  -44.261  -42.405  5.339 0.4000000060
13894  -44.604  -43.249  6.554 0.5000000000
13915  -45.496  -42.937  6.104 0.5000000000
13895  -44.756  -43.528  7.629 0.5000000000
13875  -45.647  -43.585  7.901 0.4000000060
15716  -43.293  -41.910  5.296 0.4000000060
13914  -44.836  -42.627  5.672 0.4000000060
15614  -30.781  -41.092  10.967 0.6000000238
14717  -32.027  -42.046  10.574 0.6000000238
15593  -31.809  -41.998  11.330 0.6000000238
127412  -33.685  -42.751  10.779 0.6000000238
14704  -32.401  -42.328  11.388 0.6000000238
14744  -33.528  -43.151  8.360 0.6000000238
14719  -34.233  -42.917  10.089 0.6000000238
14705  -33.180  -42.592  11.511 0.6000000238
14758  -33.396  -43.131  7.445 0.6000000238
14745  -34.427  -43.153  8.618 0.6000000238
14720  -35.056  -42.770  10.186 0.5000000000
125488  -35.856  -42.658  9.829 0.5000000000
14715  -26.490  -42.560  10.378 0.6999999881
15613  -27.268  -41.393  10.526 0.6999999881
16501  -27.319  -40.391  10.386 0.6999999881
17289  -27.343  -39.429  10.261 0.6999999881
121563  -27.530  -38.800  11.034 0.6000000238
124575  -27.752  -37.852  10.607 0.6999999881
18838  -28.434  -37.032  10.986 0.4000000060
13831  -26.043  -43.173  10.930 0.6999999881
14702  -26.828  -42.866  11.202 0.6999999881
16489  -27.526  -40.786  11.299 0.6000000238
17275  -27.487  -39.757  11.243 0.6000000238
19615  -29.007  -36.049  10.976 0.5000000000
13808  -24.649  -43.721  12.435 0.6999999881
130654  -25.689  -43.597  12.583 0.6999999881
18826  -29.294  -36.373  12.082 0.5000000000
117738  -24.160  -44.054  12.931 0.6999999881
18052  -29.568  -37.744  12.194 0.5000000000
12979  -24.507  -44.543  13.693 0.6000000238
12231  -24.717  -45.367  14.907 0.6000000238
126317  -24.554  -46.014  15.275 0.6000000238
11442  -23.592  -45.795  16.773 0.5000000000
117109  -23.501  -45.038  17.108 0.5000000000
132791  -45.892  -43.257  6.704 0.4000000060
14706  -34.061  -42.675  11.668 0.6000000238
17263  -27.683  -39.024  12.031 0.5000000000
18066  -27.824  -37.988  11.553 0.5000000000
13823  -27.201  -43.059  12.005 0.6000000238
14688  -27.756  -42.343  12.230 0.6000000238
15571  -27.843  -41.204  12.119 0.6000000238
16476  -27.710  -40.126  12.094 0.6000000238
18051  -28.018  -38.031  12.365 0.5000000000
18839  -28.976  -36.074  11.327 0.5000000000
19599  -29.023  -35.968  11.833 0.5000000000
13809  -26.698  -43.442  12.688 0.6000000238
13810  -27.507  -43.110  12.852 0.6000000238
15572  -28.250  -41.729  12.923 0.6000000238
127521  -28.356  -40.833  13.651 0.6000000238
18808  -29.353  -36.215  12.962 0.5000000000
13797  -25.069  -43.932  13.371 0.6999999881
13798  -26.076  -43.665  13.457 0.6000000238
128842  -26.543  -43.626  14.264 0.6000000238
134566  -27.635  -43.069  14.546 0.6000000238
15539  -28.392  -41.373  14.388 0.6000000238
119574  -25.114  -44.343  14.240 0.6000000238
118075  -25.724  -43.932  14.235 0.6000000238
13789  -26.230  -43.775  15.014 0.6000000238
13775  -27.080  -43.394  15.026 0.6000000238
12956  -24.956  -44.770  15.553 0.6000000238
12941  -25.336  -44.227  16.118 0.6000000238
13773  -25.951  -43.787  15.805 0.6000000238
14645  -27.026  -43.044  15.885 0.6000000238
12217  -24.540  -45.489  15.874 0.5000000000
12939  -24.111  -45.215  16.584 0.5000000000
13752  -24.913  -43.942  16.867 0.5000000000
13753  -25.616  -43.552  16.597 0.6000000238
14626  -25.903  -42.838  16.916 0.6000000238
139825  -46.408  -42.657  5.993 0.4000000060
12928  -21.814  -45.023  17.353 0.5000000000
12930  -24.129  -44.361  17.111 0.5000000000
13743  -24.448  -43.610  17.327 0.6000000238
13744  -25.087  -43.127  17.300 0.6000000238
120282  -21.401  -44.237  17.381 0.5000000000
140622  -21.852  -43.610  17.508 0.5000000000
13741  -22.714  -43.402  17.632 0.4000000060
13742  -23.713  -43.578  17.553 0.5000000000
134584  -24.720  -42.423  17.554 0.6000000238
119734  -27.994  -38.766  12.783 0.6000000238
133960  -28.399  -37.077  12.535 0.5000000000
18825  -28.946  -36.016  12.151 0.5000000000
121108  -27.958  -39.605  12.791 0.6000000238
18034  -28.239  -37.878  13.198 0.5000000000
138903  -29.026  -35.715  12.417 0.5000000000
16444  -28.421  -40.293  14.328 0.6999999881
17230  -28.467  -39.376  14.780 0.6999999881
14647  -28.207  -41.902  15.047 0.6000000238
15521  -28.342  -41.065  15.209 0.6999999881
14628  -27.301  -42.226  16.208 0.6000000238
15520  -27.850  -41.659  15.780 0.6999999881
14627  -26.637  -42.579  16.562 0.6000000238
15509  -27.437  -41.191  16.577 0.6999999881
14618  -26.144  -42.048  17.117 0.6000000238
15499  -26.337  -41.269  17.268 0.6999999881
13750  -20.210  -43.652  16.570 0.5000000000
13751  -21.064  -43.350  17.228 0.5000000000
14614  -22.621  -42.473  17.525 0.4000000060
141595  -23.200  -42.060  17.562 0.6000000238
15497  -24.829  -41.714  17.582 0.6000000238
14624  -20.506  -42.664  16.613 0.5000000000
134784  -21.976  -42.172  17.308 0.4000000060
15495  -22.533  -41.610  17.298 0.5000000000
19582  -28.977  -35.639  13.077 0.5000000000
18807  -28.627  -36.328  13.016 0.5000000000
17246  -28.254  -39.189  13.621 0.6000000238
18020  -28.393  -38.303  14.244 0.5000000000
131296  -28.604  -36.132  14.524 0.5000000000
16426  -28.421  -40.192  15.406 0.6999999881
16416  -28.239  -39.984  16.213 0.6999999881
16415  -27.746  -40.305  16.646 0.6000000238
15498  -25.598  -41.481  17.454 0.6999999881
16403  -27.209  -40.446  17.057 0.6000000238
122775  -24.276  -41.181  17.535 0.6000000238
16400  -25.052  -40.919  17.592 0.6000000238
15505  -20.814  -41.816  16.469 0.5000000000
15506  -21.625  -41.623  16.934 0.4000000060
15496  -23.446  -41.369  17.433 0.6000000238
16423  -20.863  -40.658  15.475 0.4000000060
15519  -21.301  -41.008  16.225 0.4000000060
137720  -21.915  -40.473  16.255 0.5000000000
16398  -22.931  -40.757  17.083 0.5000000000
18004  -28.461  -38.599  15.472 0.6000000238
18776  -28.522  -36.654  15.457 0.5000000000
17206  -28.271  -39.261  16.338 0.6000000238
131170  -28.451  -37.712  15.809 0.5000000000
17205  -27.957  -39.686  16.689 0.6000000238
17192  -27.528  -39.716  17.052 0.6000000238
17980  -27.890  -38.189  17.161 0.5000000000
17191  -26.916  -39.819  17.370 0.6000000238
118429  -25.233  -40.030  17.519 0.6999999881
127613  -26.468  -39.223  17.564 0.5000000000
132407  -24.522  -40.458  17.436 0.6000000238
16414  -23.354  -39.965  16.770 0.5000000000
16424  -21.555  -40.315  15.731 0.4000000060
16413  -22.559  -40.253  16.484 0.5000000000
18089  -17.910  -38.165  9.525 0.4000000060
19638  -18.886  -36.782  9.747 0.3000000119
18868  -19.318  -37.401  9.423 0.4000000060
137805  -28.329  -37.329  16.619 0.5000000000
16511  -18.103  -39.498  9.590 0.3000000119
18091  -19.519  -38.093  9.401 0.4000000060
137474  -27.317  -38.918  17.384 0.5000000000
18752  -27.958  -37.204  17.376 0.5000000000
121910  -19.269  -39.312  10.904 0.3000000119
18081  -19.797  -38.486  9.759 0.4000000060
17979  -26.643  -38.411  17.710 0.5000000000
119494  -19.552  -39.466  12.028 0.3000000119
133575  -25.766  -39.421  17.573 0.6000000238
17189  -24.256  -39.687  17.172 0.6999999881
122183  -25.072  -39.131  17.428 0.6000000238
16425  -22.196  -39.946  15.912 0.5000000000
17204  -23.609  -39.053  16.474 0.5000000000
17203  -22.877  -39.566  16.119 0.4000000060
17992  -24.018  -38.205  16.644 0.4000000060
19610  -18.588  -36.717  10.874 0.3000000119
19623  -18.721  -36.604  10.300 0.3000000119
19624  -19.378  -36.387  9.804 0.3000000119
122854  -19.588  -36.752  9.448 0.3000000119
117322  -20.186  -37.129  9.087 0.4000000060
18744  -27.599  -36.905  17.776 0.5000000000
18063  -19.954  -38.745  10.529 0.4000000060
18092  -20.304  -37.853  9.281 0.4000000060
18751  -27.356  -37.772  17.658 0.5000000000
17274  -20.076  -38.925  11.516 0.4000000060
18083  -21.209  -37.974  10.483 0.4000000060
130698  -25.964  -38.057  17.781 0.5000000000
18750  -26.578  -37.586  17.942 0.5000000000
18048  -20.804  -38.630  11.953 0.4000000060
136973  -24.974  -38.090  17.393 0.5000000000
124807  -24.371  -38.836  17.034 0.5000000000
17212  -21.850  -39.320  14.853 0.3000000119
18002  -22.475  -38.818  15.061 0.4000000060
17991  -23.394  -38.280  15.923 0.4000000060
18762  -24.267  -37.382  16.786 0.4000000060
19611  -19.305  -36.695  11.208 0.3000000119
19625  -19.949  -36.063  9.817 0.3000000119
20433  -20.986  -35.930  8.796 0.4000000060
19653  -21.476  -36.279  8.736 0.4000000060
126023  -29.080  -35.024  17.058 0.4000000060
19640  -21.851  -36.581  8.913 0.4000000060
20305  -28.286  -35.512  18.029 0.4000000060
18082  -20.553  -38.272  9.982 0.4000000060
18870  -22.204  -36.836  9.491 0.4000000060
19516  -27.567  -36.256  18.124 0.4000000060
18854  -22.508  -36.867  10.403 0.4000000060
18749  -25.669  -37.333  17.827 0.5000000000
18065  -21.294  -38.158  11.434 0.4000000060
18050  -21.951  -37.898  12.674 0.3000000119
18748  -24.834  -36.958  17.417 0.5000000000
18019  -22.797  -37.688  14.736 0.3000000119
19612  -20.078  -36.338  10.703 0.3000000119
21237  -21.313  -35.041  9.770 0.3000000119
139629  -20.885  -35.353  9.522 0.3000000119
21259  -22.564  -34.440  8.729 0.4000000060
20419  -22.498  -35.255  8.777 0.4000000060
21250  -23.547  -34.386  8.800 0.3000000119
20420  -23.142  -35.160  8.892 0.4000000060
21154  -29.471  -34.558  17.839 0.4000000060
21141  -31.012  -34.005  18.343 0.4000000060
20409  -23.207  -35.726  9.664 0.4000000060
19515  -26.801  -36.146  18.394 0.4000000060
18837  -22.179  -37.349  11.136 0.3000000119
19527  -26.278  -36.758  18.177 0.4000000060
18049  -21.432  -38.302  12.334 0.3000000119
18824  -22.277  -37.332  12.119 0.3000000119
18806  -22.404  -37.361  13.176 0.3000000119
18761  -23.687  -37.558  16.128 0.4000000060
20385  -21.506  -35.498  11.854 0.3000000119
128834  -21.848  -34.634  9.112 0.4000000060
22102  -22.946  -33.726  8.589 0.4000000060
139950  -23.041  -34.151  8.510 0.4000000060
21992  -31.929  -33.613  18.333 0.4000000060
21140  -29.961  -34.033  18.427 0.4000000060
21239  -24.151  -34.141  9.355 0.4000000060
21153  -28.737  -34.757  18.224 0.4000000060
19626  -22.743  -36.363  9.682 0.4000000060
20304  -27.397  -35.528  18.521 0.4000000060
21139  -27.983  -34.932  18.658 0.4000000060
19614  -23.103  -36.227  10.668 0.3000000119
20303  -26.528  -35.296  18.586 0.4000000060
19597  -22.652  -36.681  12.490 0.3000000119
19526  -25.400  -36.418  17.909 0.5000000000
19579  -22.784  -36.521  13.466 0.3000000119
20316  -25.209  -35.492  17.895 0.5000000000
117370  -23.147  -36.983  14.936 0.3000000119
19538  -24.302  -36.496  16.791 0.4000000060
18003  -22.892  -38.270  15.241 0.4000000060
21224  -22.373  -34.193  10.784 0.3000000119
139230  -24.182  -33.092  8.271 0.3000000119
22087  -24.403  -33.323  8.661 0.3000000119
126031  -31.259  -33.194  18.747 0.4000000060
126270  -23.594  -34.944  9.581 0.3000000119
119508  -29.092  -34.187  18.597 0.4000000060
123201  -30.383  -33.430  18.886 0.3000000119
21225  -23.902  -34.669  10.541 0.3000000119
21116  -27.786  -34.280  19.105 0.4000000060
21991  -29.491  -33.613  19.048 0.4000000060
20386  -23.319  -35.501  12.158 0.3000000119
124041  -23.327  -35.254  13.038 0.3000000119
20302  -25.727  -34.948  18.343 0.4000000060
135255  -23.462  -36.200  15.211 0.3000000119
20330  -24.316  -35.631  16.716 0.3000000119
129174  -24.613  -33.417  9.834 0.3000000119
23041  -25.401  -32.171  9.642 0.3000000119
21226  -24.383  -33.966  10.703 0.3000000119
21117  -28.551  -33.795  19.207 0.4000000060
125169  -29.039  -33.108  19.499 0.4000000060
22065  -24.024  -33.940  12.679 0.3000000119
21115  -27.018  -33.986  19.160 0.4000000060
21969  -27.707  -33.533  19.400 0.4000000060
19580  -23.155  -35.763  13.718 0.3000000119
20358  -23.437  -35.557  14.619 0.3000000119
21152  -25.132  -34.576  17.748 0.3000000119
20349  -24.072  -35.288  16.111 0.3000000119
131690  -24.495  -33.219  12.428 0.3000000119
119767  -23.591  -34.573  13.207 0.3000000119
22915  -27.711  -32.735  19.614 0.3000000119
21191  -23.457  -34.966  13.928 0.3000000119
21136  -25.627  -34.023  18.285 0.3000000119
21183  -24.105  -34.581  15.719 0.3000000119
20315  -24.666  -35.126  17.285 0.3000000119
22995  -24.716  -32.441  13.457 0.3000000119
23932  -25.507  -31.309  13.419 0.3000000119
22046  -24.272  -33.318  14.604 0.3000000119
21990  -26.290  -33.552  18.791 0.3000000119
132069  -24.527  -32.681  14.122 0.3000000119
22996  -24.951  -31.974  14.062 0.3000000119
19553  -23.551  -36.902  15.666 0.4000000060
18790  -22.393  -37.817  13.996 0.3000000119
19565  -23.107  -36.347  14.379 0.3000000119
8587  -34.152  -51.074  8.804 0.6000000238
7942  -34.422  -51.324  7.810 0.5000000000
7315  -33.907  -52.281  7.706 0.5000000000
6665  -32.944  -53.400  8.173 0.5000000000
7316  -34.420  -51.827  6.967 0.5000000000
8648  -36.812  -50.354  4.914 0.5000000000
8552  -33.801  -50.044  10.333 0.6999999881
10076  -35.805  -48.646  9.751 0.6999999881
8536  -33.136  -50.115  11.059 0.6999999881
7898  -33.233  -51.333  10.155 0.6999999881
8647  -35.982  -50.729  5.365 0.4000000060
8550  -32.823  -50.969  10.791 0.6999999881
9354  -36.664  -49.371  7.477 0.5000000000
8654  -43.230  -50.136  5.029 0.3000000119
123779  -38.190  -48.588  7.604 0.5000000000
10849  -39.532  -47.885  8.515 0.3000000119
11503  -36.458  -46.013  11.536 0.6000000238
12255  -36.898  -45.414  11.357 0.5000000000
122515  -33.234  -45.571  9.881 0.6000000238
125903  -33.339  -48.235  11.776 0.6999999881
134206  -41.529  -51.411  6.758 0.3000000119
10778  -31.697  -47.305  12.253 0.6000000238
132000  -32.698  -47.834  12.121 0.6000000238
9280  -32.385  -49.627  11.828 0.6999999881
9353  -36.053  -49.662  7.669 0.6000000238
8613  -35.075  -50.637  7.403 0.5000000000
8534  -31.816  -50.319  11.955 0.6000000238
7884  -32.270  -51.320  11.147 0.6999999881
117225  -30.008  -48.785  12.816 0.5000000000
117129  -31.077  -51.966  11.687 0.5000000000
10055  -29.698  -47.592  10.877 0.6000000238
7245  -30.267  -51.894  12.285 0.5000000000
10077  -36.549  -48.391  9.470 0.5000000000
9387  -43.416  -49.133  5.008 0.3000000119
12996  -39.427  -44.691  11.180 0.4000000060
7321  -43.303  -53.516  6.810 0.3000000119
12337  -36.697  -45.332  4.795 0.6000000238
10867  -32.670  -47.964  4.657 0.6999999881
12334  -34.191  -46.069  4.455 0.6000000238
13931  -33.930  -43.740  5.059 0.6000000238
13083  -37.676  -44.698  4.842 0.6000000238
13939  -41.247  -42.898  4.709 0.5000000000
13835  -42.039  -44.041  10.251 0.4000000060
15712  -38.713  -41.502  5.283 0.6000000238
15713  -39.794  -41.480  5.285 0.5000000000
15696  -37.058  -41.840  5.631 0.6000000238
15657  -40.872  -41.427  8.076 0.4000000060
11575  -30.379  -46.247  4.854 0.6000000238
13072  -31.064  -44.579  5.095 0.6999999881
17311  -28.239  -39.134  6.640 0.6000000238
13911  -41.861  -43.345  5.771 0.4000000060
15682  -43.076  -41.382  6.022 0.4000000060
15634  -38.138  -41.829  9.415 0.4000000060
117133  -29.629  -47.737  5.455 0.6000000238
138087  -27.169  -38.281  6.433 0.6000000238
17312  -29.412  -39.008  6.724 0.6000000238
123905  -43.960  -43.511  7.447 0.5000000000
15652  -29.303  -41.649  8.161 0.5000000000
16503  -30.787  -40.676  10.145 0.6000000238
14756  -29.619  -42.503  8.292 0.4000000060
14781  -32.517  -42.712  5.740 0.5000000000
124784  -43.572  -41.340  6.490 0.5000000000
15674  -32.232  -42.021  7.337 0.6000000238
14780  -31.385  -42.469  5.606 0.5000000000
10766  -24.395  -46.582  13.753 0.6000000238
120001  -22.264  -44.260  17.529 0.5000000000
16477  -28.113  -40.616  12.872 0.5000000000
13799  -27.048  -43.471  13.535 0.6000000238
14676  -28.230  -42.340  13.536 0.6000000238
16462  -28.227  -40.064  13.420 0.6000000238
13788  -25.539  -44.279  15.130 0.6000000238
13739  -20.716  -44.185  17.058 0.5000000000
119921  -28.401  -37.236  13.803 0.5000000000
16402  -26.582  -40.547  17.338 0.6000000238
14625  -21.274  -42.381  17.076 0.5000000000
131040  -18.228  -38.768  9.483 0.3000000119
17994  -28.277  -38.425  16.496 0.5000000000
135095  -21.852  -39.777  15.428 0.3000000119
123714  -28.621  -35.599  17.187 0.4000000060
19528  -28.080  -36.327  17.636 0.4000000060
17214  -22.960  -38.889  15.702 0.4000000060
141153  -22.123  -38.745  14.515 0.3000000119
20398  -21.262  -35.431  10.734 0.3000000119
19598  -23.028  -36.162  11.829 0.3000000119
20329  -23.846  -36.092  16.067 0.3000000119
118180  -23.606  -35.074  11.472 0.3000000119
19525  -24.722  -36.013  17.406 0.4000000060
22074  -22.931  -33.179  10.485 0.3000000119
21213  -24.047  -34.364  11.614 0.3000000119
21137  -26.355  -34.438  18.719 0.4000000060
127596  -24.341  -33.149  13.419 0.3000000119
6038  -25.414  -54.276  12.750 0.5000000000
6039  -26.158  -54.193  12.522 0.5000000000
6040  -26.943  -53.968  12.287 0.5000000000
6626  -27.741  -53.729  12.039 0.4000000060
6607  -24.490  -53.540  12.793 0.5000000000
6026  -25.128  -53.603  13.107 0.5000000000
138188  -25.778  -53.721  13.023 0.5000000000
6609  -27.307  -53.299  12.845 0.5000000000
120612  -28.147  -53.074  12.597 0.5000000000
6610  -28.951  -52.837  12.274 0.4000000060
7240  -24.358  -52.728  12.556 0.4000000060
6592  -24.970  -52.898  13.183 0.5000000000
6594  -26.729  -52.789  13.309 0.5000000000
7243  -28.520  -52.368  13.005 0.4000000060
7241  -24.885  -52.247  13.021 0.5000000000
7848  -25.898  -51.657  13.324 0.5000000000
6593  -25.756  -53.008  13.326 0.5000000000
8502  -26.071  -50.975  13.149 0.5000000000
7850  -27.361  -51.182  13.467 0.5000000000
8503  -26.783  -50.625  13.294 0.5000000000
8504  -27.540  -50.204  13.332 0.5000000000
8506  -29.029  -49.774  13.282 0.4000000060
7864  -25.313  -51.480  12.940 0.5000000000
8517  -26.970  -49.994  13.106 0.5000000000
9263  -27.528  -49.491  12.921 0.5000000000
9251  -28.369  -49.274  13.072 0.5000000000
8565  -26.992  -51.360  9.021 0.5000000000
8531  -25.758  -50.626  11.608 0.5000000000
140324  -26.379  -50.277  11.315 0.5000000000
8533  -26.831  -49.804  11.639 0.5000000000
8548  -26.984  -50.295  10.550 0.5000000000
9278  -27.378  -49.251  12.109 0.5000000000
9294  -27.495  -49.505  11.064 0.5000000000
10027  -28.035  -48.888  12.436 0.5000000000
124318  -28.736  -48.592  12.516 0.5000000000
8566  -27.462  -50.832  9.429 0.5000000000
8567  -28.314  -50.822  9.004 0.5000000000
8610  -29.049  -50.707  7.264 0.5000000000
8549  -27.850  -50.098  10.002 0.5000000000
8586  -29.376  -50.695  8.020 0.5000000000
8611  -29.495  -50.578  7.148 0.5000000000
9295  -28.261  -49.228  10.561 0.5000000000
9317  -29.284  -49.921  9.021 0.5000000000
9296  -28.948  -49.008  10.000 0.5000000000
10073  -29.594  -48.829  9.456 0.5000000000
9279  -28.021  -48.835  11.628 0.5000000000
10042  -28.483  -48.425  12.062 0.5000000000
10801  -29.992  -47.305  11.437 0.5000000000
10860  -29.262  -47.813  6.411 0.5000000000
10866  -29.847  -48.701  5.017 0.6000000238
8631  -29.680  -50.395  6.425 0.5000000000
9352  -30.050  -50.198  7.323 0.5000000000
9380  -30.539  -49.840  5.176 0.5000000000
10115  -30.586  -49.222  7.245 0.5000000000
10135  -30.526  -49.926  6.393 0.5000000000
10056  -29.953  -47.902  9.983 0.5000000000
10074  -30.181  -48.474  8.996 0.5000000000
139381  -29.312  -47.893  11.039 0.5000000000
11567  -29.202  -46.960  7.276 0.5000000000
11571  -29.536  -46.890  6.174 0.5000000000
10156  -30.353  -48.848  4.639 0.6000000238
14766  -24.572  -42.375  6.318 0.5000000000
14767  -25.431  -41.190  6.193 0.6000000238
14751  -23.619  -42.352  6.864 0.5000000000
14752  -24.309  -41.989  6.531 0.5000000000
15668  -25.250  -40.928  6.388 0.6000000238
15649  -25.047  -40.939  7.038 0.6000000238
14738  -24.069  -41.937  7.183 0.5000000000
14739  -24.644  -41.700  7.646 0.6000000238
122139  -25.073  -42.420  8.912 0.5000000000
15650  -25.671  -40.616  7.721 0.6000000238
15629  -25.456  -41.577  8.311 0.6000000238
14726  -24.199  -42.766  9.134 0.5000000000
14727  -26.041  -42.184  9.418 0.6000000238
15630  -26.275  -41.340  8.946 0.6000000238
13829  -24.104  -43.377  10.666 0.5000000000
14714  -25.613  -42.794  10.071 0.5000000000
13807  -23.773  -43.766  12.200 0.5000000000
12987  -23.477  -44.293  12.535 0.6000000238
10765  -24.232  -47.469  13.722 0.6000000238
131995  -24.064  -46.932  13.046 0.5000000000
13820  -24.354  -43.535  11.575 0.6000000238
13830  -25.072  -43.307  10.772 0.5000000000
12978  -23.870  -44.728  13.194 0.5000000000
11466  -24.518  -46.691  15.234 0.6000000238
11476  -24.551  -46.248  14.550 0.6000000238
12203  -24.133  -46.077  16.269 0.6000000238
9371  -43.938  -48.916  5.364 0.3000000119
10144  -44.538  -48.739  5.874 0.3000000119
10122  -42.689  -48.492  6.803 0.3000000119
10125  -46.063  -48.456  6.837 0.3000000119
10143  -43.444  -48.656  5.750 0.3000000119
10155  -43.034  -48.824  5.114 0.3000000119
7852  -28.956  -50.628  13.356 0.4000000060
9335  -29.813  -49.605  8.437 0.5000000000
125541  -30.987  -49.513  5.827 0.5000000000
14754  -25.900  -41.774  6.320 0.5000000000
7242  -27.643  -52.579  13.193 0.4000000060
7851  -28.168  -50.886  13.454 0.5000000000
8516  -26.434  -50.342  12.882 0.5000000000
7896  -26.115  -51.137  9.688 0.5000000000
7913  -27.831  -51.324  8.427 0.5000000000
8585  -28.704  -51.108  8.191 0.5000000000
8568  -28.931  -50.668  8.683 0.5000000000
8612  -30.064  -50.415  6.348 0.5000000000
10103  -44.058  -48.524  8.200 0.3000000119
10124  -44.891  -48.631  6.927 0.3000000119
10123  -43.771  -48.579  6.853 0.3000000119
131281  -28.315  -33.150  19.566 0.3000000119
5463  -25.089  -54.862  12.494 0.5000000000
6608  -26.462  -53.521  12.999 0.5000000000
6642  -31.419  -53.170  10.368 0.6000000238
6677  -33.445  -53.103  7.525 0.6000000238
7228  -26.241  -52.221  13.419 0.5000000000
7229  -27.101  -52.039  13.448 0.5000000000
7230  -27.964  -51.803  13.390 0.4000000060
7260  -29.734  -52.646  11.967 0.5000000000
7849  -26.573  -51.459  13.406 0.5000000000
7865  -28.826  -51.548  13.252 0.4000000060
7866  -29.724  -51.213  13.021 0.5000000000
8505  -28.314  -50.025  13.367 0.4000000060
8515  -25.776  -50.745  12.529 0.5000000000
8532  -26.295  -50.221  12.159 0.5000000000
8547  -26.168  -50.674  10.625 0.5000000000
8570  -34.385  -49.969  9.644 0.6999999881
8615  -36.434  -49.761  6.902 0.5000000000
8632  -30.108  -50.224  5.677 0.5000000000
8634  -35.442  -50.836  6.357 0.4000000060
9262  -26.876  -49.792  12.557 0.5000000000
9266  -31.469  -49.603  12.360 0.5000000000
9297  -33.688  -49.545  10.903 0.6999999881
9316  -28.619  -49.981  9.530 0.5000000000
9365  -30.498  -50.052  5.666 0.5000000000
9366  -31.013  -49.694  5.123 0.5000000000
9385  -41.063  -48.978  4.496 0.4000000060
9390  -30.512  -49.490  4.814 0.6000000238
10029  -30.252  -47.913  12.480 0.6000000238
10030  -31.201  -47.787  12.417 0.6000000238
10043  -29.071  -48.001  12.077 0.5000000000
10045  -34.049  -48.032  11.489 0.6999999881
10054  -28.817  -48.321  11.209 0.5000000000
10057  -33.902  -48.877  11.194 0.6999999881
10095  -30.323  -49.068  8.035 0.6000000238
10116  -30.945  -48.271  7.506 0.6000000238
10138  -39.096  -48.667  6.550 0.4000000060
10149  -30.089  -49.384  4.905 0.6000000238
10150  -31.450  -49.090  4.797 0.6000000238
10157  -30.957  -49.026  4.503 0.6000000238
10158  -31.384  -48.954  4.615 0.6000000238
10159  -31.960  -48.517  4.635 0.6999999881
10745  -24.307  -46.859  15.965 0.6000000238
10776  -29.857  -47.507  12.053 0.6000000238
10789  -33.093  -47.228  11.941 0.6000000238
10806  -37.612  -46.831  11.129 0.4000000060
10846  -30.700  -47.951  8.446 0.5000000000
10864  -29.431  -48.709  5.731 0.6000000238
10865  -33.040  -47.063  6.108 0.6000000238
10869  -30.749  -48.332  4.452 0.6999999881
10872  -33.273  -47.442  4.569 0.6999999881
11486  -24.005  -45.803  13.262 0.5000000000
11499  -32.383  -46.523  11.732 0.6000000238
11500  -33.331  -46.364  11.651 0.6000000238
11507  -40.200  -45.738  11.430 0.4000000060
11527  -38.832  -46.488  11.208 0.4000000060
11570  -33.062  -46.053  7.980 0.6000000238
11573  -34.557  -46.608  5.321 0.6000000238
11578  -35.274  -46.309  4.848 0.6000000238
12242  -24.484  -45.520  13.991 0.6000000238
12252  -33.577  -45.759  11.273 0.5000000000
12258  -40.173  -44.933  11.351 0.4000000060
12321  -36.004  -45.390  6.221 0.6000000238
12328  -29.677  -45.967  5.959 0.6000000238
12331  -36.605  -45.521  4.940 0.6000000238
12940  -24.672  -44.668  16.377 0.5000000000
12969  -25.036  -44.702  14.844 0.6000000238
12995  -38.658  -44.691  11.105 0.4000000060
12999  -42.493  -44.988  11.363 0.4000000060
13009  -38.991  -44.359  10.643 0.4000000060
13048  -36.778  -44.659  7.957 0.5000000000
13058  -29.726  -44.318  7.862 0.6000000238
13074  -37.620  -44.892  4.952 0.6000000238
13077  -31.931  -45.178  4.717 0.6999999881
13740  -21.900  -42.868  17.467 0.4000000060
13754  -26.341  -43.272  16.267 0.6000000238
13774  -26.545  -43.476  15.614 0.6000000238
13790  -27.261  -43.385  14.239 0.6000000238
13821  -25.386  -43.485  11.677 0.6000000238
13822  -26.375  -43.344  11.812 0.6000000238
13833  -40.278  -43.852  10.062 0.4000000060
13837  -44.138  -44.078  9.938 0.4000000060
13855  -44.527  -43.863  9.113 0.4000000060
13889  -39.447  -43.629  7.067 0.5000000000
13904  -24.173  -43.060  6.266 0.5000000000
13908  -38.906  -43.859  6.199 0.5000000000
13920  -33.086  -43.354  5.358 0.6000000238
13921  -34.407  -43.288  5.346 0.6000000238
13922  -35.017  -43.149  5.090 0.6000000238
13929  -31.901  -44.136  5.114 0.6999999881
13932  -34.764  -43.833  4.769 0.6000000238
13933  -35.641  -43.657  4.676 0.6000000238
13935  -37.493  -43.805  4.596 0.6000000238
13936  -38.908  -44.010  4.786 0.6000000238
13937  -39.759  -43.673  4.829 0.6000000238
14615  -23.422  -42.756  17.632 0.5000000000
14616  -24.016  -42.068  17.638 0.6000000238
14617  -25.395  -42.276  17.383 0.6000000238
14623  -19.883  -42.912  16.218 0.5000000000
14646  -27.668  -42.629  15.299 0.6000000238
14660  -27.778  -43.034  13.738 0.6000000238
14661  -28.155  -42.392  14.351 0.6000000238
14675  -28.040  -42.589  13.026 0.6000000238
14703  -27.346  -42.485  11.513 0.6999999881
14713  -24.634  -43.007  9.896 0.5000000000
14716  -27.152  -42.212  10.784 0.6999999881
14728  -32.513  -42.346  9.844 0.6000000238
14730  -33.812  -43.098  9.265 0.6000000238
14731  -34.978  -42.945  9.357 0.5000000000
14732  -36.553  -42.458  9.105 0.5000000000
14741  -27.695  -42.062  8.134 0.5000000000
14764  -23.316  -42.832  6.599 0.5000000000
14765  -23.951  -42.636  6.388 0.5000000000
14769  -30.593  -42.400  5.940 0.6000000238
14779  -30.901  -42.691  5.639 0.5000000000
14785  -36.329  -42.280  5.377 0.6000000238
14787  -41.817  -42.345  4.909 0.5000000000
14788  -43.468  -42.541  5.331 0.5000000000
14793  -36.820  -42.817  4.693 0.6000000238
14795  -39.149  -43.015  4.553 0.6000000238
14797  -40.682  -42.568  4.651 0.5000000000
15500  -26.908  -41.049  17.062 0.6000000238
15507  -22.101  -40.921  16.800 0.5000000000
15508  -26.836  -41.755  16.850 0.6000000238
15510  -28.087  -40.766  16.051 0.6999999881
15518  -20.480  -41.336  15.781 0.4000000060
15557  -28.375  -41.645  13.680 0.6000000238
15590  -27.527  -41.786  11.377 0.6000000238
15616  -31.913  -41.783  9.724 0.6000000238
15639  -42.223  -41.482  9.257 0.4000000060
15648  -24.660  -41.446  6.716 0.6000000238
15659  -42.311  -41.402  7.560 0.4000000060
15679  -40.817  -41.335  6.550 0.6000000238
15681  -42.322  -41.368  6.171 0.4000000060
15690  -24.874  -41.617  6.253 0.5000000000
15691  -26.023  -40.755  6.044 0.6000000238
15698  -38.619  -41.379  6.038 0.6000000238
15700  -41.183  -41.350  5.820 0.5000000000
15702  -42.740  -41.583  5.665 0.4000000060
15703  -43.412  -41.578  5.618 0.4000000060
15709  -31.522  -41.695  5.781 0.6000000238
15710  -32.045  -41.964  5.878 0.6000000238
15718  -38.440  -42.197  4.722 0.6000000238
15719  -39.379  -41.967  4.745 0.6000000238
16399  -23.795  -40.556  17.266 0.6000000238
16401  -25.837  -40.702  17.519 0.6999999881
16514  -30.510  -39.989  9.656 0.6000000238
16515  -31.181  -40.538  9.333 0.6000000238
16521  -25.927  -39.561  7.164 0.6999999881
16528  -30.159  -39.687  6.725 0.5000000000
17190  -26.161  -39.968  17.556 0.6000000238
17213  -22.400  -39.374  15.497 0.3000000119
17215  -28.438  -39.511  15.690 0.6999999881
17290  -29.463  -38.259  10.681 0.6999999881
17291  -29.711  -39.260  10.072 0.5000000000
17296  -17.629  -39.137  9.404 0.3000000119
17297  -18.940  -38.828  9.667 0.3000000119
17306  -26.354  -39.026  6.586 0.6999999881
17308  -30.853  -38.754  7.268 0.5000000000
17310  -26.623  -39.015  6.177 0.6000000238
17314  -30.992  -39.365  6.694 0.6000000238
17315  -27.397  -38.659  6.364 0.6000000238
17317  -29.775  -38.455  6.614 0.6000000238
17318  -30.476  -38.888  6.687 0.6000000238
17978  -25.826  -38.733  17.635 0.5000000000
17993  -27.941  -39.078  16.959 0.6000000238
18064  -20.666  -38.459  10.993 0.4000000060
18067  -28.436  -37.050  11.845 0.5000000000
18080  -17.136  -38.347  9.884 0.4000000060
18084  -27.629  -37.821  9.509 0.6000000238
18085  -29.353  -36.863  10.783 0.6999999881
18090  -18.681  -38.092  9.461 0.4000000060
18093  -21.100  -37.705  9.566 0.4000000060
18099  -27.757  -37.557  6.816 0.6000000238
18100  -28.516  -37.405  6.652 0.6000000238
18102  -30.354  -38.032  7.109 0.5000000000
18103  -29.332  -37.673  6.654 0.6000000238
18743  -27.094  -36.942  18.086 0.4000000060
18775  -23.253  -37.632  15.425 0.4000000060
18823  -21.793  -37.763  11.795 0.3000000119
18836  -21.669  -37.710  11.012 0.4000000060
18852  -18.338  -36.935  10.145 0.3000000119
18853  -21.850  -37.428  10.135 0.4000000060
18867  -18.409  -37.386  9.687 0.3000000119
18869  -21.590  -37.151  9.205 0.4000000060
18873  -28.107  -36.907  7.603 0.6000000238
18875  -29.072  -36.565  8.346 0.6000000238
18877  -29.128  -36.762  7.228 0.6000000238
19514  -25.938  -35.870  18.345 0.5000000000
19537  -23.905  -36.890  16.286 0.4000000060
19564  -22.715  -37.100  14.144 0.3000000119
19613  -22.625  -36.781  11.456 0.3000000119
19627  -29.004  -36.162  10.326 0.6000000238
19639  -20.229  -36.322  9.238 0.3000000119
19641  -22.329  -36.352  9.090 0.4000000060
19642  -22.673  -35.833  9.049 0.4000000060
19643  -29.001  -36.297  9.894 0.6000000238
19652  -20.867  -36.607  8.820 0.4000000060
19654  -22.101  -36.032  8.742 0.4000000060
19655  -28.985  -36.372  9.266 0.6000000238
20348  -23.743  -35.387  15.459 0.3000000119
20372  -22.993  -35.964  12.800 0.3000000119
20399  -23.510  -35.429  10.560 0.3000000119
20408  -20.548  -35.537  10.023 0.3000000119
20417  -20.610  -35.699  9.329 0.3000000119
20418  -21.281  -35.304  9.029 0.3000000119
20434  -21.738  -35.681  8.753 0.4000000060
20435  -23.078  -34.530  8.620 0.4000000060
21138  -27.171  -34.780  18.854 0.4000000060
21212  -23.598  -34.765  12.382 0.3000000119
21223  -21.950  -34.884  11.007 0.3000000119
21248  -21.983  -35.040  8.819 0.4000000060
21249  -22.304  -33.929  9.087 0.4000000060
21251  -23.948  -33.679  8.509 0.3000000119
21260  -23.404  -33.929  8.551 0.4000000060
21968  -26.975  -33.124  19.319 0.3000000119
22057  -23.779  -34.025  13.985 0.3000000119
22073  -22.696  -33.654  11.233 0.3000000119
22075  -24.676  -33.332  10.904 0.3000000119
23040  -24.903  -32.800  8.954 0.3000000119
23054  -24.529  -32.655  8.301 0.3000000119
23919  -25.457  -31.239  14.420 0.3000000119
117532  -22.057  -38.377  13.963 0.3000000119
118569  -23.205  -44.298  17.505 0.4000000060
119442  -29.013  -50.947  7.675 0.5000000000
119725  -35.434  -42.789  7.170 0.6000000238
120180  -41.303  -43.412  5.355 0.5000000000
120764  -29.007  -35.673  12.586 0.5000000000
121408  -30.747  -41.426  5.954 0.6000000238
121523  -19.234  -36.412  10.381 0.3000000119
121582  -28.456  -37.268  14.710 0.5000000000
122002  -20.910  -37.259  8.936 0.4000000060
122786  -23.949  -54.282  12.493 0.5000000000
124790  -41.019  -43.442  6.441 0.4000000060
125876  -24.248  -42.940  17.582 0.6000000238
126479  -32.699  -42.716  6.968 0.6000000238
127188  -44.069  -42.974  5.668 0.5000000000
127491  -29.875  -46.700  5.187 0.6000000238
127567  -29.457  -47.714  11.540 0.5000000000
127669  -31.930  -42.308  5.693 0.5000000000
129018  -43.803  -43.309  6.527 0.5000000000
129092  -24.409  -46.242  15.773 0.6000000238
129536  -31.448  -41.630  10.936 0.6000000238
129563  -36.283  -44.983  7.191 0.5000000000
130241  -23.491  -46.319  12.588 0.5000000000
131440  -36.496  -45.454  5.432 0.6000000238
131510  -30.821  -47.374  4.466 0.6999999881
132511  -34.090  -45.426  9.735 0.5000000000
133209  -33.764  -43.306  5.548 0.6000000238
133260  -25.467  -52.246  13.292 0.5000000000
133556  -45.282  -43.354  6.969 0.5000000000
134694  -29.075  -36.981  6.775 0.6000000238
134919  -29.572  -39.366  10.960 0.6000000238
134955  -23.356  -35.712  11.360 0.3000000119
135029  -27.453  -38.577  10.157 0.6999999881
135732  -29.391  -48.233  10.411 0.5000000000
136180  -21.357  -36.798  8.831 0.4000000060
136348  -34.003  -47.053  11.687 0.6999999881
136510  -29.990  -53.117  11.389 0.5000000000
136920  -25.691  -40.376  6.061 0.6000000238
137209  -22.464  -38.293  14.593 0.3000000119
138554  -40.153  -48.628  6.070 0.4000000060
138663  -24.170  -45.140  13.592 0.6000000238
138922  -24.753  -44.790  14.345 0.6000000238
139079  -26.724  -50.837  9.851 0.5000000000
139111  -30.224  -46.981  4.783 0.6000000238
139845  -27.912  -49.687  13.236 0.5000000000
139945  -28.303  -41.170  13.275 0.6000000238
140427  -28.425  -34.420  18.791 0.4000000060
141652  -19.875  -37.635  9.249 0.4000000060
