#!ascii label  , from subject sub-v2s12x28869_ses-1 vox2ras=TkReg
1963
64136  48.204  1.776  53.242 0.0000000000
50208  39.280  -11.413  70.616 0.0000000000
44488  24.746  -16.629  73.985 0.0000000000
43307  18.261  -18.299  77.286 0.0000000000
43316  34.887  -17.818  76.856 0.0000000000
47932  29.062  -13.926  68.089 0.0000000000
58803  46.567  -2.902  56.223 0.0000000000
62064  57.041  -0.357  51.078 0.0000000000
60882  53.467  -1.551  64.080 0.0000000000
57647  41.688  -4.920  62.480 0.0000000000
54474  31.369  -7.378  60.592 0.0000000000
43278  27.044  -17.130  79.211 0.0000000000
45594  21.665  -15.124  76.280 0.0000000000
44375  23.605  -17.118  81.236 0.0000000000
42308  28.521  -19.411  75.447 0.0000000000
63986  48.588  1.776  64.588 0.0000000000
47844  43.108  -13.284  75.238 0.0000000000
52282  44.841  -8.890  71.113 0.0000000000
56537  46.416  -5.155  67.755 0.0000000000
54406  40.954  -7.708  67.270 0.0000000000
55475  37.112  -6.961  61.960 0.0000000000
52349  35.413  -9.368  65.691 0.0000000000
44585  23.440  -16.870  65.722 0.0000000000
47989  24.199  -13.151  62.428 0.0000000000
63151  53.063  0.809  52.041 0.0000000000
62162  53.819  -0.684  45.850 0.0000000000
45723  21.933  -15.988  67.474 0.0000000000
45685  18.511  -15.427  70.170 0.0000000000
45646  37.524  -15.377  73.037 0.0000000000
47917  34.274  -13.620  68.914 0.0000000000
136942  31.782  -15.892  72.494 0.0000000000
43400  25.778  -18.167  69.984 0.0000000000
63131  43.652  0.240  54.627 0.0000000000
44339  20.864  -16.845  84.916 0.0000000000
47766  16.951  -13.111  80.536 0.0000000000
137880  53.933  2.434  58.137 0.0000000000
67152  49.857  3.922  59.418 0.0000000000
64022  46.214  1.536  60.982 0.0000000000
59851  50.230  -3.168  59.676 0.0000000000
57663  48.435  -4.859  60.094 0.0000000000
60812  51.265  -0.802  69.099 0.0000000000
60888  46.355  -0.915  64.589 0.0000000000
59856  42.832  -1.954  59.086 0.0000000000
58794  38.599  -3.846  57.667 0.0000000000
50308  30.349  -11.414  63.838 0.0000000000
123203  27.982  -17.802  82.670 0.0000000000
122175  25.184  -16.637  80.622 0.0000000000
44373  25.494  -17.142  82.061 0.0000000000
42275  29.129  -18.886  80.101 0.0000000000
48944  41.402  -12.384  72.789 0.0000000000
51288  42.085  -10.357  71.365 0.0000000000
53348  42.592  -8.426  69.215 0.0000000000
52307  39.824  -9.064  68.617 0.0000000000
138062  38.566  -8.379  66.926 0.0000000000
51338  37.317  -10.176  68.133 0.0000000000
42411  20.584  -18.848  64.367 0.0000000000
44603  21.714  -16.993  63.299 0.0000000000
64146  50.293  1.338  52.479 0.0000000000
63186  51.576  0.315  49.483 0.0000000000
63189  48.507  0.464  49.559 0.0000000000
45682  23.214  -15.812  70.559 0.0000000000
46862  20.323  -14.896  68.826 0.0000000000
127451  21.630  -14.475  71.909 0.0000000000
44453  19.402  -17.405  76.827 0.0000000000
44489  18.643  -16.490  74.472 0.0000000000
43342  17.810  -17.735  75.476 0.0000000000
132444  15.685  -16.259  75.207 0.0000000000
44460  39.726  -16.485  76.166 0.0000000000
44480  36.444  -16.439  74.824 0.0000000000
45636  34.733  -15.760  73.166 0.0000000000
44466  33.235  -17.072  74.964 0.0000000000
42317  26.371  -18.909  74.177 0.0000000000
43363  27.584  -18.602  73.151 0.0000000000
42333  25.475  -18.817  71.732 0.0000000000
43412  24.055  -18.559  68.391 0.0000000000
61010  44.370  -1.411  55.806 0.0000000000
59926  44.090  -2.730  52.347 0.0000000000
58833  46.183  -3.656  53.486 0.0000000000
48830  15.568  -12.024  82.291 0.0000000000
137029  47.329  3.184  60.236 0.0000000000
66089  47.462  3.177  62.243 0.0000000000
63016  52.373  0.615  64.309 0.0000000000
61960  50.513  -0.418  62.060 0.0000000000
60934  52.251  -2.390  61.688 0.0000000000
57660  50.908  -5.173  60.483 0.0000000000
59804  50.880  -3.332  62.595 0.0000000000
56560  44.087  -5.315  65.441 0.0000000000
59761  46.281  -2.523  66.441 0.0000000000
59785  43.908  -2.742  63.900 0.0000000000
60940  44.512  -1.518  61.440 0.0000000000
59823  41.727  -2.897  61.036 0.0000000000
121141  41.014  -2.455  57.988 0.0000000000
57665  40.470  -4.462  60.564 0.0000000000
55508  35.325  -5.999  59.204 0.0000000000
132132  31.486  -13.745  68.636 0.0000000000
49050  32.540  -12.442  66.488 0.0000000000
49053  29.986  -12.727  66.208 0.0000000000
49144  25.046  -11.876  60.640 0.0000000000
62105  59.841  -1.012  48.456 0.0000000000
126863  57.889  -0.802  48.384 0.0000000000
43321  25.884  -17.068  76.134 0.0000000000
45623  23.250  -15.077  74.783 0.0000000000
45570  24.337  -15.551  77.639 0.0000000000
44426  22.172  -15.997  78.504 0.0000000000
43290  20.546  -17.432  79.564 0.0000000000
41411  33.498  -19.061  79.388 0.0000000000
42297  31.566  -18.641  76.818 0.0000000000
41423  30.370  -19.676  78.537 0.0000000000
128517  27.727  -18.799  77.016 0.0000000000
65022  47.709  3.200  64.422 0.0000000000
64973  53.172  2.348  66.874 0.0000000000
55384  45.859  -6.783  69.149 0.0000000000
55413  43.915  -6.630  67.043 0.0000000000
55450  41.736  -6.449  64.592 0.0000000000
138889  39.725  -6.334  62.175 0.0000000000
54439  39.277  -7.146  64.562 0.0000000000
119474  36.643  -7.407  63.769 0.0000000000
53425  33.997  -8.193  63.106 0.0000000000
46871  25.667  -15.072  67.063 0.0000000000
136653  26.374  -13.381  65.584 0.0000000000
46899  23.693  -14.706  64.239 0.0000000000
63158  55.464  0.269  51.545 0.0000000000
62089  55.668  -0.523  49.323 0.0000000000
62091  53.484  -0.141  49.204 0.0000000000
45641  19.870  -14.818  73.552 0.0000000000
46776  40.745  -14.665  74.084 0.0000000000
47894  38.227  -13.891  71.524 0.0000000000
47914  37.285  -12.705  69.905 0.0000000000
46810  35.733  -14.580  71.178 0.0000000000
46813  33.246  -14.892  71.242 0.0000000000
46830  30.266  -14.810  70.242 0.0000000000
43360  30.427  -16.901  73.901 0.0000000000
44520  28.621  -16.278  71.713 0.0000000000
45693  27.458  -15.440  69.598 0.0000000000
44561  24.868  -17.542  67.925 0.0000000000
43432  22.863  -18.126  66.456 0.0000000000
122099  46.232  1.840  53.737 0.0000000000
62098  46.259  -0.355  49.412 0.0000000000
62080  44.393  -0.892  50.527 0.0000000000
43251  21.336  -18.024  82.265 0.0000000000
44388  19.633  -17.464  80.765 0.0000000000
46649  19.109  -14.643  83.345 0.0000000000
45533  17.852  -15.153  78.431 0.0000000000
63128  55.579  0.731  54.686 0.0000000000
64096  53.440  1.550  55.686 0.0000000000
64099  50.819  1.959  55.481 0.0000000000
65126  48.454  2.576  56.206 0.0000000000
65128  46.669  2.439  56.703 0.0000000000
64060  44.953  1.276  58.341 0.0000000000
136826  45.861  -0.776  58.317 0.0000000000
64003  47.160  1.726  62.802 0.0000000000
61997  48.281  -1.060  60.069 0.0000000000
59882  48.247  -2.965  58.156 0.0000000000
56642  50.035  -6.686  58.125 0.0000000000
56632  48.698  -7.073  58.077 0.0000000000
61905  52.323  0.002  67.075 0.0000000000
59735  48.104  -2.980  68.326 0.0000000000
61890  48.969  -0.642  67.138 0.0000000000
60885  49.967  -1.327  64.431 0.0000000000
59807  47.860  -2.222  62.237 0.0000000000
59854  45.417  -2.685  59.569 0.0000000000
56620  38.248  -5.491  59.486 0.0000000000
50253  35.244  -11.722  67.367 0.0000000000
51369  33.612  -10.696  65.128 0.0000000000
52390  31.498  -9.562  62.593 0.0000000000
50299  27.914  -11.881  63.957 0.0000000000
51413  28.219  -10.435  61.773 0.0000000000
44372  26.431  -17.259  82.145 0.0000000000
44357  27.216  -16.348  83.161 0.0000000000
48963  40.155  -12.042  71.829 0.0000000000
50197  41.468  -11.112  71.803 0.0000000000
51297  40.506  -10.468  70.689 0.0000000000
52284  41.012  -9.740  70.291 0.0000000000
51310  39.167  -10.198  69.444 0.0000000000
51325  39.141  -9.533  68.732 0.0000000000
51311  38.343  -10.728  69.334 0.0000000000
64147  49.474  1.461  52.522 0.0000000000
64166  49.583  1.165  51.016 0.0000000000
64167  48.564  1.245  50.953 0.0000000000
44515  23.827  -16.260  71.849 0.0000000000
45683  22.607  -15.076  70.987 0.0000000000
132143  23.449  -15.462  73.292 0.0000000000
43322  18.556  -18.258  77.129 0.0000000000
43341  18.124  -18.120  75.918 0.0000000000
43324  17.902  -18.261  76.189 0.0000000000
44471  17.504  -17.457  75.551 0.0000000000
44454  17.665  -17.744  76.365 0.0000000000
42281  35.647  -18.268  78.690 0.0000000000
43300  36.686  -17.904  78.155 0.0000000000
130133  37.381  -17.502  77.181 0.0000000000
43331  35.369  -17.416  76.256 0.0000000000
44464  34.978  -16.976  75.353 0.0000000000
43332  34.454  -17.399  75.987 0.0000000000
43353  25.346  -17.431  73.997 0.0000000000
42325  26.109  -19.332  72.722 0.0000000000
43373  25.019  -17.790  72.379 0.0000000000
44522  24.349  -17.182  71.256 0.0000000000
59894  45.931  -2.330  56.244 0.0000000000
59917  45.396  -2.637  54.649 0.0000000000
121286  46.604  -3.554  54.795 0.0000000000
67115  49.607  4.923  64.018 0.0000000000
66102  48.231  3.717  61.597 0.0000000000
66088  48.253  3.882  63.267 0.0000000000
61938  53.823  -0.518  64.313 0.0000000000
137535  52.451  -0.539  63.137 0.0000000000
60916  52.960  -2.162  62.771 0.0000000000
133849  51.985  -3.785  61.807 0.0000000000
59792  52.581  -2.683  63.104 0.0000000000
57625  42.992  -5.037  64.057 0.0000000000
57623  44.349  -3.911  65.066 0.0000000000
58696  42.715  -3.906  63.172 0.0000000000
58716  42.924  -2.978  62.966 0.0000000000
58718  41.871  -4.063  62.070 0.0000000000
139119  41.299  -3.503  60.775 0.0000000000
57656  41.314  -4.515  61.678 0.0000000000
47931  29.878  -13.820  68.244 0.0000000000
47946  30.282  -13.068  66.945 0.0000000000
120659  28.879  -13.344  66.923 0.0000000000
61029  58.931  -1.504  50.050 0.0000000000
62087  57.267  -1.024  49.779 0.0000000000
44435  26.168  -16.713  77.604 0.0000000000
44450  25.013  -15.991  77.024 0.0000000000
44423  25.617  -16.307  78.264 0.0000000000
44386  24.455  -16.851  81.021 0.0000000000
44404  23.907  -15.910  79.281 0.0000000000
125282  22.959  -16.413  79.688 0.0000000000
44406  21.396  -16.864  79.444 0.0000000000
43279  21.950  -17.345  80.634 0.0000000000
122707  32.035  -19.552  79.813 0.0000000000
139457  31.859  -19.650  79.143 0.0000000000
41414  30.654  -19.729  79.373 0.0000000000
42276  28.250  -18.019  80.092 0.0000000000
123018  29.048  -19.281  78.953 0.0000000000
43303  27.402  -17.920  77.504 0.0000000000
42300  27.190  -18.265  76.666 0.0000000000
143435  44.720  -10.453  72.724 0.0000000000
52258  46.154  -9.202  72.951 0.0000000000
53328  46.054  -8.287  71.482 0.0000000000
54354  46.503  -7.474  70.940 0.0000000000
53345  44.990  -8.099  69.960 0.0000000000
142354  41.748  -7.936  68.142 0.0000000000
119162  43.025  -7.405  67.832 0.0000000000
54416  42.318  -7.208  67.151 0.0000000000
141521  42.407  -6.558  65.764 0.0000000000
54426  41.225  -7.026  65.942 0.0000000000
55451  40.212  -6.876  64.127 0.0000000000
54428  39.542  -7.388  65.486 0.0000000000
53388  36.845  -8.630  66.302 0.0000000000
54431  37.192  -8.012  65.709 0.0000000000
53406  36.047  -8.131  64.977 0.0000000000
53416  35.195  -7.982  63.958 0.0000000000
53407  34.679  -8.681  64.335 0.0000000000
45732  24.985  -15.574  66.680 0.0000000000
46889  25.011  -14.337  65.532 0.0000000000
143129  23.634  -15.782  65.200 0.0000000000
63150  53.907  0.714  52.200 0.0000000000
63170  54.147  0.259  50.645 0.0000000000
63171  53.323  0.389  50.556 0.0000000000
62113  51.747  -0.321  48.398 0.0000000000
44576  21.037  -17.015  66.334 0.0000000000
44565  20.632  -16.286  67.068 0.0000000000
45608  22.328  -14.743  75.518 0.0000000000
46769  21.549  -14.523  74.306 0.0000000000
45625  20.755  -14.912  74.931 0.0000000000
44508  17.540  -16.667  73.315 0.0000000000
44516  17.903  -15.960  72.779 0.0000000000
45620  39.134  -16.098  74.711 0.0000000000
45619  39.862  -15.859  74.811 0.0000000000
46778  39.188  -15.067  73.300 0.0000000000
46793  39.476  -14.272  72.837 0.0000000000
46795  37.933  -14.962  72.347 0.0000000000
46808  37.564  -14.483  71.595 0.0000000000
46796  37.068  -15.025  72.157 0.0000000000
45650  33.340  -15.642  72.499 0.0000000000
45663  33.704  -15.224  71.860 0.0000000000
120137  32.890  -15.375  71.868 0.0000000000
45676  32.065  -14.902  70.801 0.0000000000
45665  31.235  -15.376  71.353 0.0000000000
42306  30.272  -18.506  75.893 0.0000000000
43336  30.801  -17.791  75.295 0.0000000000
43349  29.639  -17.818  74.544 0.0000000000
43379  26.431  -18.660  71.393 0.0000000000
43378  28.081  -17.017  72.068 0.0000000000
44521  27.733  -16.764  71.434 0.0000000000
45681  27.767  -15.701  70.316 0.0000000000
44539  27.011  -16.249  69.988 0.0000000000
44551  25.913  -16.707  68.878 0.0000000000
44541  25.330  -18.037  69.108 0.0000000000
45695  23.008  -16.392  68.633 0.0000000000
43422  23.394  -18.169  67.239 0.0000000000
44563  22.569  -17.715  66.802 0.0000000000
64125  44.796  1.308  54.400 0.0000000000
127085  44.497  0.264  51.660 0.0000000000
62058  43.594  -0.074  53.118 0.0000000000
58846  44.735  -3.792  51.133 0.0000000000
43241  20.983  -17.869  83.332 0.0000000000
139043  20.494  -17.903  81.904 0.0000000000
44363  20.140  -16.810  83.146 0.0000000000
47742  18.061  -13.123  83.113 0.0000000000
47741  18.321  -13.806  82.350 0.0000000000
135545  18.700  -14.967  80.965 0.0000000000
46673  17.525  -13.768  80.044 0.0000000000
46697  17.108  -14.445  77.942 0.0000000000
142917  16.359  -13.508  79.063 0.0000000000
63127  56.523  0.590  54.942 0.0000000000
64076  54.807  1.569  56.898 0.0000000000
65101  53.598  2.151  57.149 0.0000000000
135777  52.130  1.590  55.119 0.0000000000
65123  52.145  2.388  56.722 0.0000000000
67165  50.547  3.800  58.735 0.0000000000
65104  50.432  3.103  57.170 0.0000000000
139499  49.340  3.415  57.926 0.0000000000
65127  47.542  2.565  56.473 0.0000000000
138954  48.271  3.238  58.197 0.0000000000
65052  45.845  2.092  60.132 0.0000000000
65065  45.888  2.319  59.328 0.0000000000
64043  45.211  1.155  59.115 0.0000000000
62011  45.280  -0.102  58.616 0.0000000000
62000  45.631  0.199  59.255 0.0000000000
63987  47.782  2.473  64.436 0.0000000000
63994  47.440  2.161  63.618 0.0000000000
122047  48.193  1.558  63.815 0.0000000000
60936  50.509  -1.447  61.104 0.0000000000
61973  49.088  -0.461  61.322 0.0000000000
60953  49.159  -1.416  60.295 0.0000000000
60980  48.309  -2.054  59.002 0.0000000000
59852  49.152  -2.489  59.319 0.0000000000
57694  49.210  -4.921  58.129 0.0000000000
58776  49.793  -4.489  58.828 0.0000000000
57662  49.711  -5.528  60.334 0.0000000000
56617  50.070  -7.031  59.129 0.0000000000
57677  49.375  -6.091  59.631 0.0000000000
57679  47.010  -4.695  59.013 0.0000000000
61875  51.680  -0.148  68.555 0.0000000000
56522  47.465  -5.105  68.882 0.0000000000
57571  48.547  -4.185  69.362 0.0000000000
57584  47.192  -4.252  68.106 0.0000000000
60872  46.439  -1.155  65.459 0.0000000000
60856  47.382  -1.273  66.603 0.0000000000
61927  47.665  -0.659  65.568 0.0000000000
119129  49.530  -0.745  65.405 0.0000000000
60887  48.134  -0.998  64.249 0.0000000000
60903  48.599  -1.486  63.559 0.0000000000
60905  46.681  -1.191  63.264 0.0000000000
60955  44.293  -1.614  60.606 0.0000000000
60954  45.082  -1.664  60.902 0.0000000000
123773  44.615  -2.335  59.343 0.0000000000
58780  44.709  -3.229  58.258 0.0000000000
59886  43.471  -2.694  57.636 0.0000000000
121653  42.607  -2.389  57.599 0.0000000000
122530  39.433  -3.253  57.646 0.0000000000
59898  40.598  -2.590  56.598 0.0000000000
143275  38.670  -6.471  61.607 0.0000000000
56609  38.923  -5.814  60.574 0.0000000000
137653  37.356  -6.341  60.397 0.0000000000
56646  35.926  -5.284  57.740 0.0000000000
142323  36.222  -13.331  69.471 0.0000000000
49018  36.147  -12.289  68.602 0.0000000000
49019  35.418  -12.767  68.285 0.0000000000
50280  31.988  -11.887  65.464 0.0000000000
50279  33.178  -11.410  65.417 0.0000000000
51385  31.949  -11.028  64.108 0.0000000000
51396  32.289  -10.475  63.791 0.0000000000
51398  30.813  -10.899  63.383 0.0000000000
49082  25.736  -12.729  64.028 0.0000000000
49080  27.471  -12.394  64.591 0.0000000000
49096  26.287  -12.238  63.606 0.0000000000
50341  26.501  -11.013  61.375 0.0000000000
52408  28.173  -9.517  60.334 0.0000000000
62110  54.711  -0.527  48.230 0.0000000000
136571  55.684  -0.592  47.918 0.0000000000
61045  47.180  -1.541  48.289 0.0000000000
43263  27.822  -17.715  80.923 0.0000000000
44401  26.239  -16.675  79.632 0.0000000000
44384  26.253  -17.223  81.522 0.0000000000
44385  25.365  -17.010  81.505 0.0000000000
44374  24.347  -17.119  81.802 0.0000000000
43262  28.678  -18.490  81.174 0.0000000000
47862  42.666  -13.370  74.329 0.0000000000
139741  43.956  -12.227  74.370 0.0000000000
50184  42.843  -11.716  72.986 0.0000000000
129061  42.905  -10.602  71.875 0.0000000000
118942  43.939  -9.556  71.197 0.0000000000
53347  43.779  -8.520  69.769 0.0000000000
121792  42.421  -9.263  70.271 0.0000000000
53350  41.115  -8.806  69.173 0.0000000000
53372  40.442  -8.181  67.679 0.0000000000
53385  39.324  -8.043  66.830 0.0000000000
52319  39.044  -8.645  67.557 0.0000000000
52320  37.677  -9.520  67.744 0.0000000000
52321  36.881  -9.808  67.467 0.0000000000
43451  22.259  -17.711  65.027 0.0000000000
44593  22.546  -16.795  64.562 0.0000000000
133299  21.485  -17.706  63.773 0.0000000000
137032  51.776  1.068  52.334 0.0000000000
63162  51.946  0.712  51.072 0.0000000000
63163  51.088  0.830  50.969 0.0000000000
63188  49.839  0.392  49.398 0.0000000000
124444  22.496  -15.325  69.223 0.0000000000
45709  20.914  -15.067  68.317 0.0000000000
46846  22.026  -14.715  69.765 0.0000000000
143848  20.769  -14.400  70.600 0.0000000000
46816  20.179  -14.414  71.210 0.0000000000
44452  20.242  -16.196  76.513 0.0000000000
45610  20.392  -15.600  75.757 0.0000000000
44469  19.512  -16.710  76.004 0.0000000000
43354  18.072  -17.528  75.065 0.0000000000
43357  15.605  -17.366  74.151 0.0000000000
44461  38.156  -16.762  75.845 0.0000000000
44496  36.720  -15.993  74.074 0.0000000000
45635  36.116  -15.717  73.465 0.0000000000
44497  35.829  -16.131  74.036 0.0000000000
44498  34.196  -16.258  73.782 0.0000000000
44500  32.458  -16.525  73.820 0.0000000000
41441  27.264  -19.650  74.580 0.0000000000
42322  27.886  -18.880  73.888 0.0000000000
41453  26.837  -19.599  73.276 0.0000000000
42340  25.939  -19.358  71.750 0.0000000000
143772  25.670  -18.836  70.807 0.0000000000
43401  25.019  -18.852  69.711 0.0000000000
43390  24.802  -18.461  70.466 0.0000000000
44531  23.790  -17.025  70.007 0.0000000000
61011  43.597  -0.624  55.341 0.0000000000
61022  43.492  -1.202  53.920 0.0000000000
59918  44.516  -2.221  54.224 0.0000000000
58834  45.580  -3.294  53.512 0.0000000000
48815  17.524  -12.508  83.543 0.0000000000
48842  16.861  -12.622  81.952 0.0000000000
47780  15.776  -13.275  79.449 0.0000000000
48855  15.272  -12.698  80.771 0.0000000000
67138  50.049  4.167  60.396 0.0000000000
119808  48.277  3.395  58.869 0.0000000000
119309  48.588  3.791  60.615 0.0000000000
66103  47.308  3.168  61.167 0.0000000000
65040  46.385  2.046  61.385 0.0000000000
143032  50.195  1.069  64.080 0.0000000000
120245  49.917  0.595  63.116 0.0000000000
63039  50.971  0.035  62.837 0.0000000000
61971  51.022  -1.114  61.616 0.0000000000
60951  51.034  -2.251  60.831 0.0000000000
58764  50.942  -4.173  59.979 0.0000000000
58748  51.829  -4.009  61.214 0.0000000000
58732  51.339  -4.327  61.466 0.0000000000
58734  49.164  -3.846  61.398 0.0000000000
56549  45.130  -5.413  66.566 0.0000000000
57596  46.354  -4.045  67.189 0.0000000000
57608  45.354  -4.306  66.314 0.0000000000
59772  45.337  -2.367  65.391 0.0000000000
60890  44.848  -1.627  63.893 0.0000000000
60906  45.978  -1.090  63.448 0.0000000000
60908  44.037  -1.737  62.815 0.0000000000
59821  43.096  -1.867  61.674 0.0000000000
60957  42.836  -1.804  59.997 0.0000000000
121371  41.995  -2.143  58.765 0.0000000000
58768  41.377  -2.501  59.198 0.0000000000
58769  40.672  -3.262  59.462 0.0000000000
57697  39.307  -4.244  58.876 0.0000000000
119042  36.413  -6.902  61.382 0.0000000000
140744  36.185  -6.387  60.059 0.0000000000
139320  34.802  -6.567  60.260 0.0000000000
56639  33.604  -5.702  58.458 0.0000000000
56659  32.887  -5.625  56.962 0.0000000000
143970  33.628  -13.593  68.734 0.0000000000
47937  33.451  -13.079  67.682 0.0000000000
47938  32.725  -13.162  67.728 0.0000000000
49051  31.727  -12.556  66.524 0.0000000000
49077  29.983  -12.145  64.941 0.0000000000
49116  24.657  -12.535  61.999 0.0000000000
48034  23.966  -13.008  59.728 0.0000000000
61035  60.028  -1.410  49.317 0.0000000000
121342  58.871  -0.755  48.123 0.0000000000
62124  58.105  -0.477  47.459 0.0000000000
44487  25.188  -16.847  74.743 0.0000000000
45622  24.173  -15.773  74.497 0.0000000000
121611  24.573  -16.059  75.267 0.0000000000
45606  24.043  -15.471  75.955 0.0000000000
45572  22.715  -15.159  77.227 0.0000000000
44424  24.985  -16.011  78.985 0.0000000000
45550  23.686  -15.488  78.292 0.0000000000
44438  22.019  -15.683  77.777 0.0000000000
125528  21.327  -16.330  78.306 0.0000000000
44428  20.244  -17.142  78.176 0.0000000000
43292  18.853  -18.229  78.668 0.0000000000
42289  34.172  -18.729  78.442 0.0000000000
43318  33.013  -17.921  76.428 0.0000000000
42290  32.731  -18.836  77.695 0.0000000000
41430  31.098  -19.262  77.497 0.0000000000
41432  29.156  -19.720  77.064 0.0000000000
41409  29.602  -19.425  79.452 0.0000000000
41425  28.932  -19.671  77.424 0.0000000000
41434  28.133  -19.680  76.166 0.0000000000
42309  27.367  -19.444  75.298 0.0000000000
43338  26.411  -17.953  75.543 0.0000000000
123950  47.529  -4.550  55.913 0.0000000000
58815  47.127  -3.967  55.376 0.0000000000
57732  47.674  -5.061  55.249 0.0000000000
66070  48.458  4.490  64.964 0.0000000000
64996  49.624  2.145  65.808 0.0000000000
64995  50.608  2.216  66.177 0.0000000000
63977  52.294  1.484  65.632 0.0000000000
63002  53.918  0.187  65.588 0.0000000000
55383  46.611  -6.428  69.567 0.0000000000
55400  45.600  -6.485  68.345 0.0000000000
54375  43.822  -7.984  69.056 0.0000000000
55401  44.803  -6.789  68.039 0.0000000000
55423  45.014  -5.979  66.874 0.0000000000
55437  44.035  -5.940  65.928 0.0000000000
56562  42.999  -5.932  64.901 0.0000000000
129430  41.770  -6.123  63.849 0.0000000000
56588  41.138  -5.695  62.613 0.0000000000
55459  40.335  -6.537  63.173 0.0000000000
55460  39.307  -6.887  63.382 0.0000000000
54449  38.359  -7.012  63.120 0.0000000000
136756  38.769  -7.595  65.635 0.0000000000
54441  37.494  -7.359  64.347 0.0000000000
119142  36.928  -7.175  62.824 0.0000000000
54460  35.543  -7.383  62.666 0.0000000000
54461  34.079  -7.659  62.406 0.0000000000
54467  32.506  -7.695  61.638 0.0000000000
129207  27.393  -14.185  67.516 0.0000000000
47948  27.440  -13.677  66.741 0.0000000000
47949  25.787  -13.950  65.973 0.0000000000
122963  25.499  -13.631  65.191 0.0000000000
46908  24.085  -13.834  63.601 0.0000000000
45759  22.680  -15.577  63.465 0.0000000000
46909  23.182  -14.572  62.997 0.0000000000
63157  56.398  0.089  51.691 0.0000000000
62074  56.724  -0.629  50.289 0.0000000000
63169  55.095  0.064  50.597 0.0000000000
62090  54.312  -0.216  49.476 0.0000000000
130100  53.916  -0.480  48.185 0.0000000000
63185  52.260  0.308  49.691 0.0000000000
62112  52.716  -0.273  48.578 0.0000000000
45640  22.935  -14.961  73.917 0.0000000000
46799  21.186  -14.388  72.542 0.0000000000
46801  19.587  -14.596  72.069 0.0000000000
45627  19.385  -15.516  74.118 0.0000000000
45657  18.202  -15.462  72.147 0.0000000000
47846  42.288  -14.121  74.675 0.0000000000
47864  40.919  -13.921  73.622 0.0000000000
48946  39.771  -12.807  72.090 0.0000000000
48982  39.072  -12.167  71.031 0.0000000000
50221  37.815  -12.018  69.844 0.0000000000
47905  38.109  -13.272  70.978 0.0000000000
126020  36.749  -13.819  70.380 0.0000000000
46837  35.304  -14.063  69.915 0.0000000000
45661  35.201  -14.913  71.757 0.0000000000
46811  34.877  -14.650  71.226 0.0000000000
46838  34.422  -14.025  69.694 0.0000000000
46840  32.844  -14.222  69.799 0.0000000000
46841  31.335  -14.242  69.467 0.0000000000
46856  29.355  -14.240  68.820 0.0000000000
43334  32.651  -17.499  75.601 0.0000000000
44485  31.756  -16.820  74.197 0.0000000000
44501  31.596  -16.503  73.594 0.0000000000
43362  28.380  -17.779  73.326 0.0000000000
44513  29.661  -16.541  72.741 0.0000000000
45653  30.072  -16.023  72.137 0.0000000000
129217  29.251  -15.312  70.736 0.0000000000
45691  29.040  -14.953  70.094 0.0000000000
46858  27.658  -14.536  68.376 0.0000000000
46859  26.805  -14.828  68.129 0.0000000000
45722  25.183  -16.244  67.415 0.0000000000
44573  24.073  -17.310  66.716 0.0000000000
43411  24.165  -18.519  68.375 0.0000000000
43421  23.520  -18.198  67.216 0.0000000000
43441  22.937  -17.948  66.188 0.0000000000
43443  21.851  -18.013  65.382 0.0000000000
128306  47.239  1.823  53.212 0.0000000000
64159  47.309  1.424  51.685 0.0000000000
63165  45.760  1.037  51.530 0.0000000000
61026  43.540  -1.672  51.827 0.0000000000
58849  44.863  -3.768  50.115 0.0000000000
57739  47.288  -4.243  53.944 0.0000000000
45500  25.447  -14.919  82.807 0.0000000000
44359  24.480  -16.849  82.253 0.0000000000
43237  23.751  -17.262  82.090 0.0000000000
44361  22.657  -16.771  83.056 0.0000000000
43250  22.343  -17.651  81.856 0.0000000000
43268  20.287  -17.915  80.890 0.0000000000
43269  19.830  -17.880  80.227 0.0000000000
43283  18.904  -18.202  78.995 0.0000000000
45490  19.850  -16.107  83.683 0.0000000000
45515  19.409  -15.858  81.923 0.0000000000
143555  18.712  -15.988  79.575 0.0000000000
45552  18.142  -16.482  78.133 0.0000000000
45553  17.580  -15.477  77.603 0.0000000000
139218  57.399  0.091  52.638 0.0000000000
125764  56.125  0.475  53.141 0.0000000000
63139  55.516  0.625  53.737 0.0000000000
64130  54.157  1.024  54.082 0.0000000000
64075  55.756  1.399  57.250 0.0000000000
127157  53.809  1.269  54.971 0.0000000000
134937  52.872  1.202  53.358 0.0000000000
124390  52.034  1.465  54.363 0.0000000000
124009  51.145  1.501  54.153 0.0000000000
64120  49.708  1.659  54.167 0.0000000000
65103  51.334  2.733  56.888 0.0000000000
65150  49.984  2.262  55.733 0.0000000000
65177  48.386  2.119  54.765 0.0000000000
65178  47.343  2.251  54.921 0.0000000000
64101  46.302  2.130  55.283 0.0000000000
121451  45.117  1.646  56.482 0.0000000000
65064  46.761  2.824  58.879 0.0000000000
65108  45.512  1.963  57.943 0.0000000000
64081  44.393  0.764  56.780 0.0000000000
60996  44.244  -0.414  56.804 0.0000000000
60995  45.023  -1.067  57.220 0.0000000000
61002  46.042  -1.882  57.076 0.0000000000
66079  47.694  3.323  63.635 0.0000000000
65032  46.699  2.115  62.130 0.0000000000
64012  46.547  1.727  61.718 0.0000000000
124499  48.890  0.384  62.301 0.0000000000
63051  47.530  0.417  61.368 0.0000000000
63061  46.944  0.410  60.847 0.0000000000
62009  47.064  -1.040  59.101 0.0000000000
60993  47.185  -2.054  57.990 0.0000000000
59893  47.040  -2.943  56.865 0.0000000000
122798  48.409  -4.667  57.323 0.0000000000
57709  49.267  -5.830  57.515 0.0000000000
57676  50.534  -6.266  59.388 0.0000000000
55506  50.178  -7.227  58.671 0.0000000000
62975  53.373  0.831  67.131 0.0000000000
61923  53.726  -0.515  65.475 0.0000000000
59733  49.835  -2.262  69.237 0.0000000000
59749  47.458  -2.827  67.650 0.0000000000
59748  48.290  -2.162  68.051 0.0000000000
138373  49.601  -0.906  67.889 0.0000000000
61906  50.468  -0.479  66.684 0.0000000000
61925  51.142  -0.652  65.916 0.0000000000
60884  51.400  -1.622  64.363 0.0000000000
128704  50.315  -2.559  63.122 0.0000000000
59806  48.794  -2.535  62.400 0.0000000000
58735  48.145  -3.432  61.159 0.0000000000
60938  46.235  -1.669  61.770 0.0000000000
59835  46.507  -2.646  60.609 0.0000000000
58751  47.012  -3.343  60.311 0.0000000000
58778  46.200  -4.201  58.671 0.0000000000
59897  41.397  -2.524  56.637 0.0000000000
125615  40.813  -2.994  55.020 0.0000000000
56595  40.283  -5.463  61.492 0.0000000000
140494  39.315  -4.982  59.874 0.0000000000
138963  37.913  -4.968  58.422 0.0000000000
56621  36.737  -5.807  59.071 0.0000000000
57699  37.310  -4.974  58.037 0.0000000000
51312  37.617  -11.328  69.233 0.0000000000
51339  36.581  -10.596  67.876 0.0000000000
51353  35.328  -10.526  66.566 0.0000000000
49049  33.784  -12.288  66.740 0.0000000000
51354  34.669  -10.929  66.283 0.0000000000
52350  34.756  -9.709  65.359 0.0000000000
52383  33.341  -9.554  63.841 0.0000000000
52389  32.272  -9.230  62.819 0.0000000000
53433  31.379  -8.418  61.621 0.0000000000
139003  28.278  -12.931  65.844 0.0000000000
49079  28.381  -12.260  64.717 0.0000000000
50310  28.606  -11.536  63.619 0.0000000000
50326  25.861  -11.622  61.914 0.0000000000
123565  27.406  -11.231  62.672 0.0000000000
50322  29.380  -10.993  62.976 0.0000000000
52392  30.011  -10.050  62.121 0.0000000000
53435  29.866  -8.910  61.076 0.0000000000
140625  56.981  -0.906  49.210 0.0000000000
62125  57.219  -0.586  47.785 0.0000000000
137807  57.032  -0.419  45.407 0.0000000000
63190  47.644  0.381  49.595 0.0000000000
50199  39.717  -11.677  71.243 0.0000000000
50198  40.523  -11.229  71.423 0.0000000000
50207  39.902  -11.062  70.866 0.0000000000
51298  39.621  -10.656  70.253 0.0000000000
50219  38.847  -11.030  69.977 0.0000000000
121753  48.613  1.571  52.485 0.0000000000
64157  49.022  1.403  51.740 0.0000000000
64158  48.152  1.450  51.705 0.0000000000
44506  23.974  -16.108  72.733 0.0000000000
45639  24.132  -15.962  73.595 0.0000000000
43323  18.038  -18.401  76.620 0.0000000000
43308  17.939  -18.398  76.713 0.0000000000
44442  17.775  -17.965  77.085 0.0000000000
134828  35.178  -18.444  78.297 0.0000000000
42280  36.155  -18.064  78.491 0.0000000000
43315  35.795  -17.853  77.195 0.0000000000
43364  25.188  -17.582  73.260 0.0000000000
44505  24.574  -16.794  73.035 0.0000000000
44514  24.451  -16.954  72.135 0.0000000000
135863  46.181  -2.803  55.695 0.0000000000
58816  46.600  -3.306  55.568 0.0000000000
67128  48.970  4.321  62.697 0.0000000000
67116  48.820  4.721  64.889 0.0000000000
60898  53.809  -1.101  64.064 0.0000000000
61948  53.470  -0.924  63.598 0.0000000000
60899  53.323  -1.589  63.493 0.0000000000
59791  53.019  -2.203  63.299 0.0000000000
59782  52.915  -2.189  63.622 0.0000000000
57638  42.426  -4.854  63.286 0.0000000000
57637  43.038  -4.354  63.742 0.0000000000
57646  42.259  -4.311  62.653 0.0000000000
47940  29.562  -13.481  67.446 0.0000000000
47941  28.781  -13.684  67.511 0.0000000000
62063  58.067  -0.684  51.404 0.0000000000
62073  57.613  -0.958  50.490 0.0000000000
43289  26.889  -17.192  78.063 0.0000000000
44422  26.300  -16.658  78.622 0.0000000000
119012  23.721  -16.633  80.326 0.0000000000
44387  22.809  -17.019  80.593 0.0000000000
44405  22.089  -16.923  79.945 0.0000000000
120187  32.174  -19.220  80.267 0.0000000000
41413  31.300  -19.724  79.647 0.0000000000
41407  30.806  -19.641  80.157 0.0000000000
135000  27.760  -17.686  79.310 0.0000000000
43288  27.620  -17.741  78.448 0.0000000000
52274  44.825  -9.492  71.723 0.0000000000
52260  45.190  -10.136  72.777 0.0000000000
123969  45.577  -9.446  72.467 0.0000000000
52273  45.966  -8.886  72.255 0.0000000000
128225  45.419  -8.924  71.637 0.0000000000
53329  45.264  -8.465  70.799 0.0000000000
54405  41.665  -7.637  67.556 0.0000000000
123519  41.480  -7.311  66.785 0.0000000000
123124  40.724  -7.449  66.503 0.0000000000
54427  40.432  -7.232  65.674 0.0000000000
52348  36.082  -8.967  66.029 0.0000000000
53398  36.432  -8.327  65.546 0.0000000000
53399  35.739  -8.664  65.357 0.0000000000
135433  35.461  -8.369  64.684 0.0000000000
52367  35.091  -9.012  65.062 0.0000000000
45743  24.046  -15.865  65.741 0.0000000000
63160  53.623  0.550  51.347 0.0000000000
63161  52.790  0.652  51.213 0.0000000000
44564  21.480  -16.538  66.853 0.0000000000
45724  21.090  -15.602  67.632 0.0000000000
46753  21.680  -14.662  75.014 0.0000000000
45609  21.302  -14.999  75.640 0.0000000000
125311  16.954  -17.102  72.868 0.0000000000
126537  38.218  -15.645  73.616 0.0000000000
121833  39.022  -15.697  73.928 0.0000000000
45645  38.435  -15.263  73.098 0.0000000000
45651  32.520  -15.770  72.490 0.0000000000
122044  31.983  -15.515  71.831 0.0000000000
42307  29.390  -18.946  75.702 0.0000000000
43337  29.950  -18.119  75.141 0.0000000000
42314  29.116  -18.595  74.937 0.0000000000
43389  26.187  -18.417  70.670 0.0000000000
43388  26.954  -17.545  71.056 0.0000000000
44529  26.600  -17.281  70.328 0.0000000000
44528  27.372  -16.525  70.689 0.0000000000
44540  26.241  -17.039  69.589 0.0000000000
44554  22.766  -16.922  67.673 0.0000000000
63130  44.124  0.739  54.141 0.0000000000
63142  44.035  0.558  53.428 0.0000000000
139209  43.702  0.233  53.869 0.0000000000
43222  21.008  -17.264  84.468 0.0000000000
44362  20.726  -17.459  83.557 0.0000000000
44350  20.491  -16.853  84.072 0.0000000000
129627  17.269  -13.067  81.379 0.0000000000
47753  17.913  -13.558  81.648 0.0000000000
47765  17.753  -13.656  80.918 0.0000000000
47779  17.180  -13.780  79.181 0.0000000000
131727  16.627  -13.310  79.729 0.0000000000
139907  57.804  0.687  56.175 0.0000000000
64092  57.601  0.964  57.027 0.0000000000
64059  54.431  2.002  57.476 0.0000000000
64078  52.924  2.040  56.501 0.0000000000
124643  52.913  2.428  57.340 0.0000000000
66139  49.609  3.665  58.557 0.0000000000
66155  50.025  3.500  57.902 0.0000000000
66156  48.693  3.177  57.611 0.0000000000
66140  48.872  3.454  58.365 0.0000000000
135066  46.030  1.911  60.702 0.0000000000
139470  45.707  1.350  60.087 0.0000000000
63074  45.413  0.833  59.469 0.0000000000
63073  45.883  0.535  59.936 0.0000000000
60952  50.076  -1.794  60.535 0.0000000000
60966  49.660  -2.149  59.916 0.0000000000
59866  49.481  -3.382  59.049 0.0000000000
57678  48.062  -5.362  59.385 0.0000000000
57573  47.014  -4.793  68.260 0.0000000000
57585  46.669  -4.484  67.706 0.0000000000
60871  47.120  -0.871  65.895 0.0000000000
61928  47.082  -0.709  65.132 0.0000000000
119159  47.852  -0.656  64.977 0.0000000000
132590  47.219  -0.778  64.405 0.0000000000
60904  47.513  -1.188  63.567 0.0000000000
61949  46.605  -0.905  63.888 0.0000000000
60970  43.426  -1.804  59.652 0.0000000000
60969  44.082  -1.782  59.824 0.0000000000
59855  43.794  -2.128  59.025 0.0000000000
59885  43.992  -2.642  58.252 0.0000000000
59871  43.197  -2.252  58.313 0.0000000000
59899  39.646  -2.811  56.722 0.0000000000
123375  38.793  -3.229  56.864 0.0000000000
118998  37.962  -6.704  61.726 0.0000000000
55495  38.196  -6.308  60.783 0.0000000000
55485  37.288  -6.663  61.125 0.0000000000
142895  35.396  -13.290  68.801 0.0000000000
47926  34.847  -13.294  68.454 0.0000000000
144114  31.268  -11.653  64.615 0.0000000000
50295  31.859  -11.486  64.720 0.0000000000
50296  31.234  -11.343  64.074 0.0000000000
47972  25.010  -12.994  63.631 0.0000000000
49098  24.808  -12.732  62.840 0.0000000000
62143  54.320  -0.522  46.572 0.0000000000
129240  27.264  -17.565  81.840 0.0000000000
43264  26.877  -17.214  80.514 0.0000000000
119895  26.377  -16.911  82.517 0.0000000000
42255  28.724  -18.103  82.770 0.0000000000
43248  28.300  -18.145  82.082 0.0000000000
48928  41.959  -12.888  73.492 0.0000000000
48927  42.816  -12.559  73.642 0.0000000000
140448  42.143  -12.219  73.095 0.0000000000
50196  42.398  -11.062  72.162 0.0000000000
52275  43.209  -10.047  71.433 0.0000000000
138287  42.536  -9.733  70.879 0.0000000000
52283  43.155  -9.410  70.680 0.0000000000
123982  40.836  -9.351  69.670 0.0000000000
53360  40.604  -8.578  68.452 0.0000000000
53361  39.822  -8.608  67.993 0.0000000000
51326  38.476  -10.030  68.782 0.0000000000
52309  38.513  -9.351  68.111 0.0000000000
52310  37.946  -9.895  68.316 0.0000000000
43452  21.641  -17.960  64.619 0.0000000000
42410  21.114  -18.323  64.104 0.0000000000
133189  51.092  1.206  52.384 0.0000000000
64155  51.438  0.950  51.711 0.0000000000
64156  50.519  1.123  51.598 0.0000000000
63176  48.958  0.894  50.223 0.0000000000
63175  49.906  0.742  50.141 0.0000000000
132261  49.258  0.530  49.625 0.0000000000
62095  49.183  0.036  48.924 0.0000000000
45696  22.624  -15.201  70.125 0.0000000000
45670  22.505  -14.879  71.976 0.0000000000
46814  21.948  -14.575  71.155 0.0000000000
46815  21.160  -14.386  71.177 0.0000000000
125012  20.915  -14.353  71.811 0.0000000000
126271  20.220  -16.675  77.293 0.0000000000
43355  17.442  -17.395  74.648 0.0000000000
43365  17.107  -17.342  73.778 0.0000000000
43356  16.399  -17.545  73.910 0.0000000000
142307  16.850  -17.429  74.309 0.0000000000
44472  16.509  -16.659  75.139 0.0000000000
44491  16.144  -16.994  74.521 0.0000000000
44492  15.243  -16.688  74.734 0.0000000000
43298  38.368  -16.764  77.547 0.0000000000
44462  37.158  -16.810  75.742 0.0000000000
43329  37.731  -17.186  76.581 0.0000000000
44479  37.589  -16.310  74.820 0.0000000000
44465  34.075  -16.999  75.133 0.0000000000
44482  34.558  -16.569  74.519 0.0000000000
44483  33.739  -16.641  74.396 0.0000000000
44499  33.365  -16.369  73.743 0.0000000000
124733  33.031  -16.725  74.317 0.0000000000
41445  26.840  -19.795  74.108 0.0000000000
41449  26.917  -19.834  73.858 0.0000000000
42324  26.598  -19.506  73.402 0.0000000000
42332  25.932  -19.443  72.034 0.0000000000
42341  25.863  -19.184  71.336 0.0000000000
42342  25.405  -18.794  70.934 0.0000000000
42352  25.236  -18.776  70.235 0.0000000000
44523  23.764  -16.478  70.981 0.0000000000
44530  24.237  -17.382  70.545 0.0000000000
136577  23.159  -16.038  69.614 0.0000000000
61018  43.856  -1.557  54.531 0.0000000000
59908  44.702  -1.931  55.135 0.0000000000
58825  46.001  -3.255  54.194 0.0000000000
59921  45.132  -2.824  53.833 0.0000000000
58841  46.213  -4.006  52.836 0.0000000000
48816  16.839  -12.075  83.253 0.0000000000
48828  17.276  -12.564  82.734 0.0000000000
48843  16.076  -12.355  81.875 0.0000000000
48854  16.245  -12.685  81.158 0.0000000000
48844  15.362  -12.347  81.573 0.0000000000
67153  49.174  3.901  60.065 0.0000000000
142868  49.262  4.149  61.193 0.0000000000
66090  46.794  2.547  61.702 0.0000000000
63017  50.988  0.931  64.279 0.0000000000
63028  50.531  0.671  63.594 0.0000000000
123652  51.759  0.323  63.585 0.0000000000
60917  52.597  -1.944  62.200 0.0000000000
139264  51.781  -0.968  62.315 0.0000000000
61970  51.837  -1.632  61.784 0.0000000000
60935  51.431  -1.870  61.329 0.0000000000
60950  51.802  -2.653  61.247 0.0000000000
59832  51.568  -3.323  60.834 0.0000000000
59816  52.226  -3.237  61.616 0.0000000000
140579  51.751  -3.558  62.372 0.0000000000
58713  51.224  -3.934  62.055 0.0000000000
58733  50.375  -4.170  61.612 0.0000000000
56550  44.610  -5.336  66.042 0.0000000000
142646  45.074  -4.927  66.279 0.0000000000
57609  44.661  -4.585  65.708 0.0000000000
58684  44.053  -3.316  64.413 0.0000000000
59773  44.674  -2.886  64.964 0.0000000000
59783  45.048  -1.917  64.658 0.0000000000
59784  44.443  -2.421  64.251 0.0000000000
59794  44.239  -2.049  63.567 0.0000000000
59809  42.627  -2.613  62.168 0.0000000000
59808  43.305  -2.141  62.526 0.0000000000
59822  42.400  -2.356  61.347 0.0000000000
60942  42.946  -1.776  60.826 0.0000000000
59838  42.191  -2.208  60.514 0.0000000000
59857  42.073  -2.124  59.628 0.0000000000
59839  41.390  -2.822  60.163 0.0000000000
58752  40.835  -3.731  60.309 0.0000000000
57680  40.265  -4.142  59.852 0.0000000000
58770  39.975  -3.863  59.169 0.0000000000
57681  39.598  -4.495  59.549 0.0000000000
54465  35.423  -7.144  61.729 0.0000000000
136682  35.681  -6.721  60.706 0.0000000000
55486  34.712  -6.959  61.043 0.0000000000
56640  32.931  -5.828  58.683 0.0000000000
56650  32.853  -5.683  57.930 0.0000000000
47929  32.402  -13.555  68.450 0.0000000000
47928  33.211  -13.407  68.270 0.0000000000
47939  31.866  -13.290  67.858 0.0000000000
49038  31.219  -13.008  67.233 0.0000000000
49052  30.858  -12.622  66.391 0.0000000000
49064  30.551  -12.303  65.497 0.0000000000
49065  29.604  -12.470  65.504 0.0000000000
61036  58.572  -1.363  49.434 0.0000000000
62106  58.421  -1.124  48.832 0.0000000000
44467  25.281  -16.605  75.630 0.0000000000
45591  24.213  -15.511  76.782 0.0000000000
45592  23.427  -15.129  76.581 0.0000000000
45571  23.556  -15.272  77.425 0.0000000000
44402  25.464  -16.409  79.815 0.0000000000
143932  25.723  -16.381  79.044 0.0000000000
44425  22.971  -15.864  78.852 0.0000000000
45551  22.856  -15.445  78.034 0.0000000000
44439  21.090  -16.066  77.605 0.0000000000
44427  20.812  -16.923  78.895 0.0000000000
43291  19.747  -17.764  79.056 0.0000000000
43305  19.261  -18.068  78.325 0.0000000000
41404  33.613  -18.760  79.659 0.0000000000
42265  34.046  -18.186  79.834 0.0000000000
41403  34.217  -18.635  79.309 0.0000000000
42282  34.881  -18.546  78.995 0.0000000000
41420  33.443  -19.209  78.893 0.0000000000
124588  33.295  -18.978  78.234 0.0000000000
41421  32.534  -19.329  78.476 0.0000000000
120887  31.089  -19.768  78.927 0.0000000000
41422  31.551  -19.482  78.288 0.0000000000
41431  30.143  -19.532  77.512 0.0000000000
41398  29.791  -19.372  80.551 0.0000000000
41408  30.230  -19.583  79.894 0.0000000000
125791  28.066  -18.647  77.789 0.0000000000
42284  28.721  -19.357  78.010 0.0000000000
41426  28.292  -19.468  76.964 0.0000000000
41433  28.558  -19.604  76.594 0.0000000000
41440  27.813  -19.636  75.439 0.0000000000
125279  27.653  -19.310  76.175 0.0000000000
43320  26.572  -17.693  76.360 0.0000000000
43339  25.774  -17.375  75.238 0.0000000000
64976  50.008  2.665  66.619 0.0000000000
64958  52.123  3.472  67.332 0.0000000000
63963  51.707  2.088  66.247 0.0000000000
63962  52.918  1.939  66.406 0.0000000000
63976  53.352  1.166  65.836 0.0000000000
63975  53.390  1.463  66.487 0.0000000000
50168  44.339  -11.774  74.018 0.0000000000
54372  46.169  -7.136  69.981 0.0000000000
55361  46.911  -6.728  70.493 0.0000000000
55399  46.360  -6.149  68.704 0.0000000000
122675  43.236  -8.347  69.301 0.0000000000
53346  44.334  -8.226  69.651 0.0000000000
124175  43.591  -7.547  68.357 0.0000000000
54403  43.911  -7.037  67.742 0.0000000000
55412  44.572  -6.486  67.293 0.0000000000
55424  44.328  -6.238  66.619 0.0000000000
55425  43.575  -6.463  66.442 0.0000000000
55440  41.774  -6.668  65.435 0.0000000000
55438  43.138  -6.278  65.648 0.0000000000
55439  42.416  -6.335  65.101 0.0000000000
55449  42.363  -6.035  64.434 0.0000000000
55458  41.148  -6.169  63.233 0.0000000000
121929  41.055  -6.541  63.955 0.0000000000
54438  40.114  -7.106  64.944 0.0000000000
54440  38.369  -7.134  63.962 0.0000000000
54417  39.230  -7.702  66.132 0.0000000000
53386  38.607  -7.974  66.312 0.0000000000
54442  36.724  -7.704  64.846 0.0000000000
54430  37.509  -7.593  65.110 0.0000000000
54450  37.585  -7.174  63.427 0.0000000000
54451  36.215  -7.352  63.001 0.0000000000
54452  35.725  -7.595  63.493 0.0000000000
53417  34.539  -8.240  63.642 0.0000000000
54453  34.832  -7.715  63.121 0.0000000000
54462  33.263  -7.685  62.044 0.0000000000
53426  33.408  -8.136  62.609 0.0000000000
46870  26.457  -14.595  67.372 0.0000000000
137346  26.801  -14.082  66.940 0.0000000000
46879  26.102  -14.311  66.683 0.0000000000
45749  24.150  -14.862  65.027 0.0000000000
47957  24.736  -13.946  64.737 0.0000000000
120349  24.580  -13.581  63.980 0.0000000000
46898  24.139  -14.181  64.207 0.0000000000
44602  22.302  -16.349  63.594 0.0000000000
45767  22.337  -15.717  62.741 0.0000000000
46926  22.673  -14.950  62.413 0.0000000000
46925  23.112  -14.255  62.213 0.0000000000
62065  56.097  -0.146  50.854 0.0000000000
62077  53.813  0.085  49.947 0.0000000000
62076  54.487  -0.013  50.066 0.0000000000
122644  54.131  -0.395  48.810 0.0000000000
62111  53.491  -0.368  48.532 0.0000000000
63173  51.560  0.560  50.225 0.0000000000
63172  52.491  0.478  50.426 0.0000000000
62129  52.256  -0.613  47.784 0.0000000000
46861  21.077  -14.717  68.828 0.0000000000
45725  20.264  -15.763  67.751 0.0000000000
45711  19.886  -15.443  68.429 0.0000000000
132348  23.877  -15.449  75.245 0.0000000000
131674  23.607  -15.422  74.009 0.0000000000
46770  20.703  -14.603  74.002 0.0000000000
46785  21.423  -14.445  73.420 0.0000000000
46786  20.589  -14.472  73.098 0.0000000000
46800  20.395  -14.424  72.242 0.0000000000
46787  19.935  -14.587  72.768 0.0000000000
45611  19.617  -15.829  75.059 0.0000000000
45628  18.816  -15.773  73.747 0.0000000000
44524  17.378  -16.301  71.590 0.0000000000
45658  17.704  -15.898  72.069 0.0000000000
134110  39.674  -16.350  76.634 0.0000000000
44446  40.296  -16.054  76.264 0.0000000000
45632  40.413  -15.304  74.466 0.0000000000
45618  40.779  -15.579  75.338 0.0000000000
46760  41.305  -15.095  74.908 0.0000000000
46775  41.576  -14.417  74.429 0.0000000000
47863  41.805  -13.698  73.964 0.0000000000
47881  38.810  -13.999  72.111 0.0000000000
47880  39.415  -13.515  72.273 0.0000000000
48964  39.524  -12.346  71.539 0.0000000000
47893  38.928  -13.081  71.538 0.0000000000
48983  38.514  -12.617  70.862 0.0000000000
46809  36.670  -14.615  71.392 0.0000000000
46822  37.092  -14.141  70.894 0.0000000000
46823  36.397  -14.235  70.675 0.0000000000
47907  36.152  -13.867  69.965 0.0000000000
46824  35.787  -14.261  70.448 0.0000000000
124927  35.600  -15.486  72.915 0.0000000000
45648  35.013  -15.289  72.385 0.0000000000
45662  34.498  -15.067  71.830 0.0000000000
46812  34.081  -14.762  71.206 0.0000000000
46825  34.590  -14.396  70.526 0.0000000000
46826  33.642  -14.416  70.383 0.0000000000
46827  32.710  -14.660  70.637 0.0000000000
45677  31.464  -14.981  70.743 0.0000000000
46828  31.956  -14.525  70.139 0.0000000000
46829  31.040  -14.667  70.177 0.0000000000
46842  30.548  -14.417  69.588 0.0000000000
46843  29.688  -14.577  69.638 0.0000000000
42296  32.456  -18.448  76.992 0.0000000000
43319  32.077  -17.992  76.235 0.0000000000
43348  30.439  -17.380  74.520 0.0000000000
43347  31.350  -17.225  74.714 0.0000000000
44486  31.051  -16.828  74.096 0.0000000000
43350  28.879  -18.012  74.140 0.0000000000
44504  28.738  -16.899  72.593 0.0000000000
44519  29.325  -16.271  72.143 0.0000000000
44512  30.491  -16.306  72.793 0.0000000000
45667  29.486  -15.732  71.475 0.0000000000
45680  28.539  -15.422  70.527 0.0000000000
45692  28.271  -15.110  69.858 0.0000000000
46844  28.802  -14.636  69.377 0.0000000000
46845  27.935  -14.801  69.155 0.0000000000
45705  27.130  -15.143  68.877 0.0000000000
45707  25.603  -16.450  68.181 0.0000000000
137211  24.635  -16.501  66.910 0.0000000000
44562  24.403  -17.505  67.331 0.0000000000
132826  24.398  -18.523  68.762 0.0000000000
122000  24.570  -18.648  68.904 0.0000000000
43423  23.153  -18.235  66.725 0.0000000000
121830  23.904  -18.543  67.884 0.0000000000
43431  23.111  -18.214  66.675 0.0000000000
43442  22.465  -17.871  65.718 0.0000000000
119165  22.434  -17.968  66.045 0.0000000000
142958  46.718  1.854  53.482 0.0000000000
64149  46.843  1.573  52.371 0.0000000000
64150  45.880  1.379  52.307 0.0000000000
63166  44.742  -0.062  50.868 0.0000000000
59923  43.552  -1.615  53.201 0.0000000000
61024  43.454  -1.299  52.522 0.0000000000
59930  43.702  -2.303  51.809 0.0000000000
58850  44.389  -3.096  50.524 0.0000000000
57784  45.475  -4.434  49.589 0.0000000000
129834  47.614  -4.723  54.503 0.0000000000
58824  47.172  -4.139  54.624 0.0000000000
46643  26.581  -13.856  83.038 0.0000000000
127476  24.760  -15.740  82.661 0.0000000000
45502  24.170  -15.569  82.845 0.0000000000
44360  23.528  -16.645  82.615 0.0000000000
43239  22.010  -17.606  82.582 0.0000000000
43238  22.982  -17.393  82.268 0.0000000000
43267  21.379  -17.734  81.316 0.0000000000
43253  19.958  -17.603  81.693 0.0000000000
134994  20.143  -17.915  81.177 0.0000000000
44407  19.285  -17.950  79.727 0.0000000000
133853  18.735  -14.376  82.732 0.0000000000
46632  19.038  -14.239  84.119 0.0000000000
46631  19.583  -15.288  84.196 0.0000000000
46648  19.455  -15.354  83.280 0.0000000000
45503  19.593  -15.963  82.793 0.0000000000
45504  19.194  -15.028  82.527 0.0000000000
46684  18.088  -14.761  79.413 0.0000000000
45525  18.723  -15.379  80.249 0.0000000000
137153  18.427  -16.169  78.915 0.0000000000
46715  16.792  -14.788  77.120 0.0000000000
47795  14.916  -13.863  78.660 0.0000000000
63146  57.962  0.118  53.158 0.0000000000
122368  57.048  0.335  53.358 0.0000000000
63140  54.817  0.723  53.431 0.0000000000
63129  54.933  0.802  54.168 0.0000000000
64074  56.780  1.226  57.504 0.0000000000
64095  54.403  1.339  55.859 0.0000000000
144068  53.422  1.273  54.329 0.0000000000
64117  52.889  1.462  54.904 0.0000000000
64132  52.257  1.325  53.530 0.0000000000
64098  51.770  1.841  55.580 0.0000000000
64118  51.404  1.609  54.925 0.0000000000
64119  50.565  1.650  54.638 0.0000000000
65102  52.106  2.807  57.486 0.0000000000
66154  51.328  3.213  57.670 0.0000000000
65125  49.554  2.693  56.428 0.0000000000
65151  49.088  2.268  55.474 0.0000000000
65152  48.203  2.333  55.423 0.0000000000
65106  47.273  2.702  57.236 0.0000000000
65154  46.944  2.371  55.883 0.0000000000
136562  45.423  1.768  55.598 0.0000000000
64102  46.026  2.170  56.152 0.0000000000
66122  47.484  3.190  59.323 0.0000000000
66141  47.627  3.101  58.482 0.0000000000
65084  45.457  1.810  58.816 0.0000000000
65083  46.117  2.444  58.407 0.0000000000
64080  44.893  1.423  57.469 0.0000000000
64061  44.629  0.757  57.804 0.0000000000
63092  44.347  0.201  57.237 0.0000000000
62023  45.093  -0.506  57.976 0.0000000000
123401  45.907  -1.263  57.773 0.0000000000
60994  46.556  -1.787  57.687 0.0000000000
66071  48.243  4.283  64.952 0.0000000000
143212  47.650  3.167  64.079 0.0000000000
65031  47.269  2.405  63.108 0.0000000000
64004  46.775  1.886  62.351 0.0000000000
64011  46.996  1.225  62.035 0.0000000000
63040  49.787  0.244  62.486 0.0000000000
63029  48.808  0.826  63.036 0.0000000000
61961  49.469  -0.132  61.882 0.0000000000
61986  48.695  -0.741  60.720 0.0000000000
61974  48.309  -0.195  61.162 0.0000000000
61987  47.707  -0.286  60.614 0.0000000000
61988  46.736  0.061  60.260 0.0000000000
61998  47.401  -0.689  59.814 0.0000000000
59868  47.894  -2.372  58.357 0.0000000000
60981  47.529  -1.712  58.672 0.0000000000
59883  47.586  -2.801  57.623 0.0000000000
58790  47.647  -3.684  57.080 0.0000000000
58789  48.292  -3.672  57.773 0.0000000000
56643  49.610  -7.111  57.415 0.0000000000
57675  50.990  -5.316  59.978 0.0000000000
56605  50.581  -5.986  59.759 0.0000000000
55522  49.848  -7.348  58.453 0.0000000000
55523  49.593  -7.459  57.758 0.0000000000
137586  52.309  0.110  68.044 0.0000000000
61887  52.807  0.315  67.307 0.0000000000
62991  53.409  0.371  66.618 0.0000000000
61904  53.306  -0.092  66.442 0.0000000000
142474  48.538  -3.573  68.918 0.0000000000
58635  49.329  -3.847  69.711 0.0000000000
58650  49.567  -3.123  69.473 0.0000000000
59717  50.412  -2.800  69.896 0.0000000000
59734  48.910  -2.644  68.729 0.0000000000
143249  45.881  -3.527  66.535 0.0000000000
59750  46.635  -3.174  67.081 0.0000000000
60855  48.120  -0.846  66.954 0.0000000000
60842  47.762  -1.679  67.336 0.0000000000
60841  48.627  -1.237  67.645 0.0000000000
119374  49.949  -0.543  67.349 0.0000000000
136769  50.164  -0.654  65.927 0.0000000000
60870  50.671  -1.028  65.165 0.0000000000
60869  52.029  -1.224  65.121 0.0000000000
60901  50.876  -2.056  63.671 0.0000000000
60902  49.627  -1.763  63.624 0.0000000000
60918  48.200  -1.775  62.888 0.0000000000
59793  49.189  -2.146  63.017 0.0000000000
59817  48.478  -2.958  61.763 0.0000000000
59818  47.580  -2.600  61.549 0.0000000000
60921  45.397  -1.311  62.783 0.0000000000
60920  46.239  -1.382  62.559 0.0000000000
60939  45.418  -1.476  61.838 0.0000000000
59836  45.686  -2.320  60.339 0.0000000000
59820  45.936  -1.904  61.112 0.0000000000
59853  46.321  -3.192  59.822 0.0000000000
139673  46.489  -3.919  59.266 0.0000000000
58767  45.821  -3.467  59.099 0.0000000000
58791  44.224  -3.244  57.646 0.0000000000
59873  41.419  -2.384  58.501 0.0000000000
59872  41.814  -2.283  57.932 0.0000000000
59887  41.236  -2.449  57.284 0.0000000000
58820  39.928  -3.023  55.156 0.0000000000
59910  40.526  -2.775  55.692 0.0000000000
127360  40.335  -3.355  54.328 0.0000000000
56589  40.497  -5.833  62.168 0.0000000000
55483  39.816  -6.060  61.781 0.0000000000
124647  38.369  -5.816  60.112 0.0000000000
56619  38.852  -5.417  59.944 0.0000000000
57682  38.852  -4.900  59.314 0.0000000000
56634  38.224  -5.132  58.903 0.0000000000
56622  36.117  -6.099  59.420 0.0000000000
56637  35.889  -5.702  58.613 0.0000000000
57729  35.888  -4.926  56.924 0.0000000000
57715  36.584  -4.936  57.496 0.0000000000
137796  37.235  -12.090  69.450 0.0000000000
50238  35.673  -11.944  67.984 0.0000000000
50237  36.355  -11.418  68.274 0.0000000000
50252  35.868  -11.161  67.610 0.0000000000
51352  36.039  -10.316  67.090 0.0000000000
122940  35.385  -11.035  67.028 0.0000000000
49036  33.149  -12.706  67.063 0.0000000000
49035  33.984  -12.783  67.378 0.0000000000
50278  33.924  -11.210  65.813 0.0000000000
51368  34.358  -10.450  65.579 0.0000000000
51384  34.123  -9.977  64.944 0.0000000000
52368  33.445  -10.149  64.458 0.0000000000
52385  31.899  -10.007  63.210 0.0000000000
52384  32.632  -9.726  63.468 0.0000000000
53428  31.794  -8.784  62.227 0.0000000000
52398  31.067  -9.121  61.991 0.0000000000
47956  27.411  -13.206  65.928 0.0000000000
124767  28.209  -13.303  66.457 0.0000000000
49095  27.041  -12.135  63.980 0.0000000000
50298  28.907  -11.832  64.199 0.0000000000
49126  25.176  -12.000  61.525 0.0000000000
49115  25.334  -12.207  62.379 0.0000000000
51419  27.328  -10.496  61.183 0.0000000000
50340  27.344  -10.858  62.005 0.0000000000
50324  28.095  -10.936  62.553 0.0000000000
50323  28.745  -11.166  63.079 0.0000000000
51412  28.894  -10.707  62.496 0.0000000000
51411  29.678  -10.585  62.572 0.0000000000
51418  29.185  -10.198  61.951 0.0000000000
52407  29.078  -9.194  60.724 0.0000000000
53442  30.243  -8.259  60.654 0.0000000000
137473  60.478  -0.854  47.994 0.0000000000
62088  56.477  -0.706  49.569 0.0000000000
62108  56.273  -0.688  48.796 0.0000000000
126862  56.524  -0.643  48.087 0.0000000000
62126  56.448  -0.451  47.108 0.0000000000
62140  57.404  -0.335  46.775 0.0000000000
64169  46.958  1.214  51.057 0.0000000000
122897  47.174  0.901  50.465 0.0000000000
63191  46.787  0.384  49.864 0.0000000000
43235  28.353  -17.565  83.207 0.0000000000
43236  27.338  -17.289  82.864 0.0000000000
50186  40.946  -11.791  72.161 0.0000000000
50185  41.827  -11.693  72.489 0.0000000000
51289  41.144  -10.616  71.269 0.0000000000
51296  41.312  -10.152  70.857 0.0000000000
51295  41.829  -9.704  70.605 0.0000000000
51309  40.152  -9.874  69.818 0.0000000000
52300  39.704  -9.560  69.168 0.0000000000
51327  37.803  -10.507  68.718 0.0000000000
120988  49.779  1.319  51.860 0.0000000000
45669  23.210  -15.602  71.481 0.0000000000
45654  23.293  -15.498  72.400 0.0000000000
45655  22.723  -14.957  73.038 0.0000000000
44440  19.335  -17.810  77.648 0.0000000000
43340  18.582  -17.928  76.343 0.0000000000
43343  17.077  -17.387  74.864 0.0000000000
44455  16.951  -16.332  75.813 0.0000000000
43286  37.145  -17.510  78.201 0.0000000000
43299  37.786  -17.221  77.639 0.0000000000
43314  36.717  -17.790  77.466 0.0000000000
43330  36.910  -17.343  76.574 0.0000000000
44463  36.050  -16.978  75.709 0.0000000000
44481  35.446  -16.517  74.691 0.0000000000
42318  25.828  -18.576  73.493 0.0000000000
43372  25.578  -18.707  72.581 0.0000000000
43380  24.887  -18.081  71.480 0.0000000000
61009  45.136  -1.886  55.945 0.0000000000
59907  45.607  -2.464  55.450 0.0000000000
59906  46.091  -3.007  55.042 0.0000000000
50081  15.949  -11.799  83.041 0.0000000000
67127  49.856  4.567  62.319 0.0000000000
61959  52.932  -1.441  62.903 0.0000000000
60933  52.622  -2.672  62.175 0.0000000000
58711  52.458  -3.197  62.135 0.0000000000
59803  52.645  -2.709  62.639 0.0000000000
58712  52.302  -3.226  62.474 0.0000000000
131278  51.721  -2.990  63.024 0.0000000000
56561  43.480  -5.288  64.770 0.0000000000
57610  44.041  -4.726  65.078 0.0000000000
57624  43.614  -4.324  64.426 0.0000000000
58695  43.403  -3.466  63.729 0.0000000000
59795  43.588  -2.475  63.299 0.0000000000
58717  42.401  -3.544  62.462 0.0000000000
58736  42.068  -3.210  61.759 0.0000000000
58737  41.539  -3.741  61.391 0.0000000000
57664  41.042  -4.162  60.989 0.0000000000
47930  30.664  -13.760  68.422 0.0000000000
144124  31.144  -13.433  67.969 0.0000000000
119248  30.466  -13.431  67.701 0.0000000000
47947  29.560  -13.105  66.730 0.0000000000
62086  58.068  -1.392  49.934 0.0000000000
140644  57.734  -1.142  49.203 0.0000000000
44448  26.226  -17.026  76.828 0.0000000000
44449  25.708  -16.559  76.898 0.0000000000
44436  25.508  -16.290  77.527 0.0000000000
44437  25.009  -15.864  77.971 0.0000000000
44403  24.633  -16.338  80.027 0.0000000000
125529  22.220  -16.402  79.191 0.0000000000
144152  21.612  -16.459  78.848 0.0000000000
43280  21.053  -17.405  80.273 0.0000000000
41394  32.991  -19.014  80.067 0.0000000000
41412  32.701  -19.434  79.353 0.0000000000
42285  28.400  -18.466  78.945 0.0000000000
43304  26.725  -17.424  77.166 0.0000000000
51275  44.243  -10.796  72.775 0.0000000000
52259  45.665  -9.801  73.346 0.0000000000
54338  46.855  -7.754  71.954 0.0000000000
54353  47.281  -7.045  71.470 0.0000000000
119398  45.706  -7.815  70.438 0.0000000000
54373  45.408  -7.460  69.568 0.0000000000
121208  42.157  -8.132  68.608 0.0000000000
53358  42.949  -7.935  68.618 0.0000000000
54391  42.296  -7.678  68.003 0.0000000000
54404  43.205  -6.891  67.128 0.0000000000
55426  42.740  -6.699  66.418 0.0000000000
55427  41.967  -6.863  66.265 0.0000000000
55441  40.954  -6.847  64.933 0.0000000000
53387  37.797  -8.383  66.500 0.0000000000
54443  35.961  -7.801  64.306 0.0000000000
46880  25.356  -14.690  66.316 0.0000000000
46881  24.645  -15.171  65.955 0.0000000000
63149  54.853  0.576  52.434 0.0000000000
63159  54.516  0.429  51.447 0.0000000000
63184  53.039  0.225  49.824 0.0000000000
62094  51.210  0.069  48.914 0.0000000000
45697  19.519  -15.206  69.157 0.0000000000
45607  23.283  -15.035  75.743 0.0000000000
45624  22.349  -14.653  74.559 0.0000000000
44507  18.228  -16.228  73.599 0.0000000000
44517  17.374  -16.455  72.436 0.0000000000
44477  39.506  -16.357  75.431 0.0000000000
44459  40.283  -16.110  75.737 0.0000000000
45633  39.667  -15.386  74.014 0.0000000000
46777  39.928  -14.819  73.646 0.0000000000
46794  38.668  -14.698  72.587 0.0000000000
46807  38.235  -14.469  71.996 0.0000000000
45637  33.792  -15.940  73.125 0.0000000000
45649  34.173  -15.486  72.487 0.0000000000
45664  32.465  -15.095  71.275 0.0000000000
128834  31.827  -15.196  71.185 0.0000000000
45678  30.732  -15.131  70.794 0.0000000000
42305  31.183  -18.233  76.050 0.0000000000
43371  27.312  -18.483  72.528 0.0000000000
43370  27.910  -17.667  72.619 0.0000000000
127342  27.320  -17.828  71.889 0.0000000000
45668  28.772  -15.687  71.123 0.0000000000
44527  28.094  -15.967  71.011 0.0000000000
45694  26.664  -15.958  69.281 0.0000000000
44552  25.291  -17.474  68.471 0.0000000000
44542  23.638  -17.360  69.000 0.0000000000
44553  23.523  -18.040  68.057 0.0000000000
44575  22.088  -17.799  66.273 0.0000000000
129839  45.498  1.612  53.933 0.0000000000
64151  45.097  1.192  52.672 0.0000000000
64138  44.740  1.150  53.460 0.0000000000
63153  44.346  0.594  52.612 0.0000000000
62057  43.800  -0.199  52.185 0.0000000000
58843  44.674  -3.418  52.144 0.0000000000
57775  45.467  -4.358  51.425 0.0000000000
43229  21.025  -17.603  83.730 0.0000000000
43240  21.222  -17.982  82.990 0.0000000000
131502  20.917  -18.113  82.536 0.0000000000
43242  20.475  -17.620  82.618 0.0000000000
44376  19.764  -16.834  82.278 0.0000000000
47730  18.093  -12.832  83.901 0.0000000000
120531  18.588  -13.946  83.264 0.0000000000
46660  18.696  -14.479  82.146 0.0000000000
45516  18.960  -15.027  81.651 0.0000000000
47752  18.378  -14.246  81.448 0.0000000000
46672  18.235  -14.413  80.500 0.0000000000
124769  17.395  -14.311  78.675 0.0000000000
47793  16.629  -13.854  78.486 0.0000000000
139319  57.174  0.430  54.338 0.0000000000
63113  57.449  0.555  55.283 0.0000000000
129094  56.839  0.745  55.985 0.0000000000
63114  56.017  0.776  55.501 0.0000000000
64058  55.408  1.810  57.872 0.0000000000
64077  53.810  1.763  56.515 0.0000000000
141415  53.193  1.760  56.111 0.0000000000
64097  52.639  1.741  55.718 0.0000000000
64079  52.185  2.051  56.113 0.0000000000
65124  51.471  2.241  56.156 0.0000000000
66137  51.378  3.561  58.487 0.0000000000
66138  50.728  3.487  57.957 0.0000000000
66170  49.490  3.175  57.294 0.0000000000
66171  48.869  2.927  56.884 0.0000000000
65105  48.119  2.824  57.023 0.0000000000
66123  46.570  2.744  59.795 0.0000000000
65066  45.580  1.695  59.546 0.0000000000
64044  44.846  0.820  58.469 0.0000000000
63082  45.089  0.595  58.845 0.0000000000
62010  46.214  -0.579  58.853 0.0000000000
64002  47.758  1.421  63.182 0.0000000000
61972  50.023  -0.780  61.481 0.0000000000
61985  49.579  -1.106  60.915 0.0000000000
60967  48.751  -1.729  59.635 0.0000000000
59867  48.646  -2.742  58.697 0.0000000000
58777  48.881  -3.605  58.435 0.0000000000
57693  50.322  -5.946  58.783 0.0000000000
57661  50.569  -5.600  60.315 0.0000000000
56606  50.288  -6.332  59.682 0.0000000000
56618  49.055  -6.667  58.948 0.0000000000
56633  47.735  -5.763  58.643 0.0000000000
125886  52.011  0.312  68.439 0.0000000000
61888  52.190  -0.174  68.060 0.0000000000
56507  47.808  -5.384  69.708 0.0000000000
57559  48.184  -4.735  69.463 0.0000000000
57572  47.768  -4.345  68.729 0.0000000000
58660  47.638  -3.673  68.220 0.0000000000
59771  45.971  -1.919  65.797 0.0000000000
59760  46.995  -2.183  66.910 0.0000000000
60857  46.644  -1.593  66.223 0.0000000000
61909  47.849  -0.681  66.210 0.0000000000
61908  48.522  -0.605  66.493 0.0000000000
61926  48.468  -0.597  65.707 0.0000000000
61939  48.798  -0.838  64.805 0.0000000000
60886  49.005  -1.265  64.121 0.0000000000
60919  47.235  -1.534  62.743 0.0000000000
59837  44.853  -1.963  60.084 0.0000000000
59869  45.107  -2.997  58.872 0.0000000000
59870  44.459  -2.635  58.730 0.0000000000
59896  42.469  -2.597  56.879 0.0000000000
58781  40.245  -2.872  58.067 0.0000000000
59888  40.630  -2.553  57.445 0.0000000000
58793  40.083  -2.718  57.304 0.0000000000
59911  39.977  -2.780  55.994 0.0000000000
118999  39.290  -6.406  61.951 0.0000000000
55484  39.096  -6.164  61.268 0.0000000000
55496  37.689  -5.952  59.823 0.0000000000
55524  35.050  -5.714  58.604 0.0000000000
119212  35.171  -5.444  57.942 0.0000000000
49000  36.615  -12.648  69.325 0.0000000000
49001  35.926  -13.029  68.936 0.0000000000
49034  35.124  -12.347  67.690 0.0000000000
49062  32.101  -12.232  66.021 0.0000000000
50267  32.740  -11.980  65.848 0.0000000000
125449  32.506  -11.551  65.193 0.0000000000
50294  32.722  -10.909  64.573 0.0000000000
52369  32.888  -10.200  64.000 0.0000000000
51397  31.565  -10.705  63.575 0.0000000000
51409  31.173  -10.287  62.963 0.0000000000
47963  26.053  -13.066  64.800 0.0000000000
49068  26.969  -12.844  65.131 0.0000000000
49081  26.566  -12.553  64.377 0.0000000000
50358  25.545  -11.360  60.136 0.0000000000
50342  25.678  -11.427  61.028 0.0000000000
51426  27.937  -10.072  60.968 0.0000000000
62109  55.442  -0.562  48.685 0.0000000000
62117  46.635  -0.918  48.764 0.0000000000
61046  46.218  -1.891  48.598 0.0000000000
43277  27.537  -17.487  79.983 0.0000000000
127940  25.902  -16.835  80.677 0.0000000000
42270  29.395  -19.031  81.183 0.0000000000
42261  29.252  -18.613  82.073 0.0000000000
47861  43.233  -13.249  74.888 0.0000000000
48926  43.438  -12.725  74.393 0.0000000000
50169  43.636  -12.150  73.753 0.0000000000
50183  43.873  -11.463  73.245 0.0000000000
51276  43.311  -11.027  72.491 0.0000000000
51287  43.594  -10.525  72.100 0.0000000000
51286  44.285  -10.165  72.083 0.0000000000
140336  44.372  -9.113  70.959 0.0000000000
53331  43.790  -9.008  70.465 0.0000000000
52296  43.043  -8.813  69.912 0.0000000000
52297  42.312  -8.815  69.696 0.0000000000
52298  41.630  -9.159  69.849 0.0000000000
53349  41.869  -8.573  69.195 0.0000000000
53359  41.452  -8.344  68.569 0.0000000000
53371  41.159  -8.064  67.938 0.0000000000
53384  40.207  -7.852  67.018 0.0000000000
53373  39.768  -8.273  67.417 0.0000000000
52308  39.265  -9.029  68.208 0.0000000000
53374  38.128  -8.868  67.344 0.0000000000
52331  37.292  -9.075  67.039 0.0000000000
52332  36.482  -9.408  66.720 0.0000000000
44586  22.794  -17.331  65.389 0.0000000000
44592  23.140  -16.324  64.917 0.0000000000
44594  22.001  -17.261  64.166 0.0000000000
43463  21.298  -17.586  62.951 0.0000000000
42421  20.667  -18.783  63.431 0.0000000000
42420  20.941  -18.254  62.701 0.0000000000
64144  52.470  1.093  52.713 0.0000000000
64154  52.254  0.844  51.865 0.0000000000
63174  50.725  0.718  50.351 0.0000000000
64165  50.362  0.934  50.811 0.0000000000
63187  50.716  0.441  49.606 0.0000000000
63194  50.244  0.041  48.836 0.0000000000
45708  22.257  -15.574  68.296 0.0000000000
123082  21.492  -15.220  68.244 0.0000000000
46860  21.805  -14.854  68.932 0.0000000000
46847  21.302  -14.555  69.556 0.0000000000
46831  22.157  -14.722  70.489 0.0000000000
46832  21.470  -14.491  70.396 0.0000000000
46848  20.588  -14.572  69.500 0.0000000000
46833  20.262  -14.473  70.219 0.0000000000
46834  19.522  -14.636  70.433 0.0000000000
137823  18.893  -14.926  70.511 0.0000000000
44451  20.982  -15.695  76.848 0.0000000000
45595  20.926  -15.460  76.213 0.0000000000
44470  18.668  -17.284  75.483 0.0000000000
44490  17.820  -16.992  74.183 0.0000000000
43313  37.911  -17.301  77.226 0.0000000000
43328  38.455  -16.979  76.628 0.0000000000
131865  39.024  -16.730  76.004 0.0000000000
44478  38.675  -16.408  75.178 0.0000000000
45621  38.411  -16.003  74.331 0.0000000000
45634  37.563  -15.823  73.865 0.0000000000
124866  36.843  -15.632  73.446 0.0000000000
134480  35.433  -15.841  73.493 0.0000000000
130707  35.015  -16.194  73.911 0.0000000000
45638  32.941  -16.075  73.120 0.0000000000
44510  32.116  -16.176  73.066 0.0000000000
41444  27.794  -19.661  75.061 0.0000000000
42315  28.212  -19.218  74.665 0.0000000000
42316  27.362  -19.645  74.275 0.0000000000
42323  27.145  -19.630  73.523 0.0000000000
42330  26.950  -19.403  72.874 0.0000000000
42331  26.358  -19.408  72.630 0.0000000000
42339  26.650  -18.933  72.190 0.0000000000
42351  25.488  -18.753  70.501 0.0000000000
43402  24.831  -18.730  69.430 0.0000000000
43403  24.251  -18.286  69.153 0.0000000000
43391  24.410  -18.049  69.902 0.0000000000
62047  43.494  -0.246  54.999 0.0000000000
62050  43.479  -0.385  54.055 0.0000000000
61019  43.492  -0.891  54.711 0.0000000000
61021  43.821  -1.807  53.827 0.0000000000
59922  44.136  -2.369  53.278 0.0000000000
58835  44.844  -3.093  53.037 0.0000000000
122248  45.518  -3.590  52.891 0.0000000000
48805  17.711  -12.393  84.358 0.0000000000
47767  15.966  -12.931  80.223 0.0000000000
47768  15.177  -13.033  79.977 0.0000000000
48856  14.644  -12.952  80.598 0.0000000000
128065  49.014  3.685  59.156 0.0000000000
139442  48.274  3.561  59.816 0.0000000000
144137  47.958  3.518  60.643 0.0000000000
66104  46.518  2.534  60.761 0.0000000000
122467  49.862  1.505  64.770 0.0000000000
63993  49.442  1.117  63.830 0.0000000000
59833  50.604  -2.668  60.308 0.0000000000
59850  50.964  -3.548  60.280 0.0000000000
58749  51.328  -4.411  60.611 0.0000000000
57652  51.400  -4.558  61.025 0.0000000000
57653  50.925  -4.948  60.981 0.0000000000
57654  50.044  -4.882  60.944 0.0000000000
57655  48.836  -4.392  60.776 0.0000000000
60813  50.700  -1.520  69.641 0.0000000000
56538  45.678  -5.466  67.227 0.0000000000
57586  46.094  -4.748  67.252 0.0000000000
130287  45.565  -4.893  66.727 0.0000000000
58675  45.130  -3.499  65.722 0.0000000000
59762  45.689  -2.755  66.007 0.0000000000
60873  45.708  -1.433  65.059 0.0000000000
60889  45.587  -1.222  64.180 0.0000000000
61940  46.111  -0.941  64.024 0.0000000000
123296  45.311  -1.299  63.477 0.0000000000
60907  44.735  -1.481  63.136 0.0000000000
60922  44.669  -1.448  62.313 0.0000000000
60923  43.880  -1.598  61.972 0.0000000000
60941  43.714  -1.591  61.125 0.0000000000
60956  43.556  -1.661  60.328 0.0000000000
133566  42.474  -2.178  58.340 0.0000000000
59874  40.815  -2.707  58.674 0.0000000000
140703  40.272  -3.265  58.778 0.0000000000
58782  39.701  -3.561  58.488 0.0000000000
58783  39.107  -3.898  58.256 0.0000000000
55497  36.642  -6.552  60.581 0.0000000000
120962  35.511  -6.350  59.871 0.0000000000
143614  34.841  -6.234  59.637 0.0000000000
55525  34.406  -5.894  59.040 0.0000000000
56638  34.386  -5.575  58.178 0.0000000000
47927  34.046  -13.262  68.129 0.0000000000
49037  32.207  -12.841  67.156 0.0000000000
49063  31.423  -12.259  65.831 0.0000000000
50281  31.299  -11.925  65.106 0.0000000000
50282  30.654  -11.824  64.608 0.0000000000
48004  24.077  -12.986  61.554 0.0000000000
49127  24.556  -12.421  61.114 0.0000000000
49145  24.507  -12.423  60.192 0.0000000000
123627  24.971  -11.857  59.701 0.0000000000
136725  59.263  -1.452  49.549 0.0000000000
61042  59.155  -1.257  48.945 0.0000000000
125988  58.969  -0.424  47.145 0.0000000000
62139  58.278  -0.280  46.500 0.0000000000
141855  24.660  -16.318  74.639 0.0000000000
44468  24.751  -16.017  76.154 0.0000000000
45593  22.561  -14.936  76.410 0.0000000000
45549  24.397  -15.679  78.426 0.0000000000
45573  21.852  -15.390  77.017 0.0000000000
43306  18.673  -18.273  77.923 0.0000000000
43293  18.720  -18.263  78.167 0.0000000000
42273  35.404  -18.166  79.127 0.0000000000
42294  34.503  -18.284  77.515 0.0000000000
43317  33.957  -17.840  76.655 0.0000000000
42295  33.444  -18.434  77.386 0.0000000000
42291  31.979  -19.009  77.586 0.0000000000
42298  30.652  -18.930  76.704 0.0000000000
42299  29.697  -19.281  76.549 0.0000000000
41438  28.798  -19.607  76.263 0.0000000000
41415  29.975  -19.654  78.923 0.0000000000
41416  29.311  -19.540  78.389 0.0000000000
41424  29.576  -19.652  77.965 0.0000000000
41439  28.188  -19.702  75.855 0.0000000000
42310  26.793  -19.220  74.880 0.0000000000
42301  27.008  -18.698  75.812 0.0000000000
43351  26.234  -18.192  74.869 0.0000000000
43352  25.785  -17.840  74.428 0.0000000000
58802  47.168  -3.659  56.231 0.0000000000
65013  47.972  3.615  65.080 0.0000000000
65012  48.129  2.611  65.184 0.0000000000
64997  48.607  2.652  65.869 0.0000000000
63979  48.848  2.030  65.279 0.0000000000
142492  50.783  1.342  64.844 0.0000000000
123654  51.699  1.203  64.862 0.0000000000
64975  51.235  2.700  66.779 0.0000000000
63985  52.875  0.866  65.067 0.0000000000
63014  54.093  -0.111  64.916 0.0000000000
61922  54.051  -0.348  65.177 0.0000000000
56508  47.056  -5.752  69.183 0.0000000000
56523  46.729  -5.460  68.425 0.0000000000
56524  46.070  -5.844  67.942 0.0000000000
53330  44.477  -8.615  70.365 0.0000000000
54374  44.647  -7.716  69.254 0.0000000000
54390  44.317  -7.398  68.521 0.0000000000
54389  45.115  -7.140  68.780 0.0000000000
55411  45.339  -6.205  67.567 0.0000000000
135269  44.630  -5.778  66.395 0.0000000000
134721  43.556  -5.765  65.317 0.0000000000
56568  42.840  -5.586  64.401 0.0000000000
56576  42.379  -5.581  63.853 0.0000000000
56577  41.770  -5.606  63.205 0.0000000000
55471  40.665  -6.148  62.717 0.0000000000
55472  40.127  -6.285  62.420 0.0000000000
55473  39.608  -6.547  62.565 0.0000000000
55474  38.734  -6.719  62.396 0.0000000000
54458  37.782  -6.978  62.559 0.0000000000
119023  39.924  -7.607  66.279 0.0000000000
142819  38.949  -7.354  65.145 0.0000000000
53397  38.014  -7.792  65.723 0.0000000000
54429  38.308  -7.382  64.924 0.0000000000
54459  36.272  -7.181  62.247 0.0000000000
54466  34.462  -7.262  61.767 0.0000000000
125186  34.852  -7.416  62.352 0.0000000000
119107  33.787  -7.381  61.776 0.0000000000
46869  28.278  -14.074  67.868 0.0000000000
47942  28.159  -13.687  67.183 0.0000000000
46878  26.621  -13.722  66.343 0.0000000000
47964  25.250  -13.318  64.396 0.0000000000
47973  24.390  -13.341  63.241 0.0000000000
45750  23.455  -15.386  64.533 0.0000000000
45758  23.189  -15.049  63.725 0.0000000000
46910  22.784  -15.134  63.079 0.0000000000
128007  23.658  -14.333  63.622 0.0000000000
47990  23.715  -13.830  62.889 0.0000000000
48005  23.596  -13.590  61.943 0.0000000000
62056  57.273  -0.127  51.927 0.0000000000
62075  55.847  -0.405  50.057 0.0000000000
126493  55.052  -0.252  49.753 0.0000000000
125008  54.883  -0.444  49.062 0.0000000000
62127  54.075  -0.531  47.474 0.0000000000
62092  52.738  0.057  49.246 0.0000000000
62093  52.060  0.072  49.030 0.0000000000
62128  53.213  -0.545  47.760 0.0000000000
44566  19.743  -16.540  67.495 0.0000000000
46798  21.983  -14.542  72.767 0.0000000000
46784  22.199  -14.573  73.693 0.0000000000
46817  19.063  -14.715  71.236 0.0000000000
45626  20.064  -15.042  74.382 0.0000000000
137761  19.220  -15.290  73.452 0.0000000000
45642  19.333  -14.913  72.835 0.0000000000
45656  18.841  -14.975  72.131 0.0000000000
45671  18.466  -15.175  71.539 0.0000000000
45686  17.930  -15.809  70.563 0.0000000000
45602  40.897  -15.591  75.964 0.0000000000
46758  42.267  -14.256  75.599 0.0000000000
47845  42.628  -14.007  74.976 0.0000000000
47878  41.093  -13.119  73.214 0.0000000000
46792  40.228  -14.219  73.376 0.0000000000
47879  40.183  -13.471  72.832 0.0000000000
48945  40.563  -12.574  72.482 0.0000000000
50209  38.521  -11.886  70.369 0.0000000000
48984  37.932  -12.652  70.417 0.0000000000
47895  37.664  -13.869  71.092 0.0000000000
47906  37.370  -13.424  70.499 0.0000000000
47915  36.732  -13.328  69.910 0.0000000000
47916  35.685  -13.569  69.339 0.0000000000
123733  35.019  -13.667  69.144 0.0000000000
45647  36.491  -15.363  72.851 0.0000000000
46797  35.956  -15.032  72.093 0.0000000000
135006  35.259  -14.388  70.660 0.0000000000
46839  33.628  -13.934  69.416 0.0000000000
47918  32.975  -13.781  68.981 0.0000000000
47919  32.164  -13.999  69.247 0.0000000000
46854  30.836  -14.068  69.014 0.0000000000
46855  30.162  -14.160  68.950 0.0000000000
43333  33.555  -17.438  75.792 0.0000000000
43335  31.723  -17.600  75.446 0.0000000000
44484  32.330  -17.069  74.710 0.0000000000
44511  31.302  -16.207  72.917 0.0000000000
43361  29.770  -17.269  73.991 0.0000000000
127834  29.243  -17.153  73.377 0.0000000000
44503  30.063  -16.741  73.384 0.0000000000
44502  30.813  -16.547  73.457 0.0000000000
45652  31.031  -15.811  72.155 0.0000000000
45666  30.418  -15.551  71.462 0.0000000000
120076  29.972  -15.252  70.839 0.0000000000
45679  29.647  -14.958  70.319 0.0000000000
46857  28.522  -14.360  68.610 0.0000000000
45706  26.359  -15.685  68.536 0.0000000000
45721  26.004  -15.407  67.803 0.0000000000
45733  24.406  -16.133  66.371 0.0000000000
44584  23.896  -16.767  66.216 0.0000000000
43410  24.589  -18.340  68.440 0.0000000000
131748  24.134  -18.497  67.897 0.0000000000
44574  23.430  -17.745  66.498 0.0000000000
42396  21.094  -18.375  64.817 0.0000000000
43433  21.562  -17.907  65.769 0.0000000000
64148  47.726  1.632  52.441 0.0000000000
64160  46.481  1.277  51.597 0.0000000000
63164  46.191  0.781  50.748 0.0000000000
63152  45.097  0.914  51.953 0.0000000000
63178  45.424  0.249  50.580 0.0000000000
62078  45.869  0.096  50.035 0.0000000000
121322  43.391  -0.881  53.223 0.0000000000
62067  43.544  -0.934  51.914 0.0000000000
61025  43.749  -1.312  51.187 0.0000000000
59929  44.048  -2.892  51.377 0.0000000000
59932  44.026  -2.466  50.731 0.0000000000
61030  44.033  -1.768  50.585 0.0000000000
58853  44.685  -3.099  49.853 0.0000000000
57740  46.704  -3.785  54.043 0.0000000000
45486  27.573  -14.926  83.236 0.0000000000
44358  25.414  -16.422  82.479 0.0000000000
43249  23.368  -17.410  81.844 0.0000000000
43265  22.914  -17.360  81.344 0.0000000000
43266  22.310  -17.456  81.128 0.0000000000
43252  20.676  -17.977  81.748 0.0000000000
43281  19.930  -17.942  79.997 0.0000000000
43282  19.167  -17.903  79.454 0.0000000000
45472  20.308  -16.272  84.660 0.0000000000
133491  19.577  -16.804  81.535 0.0000000000
45524  19.291  -15.909  80.979 0.0000000000
44389  19.165  -16.648  80.094 0.0000000000
44408  18.822  -17.415  79.364 0.0000000000
44429  18.568  -17.709  78.621 0.0000000000
44441  18.210  -17.914  77.803 0.0000000000
45574  17.823  -16.848  77.470 0.0000000000
142003  17.408  -16.160  76.709 0.0000000000
45575  16.421  -15.308  76.376 0.0000000000
47794  15.706  -13.688  78.611 0.0000000000
62055  58.073  -0.251  52.349 0.0000000000
63147  56.675  0.246  52.500 0.0000000000
63148  55.817  0.393  52.370 0.0000000000
63138  56.307  0.528  54.015 0.0000000000
126473  55.417  0.565  53.016 0.0000000000
63141  54.072  0.842  53.113 0.0000000000
64143  53.305  0.959  52.855 0.0000000000
64093  56.051  1.002  56.425 0.0000000000
64115  55.283  1.005  55.626 0.0000000000
64094  55.228  1.268  56.403 0.0000000000
64116  54.663  1.009  54.906 0.0000000000
64131  53.445  1.135  53.631 0.0000000000
64145  51.674  1.288  52.972 0.0000000000
64133  51.610  1.406  53.677 0.0000000000
64134  50.889  1.402  53.266 0.0000000000
64135  49.993  1.476  53.287 0.0000000000
134112  49.126  1.618  53.302 0.0000000000
65081  52.930  2.823  58.195 0.0000000000
124644  50.598  2.501  56.291 0.0000000000
64100  49.888  1.896  55.053 0.0000000000
65176  49.164  1.934  54.718 0.0000000000
64121  48.735  1.826  54.052 0.0000000000
64122  47.806  2.006  54.013 0.0000000000
119315  46.953  2.042  53.946 0.0000000000
64123  46.409  2.032  54.446 0.0000000000
65153  47.715  2.416  55.775 0.0000000000
141565  45.948  1.860  54.191 0.0000000000
64124  45.617  1.769  54.701 0.0000000000
124753  44.867  1.426  55.126 0.0000000000
64103  44.565  1.183  55.863 0.0000000000
65082  47.010  2.795  58.020 0.0000000000
65107  46.397  2.460  57.527 0.0000000000
129096  44.004  0.497  55.960 0.0000000000
62034  43.837  0.054  56.300 0.0000000000
62039  43.831  -0.654  55.986 0.0000000000
61004  44.586  -1.225  56.441 0.0000000000
62012  44.714  0.273  58.102 0.0000000000
62024  44.551  -0.245  57.515 0.0000000000
61003  45.389  -1.705  56.570 0.0000000000
138779  46.488  -2.476  56.743 0.0000000000
66080  47.107  2.623  62.496 0.0000000000
63041  47.885  0.881  62.450 0.0000000000
63050  48.450  0.222  61.740 0.0000000000
63042  47.700  0.661  61.888 0.0000000000
63052  46.606  1.045  61.314 0.0000000000
63062  46.169  0.855  60.637 0.0000000000
61999  46.491  -0.296  59.554 0.0000000000
60968  47.900  -1.386  59.373 0.0000000000
60982  46.646  -1.353  58.346 0.0000000000
59884  46.812  -2.325  57.330 0.0000000000
57710  47.846  -4.626  56.594 0.0000000000
58765  50.400  -4.259  59.427 0.0000000000
139436  50.556  -5.348  59.352 0.0000000000
56616  50.324  -6.762  59.131 0.0000000000
56631  50.319  -7.023  58.774 0.0000000000
55521  49.954  -7.427  58.137 0.0000000000
64955  53.381  1.783  66.999 0.0000000000
62990  53.590  0.698  66.367 0.0000000000
61903  53.902  0.024  65.932 0.0000000000
60868  53.316  -1.243  64.921 0.0000000000
59732  50.574  -1.949  69.591 0.0000000000
58661  46.973  -3.785  67.663 0.0000000000
60826  49.237  -1.719  68.446 0.0000000000
60825  50.419  -1.511  68.884 0.0000000000
60824  51.086  -1.267  69.105 0.0000000000
60840  50.635  -0.717  68.242 0.0000000000
61889  51.248  -0.346  67.624 0.0000000000
138382  51.464  -0.336  66.647 0.0000000000
61907  49.350  -0.544  66.447 0.0000000000
61924  52.499  -0.523  65.925 0.0000000000
60883  52.768  -1.819  64.253 0.0000000000
60900  52.236  -2.359  63.665 0.0000000000
59805  49.773  -2.889  62.561 0.0000000000
58715  49.441  -3.321  62.004 0.0000000000
58750  47.777  -3.822  60.503 0.0000000000
60937  46.990  -1.838  61.998 0.0000000000
59819  46.745  -2.270  61.323 0.0000000000
59834  47.295  -2.990  60.885 0.0000000000
58766  47.257  -4.117  59.756 0.0000000000
58779  45.448  -3.719  58.412 0.0000000000
120412  41.909  -2.418  57.116 0.0000000000
121220  41.995  -2.625  56.371 0.0000000000
59909  41.272  -2.702  55.825 0.0000000000
56594  40.955  -5.227  61.936 0.0000000000
57657  40.684  -4.814  61.256 0.0000000000
56607  40.076  -5.089  60.809 0.0000000000
56596  39.607  -5.665  61.045 0.0000000000
56608  39.436  -5.293  60.399 0.0000000000
57666  39.848  -4.733  60.188 0.0000000000
57698  38.550  -4.517  58.474 0.0000000000
57713  37.918  -4.466  57.781 0.0000000000
55507  36.870  -6.174  59.797 0.0000000000
140756  37.214  -5.860  59.398 0.0000000000
56636  36.681  -5.396  58.317 0.0000000000
56635  37.518  -5.489  58.919 0.0000000000
50220  38.236  -11.403  69.743 0.0000000000
50236  37.075  -10.927  68.548 0.0000000000
50222  36.833  -11.762  68.924 0.0000000000
52333  35.722  -9.752  66.366 0.0000000000
49020  34.693  -12.834  67.801 0.0000000000
49048  34.561  -12.202  67.164 0.0000000000
50266  33.505  -11.835  66.110 0.0000000000
50265  34.217  -11.692  66.477 0.0000000000
50264  34.855  -11.469  66.819 0.0000000000
144064  35.051  -11.000  66.679 0.0000000000
51367  35.051  -10.125  65.970 0.0000000000
141869  34.540  -9.367  64.813 0.0000000000
52382  33.998  -9.418  64.363 0.0000000000
123457  33.936  -8.815  63.740 0.0000000000
53418  33.154  -8.844  63.140 0.0000000000
53427  32.620  -8.350  62.340 0.0000000000
53432  32.009  -8.190  61.830 0.0000000000
54468  31.737  -7.765  61.289 0.0000000000
49054  29.041  -12.888  66.164 0.0000000000
49067  27.886  -12.680  65.287 0.0000000000
49066  28.753  -12.557  65.398 0.0000000000
49078  29.252  -12.189  64.844 0.0000000000
50297  29.777  -11.802  64.341 0.0000000000
49114  26.062  -11.897  62.791 0.0000000000
50311  26.994  -11.683  63.245 0.0000000000
50325  26.658  -11.372  62.333 0.0000000000
131924  27.955  -11.378  63.209 0.0000000000
50309  29.424  -11.406  63.600 0.0000000000
51399  30.041  -11.002  63.165 0.0000000000
51410  30.432  -10.478  62.748 0.0000000000
52391  30.756  -9.836  62.362 0.0000000000
52401  28.684  -9.818  61.220 0.0000000000
52400  29.529  -9.591  61.480 0.0000000000
52399  30.320  -9.385  61.735 0.0000000000
53434  30.632  -8.660  61.374 0.0000000000
53441  30.978  -7.979  61.000 0.0000000000
54475  30.608  -7.594  60.267 0.0000000000
62107  57.092  -0.811  48.627 0.0000000000
62158  57.612  -0.261  45.838 0.0000000000
62161  54.633  -0.549  45.669 0.0000000000
64168  47.693  1.246  50.992 0.0000000000
63177  47.991  0.893  50.223 0.0000000000
62097  47.151  -0.205  49.147 0.0000000000
62096  48.108  -0.105  48.954 0.0000000000
41405  32.833  -19.235  79.839 0.0000000000
42283  34.068  -18.898  78.931 0.0000000000
42350  25.866  -19.061  71.060 0.0000000000
43301  36.049  -18.227  78.064 0.0000000000
43302  35.342  -18.201  77.622 0.0000000000
43374  16.887  -16.915  71.932 0.0000000000
44433  39.608  -16.152  77.058 0.0000000000
45643  18.621  -15.458  72.980 0.0000000000
45672  18.425  -15.238  70.883 0.0000000000
45710  20.512  -15.314  68.180 0.0000000000
45751  22.846  -15.844  64.153 0.0000000000
45779  22.268  -15.519  61.786 0.0000000000
46699  15.368  -14.187  77.911 0.0000000000
46849  19.856  -14.703  69.651 0.0000000000
48829  16.456  -12.233  82.515 0.0000000000
49097  25.509  -12.453  63.215 0.0000000000
52299  40.362  -9.191  69.156 0.0000000000
57597  45.851  -4.332  66.830 0.0000000000
58714  50.324  -3.562  62.194 0.0000000000
58807  38.400  -3.316  56.129 0.0000000000
59927  43.609  -2.044  52.485 0.0000000000
59933  43.705  -2.106  51.218 0.0000000000
59937  44.465  -2.300  50.051 0.0000000000
60867  53.884  -0.971  64.741 0.0000000000
61876  51.443  -0.512  68.597 0.0000000000
61937  53.970  -0.722  64.585 0.0000000000
62040  43.625  -0.214  55.633 0.0000000000
62066  44.046  -0.500  51.352 0.0000000000
63003  53.764  0.435  65.367 0.0000000000
63015  53.609  0.196  64.610 0.0000000000
63115  44.157  0.811  55.098 0.0000000000
63116  43.665  0.168  55.479 0.0000000000
63950  53.469  1.206  66.961 0.0000000000
63978  50.865  1.677  65.484 0.0000000000
64137  45.633  1.531  53.178 0.0000000000
64957  52.608  2.987  67.240 0.0000000000
64974  52.546  2.737  66.870 0.0000000000
65129  45.744  2.100  57.029 0.0000000000
66157  47.843  2.986  57.747 0.0000000000
120416  25.343  -16.437  76.357 0.0000000000
120850  37.300  -17.592  77.714 0.0000000000
121095  53.064  -0.157  63.896 0.0000000000
123299  20.857  -14.435  70.043 0.0000000000
124551  52.825  1.344  54.028 0.0000000000
124764  43.797  -1.198  55.312 0.0000000000
126310  46.424  1.698  53.041 0.0000000000
126569  19.634  -15.982  68.112 0.0000000000
127599  45.583  -0.521  49.709 0.0000000000
134262  43.491  -0.672  52.580 0.0000000000
135301  45.259  0.579  51.187 0.0000000000
135844  50.455  1.513  53.924 0.0000000000
137304  33.167  -12.276  66.425 0.0000000000
137934  21.102  -18.123  63.392 0.0000000000
138725  53.857  -1.109  64.361 0.0000000000
139379  17.641  -13.116  82.191 0.0000000000
139402  36.160  -17.480  76.624 0.0000000000
139513  34.220  -18.454  79.500 0.0000000000
139722  53.647  0.736  65.919 0.0000000000
140919  47.401  0.665  50.021 0.0000000000
142190  25.866  -17.213  81.871 0.0000000000
143317  51.681  -4.180  61.336 0.0000000000
143774  30.811  -19.612  78.209 0.0000000000
