#!ascii label  , from subject sub-v2s12x28882_ses-1 vox2ras=TkReg
852
15961  -39.743  -49.423  -11.201 0.5000000000
16750  -38.241  -48.578  -11.085 0.8000000119
17544  -37.014  -46.958  -9.105 0.8000000119
16742  -37.629  -47.744  -10.182 0.8000000119
16743  -38.625  -47.864  -10.777 0.8000000119
15199  -38.880  -50.041  -10.635 0.5000000000
15959  -37.765  -49.272  -11.224 0.5000000000
16751  -39.294  -48.756  -11.377 0.6000000238
18373  -37.255  -45.350  -8.543 0.6999999881
17545  -37.580  -46.216  -8.943 0.6999999881
17555  -38.914  -47.106  -10.312 0.8000000119
17562  -39.609  -48.024  -11.215 0.6999999881
143601  -38.603  -49.851  -9.955 0.6000000238
15200  -39.484  -49.752  -10.865 0.5000000000
141391  -40.377  -49.132  -11.156 0.6000000238
135292  -35.603  -44.026  -8.734 0.6999999881
134244  -40.238  -48.865  -11.356 0.6000000238
15962  -41.081  -48.569  -11.111 0.6000000238
20087  -37.747  -44.012  -8.835 0.6999999881
133248  -36.469  -45.033  -8.329 0.6999999881
131987  -39.133  -46.474  -9.853 0.6999999881
16752  -42.024  -48.307  -11.103 0.6000000238
17556  -39.808  -47.208  -10.710 0.8000000119
17557  -40.733  -47.204  -11.032 0.8000000119
17564  -41.513  -48.064  -11.375 0.6999999881
15933  -39.664  -48.919  -9.703 0.4000000060
15951  -40.670  -48.913  -10.618 0.6000000238
20097  -36.452  -42.910  -9.630 0.6999999881
16745  -42.234  -48.198  -10.688 0.6000000238
20098  -37.375  -43.104  -9.427 0.6999999881
20099  -38.573  -44.123  -8.920 0.6999999881
18374  -38.011  -45.548  -8.881 0.6999999881
145391  -40.140  -45.312  -9.605 0.6999999881
18386  -40.831  -46.175  -10.424 0.6000000238
18392  -41.680  -47.245  -11.237 0.6999999881
18395  -44.359  -46.834  -11.014 0.5000000000
19218  -40.926  -45.062  -9.688 0.6000000238
18387  -41.754  -46.219  -10.661 0.6000000238
19224  -43.439  -45.963  -10.723 0.6000000238
135836  -42.417  -44.926  -10.109 0.6000000238
19219  -43.184  -44.594  -10.205 0.5000000000
16732  -39.066  -48.137  -8.652 0.4000000060
16733  -40.056  -48.136  -9.260 0.5000000000
20936  -35.922  -41.998  -10.018 0.6999999881
131217  -40.986  -48.442  -10.000 0.6000000238
17549  -41.904  -47.271  -9.593 0.6000000238
124204  -38.333  -43.306  -9.250 0.6999999881
17559  -43.384  -47.796  -10.935 0.6000000238
132773  -39.145  -43.832  -9.100 0.6999999881
17560  -44.004  -47.181  -11.031 0.5000000000
17561  -44.587  -46.571  -10.748 0.6000000238
20101  -40.551  -43.858  -9.332 0.6999999881
20102  -41.476  -44.272  -9.581 0.6000000238
19225  -44.874  -45.504  -10.594 0.5000000000
18396  -45.125  -46.094  -10.456 0.5000000000
22640  -34.502  -40.589  -9.606 0.6000000238
22641  -35.402  -40.350  -9.244 0.6000000238
17546  -39.268  -47.325  -8.226 0.5000000000
17547  -40.040  -47.132  -8.529 0.5000000000
140125  -35.582  -40.568  -9.915 0.6999999881
20948  -35.298  -41.092  -10.171 0.6999999881
17548  -40.856  -47.089  -8.902 0.5000000000
18376  -42.080  -46.229  -8.869 0.4000000060
20937  -36.979  -42.046  -9.819 0.6999999881
136002  -37.836  -42.543  -9.567 0.6999999881
141865  -39.478  -42.485  -9.473 0.6999999881
18377  -43.124  -46.255  -9.332 0.5000000000
131026  -40.217  -42.997  -9.370 0.6999999881
130718  -41.078  -43.089  -9.401 0.6000000238
18379  -45.134  -46.160  -9.870 0.5000000000
20103  -42.167  -43.628  -9.670 0.6000000238
136700  -45.699  -45.826  -9.973 0.5000000000
20941  -42.456  -42.682  -9.714 0.5000000000
20942  -43.344  -42.795  -10.077 0.5000000000
19220  -43.981  -44.166  -10.415 0.5000000000
20108  -46.135  -44.290  -10.499 0.5000000000
20107  -45.083  -44.279  -10.556 0.5000000000
19222  -47.243  -43.952  -10.162 0.3000000119
19200  -40.805  -44.636  -7.461 0.3000000119
21795  -35.172  -41.119  -7.629 0.6000000238
21805  -34.865  -40.712  -8.622 0.6000000238
18364  -40.503  -45.445  -7.709 0.4000000060
18365  -41.349  -45.308  -8.046 0.4000000060
22649  -37.393  -40.114  -9.638 0.6000000238
19212  -43.311  -45.298  -8.665 0.5000000000
21817  -38.095  -40.849  -9.712 0.6999999881
127448  -38.801  -41.654  -9.640 0.6999999881
18378  -44.205  -46.277  -9.689 0.5000000000
20939  -40.334  -42.260  -9.488 0.5000000000
19214  -45.324  -45.124  -9.331 0.5000000000
20940  -41.102  -42.111  -9.522 0.5000000000
20105  -46.788  -44.479  -9.879 0.4000000060
19221  -46.588  -44.767  -10.032 0.3000000119
20944  -47.402  -43.779  -9.885 0.4000000060
20950  -45.398  -43.254  -10.560 0.5000000000
132953  -46.577  -43.384  -10.548 0.4000000060
22629  -35.708  -40.783  -6.931 0.6000000238
22633  -35.701  -40.619  -8.149 0.6000000238
22642  -36.260  -39.996  -8.809 0.6000000238
22648  -36.677  -39.907  -9.458 0.6000000238
23461  -37.377  -39.524  -9.357 0.6000000238
20088  -43.493  -44.449  -8.391 0.3000000119
19213  -44.315  -45.319  -9.018 0.4000000060
20089  -44.217  -44.207  -8.554 0.3000000119
121797  -39.041  -40.780  -9.641 0.6000000238
127615  -39.689  -41.559  -9.582 0.6999999881
20929  -44.841  -42.820  -8.518 0.3000000119
20090  -45.006  -43.865  -8.719 0.3000000119
121453  -39.966  -40.730  -9.602 0.6000000238
21807  -45.922  -41.594  -8.798 0.3000000119
20930  -45.619  -43.488  -8.875 0.3000000119
120892  -40.885  -40.734  -9.594 0.5000000000
135881  -40.525  -41.460  -9.567 0.5000000000
21818  -41.237  -41.430  -9.562 0.5000000000
21821  -47.974  -42.319  -9.580 0.3000000119
131391  -47.081  -42.790  -9.380 0.3000000119
125234  -42.704  -41.856  -9.756 0.5000000000
122873  -43.715  -41.856  -10.191 0.5000000000
20945  -48.737  -42.165  -10.034 0.3000000119
21820  -42.924  -40.989  -9.716 0.5000000000
128613  -47.098  -42.479  -10.594 0.4000000060
21826  -48.127  -42.365  -10.439 0.3000000119
22630  -36.383  -40.041  -6.586 0.5000000000
22634  -36.341  -40.213  -7.602 0.6000000238
23448  -36.844  -39.653  -8.022 0.5000000000
22650  -38.375  -39.986  -9.649 0.6000000238
143361  -38.217  -38.996  -9.444 0.5000000000
22646  -46.511  -40.920  -8.969 0.3000000119
22651  -39.335  -39.936  -9.615 0.6000000238
23459  -46.978  -39.509  -8.939 0.3000000119
21808  -47.018  -41.782  -9.231 0.3000000119
120648  -40.322  -39.893  -9.590 0.6000000238
21819  -41.903  -41.018  -9.550 0.5000000000
22659  -43.791  -40.776  -10.026 0.5000000000
128902  -46.256  -41.376  -10.555 0.4000000060
22661  -45.500  -40.474  -10.461 0.4000000060
23443  -36.971  -39.214  -6.450 0.5000000000
23444  -37.216  -39.239  -7.401 0.5000000000
23449  -37.345  -39.207  -8.287 0.5000000000
23454  -36.959  -39.535  -8.882 0.5000000000
24330  -38.290  -38.335  -9.003 0.5000000000
24332  -45.629  -38.427  -8.352 0.3000000119
23458  -45.828  -39.153  -8.533 0.3000000119
23463  -39.675  -39.091  -9.544 0.6000000238
22652  -41.402  -39.901  -9.574 0.5000000000
22654  -43.075  -40.093  -9.613 0.5000000000
139371  -48.755  -40.951  -10.529 0.4000000060
23475  -47.048  -39.667  -10.604 0.4000000060
138471  -37.493  -38.736  -6.940 0.5000000000
24323  -37.664  -38.739  -7.755 0.5000000000
24324  -38.184  -38.247  -8.151 0.5000000000
24328  -45.100  -37.978  -8.084 0.4000000060
25257  -45.346  -37.269  -7.780 0.4000000060
24337  -38.489  -38.616  -9.342 0.5000000000
24338  -39.143  -38.403  -9.455 0.5000000000
25261  -45.948  -37.779  -8.257 0.4000000060
25262  -47.083  -37.588  -8.529 0.3000000119
25266  -39.534  -37.704  -9.404 0.4000000060
24334  -48.136  -38.392  -9.173 0.3000000119
23464  -40.664  -38.905  -9.578 0.4000000060
23465  -42.261  -39.472  -9.554 0.4000000060
23474  -45.796  -39.711  -10.439 0.4000000060
25246  -37.567  -38.185  -6.137 0.5000000000
136523  -38.187  -37.658  -6.683 0.5000000000
25253  -38.568  -37.582  -7.569 0.5000000000
26259  -44.827  -36.903  -7.359 0.4000000060
25265  -38.859  -37.939  -9.236 0.5000000000
25254  -39.085  -37.267  -8.193 0.4000000060
26261  -46.485  -36.138  -7.753 0.4000000060
26266  -47.241  -36.661  -8.357 0.4000000060
25260  -39.373  -37.256  -9.008 0.4000000060
25267  -40.180  -37.506  -9.501 0.4000000060
25263  -48.506  -37.236  -9.060 0.4000000060
24340  -41.239  -38.175  -9.581 0.4000000060
24341  -42.179  -38.401  -9.561 0.4000000060
24342  -43.165  -38.145  -9.533 0.4000000060
23472  -43.981  -39.774  -9.825 0.4000000060
24343  -44.122  -38.306  -9.646 0.4000000060
24347  -45.946  -38.792  -10.397 0.4000000060
24349  -48.901  -38.593  -10.759 0.4000000060
24348  -47.412  -38.705  -10.636 0.4000000060
25242  -38.088  -37.255  -6.024 0.5000000000
25247  -38.588  -37.002  -6.711 0.4000000060
27165  -44.830  -35.493  -6.397 0.4000000060
26260  -45.513  -36.406  -7.395 0.4000000060
26256  -39.058  -36.908  -7.460 0.4000000060
26270  -40.492  -36.910  -9.424 0.4000000060
26262  -47.270  -35.920  -8.129 0.4000000060
25268  -40.873  -37.405  -9.566 0.4000000060
125733  -41.661  -37.462  -9.563 0.4000000060
24350  -49.655  -38.399  -10.592 0.3000000119
24346  -44.951  -38.523  -9.946 0.4000000060
26245  -38.586  -36.438  -5.893 0.4000000060
121182  -39.111  -36.448  -6.706 0.5000000000
26250  -39.529  -36.536  -7.347 0.4000000060
27167  -46.271  -34.848  -7.063 0.4000000060
139201  -40.036  -36.396  -7.631 0.4000000060
26257  -39.653  -36.793  -8.189 0.4000000060
27174  -41.022  -36.143  -8.409 0.4000000060
26263  -40.071  -36.720  -9.095 0.4000000060
26271  -41.270  -36.801  -9.460 0.4000000060
26272  -42.207  -36.798  -9.462 0.4000000060
139984  -42.919  -37.273  -9.515 0.4000000060
128866  -43.716  -37.466  -9.562 0.4000000060
25274  -47.826  -37.693  -10.668 0.4000000060
25272  -45.426  -38.004  -10.092 0.4000000060
25273  -46.395  -37.860  -10.397 0.4000000060
26246  -39.286  -35.901  -6.093 0.4000000060
27161  -39.837  -35.551  -6.195 0.4000000060
26251  -39.832  -36.054  -6.837 0.4000000060
27168  -40.645  -35.999  -7.513 0.4000000060
27175  -41.584  -36.014  -8.753 0.4000000060
26265  -41.764  -36.303  -9.227 0.4000000060
124547  -48.952  -37.529  -10.796 0.4000000060
27181  -42.597  -36.143  -9.246 0.4000000060
26273  -43.255  -36.614  -9.451 0.4000000060
27182  -43.442  -35.934  -9.244 0.4000000060
129459  -44.300  -36.889  -9.578 0.4000000060
25270  -45.463  -37.130  -9.869 0.4000000060
27156  -39.539  -35.313  -5.649 0.4000000060
27162  -40.450  -35.519  -6.572 0.4000000060
27163  -41.223  -35.436  -6.984 0.4000000060
28015  -41.938  -35.289  -7.374 0.4000000060
27169  -41.448  -35.791  -7.859 0.4000000060
28016  -42.511  -35.175  -7.669 0.4000000060
27176  -42.308  -35.841  -8.887 0.4000000060
27177  -43.060  -35.659  -8.933 0.4000000060
27178  -43.896  -35.397  -8.882 0.4000000060
26276  -47.218  -35.999  -10.305 0.3000000119
27184  -45.478  -35.493  -9.476 0.4000000060
26278  -46.792  -36.910  -10.364 0.4000000060
27995  -39.940  -34.715  -5.279 0.4000000060
27157  -40.234  -35.088  -5.884 0.4000000060
27987  -40.484  -34.063  -4.831 0.4000000060
28006  -41.006  -34.953  -6.184 0.4000000060
28007  -41.746  -34.779  -6.621 0.4000000060
28022  -42.913  -35.360  -8.260 0.4000000060
145434  -43.525  -35.235  -8.502 0.4000000060
133250  -48.837  -36.047  -10.531 0.4000000060
128191  -48.212  -35.765  -10.505 0.3000000119
27183  -44.382  -35.697  -9.254 0.4000000060
26275  -46.027  -36.205  -9.860 0.5000000000
27185  -46.606  -35.345  -9.891 0.4000000060
28028  -44.970  -34.838  -8.965 0.5000000000
28811  -40.565  -33.338  -4.309 0.4000000060
28812  -41.141  -33.343  -4.797 0.4000000060
122173  -41.129  -33.910  -5.244 0.4000000060
28826  -41.638  -33.315  -5.350 0.4000000060
27997  -41.548  -34.154  -5.851 0.4000000060
132362  -44.183  -34.708  -8.426 0.4000000060
28029  -46.253  -34.504  -9.567 0.5000000000
28795  -40.534  -32.694  -3.767 0.4000000060
29654  -41.117  -32.625  -4.369 0.4000000060
29664  -41.615  -32.534  -4.966 0.4000000060
28025  -45.734  -33.823  -9.065 0.5000000000
29643  -40.418  -32.053  -3.155 0.4000000060
29644  -41.034  -31.932  -3.857 0.4000000060
30537  -41.501  -31.806  -4.597 0.4000000060
28865  -45.397  -33.119  -8.691 0.5000000000
139265  -40.112  -30.410  -1.909 0.4000000060
30511  -40.187  -31.496  -2.540 0.4000000060
134331  -40.399  -30.769  -2.438 0.4000000060
30525  -40.802  -31.169  -3.239 0.4000000060
30526  -41.350  -31.091  -4.165 0.5000000000
30493  -39.892  -31.024  -1.936 0.4000000060
22660  -44.616  -40.540  -10.302 0.5000000000
126543  -46.681  -40.554  -10.569 0.4000000060
15216  -38.748  -50.044  -11.260 0.5000000000
16741  -36.703  -47.783  -9.642 0.8000000119
17543  -36.096  -46.620  -8.448 0.8000000119
18371  -35.807  -45.604  -8.095 0.6999999881
15198  -38.108  -50.193  -10.001 0.5000000000
19198  -35.709  -44.668  -8.326 0.6999999881
140892  -37.471  -49.829  -9.215 0.5000000000
20084  -35.149  -43.516  -9.244 0.6999999881
15179  -38.118  -49.436  -9.223 0.4000000060
20096  -35.550  -42.860  -9.774 0.6999999881
144238  -35.234  -40.454  -9.749 0.6999999881
16718  -38.501  -47.497  -7.858 0.4000000060
17533  -38.695  -46.668  -7.506 0.4000000060
21804  -33.911  -40.757  -8.986 0.6000000238
18363  -39.697  -45.603  -7.435 0.4000000060
21781  -34.907  -41.405  -6.812 0.6000000238
22620  -35.862  -40.419  -5.901 0.5000000000
23437  -36.362  -39.666  -5.701 0.5000000000
24315  -36.803  -38.810  -5.476 0.4000000060
26244  -37.905  -36.794  -5.354 0.4000000060
26238  -37.584  -36.444  -4.710 0.4000000060
26239  -38.214  -36.069  -5.096 0.4000000060
27148  -38.515  -35.371  -4.754 0.4000000060
27149  -39.206  -35.015  -5.041 0.4000000060
27986  -39.639  -34.399  -4.636 0.4000000060
121101  -39.984  -33.360  -3.795 0.4000000060
28794  -39.448  -33.396  -3.341 0.4000000060
29624  -39.233  -32.497  -2.338 0.4000000060
31348  -39.583  -30.446  -1.520 0.4000000060
15949  -37.216  -48.460  -10.554 0.8000000119
17554  -38.016  -47.001  -9.735 0.8000000119
15180  -39.147  -49.557  -10.021 0.5000000000
18372  -36.737  -46.000  -8.455 0.6999999881
19216  -39.263  -44.909  -9.160 0.6999999881
17565  -42.417  -48.094  -11.244 0.6999999881
17550  -42.962  -47.246  -9.975 0.6000000238
18394  -43.588  -47.245  -11.146 0.6000000238
19223  -42.614  -46.166  -10.730 0.6000000238
21815  -36.192  -41.084  -10.044 0.6999999881
18388  -43.901  -47.125  -10.447 0.5000000000
22647  -35.901  -40.284  -9.565 0.6000000238
121909  -39.458  -46.458  -7.759 0.5000000000
18375  -41.100  -46.212  -8.467 0.5000000000
19211  -42.286  -45.229  -8.371 0.3000000119
130287  -44.660  -42.315  -10.481 0.5000000000
24336  -37.901  -38.932  -9.301 0.6000000238
22653  -42.315  -40.307  -9.562 0.5000000000
21825  -44.550  -41.435  -10.402 0.5000000000
127786  -44.887  -39.778  -10.255 0.4000000060
23466  -43.080  -39.138  -9.545 0.4000000060
121796  -48.539  -39.634  -10.721 0.4000000060
25269  -44.651  -37.722  -9.703 0.4000000060
27155  -38.865  -35.664  -5.431 0.4000000060
137029  -26.388  -54.988  -11.346 0.4000000060
127094  -26.616  -55.496  -11.595 0.4000000060
11689  -28.160  -55.100  -9.871 0.4000000060
10941  -28.827  -55.301  -9.786 0.4000000060
11688  -27.374  -54.606  -10.250 0.4000000060
145496  -27.916  -54.392  -9.604 0.4000000060
11673  -28.651  -54.632  -9.445 0.4000000060
12371  -29.233  -54.055  -9.159 0.4000000060
12384  -31.054  -53.271  -10.882 0.5000000000
12383  -27.281  -53.618  -9.938 0.4000000060
137475  -28.288  -53.706  -9.142 0.4000000060
12356  -29.058  -53.172  -8.722 0.5000000000
13050  -30.378  -52.659  -9.536 0.5000000000
13741  -30.909  -52.049  -10.056 0.6000000238
13060  -27.056  -52.527  -10.241 0.4000000060
125105  -27.637  -52.960  -9.432 0.4000000060
13033  -28.963  -52.248  -8.622 0.4000000060
13061  -30.837  -52.770  -10.345 0.5000000000
16731  -38.313  -48.129  -8.215 0.3000000119
15916  -37.669  -48.571  -8.198 0.4000000060
18362  -38.922  -45.809  -7.191 0.3000000119
13073  -31.822  -52.459  -11.480 0.5000000000
14442  -36.872  -51.041  -10.404 0.5000000000
15178  -36.769  -49.885  -8.835 0.4000000060
14455  -27.665  -50.067  -10.459 0.4000000060
13034  -29.697  -52.514  -8.848 0.5000000000
13726  -30.320  -51.790  -9.111 0.5000000000
13724  -27.783  -51.013  -9.849 0.4000000060
13725  -28.347  -51.756  -8.984 0.4000000060
13742  -31.574  -51.658  -10.822 0.6000000238
13752  -32.246  -51.941  -11.505 0.6000000238
13753  -33.177  -51.948  -11.755 0.6999999881
13755  -35.311  -52.009  -11.636 0.6999999881
13746  -36.640  -51.400  -11.060 0.6999999881
13754  -34.381  -52.074  -11.886 0.6999999881
13711  -30.122  -50.940  -8.860 0.5000000000
13727  -30.984  -50.971  -9.672 0.6000000238
14457  -31.822  -50.630  -10.522 0.6000000238
123488  -28.403  -50.222  -9.660 0.4000000060
14438  -29.693  -50.184  -8.979 0.5000000000
134202  -31.443  -49.980  -9.874 0.6000000238
14459  -33.601  -50.443  -11.042 0.6000000238
14467  -33.427  -51.202  -11.435 0.6000000238
13743  -32.406  -51.252  -11.217 0.6000000238
14468  -34.476  -51.224  -11.540 0.6999999881
14462  -37.322  -51.006  -11.019 0.6000000238
14443  -37.656  -50.655  -10.577 0.5000000000
122374  -29.341  -48.704  -9.630 0.6000000238
127705  -30.051  -48.614  -9.309 0.6000000238
15942  -30.865  -48.687  -9.215 0.6999999881
15194  -31.773  -49.366  -9.807 0.6000000238
15208  -32.265  -49.778  -10.244 0.6000000238
15209  -33.754  -49.761  -10.576 0.6000000238
15191  -29.056  -49.569  -9.496 0.5000000000
14439  -30.627  -49.949  -9.350 0.6000000238
14460  -34.494  -50.385  -11.125 0.6000000238
14461  -35.329  -50.300  -11.183 0.6999999881
15215  -36.707  -50.457  -11.331 0.6999999881
14470  -36.160  -50.920  -11.396 0.6999999881
14463  -37.860  -50.642  -11.010 0.6000000238
13757  -36.859  -51.129  -11.213 0.6999999881
15926  -30.229  -48.154  -8.847 0.6000000238
15927  -31.247  -48.483  -8.723 0.6999999881
15928  -32.134  -48.597  -8.721 0.6999999881
15943  -31.746  -48.860  -9.368 0.6999999881
15195  -33.025  -49.267  -10.043 0.6000000238
15213  -38.136  -49.993  -11.354 0.5000000000
15210  -34.616  -49.672  -10.650 0.6999999881
125690  -35.460  -49.632  -10.766 0.6999999881
14471  -37.548  -50.590  -11.229 0.6000000238
16728  -34.467  -47.698  -8.133 0.6999999881
16740  -35.852  -47.954  -9.235 0.6999999881
15912  -32.686  -48.335  -7.914 0.6999999881
15931  -35.012  -48.176  -8.858 0.6000000238
15947  -35.396  -48.565  -9.731 0.5000000000
15945  -33.492  -48.778  -9.286 0.6999999881
15956  -34.933  -49.091  -10.201 0.6999999881
15196  -34.016  -49.158  -10.075 0.6000000238
15211  -36.307  -49.715  -11.045 0.6000000238
16729  -35.407  -47.324  -8.393 0.6999999881
16730  -36.240  -47.334  -8.890 0.6999999881
15197  -37.255  -50.430  -9.688 0.5000000000
15948  -36.283  -48.483  -10.062 0.6000000238
11704  -26.840  -54.995  -10.959 0.4000000060
11675  -30.022  -54.159  -9.733 0.4000000060
13049  -28.299  -52.701  -8.911 0.4000000060
13709  -29.317  -50.959  -8.719 0.4000000060
134553  -28.596  -50.956  -8.977 0.4000000060
13756  -36.096  -51.617  -11.239 0.6999999881
141261  -33.030  -49.897  -10.568 0.6000000238
15192  -29.848  -49.289  -9.288 0.6999999881
15193  -31.185  -49.276  -9.552 0.6000000238
130431  -32.278  -49.190  -9.780 0.6000000238
15929  -33.360  -48.451  -8.447 0.6999999881
15911  -31.699  -48.278  -7.884 0.5000000000
15940  -28.638  -48.103  -9.897 0.4000000060
15941  -29.430  -48.055  -9.385 0.5000000000
16713  -32.068  -47.692  -7.383 0.6000000238
16749  -27.671  -47.831  -10.165 0.4000000060
16738  -28.102  -47.422  -9.678 0.5000000000
16739  -28.841  -47.663  -9.437 0.5000000000
16711  -29.897  -47.588  -8.001 0.5000000000
17527  -31.457  -47.093  -6.994 0.5000000000
17512  -31.708  -46.303  -6.754 0.5000000000
15910  -30.797  -48.035  -7.905 0.5000000000
16714  -32.979  -47.546  -7.384 0.6000000238
124834  -34.058  -46.565  -7.398 0.5000000000
17528  -32.330  -46.895  -6.957 0.5000000000
18360  -33.909  -45.869  -7.235 0.6999999881
18359  -33.198  -45.529  -7.027 0.6000000238
19197  -34.566  -44.870  -7.839 0.6000000238
16737  -27.047  -47.140  -9.852 0.5000000000
17541  -28.173  -46.415  -8.459 0.5000000000
18357  -29.947  -46.353  -7.059 0.5000000000
17511  -30.850  -46.432  -6.827 0.5000000000
17526  -30.532  -47.239  -7.282 0.5000000000
17531  -35.304  -46.404  -7.886 0.6000000238
18358  -32.492  -45.146  -6.930 0.6000000238
19196  -33.781  -44.937  -7.495 0.5000000000
19207  -34.914  -44.237  -8.503 0.6000000238
17540  -27.064  -45.894  -8.927 0.5000000000
17524  -28.890  -46.142  -7.539 0.5000000000
18343  -29.516  -45.320  -7.080 0.5000000000
141924  -30.367  -45.756  -6.815 0.5000000000
19180  -31.759  -44.833  -6.919 0.5000000000
18361  -35.000  -45.576  -7.721 0.6000000238
19205  -33.134  -44.207  -8.064 0.5000000000
19206  -33.949  -44.172  -8.371 0.6000000238
17552  -26.382  -46.240  -9.525 0.5000000000
18370  -27.720  -45.468  -8.190 0.5000000000
18356  -28.407  -44.909  -7.540 0.5000000000
125343  -28.847  -43.503  -7.584 0.5000000000
135762  -28.977  -42.165  -8.363 0.6000000238
19192  -29.674  -44.324  -7.203 0.4000000060
20926  -29.683  -41.368  -8.833 0.4000000060
125779  -29.762  -43.255  -7.777 0.5000000000
19193  -30.515  -44.104  -7.275 0.5000000000
18344  -30.376  -44.985  -6.826 0.4000000060
21800  -30.343  -40.966  -9.041 0.4000000060
21809  -31.018  -41.122  -9.435 0.5000000000
20092  -31.734  -42.525  -9.542 0.5000000000
21792  -31.711  -41.025  -8.692 0.4000000060
125757  -32.281  -43.187  -9.228 0.6000000238
20082  -33.125  -43.473  -9.083 0.6000000238
20083  -34.154  -43.446  -9.329 0.6000000238
20935  -35.029  -42.015  -10.158 0.6000000238
20081  -30.033  -42.190  -8.856 0.5000000000
22637  -31.976  -41.116  -9.496 0.5000000000
21811  -32.340  -41.314  -9.793 0.5000000000
20932  -32.007  -41.799  -9.918 0.5000000000
21793  -32.755  -41.309  -8.423 0.4000000060
20933  -32.872  -41.799  -10.168 0.6000000238
20093  -32.518  -42.613  -9.789 0.6000000238
135973  -33.596  -42.199  -10.198 0.6000000238
21803  -33.024  -40.912  -9.180 0.5000000000
21765  -34.613  -41.490  -5.991 0.3000000119
21780  -34.119  -41.801  -6.625 0.4000000060
124490  -33.457  -41.754  -7.440 0.4000000060
138230  -33.537  -41.292  -8.363 0.5000000000
21813  -33.941  -40.778  -10.035 0.5000000000
21814  -34.802  -40.633  -10.007 0.6000000238
25240  -37.125  -37.971  -5.139 0.3000000119
23436  -35.762  -40.045  -5.107 0.4000000060
26226  -37.110  -36.136  -4.063 0.3000000119
27136  -38.136  -35.041  -4.055 0.3000000119
27147  -37.816  -35.734  -4.430 0.3000000119
27972  -38.502  -34.353  -3.602 0.3000000119
27973  -39.340  -33.978  -3.903 0.3000000119
28793  -38.852  -33.688  -3.135 0.3000000119
28773  -39.201  -33.143  -2.809 0.3000000119
28746  -38.543  -32.441  -1.834 0.3000000119
30510  -39.574  -31.721  -2.090 0.3000000119
21794  -34.357  -41.420  -7.754 0.5000000000
25232  -37.349  -37.186  -4.888 0.3000000119
17530  -34.649  -46.925  -7.715 0.5000000000
17542  -29.051  -47.039  -8.124 0.5000000000
19194  -31.375  -44.047  -7.483 0.5000000000
20094  -33.346  -42.771  -9.908 0.6000000238
14426  -36.420  -50.545  -9.322 0.3000000119
13063  -35.485  -52.287  -11.331 0.6000000238
13745  -36.068  -51.876  -11.095 0.6000000238
15902  -35.495  -48.521  -6.725 0.3000000119
15914  -35.958  -48.916  -7.379 0.3000000119
15915  -36.745  -48.733  -7.731 0.3000000119
15169  -35.596  -49.529  -7.704 0.3000000119
15170  -36.379  -49.373  -8.061 0.3000000119
122822  -37.186  -49.292  -8.486 0.3000000119
13744  -35.566  -52.419  -11.012 0.6000000238
13729  -35.735  -51.769  -10.415 0.5000000000
137504  -34.961  -48.110  -6.154 0.3000000119
16702  -36.444  -47.531  -6.723 0.3000000119
15903  -36.250  -48.268  -7.045 0.3000000119
16716  -37.008  -48.009  -7.388 0.3000000119
14412  -35.123  -50.112  -8.076 0.3000000119
15177  -35.970  -49.985  -8.459 0.3000000119
14440  -35.164  -51.307  -9.392 0.4000000060
131740  -28.714  -48.835  -10.022 0.4000000060
16691  -34.885  -47.404  -5.623 0.3000000119
16701  -35.669  -47.821  -6.418 0.3000000119
17515  -36.590  -46.677  -6.427 0.3000000119
16703  -37.185  -47.207  -7.025 0.3000000119
133311  -30.741  -56.051  -11.518 0.5000000000
10974  -31.307  -55.433  -11.853 0.5000000000
10971  -27.333  -55.835  -11.343 0.4000000060
10972  -28.199  -56.178  -10.999 0.4000000060
10309  -29.973  -56.192  -10.854 0.4000000060
10319  -30.561  -56.780  -11.708 0.5000000000
12407  -32.960  -54.063  -12.537 0.5000000000
11721  -32.720  -54.690  -12.588 0.5000000000
10973  -30.476  -55.431  -11.045 0.5000000000
10958  -29.909  -55.455  -10.369 0.4000000060
11707  -34.447  -54.261  -12.119 0.6000000238
12408  -33.667  -53.916  -12.540 0.6000000238
12401  -32.791  -53.413  -12.268 0.5000000000
11706  -31.749  -54.604  -12.146 0.5000000000
11674  -29.462  -54.930  -9.756 0.3000000119
11690  -30.258  -54.795  -10.413 0.4000000060
11705  -30.926  -54.645  -11.343 0.5000000000
142850  -34.712  -53.481  -11.540 0.6000000238
13078  -33.542  -53.270  -12.288 0.6000000238
12399  -31.326  -53.864  -11.516 0.4000000060
12400  -32.083  -53.785  -12.128 0.5000000000
13052  -34.690  -52.694  -10.462 0.6000000238
13714  -34.200  -51.426  -8.938 0.4000000060
13076  -34.846  -52.868  -11.832 0.6000000238
128541  -32.101  -53.061  -11.859 0.4000000060
15168  -34.795  -49.718  -7.353 0.3000000119
15157  -35.184  -49.172  -7.002 0.3000000119
14424  -34.616  -50.751  -8.485 0.3000000119
13728  -34.885  -51.976  -9.932 0.5000000000
13075  -33.973  -52.769  -12.121 0.6000000238
12387  -35.010  -52.984  -11.467 0.6000000238
12402  -34.622  -53.626  -11.942 0.6000000238
12386  -34.384  -53.983  -11.427 0.5000000000
12374  -33.408  -53.733  -10.238 0.5000000000
12375  -34.528  -53.400  -10.869 0.5000000000
12358  -32.404  -53.505  -9.163 0.4000000060
13051  -33.405  -52.882  -9.654 0.5000000000
11676  -32.427  -54.281  -9.619 0.5000000000
11691  -33.515  -54.545  -10.710 0.5000000000
13035  -32.364  -52.800  -8.577 0.4000000060
120666  -32.970  -52.239  -8.819 0.4000000060
11723  -34.204  -54.393  -12.440 0.5000000000
11692  -34.205  -54.738  -11.746 0.5000000000
13036  -33.855  -52.112  -9.370 0.4000000060
8344  -27.279  -59.997  -13.498 0.3000000119
8952  -26.596  -59.212  -12.581 0.3000000119
8327  -28.396  -59.795  -12.584 0.3000000119
8329  -29.792  -60.409  -12.348 0.3000000119
7702  -30.258  -60.817  -11.585 0.4000000060
8345  -28.119  -60.058  -13.544 0.3000000119
121548  -29.020  -60.052  -13.156 0.3000000119
127819  -30.950  -61.900  -11.112 0.4000000060
7710  -30.557  -60.894  -12.333 0.4000000060
8364  -29.136  -59.864  -13.398 0.3000000119
7162  -31.643  -61.692  -11.460 0.4000000060
7704  -32.097  -61.219  -11.733 0.4000000060
8347  -30.755  -60.350  -12.704 0.4000000060
8346  -29.919  -60.306  -12.875 0.4000000060
8964  -28.713  -59.548  -14.035 0.4000000060
8365  -30.080  -59.893  -13.097 0.4000000060
8290  -32.566  -59.767  -9.389 0.3000000119
7692  -32.253  -61.477  -10.902 0.4000000060
8320  -32.209  -60.669  -10.795 0.4000000060
135304  -32.296  -60.700  -12.022 0.4000000060
8956  -32.087  -59.268  -12.460 0.4000000060
8955  -31.097  -59.501  -12.721 0.4000000060
137578  -30.248  -59.245  -13.027 0.4000000060
9588  -32.214  -57.679  -8.567 0.3000000119
8304  -31.902  -59.687  -10.041 0.4000000060
9618  -32.154  -58.686  -11.034 0.4000000060
8927  -32.093  -59.639  -11.075 0.4000000060
8941  -32.775  -58.814  -12.023 0.4000000060
124676  -32.633  -58.487  -12.261 0.4000000060
129367  -31.945  -58.537  -12.512 0.4000000060
9637  -30.776  -58.518  -12.573 0.4000000060
9603  -31.694  -57.590  -9.314 0.4000000060
141644  -32.247  -57.936  -10.884 0.4000000060
9639  -33.133  -57.500  -12.248 0.4000000060
9638  -32.717  -57.575  -12.457 0.4000000060
9626  -30.189  -57.586  -12.098 0.4000000060
9636  -29.760  -58.418  -12.894 0.4000000060
10311  -32.897  -57.229  -11.365 0.4000000060
9629  -33.481  -56.934  -12.177 0.4000000060
10321  -33.429  -56.542  -12.514 0.4000000060
10334  -32.669  -56.744  -12.607 0.4000000060
10320  -31.550  -56.369  -12.260 0.4000000060
10975  -33.474  -56.275  -11.644 0.4000000060
10976  -33.719  -56.101  -12.426 0.4000000060
10992  -33.438  -55.500  -12.711 0.4000000060
10943  -32.455  -55.113  -10.070 0.4000000060
10960  -34.024  -55.449  -12.128 0.4000000060
12357  -31.757  -53.485  -8.188 0.3000000119
139104  -31.875  -52.773  -7.829 0.3000000119
10991  -32.443  -55.653  -12.606 0.4000000060
10959  -33.570  -55.346  -11.234 0.4000000060
13712  -32.376  -52.096  -7.901 0.3000000119
120235  -33.889  -55.315  -12.533 0.4000000060
7711  -31.015  -61.385  -12.114 0.4000000060
120243  -31.249  -60.946  -12.438 0.4000000060
8348  -31.779  -60.159  -12.514 0.4000000060
8895  -32.225  -58.713  -8.906 0.4000000060
8305  -32.250  -60.147  -9.849 0.4000000060
123416  -32.783  -58.428  -8.620 0.3000000119
8957  -32.424  -59.517  -12.195 0.4000000060
9587  -31.783  -57.224  -8.853 0.3000000119
8894  -31.791  -58.117  -9.011 0.4000000060
8926  -31.753  -59.117  -10.075 0.4000000060
9628  -33.103  -57.898  -11.908 0.4000000060
10310  -31.861  -57.404  -10.131 0.4000000060
9627  -31.527  -57.523  -12.401 0.4000000060
10335  -33.303  -56.264  -12.673 0.4000000060
144924  -32.669  -55.845  -10.541 0.4000000060
7132  -33.323  -62.068  -9.311 0.3000000119
7129  -31.202  -61.959  -9.442 0.3000000119
7676  -30.406  -61.049  -9.803 0.3000000119
7130  -31.749  -62.398  -9.995 0.3000000119
6619  -32.758  -62.262  -9.604 0.3000000119
7691  -30.612  -61.452  -10.977 0.3000000119
7147  -31.535  -62.087  -10.855 0.3000000119
7678  -33.574  -61.616  -9.426 0.3000000119
7131  -32.707  -61.963  -10.081 0.3000000119
120253  -32.936  -60.799  -9.677 0.3000000119
126624  -31.847  -55.868  -9.497 0.3000000119
10942  -31.725  -54.898  -8.959 0.3000000119
8306  -34.026  -60.667  -9.483 0.3000000119
10301  -32.297  -56.582  -10.385 0.3000000119
6618  -32.240  -62.310  -10.228 0.3000000119
7133  -34.047  -61.679  -9.049 0.3000000119
7146  -31.112  -62.017  -10.460 0.3000000119
7148  -32.080  -61.918  -10.950 0.4000000060
7161  -31.179  -61.706  -11.584 0.4000000060
7677  -32.703  -61.348  -10.074 0.3000000119
7703  -30.785  -61.463  -11.700 0.4000000060
7712  -31.495  -61.384  -12.030 0.4000000060
7713  -31.954  -60.860  -12.270 0.4000000060
8330  -32.404  -60.132  -11.889 0.4000000060
8349  -32.263  -60.301  -12.194 0.4000000060
8363  -28.297  -60.040  -14.083 0.3000000119
8909  -31.904  -59.059  -9.484 0.4000000060
8953  -27.551  -59.537  -12.633 0.3000000119
8954  -29.512  -59.422  -13.437 0.4000000060
9617  -31.706  -58.308  -9.799 0.4000000060
10300  -31.727  -56.839  -9.397 0.4000000060
10308  -29.075  -56.342  -10.755 0.4000000060
10955  -27.708  -55.461  -10.573 0.4000000060
10956  -28.553  -55.751  -10.281 0.4000000060
10957  -29.297  -55.731  -10.198 0.4000000060
10970  -25.893  -55.027  -11.698 0.4000000060
10993  -33.615  -55.981  -12.612 0.4000000060
11708  -34.450  -54.047  -12.223 0.6000000238
11722  -33.620  -54.670  -12.663 0.5000000000
12372  -29.801  -53.364  -9.244 0.5000000000
12373  -30.496  -53.395  -10.028 0.4000000060
12385  -31.562  -53.135  -11.512 0.4000000060
12409  -34.340  -53.654  -12.255 0.6000000238
13048  -27.637  -52.086  -9.604 0.4000000060
13062  -31.293  -52.545  -10.899 0.5000000000
13074  -32.743  -52.648  -11.945 0.4000000060
13710  -29.561  -51.668  -8.708 0.5000000000
13730  -36.374  -51.547  -10.734 0.6000000238
13740  -27.038  -51.515  -10.570 0.4000000060
14411  -34.191  -50.294  -7.561 0.3000000119
14425  -35.547  -50.641  -8.904 0.3000000119
14437  -28.987  -50.376  -9.009 0.5000000000
14441  -36.072  -51.211  -9.858 0.5000000000
14444  -38.329  -50.403  -10.841 0.6000000238
14456  -28.256  -49.418  -10.219 0.4000000060
14458  -32.704  -50.486  -10.863 0.6000000238
14464  -38.292  -50.322  -11.118 0.6000000238
14469  -35.431  -51.178  -11.498 0.6999999881
15212  -37.219  -49.878  -11.332 0.6000000238
15214  -39.192  -49.927  -11.158 0.5000000000
15913  -33.589  -48.033  -7.909 0.6999999881
15930  -34.107  -48.349  -8.649 0.6999999881
15932  -38.656  -48.781  -8.961 0.4000000060
15944  -32.578  -48.882  -9.382 0.6999999881
15946  -34.487  -48.682  -9.512 0.6000000238
15950  -39.977  -49.414  -10.755 0.5000000000
15957  -35.830  -49.076  -10.429 0.6999999881
15958  -36.760  -49.133  -10.797 0.5000000000
15960  -38.816  -49.493  -11.348 0.5000000000
16712  -31.299  -47.713  -7.449 0.5000000000
16715  -33.855  -47.260  -7.551 0.6000000238
16726  -28.525  -47.153  -8.984 0.5000000000
16727  -29.326  -47.608  -8.886 0.5000000000
16734  -41.438  -48.028  -9.871 0.6000000238
16744  -41.677  -48.506  -10.809 0.6000000238
16746  -42.783  -48.130  -11.105 0.6000000238
16753  -42.334  -48.335  -11.078 0.6000000238
17513  -32.512  -46.020  -6.766 0.5000000000
17514  -35.778  -47.008  -6.120 0.3000000119
17525  -29.647  -46.935  -7.522 0.5000000000
17529  -33.279  -46.542  -7.099 0.5000000000
17534  -40.226  -46.276  -8.086 0.5000000000
17553  -27.558  -46.711  -9.276 0.5000000000
17558  -42.748  -47.856  -10.593 0.6000000238
17563  -40.585  -48.142  -11.359 0.6999999881
17566  -43.206  -47.877  -11.057 0.6999999881
18345  -31.152  -45.540  -6.726 0.5000000000
18346  -31.937  -45.586  -6.742 0.6000000238
18382  -26.173  -45.439  -9.284 0.5000000000
18383  -38.388  -46.318  -9.450 0.6999999881
18384  -38.806  -45.697  -9.304 0.6999999881
18385  -39.814  -46.145  -9.943 0.6000000238
18389  -44.652  -46.675  -10.554 0.5000000000
18390  -45.171  -46.202  -10.318 0.5000000000
18391  -45.854  -45.557  -10.105 0.5000000000
18393  -42.654  -47.331  -11.242 0.6999999881
19179  -31.056  -44.697  -6.904 0.5000000000
19191  -27.903  -43.665  -7.710 0.5000000000
19195  -32.314  -44.257  -7.627 0.5000000000
19202  -42.583  -44.201  -7.943 0.3000000119
19208  -37.021  -44.500  -8.598 0.6999999881
19209  -37.669  -44.811  -8.640 0.6999999881
19210  -38.356  -44.822  -8.808 0.6999999881
19215  -46.192  -45.201  -9.876 0.5000000000
19217  -39.943  -44.383  -9.281 0.6999999881
19226  -45.648  -45.260  -10.382 0.5000000000
19227  -46.409  -44.769  -10.214 0.3000000119
19228  -46.912  -44.349  -10.137 0.3000000119
20072  -30.681  -43.218  -8.227 0.5000000000
20073  -31.667  -43.349  -8.612 0.6000000238
20074  -32.526  -43.667  -8.506 0.6000000238
20078  -44.039  -43.126  -8.353 0.3000000119
20085  -35.979  -43.549  -9.195 0.6999999881
20086  -36.821  -43.716  -9.019 0.6999999881
20091  -45.992  -44.402  -9.363 0.3000000119
20095  -34.693  -42.860  -9.865 0.6000000238
20100  -39.718  -43.421  -9.287 0.6999999881
20104  -43.013  -43.508  -9.938 0.5000000000
20106  -47.135  -44.182  -10.051 0.3000000119
20109  -46.893  -44.083  -10.317 0.3000000119
20927  -30.530  -41.487  -9.324 0.5000000000
20931  -31.266  -41.694  -9.636 0.5000000000
20934  -34.230  -42.090  -10.213 0.6000000238
20938  -38.574  -42.480  -9.526 0.6999999881
20943  -46.520  -43.690  -9.376 0.3000000119
20946  -33.653  -41.422  -10.186 0.6000000238
20947  -34.453  -41.183  -10.202 0.6000000238
20949  -44.313  -43.058  -10.438 0.5000000000
20951  -47.537  -43.349  -10.307 0.3000000119
20952  -48.249  -42.742  -10.111 0.3000000119
21801  -31.300  -40.942  -9.297 0.5000000000
21802  -32.176  -40.942  -9.261 0.5000000000
21810  -31.628  -41.269  -9.564 0.5000000000
21812  -33.105  -41.082  -9.969 0.5000000000
21816  -37.123  -40.958  -9.879 0.6999999881
21822  -48.697  -42.036  -9.853 0.3000000119
21827  -48.681  -41.960  -10.276 0.3000000119
22619  -35.238  -41.037  -5.974 0.5000000000
22638  -32.638  -40.999  -9.634 0.5000000000
22639  -33.470  -40.830  -9.664 0.5000000000
22655  -47.795  -41.305  -9.371 0.3000000119
23455  -37.438  -39.155  -8.988 0.5000000000
23460  -48.259  -39.409  -9.328 0.3000000119
23462  -38.693  -39.172  -9.512 0.5000000000
23467  -43.772  -38.891  -9.627 0.4000000060
23473  -44.488  -39.088  -9.881 0.4000000060
24329  -37.765  -38.732  -8.670 0.5000000000
24333  -46.662  -38.527  -8.622 0.3000000119
24339  -40.565  -38.028  -9.570 0.4000000060
25241  -37.619  -37.475  -5.499 0.5000000000
25252  -37.986  -38.232  -7.166 0.5000000000
25256  -44.603  -37.555  -7.600 0.4000000060
25258  -46.213  -36.959  -8.040 0.4000000060
25259  -38.712  -37.744  -8.636 0.4000000060
26255  -45.291  -35.756  -6.846 0.4000000060
26258  -40.407  -36.426  -8.367 0.4000000060
26264  -40.910  -36.394  -9.134 0.4000000060
26269  -39.892  -37.135  -9.363 0.4000000060
26274  -44.905  -36.274  -9.531 0.4000000060
26279  -48.278  -36.634  -10.611 0.3000000119
27170  -42.150  -35.629  -8.147 0.4000000060
27171  -45.961  -35.564  -7.202 0.4000000060
27173  -47.865  -35.399  -8.239 0.4000000060
27189  -49.130  -36.055  -10.408 0.4000000060
27985  -38.872  -34.683  -4.373 0.3000000119
27996  -40.726  -34.499  -5.521 0.4000000060
28023  -43.594  -34.719  -7.972 0.4000000060
29606  -39.033  -31.939  -1.776 0.3000000119
29625  -39.861  -32.120  -2.620 0.4000000060
29642  -39.819  -32.760  -3.110 0.4000000060
120975  -41.840  -41.934  -9.574 0.5000000000
121612  -41.542  -38.968  -9.580 0.4000000060
122309  -39.994  -33.834  -4.324 0.4000000060
122676  -39.937  -38.248  -9.551 0.4000000060
123270  -28.900  -44.429  -7.365 0.4000000060
124377  -34.225  -49.865  -7.107 0.3000000119
124378  -42.401  -37.573  -9.539 0.4000000060
124821  -32.248  -60.874  -11.615 0.4000000060
124874  -48.161  -40.662  -10.653 0.4000000060
125121  -36.426  -40.451  -9.753 0.6000000238
125509  -48.196  -42.900  -9.924 0.4000000060
125728  -33.018  -44.783  -7.335 0.5000000000
126063  -47.635  -43.546  -10.035 0.3000000119
126788  -40.641  -47.745  -9.288 0.6000000238
127176  -31.708  -56.348  -8.742 0.3000000119
128123  -45.791  -42.689  -8.810 0.3000000119
128310  -45.651  -42.186  -10.571 0.4000000060
129289  -47.595  -41.560  -10.612 0.4000000060
129719  -33.167  -56.869  -12.565 0.4000000060
130426  -36.265  -44.235  -8.640 0.6999999881
130456  -37.908  -41.754  -9.717 0.6999999881
131018  -46.105  -40.029  -8.729 0.3000000119
131209  -30.672  -54.007  -10.680 0.5000000000
132052  -47.014  -40.388  -9.093 0.3000000119
132822  -30.900  -42.386  -9.267 0.5000000000
133859  -32.866  -48.654  -8.719 0.6999999881
134469  -45.236  -41.153  -10.499 0.5000000000
134635  -48.499  -41.484  -10.490 0.4000000060
134673  -44.213  -45.741  -10.675 0.5000000000
135056  -34.578  -46.165  -7.506 0.6999999881
135887  -33.995  -42.745  -9.969 0.6000000238
135999  -41.809  -45.275  -10.139 0.6000000238
136617  -37.960  -39.405  -9.508 0.5000000000
136663  -41.708  -42.653  -9.545 0.5000000000
137261  -39.048  -43.103  -9.326 0.6999999881
137920  -28.936  -51.523  -8.662 0.4000000060
138653  -47.430  -38.931  -9.001 0.3000000119
138772  -30.542  -49.117  -9.369 0.6999999881
139388  -38.785  -50.204  -11.078 0.5000000000
139659  -44.700  -46.432  -10.694 0.5000000000
139670  -35.213  -44.963  -8.010 0.6999999881
140119  -35.977  -50.197  -11.214 0.6999999881
140243  -45.176  -39.180  -10.217 0.4000000060
140258  -43.990  -36.248  -9.407 0.4000000060
140694  -36.760  -39.676  -7.177 0.6000000238
141341  -34.376  -45.478  -7.510 0.6000000238
141714  -44.455  -38.178  -7.882 0.4000000060
142183  -31.805  -54.086  -8.780 0.3000000119
144828  -34.219  -54.794  -12.274 0.5000000000
