#!ascii label  , from subject sub-v2s12x28865_ses-1 vox2ras=TkReg
1747
61216  -41.122  -16.327  53.714 0.0000000000
75216  -56.041  -2.760  49.386 0.0000000000
67421  -49.684  -10.462  50.729 0.0000000000
43201  -13.357  -34.500  74.593 0.0000000000
66302  -34.212  -11.940  58.417 0.0000000000
131778  -26.012  -24.982  74.386 0.0000000000
55650  -35.837  -21.718  71.448 0.0000000000
157681  -37.961  -16.066  64.895 0.0000000000
65263  -36.429  -12.091  63.663 0.0000000000
50244  -18.419  -26.520  69.476 0.0000000000
131786  -21.666  -24.463  75.405 0.0000000000
53498  -22.070  -23.846  69.379 0.0000000000
54600  -30.880  -22.920  67.161 0.0000000000
56796  -34.673  -19.976  65.600 0.0000000000
64293  -44.419  -13.693  59.633 0.0000000000
138748  -48.402  -15.890  58.131 0.0000000000
72154  -51.944  -5.392  50.767 0.0000000000
64393  -44.408  -12.803  51.766 0.0000000000
77142  -54.054  -0.414  42.548 0.0000000000
39497  -10.754  -37.716  74.540 0.0000000000
65282  -39.500  -12.560  62.523 0.0000000000
62213  -37.179  -15.423  56.157 0.0000000000
142748  -26.225  -24.005  68.103 0.0000000000
53457  -30.693  -23.946  71.957 0.0000000000
62228  -53.088  -15.081  55.824 0.0000000000
80840  -62.126  4.029  40.919 0.0000000000
60066  -36.290  -17.436  62.592 0.0000000000
143317  -36.307  -15.868  61.630 0.0000000000
52389  -20.303  -24.827  69.322 0.0000000000
55744  -32.712  -21.232  63.691 0.0000000000
57882  -34.328  -19.525  63.312 0.0000000000
151882  -36.766  -18.121  65.608 0.0000000000
62177  -42.749  -15.151  56.930 0.0000000000
63237  -46.365  -14.657  59.463 0.0000000000
62220  -44.556  -15.949  55.615 0.0000000000
74163  -53.581  -3.605  50.395 0.0000000000
71231  -55.668  -6.170  53.513 0.0000000000
131418  -57.739  -2.160  49.043 0.0000000000
42332  -12.085  -34.870  71.076 0.0000000000
41427  -12.130  -36.121  74.537 0.0000000000
131155  -35.758  -11.700  61.228 0.0000000000
66266  -37.352  -10.932  62.658 0.0000000000
66294  -36.947  -12.199  59.901 0.0000000000
64306  -38.453  -13.997  59.064 0.0000000000
64322  -35.673  -13.150  57.070 0.0000000000
52317  -23.494  -24.847  74.447 0.0000000000
52272  -23.315  -24.364  78.104 0.0000000000
133069  -25.827  -24.563  77.152 0.0000000000
150386  -28.099  -24.668  76.520 0.0000000000
54633  -23.901  -22.403  65.441 0.0000000000
53583  -25.570  -22.908  64.956 0.0000000000
155635  -33.040  -22.084  68.807 0.0000000000
53504  -30.539  -23.435  69.514 0.0000000000
140451  -32.788  -23.131  71.061 0.0000000000
54531  -33.198  -23.718  74.286 0.0000000000
45995  -16.128  -30.709  72.353 0.0000000000
48064  -16.418  -28.812  75.817 0.0000000000
49162  -15.337  -28.440  79.093 0.0000000000
66384  -46.871  -11.284  51.519 0.0000000000
64359  -49.223  -13.316  54.219 0.0000000000
66352  -49.988  -11.146  54.590 0.0000000000
81831  -63.926  5.128  40.944 0.0000000000
42263  -12.712  -35.476  77.838 0.0000000000
63156  -38.468  -14.371  67.369 0.0000000000
65227  -37.882  -12.112  66.770 0.0000000000
63185  -37.259  -13.849  64.154 0.0000000000
63214  -35.619  -14.174  61.572 0.0000000000
50217  -17.893  -26.784  72.701 0.0000000000
136546  -19.647  -25.233  75.055 0.0000000000
51219  -19.922  -25.379  72.106 0.0000000000
53453  -21.592  -24.595  72.305 0.0000000000
52363  -23.500  -24.633  71.731 0.0000000000
54653  -28.351  -22.697  64.023 0.0000000000
54671  -30.142  -22.462  63.686 0.0000000000
55693  -32.758  -21.822  66.471 0.0000000000
55672  -34.960  -20.922  68.894 0.0000000000
58913  -36.980  -18.694  68.356 0.0000000000
61013  -37.988  -16.505  68.301 0.0000000000
49254  -17.328  -28.234  69.448 0.0000000000
65287  -45.156  -12.489  62.652 0.0000000000
65242  -50.101  -13.197  65.590 0.0000000000
64248  -47.689  -13.621  62.095 0.0000000000
62131  -49.932  -15.885  62.090 0.0000000000
69399  -51.117  -7.954  49.853 0.0000000000
136226  -51.453  -9.687  54.274 0.0000000000
69355  -53.415  -8.457  53.954 0.0000000000
152955  -7.516  -44.672  76.139 0.0000000000
63327  -42.964  -14.769  51.918 0.0000000000
66443  -43.730  -11.050  47.891 0.0000000000
150151  -47.069  -6.935  48.160 0.0000000000
72188  -48.671  -5.424  47.881 0.0000000000
73168  -51.185  -4.131  46.850 0.0000000000
143502  -53.321  -2.931  45.660 0.0000000000
75263  -55.068  -1.959  44.978 0.0000000000
77123  -52.563  -0.826  42.851 0.0000000000
40457  -11.229  -37.547  78.257 0.0000000000
38425  -9.592  -39.569  77.644 0.0000000000
35513  -8.714  -41.368  77.406 0.0000000000
145889  -44.081  -10.919  67.214 0.0000000000
67270  -37.795  -10.354  65.282 0.0000000000
66243  -40.414  -11.614  64.686 0.0000000000
65249  -43.191  -12.162  64.342 0.0000000000
64262  -42.449  -13.267  61.275 0.0000000000
63267  -40.631  -14.675  57.906 0.0000000000
61194  -39.165  -16.313  54.958 0.0000000000
52248  -21.590  -24.055  78.411 0.0000000000
131948  -23.587  -23.980  68.856 0.0000000000
134027  -25.966  -24.760  70.899 0.0000000000
53522  -28.611  -23.636  67.950 0.0000000000
52381  -28.282  -24.298  70.215 0.0000000000
52336  -28.598  -24.748  73.425 0.0000000000
148987  -30.480  -24.739  74.859 0.0000000000
43213  -13.660  -33.764  72.335 0.0000000000
44096  -14.884  -32.535  72.189 0.0000000000
44076  -14.911  -32.592  75.200 0.0000000000
62238  -47.320  -15.337  54.170 0.0000000000
61188  -51.618  -16.514  56.843 0.0000000000
60122  -54.840  -17.280  60.160 0.0000000000
65338  -54.015  -11.812  57.437 0.0000000000
76239  -57.130  -1.410  44.672 0.0000000000
152605  -58.707  0.250  44.217 0.0000000000
78913  -60.707  2.309  44.279 0.0000000000
79878  -59.505  2.225  40.632 0.0000000000
79844  -62.005  3.576  44.313 0.0000000000
59030  -35.041  -18.566  61.960 0.0000000000
155158  -35.757  -17.289  61.084 0.0000000000
60109  -34.861  -18.107  60.058 0.0000000000
56842  -33.420  -20.053  61.923 0.0000000000
57908  -34.496  -19.004  61.695 0.0000000000
58991  -35.535  -18.593  63.545 0.0000000000
61197  -41.862  -16.161  55.216 0.0000000000
62199  -44.239  -15.665  56.383 0.0000000000
61207  -42.409  -16.200  54.672 0.0000000000
75204  -54.930  -3.106  49.953 0.0000000000
74135  -54.902  -3.528  51.728 0.0000000000
75170  -56.024  -2.591  51.532 0.0000000000
76164  -56.883  -2.205  51.010 0.0000000000
75207  -56.838  -2.507  49.212 0.0000000000
42305  -13.016  -34.688  73.169 0.0000000000
141602  -11.889  -35.771  72.528 0.0000000000
153423  -12.893  -35.075  74.540 0.0000000000
66282  -34.926  -12.145  59.840 0.0000000000
66284  -36.070  -11.604  60.736 0.0000000000
66303  -35.715  -11.982  59.145 0.0000000000
65324  -36.244  -12.551  58.581 0.0000000000
65336  -35.069  -12.337  57.631 0.0000000000
136650  -17.916  -26.295  78.062 0.0000000000
131779  -25.129  -25.008  74.513 0.0000000000
131783  -24.809  -24.908  75.301 0.0000000000
157816  -26.163  -24.843  75.615 0.0000000000
52293  -27.264  -24.694  76.422 0.0000000000
153559  -27.185  -24.854  75.028 0.0000000000
54573  -34.018  -22.025  69.817 0.0000000000
54563  -33.382  -22.635  70.448 0.0000000000
54555  -34.452  -22.614  71.766 0.0000000000
54547  -33.830  -23.038  72.317 0.0000000000
49197  -16.953  -27.853  74.495 0.0000000000
49189  -16.926  -27.693  75.902 0.0000000000
49174  -16.679  -27.478  77.608 0.0000000000
67262  -47.782  -11.240  67.258 0.0000000000
66402  -48.349  -11.202  50.300 0.0000000000
67386  -48.319  -10.797  52.904 0.0000000000
67387  -49.044  -10.276  52.693 0.0000000000
62076  -38.347  -15.410  66.061 0.0000000000
133493  -38.104  -13.600  65.956 0.0000000000
63186  -37.947  -14.647  64.621 0.0000000000
62128  -36.019  -15.021  61.561 0.0000000000
63223  -34.962  -14.316  60.338 0.0000000000
135012  -34.681  -13.447  60.087 0.0000000000
50225  -18.280  -26.680  71.020 0.0000000000
51218  -19.136  -25.756  72.654 0.0000000000
51237  -19.384  -25.719  70.533 0.0000000000
53497  -21.464  -23.970  69.296 0.0000000000
52377  -21.205  -24.417  70.476 0.0000000000
53467  -21.974  -24.223  70.978 0.0000000000
53455  -22.725  -24.486  71.932 0.0000000000
132002  -22.926  -24.336  71.128 0.0000000000
54670  -29.610  -22.495  62.942 0.0000000000
56802  -33.846  -20.470  64.388 0.0000000000
137727  -33.152  -21.325  65.091 0.0000000000
55711  -33.894  -20.850  65.957 0.0000000000
55683  -33.945  -21.101  67.399 0.0000000000
56771  -34.660  -20.569  67.388 0.0000000000
57820  -35.751  -19.899  68.226 0.0000000000
136924  -35.939  -19.402  67.526 0.0000000000
60037  -37.561  -16.857  65.143 0.0000000000
140935  -37.288  -17.574  66.486 0.0000000000
144510  -38.133  -16.242  66.542 0.0000000000
132736  -38.322  -15.128  68.031 0.0000000000
50243  -17.981  -27.090  69.444 0.0000000000
64263  -44.789  -13.153  61.208 0.0000000000
65302  -46.591  -12.949  61.876 0.0000000000
64279  -45.617  -13.596  60.444 0.0000000000
62162  -47.893  -15.482  59.086 0.0000000000
62137  -48.165  -15.240  60.802 0.0000000000
61138  -49.678  -16.369  60.510 0.0000000000
131225  -50.952  -17.001  61.119 0.0000000000
61152  -50.195  -16.830  59.556 0.0000000000
71270  -51.132  -6.065  50.588 0.0000000000
156970  -52.687  -8.259  51.270 0.0000000000
70344  -53.833  -7.488  51.830 0.0000000000
71209  -56.642  -6.269  56.122 0.0000000000
72180  -47.926  -6.128  48.309 0.0000000000
73164  -47.838  -5.000  46.012 0.0000000000
74222  -49.937  -3.765  45.238 0.0000000000
74243  -50.962  -3.281  44.975 0.0000000000
74209  -51.878  -3.743  46.250 0.0000000000
139536  -51.437  -2.274  44.209 0.0000000000
76235  -52.920  -1.793  44.209 0.0000000000
39505  -10.716  -37.240  72.640 0.0000000000
38455  -10.117  -39.113  74.776 0.0000000000
41377  -12.202  -35.595  80.339 0.0000000000
152012  -11.836  -36.534  77.670 0.0000000000
40431  -11.558  -36.939  80.370 0.0000000000
38404  -10.268  -39.066  79.897 0.0000000000
36489  -9.630  -40.014  79.666 0.0000000000
37451  -9.121  -40.467  77.742 0.0000000000
143192  -9.183  -41.034  78.773 0.0000000000
33534  -9.576  -42.685  78.394 0.0000000000
145981  -37.264  -11.817  64.889 0.0000000000
67251  -37.502  -10.897  65.576 0.0000000000
67269  -37.306  -10.909  64.732 0.0000000000
66268  -39.028  -11.753  62.939 0.0000000000
66256  -38.533  -11.059  63.408 0.0000000000
66258  -40.082  -12.017  64.007 0.0000000000
65248  -41.749  -12.260  64.355 0.0000000000
65266  -41.483  -12.670  63.654 0.0000000000
65285  -42.106  -12.874  62.975 0.0000000000
64245  -40.874  -13.246  62.118 0.0000000000
63264  -37.793  -14.748  57.571 0.0000000000
153238  -39.670  -14.520  58.697 0.0000000000
63285  -38.528  -15.282  57.096 0.0000000000
62194  -39.574  -15.409  56.930 0.0000000000
132136  -37.716  -15.935  55.537 0.0000000000
152705  -20.347  -24.738  75.296 0.0000000000
52269  -20.415  -24.288  77.164 0.0000000000
52287  -21.197  -24.248  76.351 0.0000000000
54599  -24.459  -23.320  66.765 0.0000000000
54598  -23.816  -23.482  67.408 0.0000000000
151677  -24.698  -23.880  68.118 0.0000000000
53485  -24.583  -24.423  69.780 0.0000000000
156036  -26.736  -24.494  69.661 0.0000000000
53572  -29.944  -23.080  65.847 0.0000000000
53552  -28.660  -23.271  66.139 0.0000000000
149173  -29.645  -23.273  66.971 0.0000000000
53472  -31.226  -23.693  71.198 0.0000000000
53486  -29.716  -23.782  70.072 0.0000000000
53470  -29.752  -23.950  70.935 0.0000000000
52368  -28.386  -24.550  71.742 0.0000000000
156251  -29.654  -24.399  72.376 0.0000000000
52337  -29.416  -24.709  73.802 0.0000000000
53444  -30.870  -24.230  73.487 0.0000000000
58889  -37.515  -18.983  70.926 0.0000000000
45000  -15.594  -31.654  72.191 0.0000000000
134983  -15.469  -32.034  73.671 0.0000000000
44083  -15.020  -32.671  74.170 0.0000000000
49133  -15.012  -28.014  80.591 0.0000000000
63341  -44.062  -13.628  51.852 0.0000000000
63317  -44.855  -15.093  52.945 0.0000000000
63329  -45.552  -14.122  52.733 0.0000000000
63308  -51.145  -14.307  54.496 0.0000000000
62226  -50.834  -15.452  55.118 0.0000000000
136630  -52.780  -15.910  56.183 0.0000000000
61163  -53.044  -16.965  57.986 0.0000000000
62184  -54.044  -16.047  57.306 0.0000000000
68372  -52.486  -9.928  55.758 0.0000000000
156933  -52.394  -10.660  56.286 0.0000000000
66319  -53.659  -11.048  57.632 0.0000000000
76253  -54.915  -0.981  43.943 0.0000000000
76238  -56.207  -1.443  44.535 0.0000000000
77126  -55.372  -0.597  43.380 0.0000000000
78030  -57.318  0.433  42.380 0.0000000000
78921  -58.404  0.814  42.739 0.0000000000
78911  -59.252  1.160  43.506 0.0000000000
78922  -59.253  1.498  42.753 0.0000000000
80852  -60.895  2.985  39.413 0.0000000000
80851  -59.643  2.719  39.182 0.0000000000
157909  -60.948  3.015  41.050 0.0000000000
142038  -61.111  3.041  42.474 0.0000000000
80824  -61.798  3.681  42.513 0.0000000000
80826  -62.925  4.050  42.552 0.0000000000
78938  -63.958  2.115  41.015 0.0000000000
60036  -37.085  -17.193  64.334 0.0000000000
61082  -37.484  -15.798  63.659 0.0000000000
61121  -36.453  -16.694  62.080 0.0000000000
61150  -35.623  -16.701  60.399 0.0000000000
51252  -19.468  -25.489  68.959 0.0000000000
56828  -32.995  -20.579  62.297 0.0000000000
56819  -34.037  -20.016  63.768 0.0000000000
150959  -34.671  -19.708  64.794 0.0000000000
57844  -35.847  -19.101  66.263 0.0000000000
57868  -35.631  -18.878  64.995 0.0000000000
58975  -36.530  -17.994  64.334 0.0000000000
152769  -43.115  -14.100  58.228 0.0000000000
63235  -45.065  -14.091  59.343 0.0000000000
63271  -44.402  -14.828  57.894 0.0000000000
62180  -46.126  -15.308  57.767 0.0000000000
131643  -46.670  -15.761  56.996 0.0000000000
73127  -52.329  -4.179  50.257 0.0000000000
71257  -53.685  -5.492  51.422 0.0000000000
73099  -54.500  -4.255  51.820 0.0000000000
72128  -56.470  -4.916  53.694 0.0000000000
151517  -59.091  -1.491  48.490 0.0000000000
40487  -11.413  -36.537  72.907 0.0000000000
154593  -11.312  -37.092  74.516 0.0000000000
66264  -35.983  -11.832  62.491 0.0000000000
67294  -36.707  -10.853  63.103 0.0000000000
66274  -36.311  -11.326  61.662 0.0000000000
66276  -37.633  -11.844  61.342 0.0000000000
65297  -38.476  -12.555  61.379 0.0000000000
64259  -39.192  -13.208  61.062 0.0000000000
65308  -37.772  -12.840  60.062 0.0000000000
147114  -37.514  -13.585  58.719 0.0000000000
63284  -36.603  -14.640  56.666 0.0000000000
131785  -22.712  -24.693  75.197 0.0000000000
52288  -22.273  -24.449  76.155 0.0000000000
52289  -23.294  -24.673  76.121 0.0000000000
133070  -24.837  -24.611  77.059 0.0000000000
52277  -27.945  -24.526  77.890 0.0000000000
54634  -24.807  -22.541  65.206 0.0000000000
53550  -26.042  -23.638  66.331 0.0000000000
54602  -32.061  -22.335  67.888 0.0000000000
53539  -30.587  -23.110  67.921 0.0000000000
54570  -32.196  -22.699  69.362 0.0000000000
53489  -31.986  -23.316  70.701 0.0000000000
53473  -32.138  -23.532  71.590 0.0000000000
53445  -31.796  -23.904  73.079 0.0000000000
149230  -32.715  -23.615  72.978 0.0000000000
47053  -16.670  -29.489  70.540 0.0000000000
48131  -16.544  -29.126  72.594 0.0000000000
47022  -16.170  -29.448  75.808 0.0000000000
48047  -15.640  -29.243  77.307 0.0000000000
48048  -16.067  -28.632  77.263 0.0000000000
65414  -45.585  -11.897  51.952 0.0000000000
64374  -46.992  -12.721  53.234 0.0000000000
66360  -47.680  -11.775  53.288 0.0000000000
137786  -49.781  -12.609  54.543 0.0000000000
64349  -51.789  -12.622  55.035 0.0000000000
78051  -53.840  0.906  40.665 0.0000000000
78045  -55.166  0.429  41.576 0.0000000000
140633  -54.692  1.130  40.592 0.0000000000
80865  -61.863  3.570  39.070 0.0000000000
80841  -62.838  4.619  41.062 0.0000000000
80866  -62.909  4.505  39.330 0.0000000000
82811  -64.097  5.404  39.844 0.0000000000
43189  -13.764  -34.286  76.546 0.0000000000
42275  -13.118  -34.933  76.251 0.0000000000
65219  -38.146  -12.116  67.824 0.0000000000
64214  -38.147  -13.073  66.682 0.0000000000
154776  -37.570  -13.081  65.405 0.0000000000
138412  -36.677  -12.918  64.025 0.0000000000
62106  -37.045  -15.227  62.990 0.0000000000
64244  -36.302  -13.632  62.943 0.0000000000
64243  -35.849  -12.973  62.542 0.0000000000
64258  -35.410  -13.100  61.662 0.0000000000
65306  -34.728  -12.537  59.974 0.0000000000
50198  -17.966  -26.580  74.405 0.0000000000
51190  -18.455  -26.157  75.849 0.0000000000
51201  -18.727  -25.887  74.308 0.0000000000
52327  -19.848  -25.384  73.713 0.0000000000
135120  -20.486  -24.939  74.003 0.0000000000
51238  -20.123  -25.195  70.731 0.0000000000
52345  -21.073  -24.856  72.443 0.0000000000
52315  -21.805  -24.566  73.979 0.0000000000
52331  -22.289  -24.601  73.475 0.0000000000
52349  -23.899  -24.887  72.724 0.0000000000
149565  -24.949  -25.099  72.979 0.0000000000
131772  -29.798  -22.619  64.357 0.0000000000
157647  -30.752  -22.620  65.055 0.0000000000
55726  -31.947  -21.890  64.136 0.0000000000
54655  -31.970  -22.087  65.063 0.0000000000
155475  -32.238  -22.210  66.693 0.0000000000
54586  -33.105  -21.897  68.296 0.0000000000
55661  -34.292  -21.494  68.939 0.0000000000
55663  -35.008  -21.475  69.698 0.0000000000
56749  -36.241  -21.140  70.848 0.0000000000
153923  -36.143  -20.492  69.500 0.0000000000
139229  -37.246  -19.140  69.999 0.0000000000
58900  -37.557  -18.014  69.299 0.0000000000
58944  -36.834  -18.288  66.841 0.0000000000
58914  -37.436  -18.018  68.492 0.0000000000
60998  -37.952  -16.472  69.153 0.0000000000
62058  -38.111  -15.753  68.641 0.0000000000
49241  -17.384  -28.169  70.491 0.0000000000
65252  -46.084  -12.141  63.925 0.0000000000
65254  -48.015  -12.495  64.042 0.0000000000
65274  -49.147  -13.320  64.278 0.0000000000
63194  -49.850  -14.344  63.669 0.0000000000
64281  -46.972  -14.150  60.764 0.0000000000
63218  -49.062  -15.066  62.200 0.0000000000
68485  -50.310  -9.112  49.542 0.0000000000
68441  -50.627  -9.804  52.290 0.0000000000
68460  -51.514  -9.477  51.934 0.0000000000
150431  -52.729  -9.129  54.391 0.0000000000
69304  -53.909  -9.105  56.170 0.0000000000
70322  -54.491  -7.402  53.619 0.0000000000
70285  -54.440  -8.323  56.017 0.0000000000
135675  -39.926  -15.767  51.290 0.0000000000
62266  -41.673  -15.721  52.343 0.0000000000
63338  -41.373  -15.083  50.958 0.0000000000
63352  -42.291  -14.005  50.724 0.0000000000
64418  -42.888  -12.658  50.271 0.0000000000
65443  -44.038  -12.038  50.135 0.0000000000
66414  -45.603  -11.720  49.534 0.0000000000
66426  -46.335  -11.418  48.885 0.0000000000
67443  -47.516  -10.406  48.453 0.0000000000
69419  -48.254  -8.412  48.658 0.0000000000
70368  -48.468  -6.953  49.346 0.0000000000
71277  -48.995  -5.856  49.574 0.0000000000
72174  -49.895  -4.957  49.887 0.0000000000
132206  -48.629  -4.449  45.535 0.0000000000
73154  -49.990  -4.577  47.511 0.0000000000
73144  -51.096  -4.066  48.865 0.0000000000
74187  -51.867  -3.972  48.364 0.0000000000
74200  -53.707  -3.610  48.097 0.0000000000
75224  -54.948  -3.297  47.635 0.0000000000
152319  -55.639  -3.091  47.159 0.0000000000
75246  -54.060  -2.727  45.715 0.0000000000
76252  -53.587  -1.395  43.963 0.0000000000
77141  -53.172  -0.473  42.362 0.0000000000
158040  -52.985  0.346  41.208 0.0000000000
41412  -12.166  -36.083  76.461 0.0000000000
41411  -11.729  -36.602  76.174 0.0000000000
39485  -10.833  -37.864  75.607 0.0000000000
39439  -10.699  -38.193  79.658 0.0000000000
39461  -10.371  -38.421  78.050 0.0000000000
39484  -10.488  -38.496  76.254 0.0000000000
37466  -9.767  -39.708  76.247 0.0000000000
36529  -9.199  -41.003  75.754 0.0000000000
142790  -8.664  -41.709  75.768 0.0000000000
33543  -8.225  -42.915  76.633 0.0000000000
66214  -45.190  -11.225  66.406 0.0000000000
67254  -39.707  -10.040  66.405 0.0000000000
67285  -37.530  -10.619  64.350 0.0000000000
67287  -39.019  -10.487  64.902 0.0000000000
66211  -41.984  -11.023  66.193 0.0000000000
66230  -43.368  -11.502  65.686 0.0000000000
66246  -44.752  -11.869  64.851 0.0000000000
65268  -43.881  -12.544  63.179 0.0000000000
137349  -43.407  -13.125  61.562 0.0000000000
64276  -42.655  -13.409  60.395 0.0000000000
64289  -40.273  -13.900  59.922 0.0000000000
64290  -41.374  -13.767  59.829 0.0000000000
151026  -42.354  -13.992  58.508 0.0000000000
62175  -41.000  -14.994  57.265 0.0000000000
62216  -40.740  -15.781  56.056 0.0000000000
61204  -39.704  -16.340  54.290 0.0000000000
66328  -33.654  -11.829  57.402 0.0000000000
64334  -34.684  -13.039  56.123 0.0000000000
63293  -35.277  -14.010  55.697 0.0000000000
135463  -35.682  -14.811  55.411 0.0000000000
62234  -36.300  -15.574  54.927 0.0000000000
62251  -37.276  -16.095  53.692 0.0000000000
61213  -38.734  -16.312  53.374 0.0000000000
61234  -39.276  -16.112  51.873 0.0000000000
52271  -22.265  -24.165  77.754 0.0000000000
54595  -22.291  -23.290  67.621 0.0000000000
54596  -22.755  -23.316  67.454 0.0000000000
53518  -22.959  -23.832  68.785 0.0000000000
53484  -23.938  -24.423  70.265 0.0000000000
52365  -25.233  -24.853  71.464 0.0000000000
52351  -26.482  -24.952  72.769 0.0000000000
53585  -27.307  -23.011  65.039 0.0000000000
53551  -27.063  -23.614  66.464 0.0000000000
53521  -27.699  -23.877  67.870 0.0000000000
53523  -29.439  -23.515  68.349 0.0000000000
53503  -28.776  -23.805  68.861 0.0000000000
52392  -27.289  -24.320  69.141 0.0000000000
142893  -27.660  -24.564  70.796 0.0000000000
132502  -27.053  -24.853  72.096 0.0000000000
131775  -27.117  -24.962  73.403 0.0000000000
52305  -27.841  -24.814  74.686 0.0000000000
52307  -29.552  -24.699  75.522 0.0000000000
136156  -13.108  -34.212  71.844 0.0000000000
43212  -13.326  -34.262  72.779 0.0000000000
45013  -14.803  -32.199  70.306 0.0000000000
44108  -14.201  -32.828  70.421 0.0000000000
44095  -14.136  -33.276  71.813 0.0000000000
44082  -14.397  -33.249  73.701 0.0000000000
144522  -13.836  -34.016  75.052 0.0000000000
44065  -14.413  -32.550  76.800 0.0000000000
46992  -14.994  -29.230  79.174 0.0000000000
131281  -44.110  -16.018  54.212 0.0000000000
62222  -46.334  -15.936  55.324 0.0000000000
139247  -48.382  -15.920  56.591 0.0000000000
63304  -48.151  -14.727  53.855 0.0000000000
148072  -49.041  -15.572  55.424 0.0000000000
61174  -49.850  -16.202  57.226 0.0000000000
153141  -51.848  -17.344  58.867 0.0000000000
67345  -50.640  -10.775  54.926 0.0000000000
66341  -51.856  -11.304  55.884 0.0000000000
64338  -53.757  -13.366  56.446 0.0000000000
75234  -56.401  -2.750  46.813 0.0000000000
76217  -57.997  -1.994  46.469 0.0000000000
154594  -58.642  -1.431  46.382 0.0000000000
78009  -56.818  -0.096  42.886 0.0000000000
77116  -58.404  -0.328  44.554 0.0000000000
77110  -59.511  -0.140  45.742 0.0000000000
77995  -60.057  0.646  45.517 0.0000000000
78898  -60.622  1.439  45.496 0.0000000000
79863  -58.935  1.834  41.033 0.0000000000
156788  -59.811  2.148  42.041 0.0000000000
79843  -61.529  3.084  44.389 0.0000000000
80834  -63.425  4.150  42.082 0.0000000000
59029  -34.810  -18.491  61.016 0.0000000000
57907  -34.173  -19.219  61.050 0.0000000000
61206  -41.478  -16.313  54.552 0.0000000000
155379  -42.414  -16.119  55.202 0.0000000000
61217  -42.019  -16.240  53.739 0.0000000000
75215  -55.295  -3.033  49.315 0.0000000000
75195  -55.402  -2.784  50.531 0.0000000000
75196  -56.177  -2.427  50.800 0.0000000000
75185  -56.431  -2.360  51.221 0.0000000000
133632  -56.050  -2.600  50.252 0.0000000000
76177  -56.682  -2.364  50.527 0.0000000000
42294  -12.969  -34.888  73.846 0.0000000000
66291  -34.653  -12.063  59.042 0.0000000000
66292  -35.300  -11.885  59.699 0.0000000000
131662  -34.963  -11.940  58.853 0.0000000000
65323  -35.430  -12.189  58.405 0.0000000000
66317  -34.742  -11.956  58.265 0.0000000000
51184  -18.458  -26.040  77.312 0.0000000000
143978  -18.297  -26.235  76.570 0.0000000000
52334  -25.446  -25.049  73.757 0.0000000000
131782  -25.677  -24.932  75.136 0.0000000000
151828  -26.478  -24.910  74.999 0.0000000000
55662  -34.782  -22.005  70.401 0.0000000000
54564  -34.213  -22.406  70.830 0.0000000000
55649  -35.032  -22.149  71.190 0.0000000000
55641  -35.350  -22.218  72.228 0.0000000000
50186  -17.362  -27.182  76.412 0.0000000000
67433  -49.152  -10.777  50.001 0.0000000000
66386  -48.413  -10.702  52.135 0.0000000000
67404  -49.160  -10.497  51.697 0.0000000000
62085  -38.167  -15.387  65.148 0.0000000000
62135  -35.105  -15.106  60.058 0.0000000000
50226  -18.927  -26.094  71.120 0.0000000000
50235  -18.686  -26.314  70.356 0.0000000000
53480  -21.607  -24.049  69.984 0.0000000000
53481  -22.111  -23.969  70.127 0.0000000000
53482  -22.507  -24.181  70.615 0.0000000000
151757  -22.644  -24.094  69.935 0.0000000000
56795  -34.181  -20.491  65.535 0.0000000000
56794  -33.719  -20.842  65.152 0.0000000000
154878  -34.369  -20.434  66.054 0.0000000000
55695  -34.216  -20.716  66.655 0.0000000000
56783  -34.882  -20.102  66.554 0.0000000000
56772  -35.315  -19.983  67.438 0.0000000000
57843  -35.589  -19.517  66.762 0.0000000000
136145  -37.697  -16.902  66.081 0.0000000000
61051  -38.059  -16.159  65.633 0.0000000000
50234  -18.145  -26.941  70.217 0.0000000000
140820  -44.040  -13.404  60.256 0.0000000000
64264  -45.464  -13.227  61.085 0.0000000000
64278  -44.843  -13.431  60.449 0.0000000000
62181  -47.595  -15.562  58.147 0.0000000000
62150  -48.517  -15.662  59.837 0.0000000000
62163  -48.825  -16.067  58.889 0.0000000000
61151  -49.309  -16.247  59.660 0.0000000000
61161  -49.821  -16.498  58.500 0.0000000000
71271  -52.171  -6.623  50.569 0.0000000000
156697  -52.746  -6.121  50.887 0.0000000000
71184  -56.977  -6.726  58.006 0.0000000000
72212  -46.881  -5.425  45.927 0.0000000000
75244  -51.661  -2.936  44.882 0.0000000000
75273  -52.098  -1.720  43.905 0.0000000000
40479  -11.108  -37.193  73.673 0.0000000000
138522  -10.385  -37.803  73.320 0.0000000000
155922  -9.938  -38.466  73.265 0.0000000000
39496  -10.264  -38.366  74.173 0.0000000000
41376  -11.875  -36.345  79.954 0.0000000000
41364  -11.767  -36.386  81.313 0.0000000000
35501  -9.383  -40.489  79.153 0.0000000000
34513  -10.509  -41.863  79.776 0.0000000000
65246  -36.961  -12.234  64.442 0.0000000000
66226  -37.314  -11.334  65.014 0.0000000000
66241  -36.826  -11.381  64.309 0.0000000000
65264  -39.792  -12.262  63.234 0.0000000000
65265  -40.594  -12.645  63.513 0.0000000000
65283  -40.312  -12.914  62.751 0.0000000000
65284  -41.181  -13.013  62.896 0.0000000000
64260  -40.054  -13.045  62.006 0.0000000000
147072  -37.516  -15.075  56.867 0.0000000000
63265  -38.509  -14.845  57.825 0.0000000000
62193  -38.081  -15.698  56.320 0.0000000000
52304  -20.845  -24.498  75.387 0.0000000000
52286  -20.382  -24.546  76.071 0.0000000000
131432  -25.372  -23.859  67.753 0.0000000000
53533  -24.571  -23.653  67.546 0.0000000000
53520  -25.310  -24.046  68.459 0.0000000000
52391  -26.212  -24.255  68.972 0.0000000000
54617  -30.277  -23.088  66.524 0.0000000000
53553  -29.455  -23.221  66.354 0.0000000000
53471  -30.395  -23.874  71.287 0.0000000000
53456  -29.850  -24.158  71.808 0.0000000000
53443  -30.220  -24.287  72.649 0.0000000000
152825  -30.038  -24.541  73.387 0.0000000000
58890  -37.682  -18.230  70.182 0.0000000000
152145  -15.206  -30.989  76.221 0.0000000000
64392  -43.640  -13.055  51.307 0.0000000000
64381  -44.858  -13.314  52.321 0.0000000000
63296  -52.488  -14.446  55.229 0.0000000000
62227  -52.257  -15.481  55.584 0.0000000000
62206  -53.549  -15.542  56.549 0.0000000000
61190  -53.117  -16.279  56.883 0.0000000000
67338  -53.473  -10.120  57.055 0.0000000000
67330  -53.740  -10.471  57.664 0.0000000000
77125  -54.502  -0.697  43.273 0.0000000000
77143  -54.962  -0.255  42.697 0.0000000000
78920  -57.778  0.941  41.746 0.0000000000
139664  -58.628  1.263  42.119 0.0000000000
78935  -58.414  1.421  41.410 0.0000000000
80853  -61.775  3.593  40.043 0.0000000000
80839  -61.319  3.273  40.529 0.0000000000
138368  -61.656  3.597  41.479 0.0000000000
80825  -62.475  3.906  42.782 0.0000000000
138367  -62.501  4.243  41.866 0.0000000000
60051  -36.618  -17.498  63.499 0.0000000000
61104  -36.816  -16.744  62.874 0.0000000000
60130  -35.172  -17.376  59.945 0.0000000000
56841  -32.943  -20.433  61.413 0.0000000000
155402  -33.689  -19.981  62.820 0.0000000000
136745  -34.285  -20.016  64.375 0.0000000000
57866  -34.659  -19.512  64.011 0.0000000000
57867  -35.167  -19.148  64.560 0.0000000000
135750  -35.212  -18.981  63.963 0.0000000000
59008  -35.911  -18.068  63.080 0.0000000000
58992  -36.097  -18.175  63.754 0.0000000000
63269  -42.843  -14.682  57.523 0.0000000000
63270  -43.619  -14.643  57.731 0.0000000000
154339  -43.292  -15.039  57.166 0.0000000000
62179  -44.794  -15.348  57.111 0.0000000000
135100  -45.144  -15.845  56.267 0.0000000000
131154  -45.697  -15.541  57.027 0.0000000000
131642  -46.057  -15.980  56.164 0.0000000000
74162  -52.728  -3.938  50.149 0.0000000000
73114  -53.262  -4.107  51.086 0.0000000000
74149  -53.663  -3.660  50.916 0.0000000000
73083  -56.048  -4.280  52.879 0.0000000000
72116  -56.769  -5.495  54.584 0.0000000000
73068  -57.159  -4.702  54.257 0.0000000000
76191  -58.543  -1.718  49.245 0.0000000000
76192  -59.346  -1.365  49.347 0.0000000000
76201  -58.420  -1.842  48.490 0.0000000000
41433  -12.062  -35.994  73.527 0.0000000000
41426  -11.610  -36.562  74.063 0.0000000000
66273  -35.833  -11.758  61.914 0.0000000000
66285  -36.613  -11.794  60.448 0.0000000000
139108  -36.812  -11.508  61.076 0.0000000000
156653  -37.298  -12.032  60.567 0.0000000000
157111  -37.961  -12.431  60.756 0.0000000000
65337  -35.983  -12.845  57.840 0.0000000000
64305  -36.772  -13.257  58.171 0.0000000000
64323  -36.476  -13.788  57.385 0.0000000000
64336  -35.988  -13.919  56.718 0.0000000000
131784  -23.850  -24.809  75.311 0.0000000000
52291  -25.432  -24.783  76.079 0.0000000000
133320  -27.735  -24.573  77.285 0.0000000000
53549  -25.169  -23.332  66.192 0.0000000000
53568  -25.834  -23.316  65.550 0.0000000000
54585  -32.545  -22.274  68.612 0.0000000000
54584  -31.744  -22.650  68.634 0.0000000000
54571  -32.546  -22.871  70.159 0.0000000000
53459  -32.241  -23.672  72.368 0.0000000000
54546  -32.978  -23.363  72.072 0.0000000000
54540  -33.947  -23.144  73.184 0.0000000000
48132  -16.805  -28.782  71.948 0.0000000000
47046  -16.653  -29.318  71.315 0.0000000000
49207  -16.639  -28.428  74.388 0.0000000000
47015  -16.114  -29.078  76.549 0.0000000000
51175  -17.281  -26.512  78.789 0.0000000000
50171  -16.542  -27.235  78.618 0.0000000000
66383  -46.030  -11.529  51.482 0.0000000000
65415  -46.492  -11.560  52.309 0.0000000000
66372  -47.266  -11.449  52.820 0.0000000000
66362  -48.957  -11.316  53.873 0.0000000000
66350  -48.644  -11.958  54.006 0.0000000000
136468  -49.838  -11.859  54.688 0.0000000000
65381  -51.074  -12.727  54.717 0.0000000000
65365  -51.164  -11.826  55.382 0.0000000000
80872  -61.272  3.553  37.889 0.0000000000
80873  -62.279  3.873  38.240 0.0000000000
43183  -13.896  -33.907  77.479 0.0000000000
42230  -12.390  -34.604  81.625 0.0000000000
136557  -38.395  -13.665  67.876 0.0000000000
146833  -38.231  -12.861  67.441 0.0000000000
64204  -38.378  -13.537  67.204 0.0000000000
64219  -37.741  -13.766  65.053 0.0000000000
64225  -37.246  -13.046  64.720 0.0000000000
146419  -36.869  -15.965  62.410 0.0000000000
63205  -36.494  -14.442  62.609 0.0000000000
63204  -35.874  -13.811  62.264 0.0000000000
51207  -18.393  -26.209  73.753 0.0000000000
51217  -18.435  -26.227  73.066 0.0000000000
52343  -19.900  -25.461  73.029 0.0000000000
52328  -20.343  -25.175  73.473 0.0000000000
51247  -19.832  -25.254  69.933 0.0000000000
139230  -20.647  -24.673  70.151 0.0000000000
53452  -21.478  -24.578  71.569 0.0000000000
52362  -21.158  -24.688  71.208 0.0000000000
52346  -21.220  -24.748  72.974 0.0000000000
52330  -21.808  -24.568  73.075 0.0000000000
52348  -23.095  -24.671  72.486 0.0000000000
137087  -24.559  -24.879  72.051 0.0000000000
131549  -29.247  -22.600  63.825 0.0000000000
134170  -30.523  -22.505  64.413 0.0000000000
55756  -32.525  -21.184  62.741 0.0000000000
55743  -31.948  -21.728  63.211 0.0000000000
55710  -33.303  -21.325  65.789 0.0000000000
55709  -32.630  -21.743  65.517 0.0000000000
54619  -31.975  -22.263  66.070 0.0000000000
55681  -32.452  -22.116  67.235 0.0000000000
55682  -33.169  -21.676  67.434 0.0000000000
55671  -34.453  -21.023  68.151 0.0000000000
55670  -33.738  -21.503  68.177 0.0000000000
149102  -35.548  -20.927  69.354 0.0000000000
56757  -35.921  -21.118  69.997 0.0000000000
57821  -36.384  -19.312  68.299 0.0000000000
137241  -36.258  -19.879  68.941 0.0000000000
57807  -36.922  -19.189  69.108 0.0000000000
58899  -37.358  -18.641  69.503 0.0000000000
137320  -37.260  -18.534  68.961 0.0000000000
58959  -36.402  -18.610  66.049 0.0000000000
58943  -36.190  -18.966  66.830 0.0000000000
147146  -37.759  -17.022  66.925 0.0000000000
60009  -37.355  -17.666  67.157 0.0000000000
59995  -37.717  -17.310  67.831 0.0000000000
59979  -37.783  -17.264  68.810 0.0000000000
141290  -38.382  -14.404  68.188 0.0000000000
154053  -17.515  -27.346  72.461 0.0000000000
65270  -45.556  -12.299  63.219 0.0000000000
65271  -46.424  -12.313  63.143 0.0000000000
65290  -47.318  -13.081  62.309 0.0000000000
65291  -48.027  -13.317  62.858 0.0000000000
64236  -49.492  -13.822  63.996 0.0000000000
64250  -49.119  -14.088  63.154 0.0000000000
63236  -45.708  -14.381  59.393 0.0000000000
64294  -45.605  -13.988  59.915 0.0000000000
63225  -46.621  -14.426  60.137 0.0000000000
62129  -48.910  -15.398  61.447 0.0000000000
63217  -48.394  -14.817  61.687 0.0000000000
62130  -49.410  -15.519  61.942 0.0000000000
62119  -49.770  -15.240  62.530 0.0000000000
62120  -50.444  -15.565  62.882 0.0000000000
61127  -50.767  -16.384  62.265 0.0000000000
61128  -51.520  -16.962  61.928 0.0000000000
69411  -50.653  -8.442  49.647 0.0000000000
143753  -51.408  -9.168  50.828 0.0000000000
69374  -53.530  -8.262  52.954 0.0000000000
69373  -52.719  -8.913  52.909 0.0000000000
69319  -53.088  -9.151  54.939 0.0000000000
69320  -53.763  -8.675  55.320 0.0000000000
71243  -54.842  -6.116  52.342 0.0000000000
70332  -54.732  -6.929  52.712 0.0000000000
71230  -55.171  -6.651  53.235 0.0000000000
70286  -55.034  -7.604  55.905 0.0000000000
32566  -7.221  -44.427  75.820 0.0000000000
137870  -6.710  -44.635  75.422 0.0000000000
31522  -6.816  -45.109  75.635 0.0000000000
64416  -41.517  -13.226  49.451 0.0000000000
64400  -42.532  -13.237  50.518 0.0000000000
65441  -42.068  -12.717  49.392 0.0000000000
65460  -43.041  -12.167  49.103 0.0000000000
66412  -43.793  -11.988  49.214 0.0000000000
66413  -44.678  -11.808  49.336 0.0000000000
66424  -44.408  -11.421  48.399 0.0000000000
67442  -45.895  -10.802  48.103 0.0000000000
67458  -46.222  -9.875  47.744 0.0000000000
132754  -46.717  -10.607  48.232 0.0000000000
147286  -47.020  -9.634  47.949 0.0000000000
69418  -47.502  -8.150  48.477 0.0000000000
146096  -47.317  -7.479  48.445 0.0000000000
69409  -48.731  -7.780  49.137 0.0000000000
70367  -47.877  -6.813  48.746 0.0000000000
155547  -48.114  -5.826  47.938 0.0000000000
71276  -48.514  -6.325  49.266 0.0000000000
72172  -48.660  -5.740  49.187 0.0000000000
72173  -49.235  -5.295  49.555 0.0000000000
72181  -48.987  -5.145  48.775 0.0000000000
73182  -50.294  -4.024  45.803 0.0000000000
73181  -49.552  -4.349  45.884 0.0000000000
73167  -50.335  -4.359  46.570 0.0000000000
138485  -50.403  -4.326  48.331 0.0000000000
156209  -50.650  -4.351  47.369 0.0000000000
73155  -51.201  -4.128  47.827 0.0000000000
74225  -52.734  -3.332  45.948 0.0000000000
74210  -52.740  -3.691  46.822 0.0000000000
74211  -53.400  -3.623  47.276 0.0000000000
74212  -54.162  -3.453  47.296 0.0000000000
74226  -53.603  -3.294  46.414 0.0000000000
75233  -54.741  -3.100  46.530 0.0000000000
76251  -52.778  -1.302  43.563 0.0000000000
147997  -53.615  -1.891  44.596 0.0000000000
77124  -53.553  -0.877  43.203 0.0000000000
37499  -9.156  -39.578  73.102 0.0000000000
42274  -12.616  -35.449  76.853 0.0000000000
42283  -12.563  -35.513  75.892 0.0000000000
41397  -11.659  -36.867  78.340 0.0000000000
142783  -11.749  -36.542  76.989 0.0000000000
138800  -11.407  -37.216  76.784 0.0000000000
40469  -11.348  -37.270  75.903 0.0000000000
40424  -11.197  -37.775  80.728 0.0000000000
38412  -9.920  -39.148  78.705 0.0000000000
38419  -10.083  -38.892  78.508 0.0000000000
38426  -9.967  -38.998  77.806 0.0000000000
39472  -10.406  -38.484  77.227 0.0000000000
38438  -10.037  -39.245  76.925 0.0000000000
38448  -10.209  -39.168  75.820 0.0000000000
36509  -8.891  -40.936  77.364 0.0000000000
36519  -9.175  -40.756  76.666 0.0000000000
36518  -8.826  -41.164  76.917 0.0000000000
35526  -8.573  -41.754  76.405 0.0000000000
34531  -8.278  -42.389  76.416 0.0000000000
153760  -8.526  -42.104  77.156 0.0000000000
33535  -10.391  -42.943  78.648 0.0000000000
67259  -44.955  -10.917  67.229 0.0000000000
67260  -45.897  -11.057  67.186 0.0000000000
155992  -44.456  -11.169  66.599 0.0000000000
66200  -38.043  -11.390  67.357 0.0000000000
67252  -37.808  -10.442  66.163 0.0000000000
143644  -38.103  -10.037  65.975 0.0000000000
68308  -39.282  -9.889  66.966 0.0000000000
67253  -38.816  -9.965  66.316 0.0000000000
67295  -37.319  -10.759  63.538 0.0000000000
66242  -39.597  -11.184  64.417 0.0000000000
67297  -38.758  -10.802  64.151 0.0000000000
67288  -39.917  -10.815  65.122 0.0000000000
67273  -40.252  -10.498  65.841 0.0000000000
66227  -40.743  -11.233  65.376 0.0000000000
66228  -41.574  -11.426  65.535 0.0000000000
156493  -42.468  -12.140  64.501 0.0000000000
66244  -42.891  -11.842  65.021 0.0000000000
66245  -43.794  -11.839  64.960 0.0000000000
65250  -44.112  -12.131  64.029 0.0000000000
147602  -43.344  -12.419  63.689 0.0000000000
64246  -41.784  -13.119  62.131 0.0000000000
64247  -42.727  -13.026  62.246 0.0000000000
149682  -41.847  -13.513  60.551 0.0000000000
131978  -39.222  -13.711  60.252 0.0000000000
64274  -39.970  -13.586  60.825 0.0000000000
64288  -38.976  -13.979  59.600 0.0000000000
63249  -40.345  -14.454  58.544 0.0000000000
63232  -39.976  -14.258  59.171 0.0000000000
63233  -40.940  -14.064  59.027 0.0000000000
63234  -41.909  -13.836  59.070 0.0000000000
63250  -41.649  -14.170  58.439 0.0000000000
63268  -41.424  -14.568  57.834 0.0000000000
141154  -39.499  -16.063  55.654 0.0000000000
62215  -39.924  -15.753  56.237 0.0000000000
152305  -40.216  -15.989  55.646 0.0000000000
61195  -40.007  -16.264  55.059 0.0000000000
138746  -34.021  -12.257  56.569 0.0000000000
65364  -34.069  -12.762  55.850 0.0000000000
63292  -35.050  -14.302  55.018 0.0000000000
131126  -35.973  -15.634  54.044 0.0000000000
132292  -36.681  -15.871  54.156 0.0000000000
62250  -36.481  -15.981  53.452 0.0000000000
61224  -38.578  -16.313  52.551 0.0000000000
51195  -19.039  -25.629  75.565 0.0000000000
51191  -18.922  -25.700  76.546 0.0000000000
52302  -19.548  -25.233  76.080 0.0000000000
133072  -22.824  -24.423  76.996 0.0000000000
133073  -21.974  -24.184  76.923 0.0000000000
53532  -24.029  -23.788  68.133 0.0000000000
54597  -23.185  -23.382  67.368 0.0000000000
54583  -23.341  -23.674  68.138 0.0000000000
53500  -23.047  -24.088  69.437 0.0000000000
131975  -23.579  -24.221  69.601 0.0000000000
52378  -24.916  -24.682  70.542 0.0000000000
52350  -25.563  -24.943  72.390 0.0000000000
52366  -26.215  -24.865  71.833 0.0000000000
53586  -28.062  -22.912  64.848 0.0000000000
53536  -28.849  -23.414  67.011 0.0000000000
53570  -27.780  -23.265  65.743 0.0000000000
134594  -27.988  -23.533  66.655 0.0000000000
53535  -27.381  -23.776  67.216 0.0000000000
141881  -28.114  -23.664  67.340 0.0000000000
53524  -30.973  -23.046  68.653 0.0000000000
150413  -30.196  -23.359  68.585 0.0000000000
52393  -28.918  -23.946  69.713 0.0000000000
52405  -27.942  -24.016  68.593 0.0000000000
141710  -28.125  -24.167  69.399 0.0000000000
52380  -27.489  -24.453  69.926 0.0000000000
52353  -28.522  -24.664  72.608 0.0000000000
52352  -27.780  -24.727  72.319 0.0000000000
131774  -27.255  -24.898  72.746 0.0000000000
52335  -27.843  -24.803  73.072 0.0000000000
52319  -27.826  -24.842  73.858 0.0000000000
52320  -28.648  -24.774  74.265 0.0000000000
52321  -29.578  -24.728  74.706 0.0000000000
53426  -29.897  -24.721  75.085 0.0000000000
53446  -32.538  -23.851  73.795 0.0000000000
138484  -31.705  -24.104  74.038 0.0000000000
53429  -32.393  -24.106  74.503 0.0000000000
137243  -36.804  -20.452  71.186 0.0000000000
46000  -16.196  -30.472  71.554 0.0000000000
46004  -16.011  -30.733  70.840 0.0000000000
45001  -15.821  -31.166  71.495 0.0000000000
45007  -15.271  -31.990  71.324 0.0000000000
44101  -14.555  -32.708  71.159 0.0000000000
152392  -14.548  -33.172  74.504 0.0000000000
43202  -13.962  -33.797  74.257 0.0000000000
44075  -14.373  -33.431  75.142 0.0000000000
43197  -14.130  -33.834  75.844 0.0000000000
140196  -14.547  -33.033  75.999 0.0000000000
48007  -15.367  -28.827  78.594 0.0000000000
48026  -15.265  -29.485  78.213 0.0000000000
156849  -50.195  -13.072  65.955 0.0000000000
153692  -42.497  -15.465  52.411 0.0000000000
131197  -42.696  -15.924  53.177 0.0000000000
62267  -43.339  -15.339  52.714 0.0000000000
62256  -45.775  -15.244  53.339 0.0000000000
133378  -45.807  -15.779  54.457 0.0000000000
62237  -46.632  -15.674  54.577 0.0000000000
62200  -47.023  -15.979  55.984 0.0000000000
62223  -47.630  -15.791  55.464 0.0000000000
64375  -47.625  -12.853  53.552 0.0000000000
150156  -47.820  -13.650  53.575 0.0000000000
63305  -48.986  -14.452  54.112 0.0000000000
62204  -50.723  -15.853  55.920 0.0000000000
62225  -49.957  -15.599  55.489 0.0000000000
62203  -50.112  -15.943  56.340 0.0000000000
62202  -49.269  -15.884  56.328 0.0000000000
61175  -50.833  -16.658  57.630 0.0000000000
137957  -51.438  -17.116  58.299 0.0000000000
61176  -51.744  -16.915  57.614 0.0000000000
60156  -54.229  -17.209  59.230 0.0000000000
60155  -53.243  -17.305  58.698 0.0000000000
156627  -54.031  -17.570  60.127 0.0000000000
68442  -50.951  -9.576  52.939 0.0000000000
68420  -50.323  -9.829  53.582 0.0000000000
68401  -50.863  -9.943  54.245 0.0000000000
66331  -53.198  -11.307  56.935 0.0000000000
66330  -52.432  -11.022  56.423 0.0000000000
65350  -52.686  -11.653  56.318 0.0000000000
64337  -53.061  -12.694  55.956 0.0000000000
64325  -54.401  -12.977  57.251 0.0000000000
144055  -55.628  -2.782  46.215 0.0000000000
75249  -56.278  -2.520  45.934 0.0000000000
76227  -56.557  -2.075  45.216 0.0000000000
76228  -57.544  -1.773  45.469 0.0000000000
77108  -57.977  -1.037  44.961 0.0000000000
77144  -55.881  -0.203  42.793 0.0000000000
78029  -56.367  0.238  42.240 0.0000000000
78010  -57.756  0.172  43.140 0.0000000000
77129  -58.082  -0.120  43.846 0.0000000000
77109  -58.750  -0.565  45.300 0.0000000000
78000  -59.234  0.256  44.893 0.0000000000
78912  -59.962  1.499  44.200 0.0000000000
78905  -60.621  1.868  44.910 0.0000000000
78899  -61.286  2.138  45.565 0.0000000000
79890  -60.302  2.636  40.238 0.0000000000
79889  -59.157  2.399  39.738 0.0000000000
79877  -58.584  2.022  40.159 0.0000000000
79864  -59.693  2.158  41.485 0.0000000000
80823  -61.399  3.278  43.141 0.0000000000
79853  -60.759  2.731  42.782 0.0000000000
149421  -61.652  3.409  43.839 0.0000000000
79834  -61.956  3.248  45.065 0.0000000000
79835  -62.069  3.278  44.926 0.0000000000
81830  -63.446  4.890  41.024 0.0000000000
81824  -63.125  4.604  41.572 0.0000000000
81825  -63.570  4.640  41.551 0.0000000000
60065  -35.700  -18.059  62.265 0.0000000000
60087  -35.960  -17.368  61.804 0.0000000000
60086  -35.467  -17.950  61.448 0.0000000000
60110  -35.338  -17.665  60.630 0.0000000000
57906  -33.524  -19.797  61.171 0.0000000000
56843  -33.954  -19.519  61.877 0.0000000000
57894  -34.501  -19.164  62.553 0.0000000000
57883  -34.890  -19.042  63.369 0.0000000000
59007  -35.273  -18.605  62.789 0.0000000000
62217  -41.588  -15.857  55.846 0.0000000000
62198  -43.308  -15.515  56.509 0.0000000000
148377  -42.357  -15.941  55.618 0.0000000000
61198  -43.011  -16.051  55.256 0.0000000000
62236  -43.931  -16.060  55.044 0.0000000000
74177  -54.008  -3.373  49.760 0.0000000000
75183  -54.884  -2.953  50.891 0.0000000000
74151  -55.233  -2.908  51.350 0.0000000000
75186  -57.067  -2.198  51.413 0.0000000000
75172  -57.608  -2.091  51.974 0.0000000000
76151  -58.247  -1.810  51.864 0.0000000000
76178  -57.450  -2.091  50.664 0.0000000000
76190  -57.187  -2.307  49.980 0.0000000000
75217  -57.173  -2.507  48.213 0.0000000000
42318  -12.323  -35.163  72.106 0.0000000000
42304  -12.554  -35.262  73.105 0.0000000000
139226  -12.534  -35.477  74.075 0.0000000000
42293  -12.547  -35.559  74.968 0.0000000000
66283  -35.441  -11.910  60.513 0.0000000000
155398  -35.696  -11.767  60.240 0.0000000000
66293  -36.081  -11.825  59.927 0.0000000000
65314  -36.537  -12.328  59.261 0.0000000000
52318  -24.351  -24.926  74.678 0.0000000000
52292  -26.377  -24.713  76.331 0.0000000000
131781  -26.870  -24.818  75.647 0.0000000000
132893  -27.806  -24.760  75.621 0.0000000000
54572  -33.039  -22.360  69.437 0.0000000000
54554  -33.611  -22.876  71.409 0.0000000000
54548  -34.587  -22.732  72.727 0.0000000000
49196  -16.654  -28.202  75.293 0.0000000000
49188  -16.481  -28.287  76.393 0.0000000000
49182  -16.779  -27.613  76.760 0.0000000000
50178  -17.192  -26.879  77.882 0.0000000000
66401  -47.461  -11.433  50.464 0.0000000000
67385  -47.756  -11.045  52.506 0.0000000000
66385  -47.805  -11.111  51.517 0.0000000000
67370  -48.907  -10.722  53.425 0.0000000000
67356  -49.487  -10.856  54.017 0.0000000000
63168  -38.420  -14.515  66.440 0.0000000000
147994  -38.378  -13.794  66.712 0.0000000000
63177  -38.215  -14.532  65.514 0.0000000000
62127  -35.894  -15.518  61.090 0.0000000000
62118  -36.564  -15.171  62.169 0.0000000000
63224  -35.466  -14.812  60.866 0.0000000000
64273  -35.135  -13.761  60.898 0.0000000000
134817  -17.929  -26.932  71.833 0.0000000000
50218  -18.470  -26.321  72.290 0.0000000000
153244  -18.512  -26.383  71.619 0.0000000000
134816  -19.081  -25.861  71.857 0.0000000000
51228  -19.638  -25.557  71.306 0.0000000000
52390  -20.910  -24.298  69.548 0.0000000000
147358  -21.218  -24.217  69.917 0.0000000000
53466  -21.599  -24.303  70.677 0.0000000000
152893  -21.903  -24.390  71.664 0.0000000000
53454  -22.141  -24.437  72.175 0.0000000000
53468  -22.359  -24.314  71.400 0.0000000000
55728  -33.280  -21.012  64.431 0.0000000000
55694  -33.545  -21.247  66.612 0.0000000000
56762  -35.116  -20.459  68.185 0.0000000000
56763  -35.626  -20.440  68.846 0.0000000000
60025  -37.193  -17.538  65.750 0.0000000000
154705  -36.898  -18.063  66.136 0.0000000000
61026  -38.060  -16.402  67.439 0.0000000000
140992  -38.169  -15.848  67.912 0.0000000000
62066  -38.394  -15.442  67.116 0.0000000000
49242  -17.706  -27.540  69.905 0.0000000000
145157  -17.710  -27.368  70.972 0.0000000000
65300  -45.152  -12.864  61.898 0.0000000000
65288  -45.956  -12.560  62.395 0.0000000000
65301  -45.928  -12.928  61.615 0.0000000000
135307  -47.021  -13.425  61.588 0.0000000000
62161  -46.937  -15.178  58.868 0.0000000000
63238  -47.093  -14.993  59.705 0.0000000000
62149  -47.760  -15.259  60.021 0.0000000000
62138  -49.015  -15.769  60.605 0.0000000000
62139  -49.483  -15.896  61.330 0.0000000000
61139  -50.111  -16.444  61.328 0.0000000000
152210  -50.306  -16.813  60.514 0.0000000000
61140  -50.917  -17.213  60.052 0.0000000000
70361  -51.365  -7.197  50.217 0.0000000000
70362  -52.275  -7.715  50.582 0.0000000000
70343  -53.104  -7.312  50.978 0.0000000000
140981  -53.912  -7.924  53.552 0.0000000000
71218  -56.299  -6.190  55.047 0.0000000000
71217  -55.570  -6.578  54.482 0.0000000000
136034  -55.729  -6.811  55.771 0.0000000000
77986  -61.051  0.595  47.342 0.0000000000
150299  -43.846  -10.297  47.509 0.0000000000
71292  -46.722  -6.510  47.627 0.0000000000
71282  -47.584  -6.482  48.206 0.0000000000
133136  -46.782  -6.159  47.198 0.0000000000
72200  -47.310  -5.738  46.728 0.0000000000
72201  -48.184  -5.483  47.077 0.0000000000
74242  -50.338  -3.303  44.792 0.0000000000
74223  -50.643  -3.658  45.363 0.0000000000
74224  -51.362  -3.514  45.476 0.0000000000
144986  -52.072  -3.303  45.529 0.0000000000
75245  -52.678  -2.803  45.183 0.0000000000
154398  -53.010  -2.218  44.739 0.0000000000
75260  -52.311  -2.288  44.509 0.0000000000
38462  -9.795  -39.034  73.725 0.0000000000
41389  -12.293  -35.905  79.410 0.0000000000
41388  -11.833  -36.611  79.135 0.0000000000
40443  -11.326  -37.340  79.020 0.0000000000
38405  -10.613  -38.579  80.361 0.0000000000
37439  -9.889  -39.486  79.519 0.0000000000
37447  -9.527  -39.721  78.546 0.0000000000
37446  -9.245  -40.222  78.180 0.0000000000
36497  -9.168  -40.378  78.306 0.0000000000
35508  -8.853  -40.990  78.151 0.0000000000
34524  -8.689  -42.053  77.622 0.0000000000
34519  -9.361  -41.772  78.658 0.0000000000
34520  -10.076  -42.265  79.104 0.0000000000
65233  -37.505  -11.777  65.702 0.0000000000
66210  -37.677  -11.174  66.456 0.0000000000
66267  -38.192  -11.344  62.765 0.0000000000
66257  -39.299  -11.528  63.700 0.0000000000
137618  -41.199  -11.891  64.916 0.0000000000
65247  -40.884  -12.292  64.236 0.0000000000
65267  -42.480  -12.494  63.804 0.0000000000
64261  -41.398  -13.377  61.363 0.0000000000
63246  -38.049  -14.386  58.298 0.0000000000
64307  -39.240  -14.317  59.134 0.0000000000
63247  -38.981  -14.655  58.447 0.0000000000
63266  -39.276  -14.999  57.630 0.0000000000
62174  -40.139  -15.032  57.425 0.0000000000
131185  -39.036  -15.824  56.356 0.0000000000
62214  -38.625  -16.105  55.636 0.0000000000
52303  -19.985  -24.896  75.643 0.0000000000
52285  -19.919  -24.790  76.595 0.0000000000
52270  -21.339  -24.049  77.410 0.0000000000
156816  -24.018  -24.438  78.900 0.0000000000
54615  -23.653  -23.000  66.450 0.0000000000
53519  -24.419  -24.023  68.658 0.0000000000
53501  -24.143  -24.196  69.271 0.0000000000
53502  -25.039  -24.260  69.153 0.0000000000
52379  -25.744  -24.499  69.912 0.0000000000
53587  -29.046  -22.845  64.729 0.0000000000
147161  -28.558  -23.069  65.403 0.0000000000
53571  -29.290  -23.072  65.598 0.0000000000
53537  -29.451  -23.390  67.597 0.0000000000
53488  -31.273  -23.406  70.211 0.0000000000
53487  -30.485  -23.693  70.538 0.0000000000
52382  -29.037  -24.133  70.534 0.0000000000
150216  -28.429  -24.421  70.969 0.0000000000
52369  -29.113  -24.321  71.341 0.0000000000
150195  -29.157  -24.480  72.132 0.0000000000
52354  -29.378  -24.603  72.913 0.0000000000
53434  -30.281  -24.643  74.110 0.0000000000
45991  -16.145  -30.573  73.405 0.0000000000
44995  -15.809  -31.408  73.073 0.0000000000
152677  -15.407  -32.107  72.860 0.0000000000
44089  -14.943  -32.687  73.228 0.0000000000
44071  -14.722  -32.160  76.154 0.0000000000
49148  -15.415  -27.853  79.714 0.0000000000
140852  -43.674  -14.467  52.121 0.0000000000
62268  -44.089  -14.993  52.665 0.0000000000
63328  -44.504  -14.284  52.422 0.0000000000
62257  -46.599  -15.282  53.790 0.0000000000
63307  -50.504  -14.295  54.352 0.0000000000
63306  -49.767  -14.337  54.241 0.0000000000
62242  -50.898  -14.876  54.619 0.0000000000
146149  -51.436  -15.719  55.639 0.0000000000
61189  -52.395  -16.373  56.631 0.0000000000
61177  -52.496  -16.750  57.356 0.0000000000
61164  -53.934  -16.780  58.140 0.0000000000
68384  -51.859  -9.997  55.203 0.0000000000
66329  -52.053  -10.394  55.834 0.0000000000
67337  -52.756  -10.288  56.376 0.0000000000
66318  -53.081  -10.698  56.890 0.0000000000
76226  -55.783  -1.884  44.888 0.0000000000
76237  -55.360  -1.431  44.471 0.0000000000
76254  -55.782  -0.943  44.011 0.0000000000
76255  -56.704  -0.937  44.048 0.0000000000
78011  -58.592  0.513  43.600 0.0000000000
78012  -59.299  0.772  44.189 0.0000000000
79842  -59.992  1.883  43.505 0.0000000000
80864  -59.893  3.073  38.416 0.0000000000
79879  -60.329  2.555  41.196 0.0000000000
80833  -61.068  3.046  41.802 0.0000000000
80816  -61.982  3.761  43.474 0.0000000000
80817  -62.138  3.671  43.595 0.0000000000
81826  -64.100  4.674  41.202 0.0000000000
80835  -64.027  4.128  41.548 0.0000000000
79867  -64.289  3.154  40.973 0.0000000000
153038  -37.623  -16.354  64.311 0.0000000000
61081  -37.157  -16.637  63.629 0.0000000000
150601  -37.138  -16.088  63.097 0.0000000000
61120  -36.036  -16.674  61.317 0.0000000000
153766  -35.934  -16.102  60.963 0.0000000000
51246  -19.083  -25.914  69.713 0.0000000000
52403  -20.749  -24.264  68.765 0.0000000000
53515  -21.391  -23.828  68.530 0.0000000000
53516  -22.053  -23.640  68.560 0.0000000000
132910  -31.784  -21.547  61.045 0.0000000000
55757  -33.080  -20.703  63.047 0.0000000000
55745  -33.454  -20.573  63.686 0.0000000000
56803  -34.236  -20.277  64.961 0.0000000000
57856  -35.317  -19.490  66.024 0.0000000000
134696  -35.173  -19.332  65.278 0.0000000000
134865  -36.301  -18.450  65.133 0.0000000000
58974  -35.798  -18.612  64.324 0.0000000000
60024  -36.946  -17.740  65.038 0.0000000000
64309  -43.733  -13.847  58.964 0.0000000000
64310  -44.447  -14.052  58.982 0.0000000000
63252  -44.775  -14.427  58.630 0.0000000000
63253  -45.348  -14.545  58.882 0.0000000000
62178  -43.946  -15.190  57.127 0.0000000000
63272  -45.288  -15.046  58.081 0.0000000000
63254  -46.048  -14.937  58.692 0.0000000000
142624  -46.812  -15.351  57.983 0.0000000000
151655  -47.351  -15.731  57.418 0.0000000000
149509  -51.760  -4.697  50.545 0.0000000000
139127  -52.881  -5.335  51.053 0.0000000000
72155  -53.178  -4.717  51.179 0.0000000000
72156  -53.892  -4.639  51.537 0.0000000000
71244  -55.343  -5.674  52.712 0.0000000000
73100  -55.255  -4.507  52.390 0.0000000000
72115  -56.211  -5.866  54.001 0.0000000000
150976  -56.913  -5.804  55.453 0.0000000000
76166  -58.677  -1.597  51.482 0.0000000000
76211  -59.388  -1.219  47.517 0.0000000000
135911  -11.260  -36.184  71.828 0.0000000000
66255  -36.225  -11.732  63.021 0.0000000000
138536  -36.461  -11.271  63.491 0.0000000000
66265  -36.335  -11.391  62.591 0.0000000000
67304  -36.758  -10.964  62.313 0.0000000000
66275  -37.076  -11.168  61.814 0.0000000000
139193  -37.814  -11.555  62.107 0.0000000000
65281  -38.635  -12.106  62.197 0.0000000000
65298  -39.245  -12.877  61.818 0.0000000000
65309  -38.505  -13.097  60.578 0.0000000000
64287  -38.477  -13.549  59.835 0.0000000000
65315  -37.283  -12.872  59.347 0.0000000000
64324  -37.263  -14.084  57.927 0.0000000000
63263  -37.113  -14.477  57.282 0.0000000000
133071  -23.823  -24.579  77.041 0.0000000000
52290  -24.344  -24.754  76.137 0.0000000000
52273  -24.342  -24.484  78.020 0.0000000000
133068  -26.780  -24.544  77.253 0.0000000000
54616  -24.483  -22.919  65.926 0.0000000000
131301  -25.287  -23.627  66.993 0.0000000000
53534  -26.328  -23.833  67.232 0.0000000000
54601  -31.315  -22.731  67.877 0.0000000000
53505  -31.439  -23.051  69.387 0.0000000000
53506  -31.891  -23.085  69.960 0.0000000000
53458  -31.519  -23.804  72.141 0.0000000000
137001  -30.988  -23.966  72.673 0.0000000000
138727  -33.282  -23.456  73.572 0.0000000000
54539  -33.343  -23.311  72.848 0.0000000000
145498  -16.389  -29.988  71.054 0.0000000000
132843  -16.438  -29.716  71.956 0.0000000000
47041  -16.345  -29.817  72.884 0.0000000000
48114  -16.480  -29.112  73.329 0.0000000000
47021  -15.803  -30.020  75.775 0.0000000000
143980  -15.436  -30.381  76.405 0.0000000000
47014  -15.727  -29.673  76.532 0.0000000000
48008  -15.616  -28.399  78.514 0.0000000000
49181  -16.420  -28.011  77.202 0.0000000000
153817  -16.145  -28.101  78.036 0.0000000000
49163  -15.806  -27.878  78.913 0.0000000000
131952  -44.788  -12.234  51.578 0.0000000000
64382  -45.711  -12.945  52.623 0.0000000000
65406  -46.033  -12.219  52.517 0.0000000000
65394  -46.873  -12.019  53.032 0.0000000000
65396  -48.153  -12.436  53.728 0.0000000000
66373  -47.864  -11.298  53.044 0.0000000000
64361  -50.834  -13.540  54.402 0.0000000000
64362  -51.726  -13.665  54.680 0.0000000000
63297  -53.205  -13.922  55.738 0.0000000000
78043  -53.620  0.303  41.264 0.0000000000
78027  -54.491  0.064  41.873 0.0000000000
78044  -54.525  0.568  41.129 0.0000000000
78933  -55.357  0.814  41.085 0.0000000000
140266  -60.834  3.247  38.427 0.0000000000
80854  -62.479  4.261  40.186 0.0000000000
81837  -63.215  4.845  40.355 0.0000000000
134383  -63.008  4.385  38.379 0.0000000000
143523  -63.649  5.175  39.740 0.0000000000
81838  -63.791  5.217  40.421 0.0000000000
43196  -13.513  -34.454  75.565 0.0000000000
42284  -12.994  -35.005  75.293 0.0000000000
42264  -13.349  -34.822  77.371 0.0000000000
42247  -12.627  -35.078  79.789 0.0000000000
65234  -37.693  -12.662  65.974 0.0000000000
65239  -37.387  -12.443  65.184 0.0000000000
62095  -37.933  -15.523  64.359 0.0000000000
62107  -37.496  -14.876  63.819 0.0000000000
63193  -36.914  -14.244  63.318 0.0000000000
135938  -36.643  -13.488  63.559 0.0000000000
64234  -36.246  -12.905  63.308 0.0000000000
65262  -36.060  -12.293  62.857 0.0000000000
65280  -35.630  -12.262  62.145 0.0000000000
65296  -35.437  -12.213  61.238 0.0000000000
64257  -35.075  -12.854  60.715 0.0000000000
65307  -35.110  -12.265  60.453 0.0000000000
51194  -18.535  -26.070  75.038 0.0000000000
147426  -19.067  -25.590  74.844 0.0000000000
51208  -19.106  -25.701  73.542 0.0000000000
52312  -19.446  -25.456  74.280 0.0000000000
52313  -20.174  -24.950  74.793 0.0000000000
52314  -20.652  -24.732  74.635 0.0000000000
51229  -20.267  -25.210  71.394 0.0000000000
137866  -20.743  -24.874  70.953 0.0000000000
52361  -20.657  -25.060  71.718 0.0000000000
52344  -20.560  -25.135  72.594 0.0000000000
52329  -20.772  -24.940  73.225 0.0000000000
132212  -21.106  -24.682  73.791 0.0000000000
131780  -21.313  -24.550  74.636 0.0000000000
131963  -21.943  -24.561  74.668 0.0000000000
52316  -22.511  -24.689  74.192 0.0000000000
52347  -22.492  -24.563  72.745 0.0000000000
52332  -23.108  -24.794  73.393 0.0000000000
52333  -24.361  -24.999  73.798 0.0000000000
54686  -28.804  -22.519  62.490 0.0000000000
54669  -28.646  -22.556  63.238 0.0000000000
54635  -30.004  -22.817  65.099 0.0000000000
54636  -30.585  -22.835  65.711 0.0000000000
54618  -31.142  -22.719  66.319 0.0000000000
54687  -31.283  -22.048  62.677 0.0000000000
54672  -31.114  -22.248  63.651 0.0000000000
55727  -32.632  -21.550  64.645 0.0000000000
54654  -31.281  -22.343  64.620 0.0000000000
54637  -31.295  -22.499  65.464 0.0000000000
142436  -31.735  -22.500  67.025 0.0000000000
54603  -32.660  -22.033  67.894 0.0000000000
150919  -33.521  -21.875  68.910 0.0000000000
55656  -35.491  -21.631  70.581 0.0000000000
137242  -36.496  -20.479  70.294 0.0000000000
151262  -36.708  -19.852  69.735 0.0000000000
59952  -38.038  -17.354  70.566 0.0000000000
58928  -36.591  -18.820  67.595 0.0000000000
58929  -37.169  -18.148  67.706 0.0000000000
59965  -37.857  -17.246  69.746 0.0000000000
148855  -37.951  -16.423  69.922 0.0000000000
132737  -38.195  -14.873  68.935 0.0000000000
48157  -17.124  -28.981  70.053 0.0000000000
48146  -16.976  -28.829  71.011 0.0000000000
49229  -17.296  -28.122  71.443 0.0000000000
50206  -17.376  -27.342  73.817 0.0000000000
66248  -46.703  -11.845  64.620 0.0000000000
157442  -46.985  -12.307  63.103 0.0000000000
65273  -48.409  -13.045  63.686 0.0000000000
65256  -49.497  -13.033  65.060 0.0000000000
64226  -49.885  -13.494  64.804 0.0000000000
135057  -45.147  -13.755  59.919 0.0000000000
64280  -46.230  -13.897  60.454 0.0000000000
64266  -47.325  -13.930  61.428 0.0000000000
63226  -47.353  -14.747  60.450 0.0000000000
63216  -47.654  -14.528  61.203 0.0000000000
64267  -48.018  -14.170  61.904 0.0000000000
63207  -49.479  -14.641  62.855 0.0000000000
63208  -50.209  -14.873  63.278 0.0000000000
132671  -51.784  -16.553  62.755 0.0000000000
68472  -50.171  -9.855  50.002 0.0000000000
67405  -49.976  -10.163  51.781 0.0000000000
68473  -50.816  -9.764  51.330 0.0000000000
68421  -51.178  -9.579  53.745 0.0000000000
69387  -52.385  -8.926  52.030 0.0000000000
68422  -52.048  -9.289  53.883 0.0000000000
68403  -51.893  -9.614  54.546 0.0000000000
68385  -52.323  -9.585  55.024 0.0000000000
68373  -53.275  -9.758  56.360 0.0000000000
149171  -54.118  -9.458  57.154 0.0000000000
71242  -54.308  -6.554  51.897 0.0000000000
70331  -54.241  -7.508  52.732 0.0000000000
70321  -53.947  -8.047  54.210 0.0000000000
70304  -54.998  -7.278  55.012 0.0000000000
70303  -54.443  -7.642  54.526 0.0000000000
70302  -54.026  -8.228  54.776 0.0000000000
69305  -54.532  -8.642  56.869 0.0000000000
34536  -7.768  -42.688  74.398 0.0000000000
61226  -40.144  -16.151  52.517 0.0000000000
152127  -41.576  -16.188  53.095 0.0000000000
62265  -40.850  -15.780  52.086 0.0000000000
62281  -41.508  -15.337  51.560 0.0000000000
132567  -42.012  -14.779  51.047 0.0000000000
63351  -41.460  -14.459  50.428 0.0000000000
63339  -42.660  -14.345  51.327 0.0000000000
64391  -42.945  -13.585  51.029 0.0000000000
149404  -43.127  -12.971  50.763 0.0000000000
64401  -43.625  -12.423  50.683 0.0000000000
135708  -42.633  -12.490  49.648 0.0000000000
65442  -43.291  -12.252  49.918 0.0000000000
65425  -44.387  -12.091  50.948 0.0000000000
65426  -45.221  -11.846  51.233 0.0000000000
66399  -45.771  -11.701  50.524 0.0000000000
152231  -46.289  -11.666  49.777 0.0000000000
67441  -45.145  -10.961  47.987 0.0000000000
66415  -46.972  -11.493  49.606 0.0000000000
66427  -47.115  -11.155  48.851 0.0000000000
66416  -47.835  -11.152  49.332 0.0000000000
67444  -48.279  -10.211  48.740 0.0000000000
150244  -47.129  -8.721  48.119 0.0000000000
68492  -47.777  -9.219  48.312 0.0000000000
68483  -49.087  -9.945  49.058 0.0000000000
68494  -49.083  -8.818  48.816 0.0000000000
69410  -49.763  -8.258  49.282 0.0000000000
70369  -49.270  -7.160  49.635 0.0000000000
153618  -49.067  -6.393  49.684 0.0000000000
70359  -49.802  -6.460  50.050 0.0000000000
70360  -50.547  -6.520  50.274 0.0000000000
71269  -50.303  -5.820  50.392 0.0000000000
72166  -50.966  -5.183  50.520 0.0000000000
73165  -48.772  -4.847  46.396 0.0000000000
73166  -49.499  -4.732  46.840 0.0000000000
73153  -49.267  -4.917  47.765 0.0000000000
73143  -49.674  -4.645  48.448 0.0000000000
73136  -50.399  -4.343  49.503 0.0000000000
73126  -51.184  -4.584  50.332 0.0000000000
153944  -51.187  -4.086  49.666 0.0000000000
74174  -51.776  -3.962  49.331 0.0000000000
74175  -52.476  -3.849  49.664 0.0000000000
74198  -51.963  -3.966  47.311 0.0000000000
74199  -52.776  -3.840  47.969 0.0000000000
74189  -53.211  -3.665  49.117 0.0000000000
74190  -54.156  -3.436  48.851 0.0000000000
74191  -54.878  -3.249  48.613 0.0000000000
75225  -55.665  -3.066  48.323 0.0000000000
75247  -54.903  -2.497  45.634 0.0000000000
75261  -53.488  -2.422  45.163 0.0000000000
75262  -54.246  -2.114  45.096 0.0000000000
76236  -54.424  -1.533  44.404 0.0000000000
150549  -54.188  -1.061  43.787 0.0000000000
78025  -52.900  0.008  41.653 0.0000000000
78026  -53.642  -0.129  41.920 0.0000000000
41419  -12.157  -36.147  75.527 0.0000000000
41405  -12.200  -36.059  77.344 0.0000000000
41418  -11.631  -36.673  75.142 0.0000000000
40474  -11.226  -37.333  75.143 0.0000000000
39430  -11.616  -37.173  81.412 0.0000000000
40442  -11.191  -37.560  79.723 0.0000000000
39449  -10.909  -37.872  78.758 0.0000000000
38409  -10.429  -38.719  79.825 0.0000000000
136951  -10.524  -38.308  78.834 0.0000000000
39462  -10.922  -37.864  77.537 0.0000000000
39473  -10.893  -37.887  76.561 0.0000000000
142193  -10.444  -38.384  75.217 0.0000000000
38437  -9.451  -40.023  76.978 0.0000000000
37465  -9.451  -40.212  76.069 0.0000000000
34534  -7.869  -43.090  76.040 0.0000000000
34530  -8.032  -43.087  76.334 0.0000000000
32562  -8.084  -43.721  76.753 0.0000000000
33539  -8.992  -42.831  77.936 0.0000000000
32556  -8.688  -43.456  77.416 0.0000000000
67244  -47.296  -10.876  67.828 0.0000000000
67261  -46.967  -10.984  67.054 0.0000000000
67220  -38.271  -10.746  67.925 0.0000000000
67284  -36.840  -10.888  63.969 0.0000000000
67286  -38.182  -10.343  64.665 0.0000000000
67296  -38.014  -10.660  63.872 0.0000000000
67271  -38.446  -10.111  65.466 0.0000000000
67272  -39.351  -10.213  65.649 0.0000000000
67255  -40.590  -10.280  66.623 0.0000000000
67257  -42.413  -10.627  66.852 0.0000000000
66212  -42.876  -11.115  66.296 0.0000000000
145224  -42.034  -11.891  65.015 0.0000000000
66229  -42.455  -11.485  65.628 0.0000000000
66213  -43.732  -11.194  66.424 0.0000000000
66231  -44.382  -11.472  65.769 0.0000000000
66232  -45.404  -11.568  65.568 0.0000000000
66247  -45.720  -11.881  64.739 0.0000000000
65251  -45.139  -12.138  64.015 0.0000000000
65269  -44.708  -12.335  63.261 0.0000000000
132271  -43.028  -12.749  63.070 0.0000000000
65286  -43.619  -12.858  62.403 0.0000000000
141411  -44.457  -12.671  62.536 0.0000000000
65299  -44.250  -12.983  61.764 0.0000000000
147562  -44.114  -13.226  60.969 0.0000000000
64292  -43.341  -13.502  59.769 0.0000000000
158360  -39.787  -13.269  61.446 0.0000000000
64275  -40.906  -13.621  60.659 0.0000000000
149797  -39.504  -14.055  59.613 0.0000000000
64291  -42.323  -13.604  59.756 0.0000000000
64308  -42.805  -13.715  58.989 0.0000000000
145381  -42.244  -14.381  57.940 0.0000000000
62176  -41.992  -14.961  57.195 0.0000000000
62195  -40.458  -15.422  56.757 0.0000000000
62196  -41.348  -15.460  56.587 0.0000000000
61196  -40.918  -16.197  55.285 0.0000000000
61205  -40.565  -16.348  54.424 0.0000000000
61215  -40.190  -16.330  53.473 0.0000000000
66315  -33.565  -11.783  58.035 0.0000000000
65335  -34.382  -12.081  57.253 0.0000000000
65349  -34.892  -12.707  56.793 0.0000000000
152579  -35.007  -13.525  55.886 0.0000000000
64335  -35.350  -13.552  56.334 0.0000000000
63283  -35.838  -14.408  56.152 0.0000000000
63294  -36.381  -15.169  55.855 0.0000000000
63303  -35.497  -15.056  54.582 0.0000000000
62212  -36.969  -15.666  55.448 0.0000000000
139284  -37.321  -15.997  54.652 0.0000000000
62235  -38.292  -16.248  54.827 0.0000000000
62264  -37.072  -16.204  52.844 0.0000000000
61212  -37.926  -16.288  53.106 0.0000000000
61203  -38.904  -16.319  54.168 0.0000000000
61214  -39.399  -16.325  53.632 0.0000000000
61225  -39.404  -16.285  52.891 0.0000000000
51185  -19.014  -25.555  77.412 0.0000000000
53499  -22.555  -23.953  69.384 0.0000000000
53483  -23.127  -24.278  70.249 0.0000000000
53469  -23.491  -24.451  70.895 0.0000000000
144107  -23.994  -24.304  69.711 0.0000000000
52364  -24.217  -24.685  71.128 0.0000000000
156326  -25.775  -24.990  73.131 0.0000000000
131776  -26.311  -24.988  73.635 0.0000000000
53584  -26.481  -23.001  64.769 0.0000000000
53569  -26.771  -23.335  65.648 0.0000000000
131073  -26.968  -23.969  67.752 0.0000000000
53538  -30.151  -23.207  67.350 0.0000000000
155323  -29.977  -23.330  67.953 0.0000000000
134221  -29.602  -23.641  69.177 0.0000000000
52404  -27.086  -24.141  68.389 0.0000000000
145894  -26.775  -24.658  70.401 0.0000000000
137839  -26.897  -24.788  71.266 0.0000000000
155721  -28.032  -24.539  71.265 0.0000000000
52367  -27.639  -24.665  71.582 0.0000000000
131777  -26.967  -24.949  74.279 0.0000000000
52306  -28.691  -24.749  75.134 0.0000000000
52294  -28.808  -24.702  76.064 0.0000000000
53435  -31.084  -24.461  74.352 0.0000000000
53427  -31.149  -24.685  74.837 0.0000000000
42333  -12.602  -34.644  71.788 0.0000000000
42319  -12.825  -34.687  72.483 0.0000000000
43206  -13.416  -34.330  73.636 0.0000000000
44100  -13.894  -33.285  70.908 0.0000000000
44088  -14.296  -33.251  72.768 0.0000000000
43207  -13.826  -33.783  73.247 0.0000000000
43190  -14.202  -33.441  76.739 0.0000000000
47990  -14.999  -28.611  79.816 0.0000000000
61218  -42.768  -16.156  53.954 0.0000000000
61208  -43.287  -16.117  54.503 0.0000000000
133413  -44.821  -15.997  54.794 0.0000000000
62255  -44.118  -15.560  53.331 0.0000000000
62221  -45.454  -15.998  55.460 0.0000000000
132873  -47.561  -15.908  56.715 0.0000000000
62183  -48.867  -16.041  57.252 0.0000000000
64373  -46.395  -13.329  52.940 0.0000000000
149678  -47.304  -14.547  53.520 0.0000000000
62240  -49.466  -15.173  54.626 0.0000000000
62239  -48.677  -15.275  54.592 0.0000000000
62224  -48.283  -15.664  55.377 0.0000000000
151432  -48.578  -15.801  55.960 0.0000000000
148241  -49.157  -16.198  57.993 0.0000000000
61153  -51.107  -17.239  59.134 0.0000000000
60119  -51.738  -17.450  59.634 0.0000000000
60139  -52.343  -17.201  58.246 0.0000000000
60140  -52.506  -17.503  59.196 0.0000000000
67388  -49.893  -9.898  52.884 0.0000000000
67371  -49.562  -10.230  53.514 0.0000000000
67346  -51.357  -10.457  55.252 0.0000000000
146130  -51.172  -11.087  55.464 0.0000000000
65366  -52.201  -12.134  55.626 0.0000000000
63286  -53.746  -14.534  56.351 0.0000000000
63287  -54.349  -13.989  56.842 0.0000000000
62207  -54.331  -14.963  56.995 0.0000000000
61178  -54.589  -16.030  58.051 0.0000000000
75226  -56.424  -2.751  48.406 0.0000000000
157666  -56.682  -2.700  47.637 0.0000000000
75227  -57.237  -2.469  47.155 0.0000000000
75235  -57.036  -2.371  46.128 0.0000000000
76209  -58.041  -2.140  47.764 0.0000000000
134702  -58.656  -1.629  47.106 0.0000000000
76218  -59.127  -1.200  46.706 0.0000000000
78028  -55.477  0.130  42.140 0.0000000000
77127  -56.278  -0.537  43.446 0.0000000000
77128  -57.218  -0.410  43.564 0.0000000000
77115  -57.586  -0.702  44.266 0.0000000000
77096  -59.041  -0.896  46.041 0.0000000000
77097  -59.708  -0.553  46.657 0.0000000000
77098  -60.420  0.058  47.038 0.0000000000
77985  -60.213  0.292  46.258 0.0000000000
77996  -60.703  1.065  46.113 0.0000000000
78001  -59.975  1.065  44.838 0.0000000000
78886  -61.420  1.372  46.711 0.0000000000
153343  -61.195  1.679  46.023 0.0000000000
78947  -58.089  1.619  40.616 0.0000000000
78936  -59.258  1.750  41.926 0.0000000000
79852  -60.009  2.195  42.672 0.0000000000
79865  -60.393  2.526  42.061 0.0000000000
134197  -60.883  2.701  43.530 0.0000000000
79833  -61.365  2.628  45.007 0.0000000000
81817  -63.047  4.386  42.160 0.0000000000
79866  -63.724  3.354  41.721 0.0000000000
31517  -8.127  -44.594  76.646 0.0000000000
32561  -7.691  -43.741  76.215 0.0000000000
33532  -10.940  -42.590  79.319 0.0000000000
33538  -8.439  -42.786  77.186 0.0000000000
33549  -7.567  -43.309  75.183 0.0000000000
34512  -9.714  -41.297  79.418 0.0000000000
34518  -8.856  -41.337  78.151 0.0000000000
34525  -9.004  -42.103  78.136 0.0000000000
34528  -8.425  -42.154  76.555 0.0000000000
35502  -9.731  -40.451  79.880 0.0000000000
35509  -9.106  -40.585  78.457 0.0000000000
35521  -8.596  -41.588  76.877 0.0000000000
36490  -9.914  -39.840  80.146 0.0000000000
36498  -9.369  -40.107  78.873 0.0000000000
36502  -8.955  -40.666  77.866 0.0000000000
36510  -9.156  -40.574  77.133 0.0000000000
36528  -8.864  -41.344  76.388 0.0000000000
37435  -10.868  -38.883  81.272 0.0000000000
37440  -10.102  -39.410  79.986 0.0000000000
37444  -9.701  -39.592  79.120 0.0000000000
37452  -9.388  -39.902  78.004 0.0000000000
38408  -10.094  -39.213  79.417 0.0000000000
38413  -10.268  -38.806  79.210 0.0000000000
38418  -9.673  -39.373  78.231 0.0000000000
39434  -10.792  -38.212  80.289 0.0000000000
39440  -10.894  -37.889  79.214 0.0000000000
40425  -11.459  -37.247  80.844 0.0000000000
40430  -11.128  -37.728  80.294 0.0000000000
40456  -10.730  -38.033  78.305 0.0000000000
41404  -11.502  -37.115  77.596 0.0000000000
42255  -12.748  -35.378  78.833 0.0000000000
47028  -15.861  -30.354  75.180 0.0000000000
48027  -15.625  -28.751  77.968 0.0000000000
49134  -15.647  -27.219  80.516 0.0000000000
53567  -25.152  -23.005  65.567 0.0000000000
57857  -35.775  -18.964  65.635 0.0000000000
61129  -52.347  -17.188  62.213 0.0000000000
61162  -50.659  -16.930  58.590 0.0000000000
61187  -50.732  -16.220  56.681 0.0000000000
61227  -40.929  -16.183  52.855 0.0000000000
61235  -40.195  -15.891  51.825 0.0000000000
62182  -48.038  -15.900  57.359 0.0000000000
62197  -42.324  -15.570  56.363 0.0000000000
62201  -47.896  -15.864  56.033 0.0000000000
62205  -51.958  -16.068  56.156 0.0000000000
62218  -42.936  -15.823  55.898 0.0000000000
62219  -43.671  -15.865  55.773 0.0000000000
62241  -50.258  -15.044  54.600 0.0000000000
62252  -38.082  -16.232  53.961 0.0000000000
62253  -42.101  -15.970  52.874 0.0000000000
62254  -43.393  -15.926  53.644 0.0000000000
63206  -48.714  -14.449  62.425 0.0000000000
63215  -36.074  -14.539  62.065 0.0000000000
63248  -39.848  -14.748  58.111 0.0000000000
63251  -44.044  -14.248  58.388 0.0000000000
63273  -54.863  -14.109  57.568 0.0000000000
63295  -51.614  -14.966  54.909 0.0000000000
63318  -46.523  -14.426  53.127 0.0000000000
63319  -47.118  -13.533  53.293 0.0000000000
63320  -48.491  -13.613  53.866 0.0000000000
63337  -40.882  -15.041  50.683 0.0000000000
63340  -43.326  -13.948  51.558 0.0000000000
64220  -50.517  -13.378  66.224 0.0000000000
64235  -48.764  -13.568  63.424 0.0000000000
64249  -48.381  -13.855  62.635 0.0000000000
64265  -46.252  -13.376  61.110 0.0000000000
64277  -43.333  -13.306  60.687 0.0000000000
64286  -37.915  -13.368  59.392 0.0000000000
64295  -46.055  -14.211  59.867 0.0000000000
64350  -52.508  -13.217  55.269 0.0000000000
64360  -50.064  -13.500  54.301 0.0000000000
64383  -46.414  -12.620  52.864 0.0000000000
64399  -41.892  -13.595  50.161 0.0000000000
64402  -44.147  -12.448  51.272 0.0000000000
64417  -42.229  -12.925  49.958 0.0000000000
65253  -47.076  -12.126  63.726 0.0000000000
65272  -47.542  -12.666  63.142 0.0000000000
65289  -46.835  -12.564  62.605 0.0000000000
65325  -36.917  -12.877  58.769 0.0000000000
65351  -53.551  -12.227  56.719 0.0000000000
65378  -48.607  -12.703  54.050 0.0000000000
65379  -49.193  -12.303  54.364 0.0000000000
65380  -50.360  -12.134  54.915 0.0000000000
65395  -47.588  -12.298  53.435 0.0000000000
65405  -45.185  -12.483  52.191 0.0000000000
65459  -42.347  -12.355  48.888 0.0000000000
66316  -34.242  -11.795  57.878 0.0000000000
66320  -54.350  -11.506  58.201 0.0000000000
66340  -50.506  -11.473  55.049 0.0000000000
66351  -49.347  -11.589  54.305 0.0000000000
66361  -48.359  -11.414  53.472 0.0000000000
66398  -44.931  -11.882  50.338 0.0000000000
66400  -46.589  -11.548  50.582 0.0000000000
66423  -43.465  -11.680  48.467 0.0000000000
66425  -45.396  -11.449  48.636 0.0000000000
67245  -47.885  -11.376  67.651 0.0000000000
67357  -50.201  -10.383  54.251 0.0000000000
67358  -50.869  -10.288  54.659 0.0000000000
67420  -48.803  -10.896  51.067 0.0000000000
67422  -50.340  -10.017  50.821 0.0000000000
67432  -48.597  -10.771  49.444 0.0000000000
68386  -53.137  -9.420  55.560 0.0000000000
68402  -51.417  -9.937  54.694 0.0000000000
68443  -51.844  -9.352  52.923 0.0000000000
68484  -49.732  -9.380  49.304 0.0000000000
68493  -48.522  -9.301  48.614 0.0000000000
69335  -53.474  -8.617  54.607 0.0000000000
69354  -52.935  -8.860  53.666 0.0000000000
69386  -52.057  -8.736  51.153 0.0000000000
69388  -53.165  -8.294  51.947 0.0000000000
69400  -51.670  -8.251  50.310 0.0000000000
69417  -46.817  -8.090  48.265 0.0000000000
70284  -54.428  -7.952  55.247 0.0000000000
70375  -47.985  -7.520  48.842 0.0000000000
71197  -56.411  -6.738  56.978 0.0000000000
71216  -54.957  -7.025  54.166 0.0000000000
71258  -54.309  -5.562  51.815 0.0000000000
71283  -48.157  -6.218  48.769 0.0000000000
71293  -47.474  -6.041  47.664 0.0000000000
72096  -57.419  -5.760  56.281 0.0000000000
72127  -55.849  -5.242  53.185 0.0000000000
72138  -54.681  -5.092  52.100 0.0000000000
72164  -49.600  -5.687  50.002 0.0000000000
72165  -50.236  -5.245  50.250 0.0000000000
73069  -57.760  -4.618  54.745 0.0000000000
73115  -54.011  -3.796  51.366 0.0000000000
73125  -50.551  -4.676  50.174 0.0000000000
73135  -49.627  -4.729  49.282 0.0000000000
73137  -51.086  -4.253  50.066 0.0000000000
73152  -48.886  -5.082  47.172 0.0000000000
74136  -55.689  -3.014  51.929 0.0000000000
74148  -52.917  -4.077  50.588 0.0000000000
74161  -51.860  -4.029  49.975 0.0000000000
74164  -54.506  -3.194  50.439 0.0000000000
74176  -53.176  -3.685  49.890 0.0000000000
74188  -52.402  -3.857  48.948 0.0000000000
74201  -54.396  -3.436  48.087 0.0000000000
74208  -50.953  -3.924  46.032 0.0000000000
75184  -55.662  -2.570  51.048 0.0000000000
75205  -55.552  -2.858  49.933 0.0000000000
75206  -56.537  -2.516  49.940 0.0000000000
75214  -54.666  -3.230  49.339 0.0000000000
75248  -55.703  -2.317  45.449 0.0000000000
76165  -57.732  -1.943  51.315 0.0000000000
76210  -58.718  -1.676  47.867 0.0000000000
76229  -58.359  -1.330  45.722 0.0000000000
131254  -46.752  -13.733  61.042 0.0000000000
131997  -21.005  -24.912  71.915 0.0000000000
132909  -44.935  -15.700  53.849 0.0000000000
133326  -47.894  -15.508  54.689 0.0000000000
134370  -11.866  -36.121  80.694 0.0000000000
134894  -47.125  -15.766  55.059 0.0000000000
135997  -40.515  -13.400  61.415 0.0000000000
136057  -11.561  -36.969  79.649 0.0000000000
136917  -48.110  -12.003  53.609 0.0000000000
138451  -56.186  -2.911  47.656 0.0000000000
139597  -20.051  -25.173  74.211 0.0000000000
140639  -53.514  -6.386  51.265 0.0000000000
140775  -51.820  -9.781  54.826 0.0000000000
141429  -47.149  -11.153  52.251 0.0000000000
141816  -17.167  -27.180  77.150 0.0000000000
143242  -52.550  -4.586  50.799 0.0000000000
143270  -8.715  -41.481  77.616 0.0000000000
145006  -51.742  -4.340  50.265 0.0000000000
145215  -53.321  -16.610  57.519 0.0000000000
145842  -50.397  -7.425  49.803 0.0000000000
146244  -9.412  -39.996  78.749 0.0000000000
146891  -9.580  -39.791  79.193 0.0000000000
147281  -48.391  -5.772  48.576 0.0000000000
148754  -58.742  -1.593  49.968 0.0000000000
149716  -50.353  -12.840  54.578 0.0000000000
150276  -42.268  -15.111  51.705 0.0000000000
150954  -43.123  -11.367  47.928 0.0000000000
151127  -49.647  -10.188  49.768 0.0000000000
151270  -37.868  -10.889  63.239 0.0000000000
151509  -51.823  -10.821  55.886 0.0000000000
151697  -51.568  -17.410  60.459 0.0000000000
151699  -8.153  -42.439  75.633 0.0000000000
151862  -51.280  -16.083  56.246 0.0000000000
153522  -40.998  -14.347  58.331 0.0000000000
153935  -9.334  -40.147  77.559 0.0000000000
153972  -55.318  -6.622  53.876 0.0000000000
155256  -60.761  0.708  46.693 0.0000000000
155735  -11.450  -37.780  81.373 0.0000000000
156318  -38.135  -12.045  61.772 0.0000000000
156420  -52.278  -4.396  50.452 0.0000000000
156598  -49.950  -4.413  48.963 0.0000000000
156813  -51.185  -8.658  50.075 0.0000000000
157380  -50.397  -9.695  52.955 0.0000000000
157962  -48.126  -12.950  53.790 0.0000000000
158239  -50.801  -9.392  50.248 0.0000000000
