#!ascii label  , from subject sub-v2s12x28865_ses-1 vox2ras=TkReg
1218
159381  27.395  -15.355  53.632 0.0000000000
79834  48.499  1.410  38.270 0.0000000000
70810  38.233  -7.754  45.099 0.0000000000
51459  10.578  -25.571  65.030 0.0000000000
151175  21.161  -14.003  60.384 0.0000000000
75873  38.815  -2.161  44.047 0.0000000000
53702  16.911  -22.979  61.773 0.0000000000
49328  14.928  -27.195  64.784 0.0000000000
137245  19.381  -20.129  60.281 0.0000000000
77878  52.590  -0.754  38.917 0.0000000000
65317  30.097  -12.093  53.875 0.0000000000
66465  33.569  -11.257  50.594 0.0000000000
62060  33.551  -15.671  54.422 0.0000000000
82938  53.149  5.169  37.008 0.0000000000
159718  56.673  2.271  35.410 0.0000000000
80819  44.978  3.002  41.036 0.0000000000
75902  47.420  -2.468  42.266 0.0000000000
136032  43.184  -2.707  42.205 0.0000000000
137355  42.952  -7.499  45.415 0.0000000000
154667  26.485  -17.957  58.153 0.0000000000
47021  8.673  -29.916  66.687 0.0000000000
44737  4.965  -31.960  67.075 0.0000000000
43572  4.029  -32.569  71.451 0.0000000000
64167  24.022  -13.336  56.564 0.0000000000
154636  22.252  -18.459  59.163 0.0000000000
71766  32.988  -6.598  48.069 0.0000000000
68694  37.360  -10.397  50.757 0.0000000000
84004  60.736  5.245  33.840 0.0000000000
78841  50.423  0.106  38.061 0.0000000000
77851  49.166  -1.194  40.377 0.0000000000
64206  28.948  -14.149  53.383 0.0000000000
63164  30.528  -14.558  51.853 0.0000000000
61023  30.546  -16.352  53.410 0.0000000000
82933  48.755  4.079  38.692 0.0000000000
83978  51.326  5.630  38.425 0.0000000000
81910  50.393  3.249  37.335 0.0000000000
79857  52.649  1.734  36.408 0.0000000000
37435  4.009  -37.951  70.104 0.0000000000
78806  43.365  0.688  41.221 0.0000000000
78793  41.593  0.522  42.647 0.0000000000
72841  38.082  -5.297  44.382 0.0000000000
72858  40.714  -5.226  43.594 0.0000000000
70808  39.933  -7.812  45.084 0.0000000000
68752  39.967  -10.046  47.158 0.0000000000
50360  13.228  -26.664  65.104 0.0000000000
159000  13.984  -27.561  66.767 0.0000000000
49284  11.718  -26.965  67.014 0.0000000000
48109  10.778  -28.524  68.272 0.0000000000
49311  9.553  -27.835  65.811 0.0000000000
48126  5.509  -28.770  67.295 0.0000000000
43602  4.239  -32.575  69.213 0.0000000000
64144  23.008  -13.064  58.786 0.0000000000
62015  22.387  -15.701  57.122 0.0000000000
60920  20.699  -16.032  58.512 0.0000000000
148722  20.321  -23.724  61.969 0.0000000000
55855  21.571  -21.411  62.399 0.0000000000
65316  35.875  -12.428  52.900 0.0000000000
67634  35.576  -10.601  50.824 0.0000000000
78763  40.557  0.419  44.922 0.0000000000
75856  37.906  -2.212  46.330 0.0000000000
139353  36.532  -4.706  45.573 0.0000000000
51482  18.571  -25.828  63.145 0.0000000000
49304  17.736  -27.042  65.823 0.0000000000
51483  16.107  -25.764  62.900 0.0000000000
51486  13.562  -25.219  63.654 0.0000000000
53680  12.191  -23.727  64.695 0.0000000000
138916  19.238  -17.313  60.332 0.0000000000
58933  18.328  -18.598  61.332 0.0000000000
54855  18.687  -22.298  60.536 0.0000000000
68625  30.683  -9.554  54.438 0.0000000000
68701  30.792  -9.158  50.965 0.0000000000
136608  30.978  -11.922  51.269 0.0000000000
63181  33.822  -14.121  52.023 0.0000000000
141976  57.125  5.485  35.470 0.0000000000
81928  55.082  3.312  35.568 0.0000000000
140661  54.853  0.803  37.012 0.0000000000
80844  46.532  2.363  39.517 0.0000000000
77853  47.371  -1.007  40.084 0.0000000000
77871  45.349  0.243  40.013 0.0000000000
75905  45.035  -2.692  42.197 0.0000000000
73925  44.740  -4.598  43.273 0.0000000000
76886  40.804  -1.917  42.649 0.0000000000
72856  42.383  -5.304  43.556 0.0000000000
141906  26.834  -16.862  55.957 0.0000000000
59961  29.826  -16.978  56.543 0.0000000000
82916  47.493  4.572  40.428 0.0000000000
139322  7.967  -25.350  66.553 0.0000000000
48142  7.303  -28.332  65.811 0.0000000000
44746  7.069  -31.224  66.552 0.0000000000
43601  6.693  -33.011  68.661 0.0000000000
41557  5.190  -34.802  68.502 0.0000000000
41542  3.898  -34.953  68.970 0.0000000000
40507  3.093  -35.715  71.104 0.0000000000
40483  1.368  -34.993  73.277 0.0000000000
64194  25.663  -13.873  54.662 0.0000000000
60989  24.192  -16.243  55.949 0.0000000000
58989  24.454  -18.289  58.558 0.0000000000
58044  21.481  -19.291  59.731 0.0000000000
70792  35.433  -7.383  46.197 0.0000000000
69747  31.913  -8.826  49.283 0.0000000000
68734  34.883  -10.206  47.973 0.0000000000
68754  37.772  -10.143  46.985 0.0000000000
60959  32.582  -16.484  56.658 0.0000000000
81958  62.024  2.833  32.781 0.0000000000
81937  58.699  3.726  34.535 0.0000000000
79880  60.617  1.547  35.027 0.0000000000
78842  49.628  0.227  38.255 0.0000000000
77881  50.046  -0.502  38.663 0.0000000000
77882  49.230  -0.487  38.836 0.0000000000
63146  28.377  -14.847  53.246 0.0000000000
62101  29.709  -15.569  52.748 0.0000000000
61025  28.607  -16.193  53.723 0.0000000000
80851  48.437  2.316  38.275 0.0000000000
82942  49.976  3.915  37.926 0.0000000000
79845  49.742  1.816  37.609 0.0000000000
79844  50.585  1.440  37.359 0.0000000000
141375  3.408  -38.315  70.408 0.0000000000
138168  42.239  1.684  42.764 0.0000000000
79770  42.174  1.902  43.618 0.0000000000
71819  37.933  -6.843  44.814 0.0000000000
146722  39.095  -6.409  44.416 0.0000000000
70809  39.061  -7.874  45.011 0.0000000000
156548  40.448  -9.012  46.100 0.0000000000
69792  38.917  -9.151  45.933 0.0000000000
50362  11.371  -25.945  65.283 0.0000000000
50341  11.804  -26.456  66.170 0.0000000000
159513  10.947  -26.455  65.666 0.0000000000
49285  10.368  -27.578  66.339 0.0000000000
50364  9.589  -26.684  65.276 0.0000000000
64125  21.865  -13.537  60.072 0.0000000000
63088  21.360  -14.854  58.140 0.0000000000
63079  20.618  -14.865  59.280 0.0000000000
143711  20.206  -24.803  64.165 0.0000000000
71721  30.859  -6.108  51.936 0.0000000000
66421  36.906  -11.316  53.323 0.0000000000
74887  37.202  -3.605  45.390 0.0000000000
74880  36.558  -3.873  46.651 0.0000000000
51507  17.978  -25.122  61.843 0.0000000000
50436  17.869  -26.008  62.991 0.0000000000
52539  16.721  -24.631  61.975 0.0000000000
53692  14.925  -23.863  63.344 0.0000000000
53678  13.508  -23.800  64.071 0.0000000000
52518  13.089  -24.498  63.947 0.0000000000
60856  18.694  -16.029  62.297 0.0000000000
55856  17.129  -21.235  62.545 0.0000000000
56964  17.581  -20.796  61.643 0.0000000000
54845  17.478  -22.538  61.276 0.0000000000
52560  19.011  -23.950  60.783 0.0000000000
67598  30.521  -10.498  52.158 0.0000000000
153591  30.451  -12.156  51.940 0.0000000000
62098  32.326  -15.519  52.355 0.0000000000
63183  32.403  -14.385  51.276 0.0000000000
136155  33.811  -14.837  53.201 0.0000000000
63144  34.798  -14.394  53.663 0.0000000000
63130  34.657  -14.863  54.487 0.0000000000
83985  52.551  5.499  37.582 0.0000000000
151922  55.159  4.711  35.916 0.0000000000
81917  54.046  3.977  36.048 0.0000000000
78855  52.563  0.270  37.397 0.0000000000
140861  53.984  1.518  36.261 0.0000000000
151636  53.907  -0.277  38.075 0.0000000000
80834  46.108  2.869  40.089 0.0000000000
78832  45.861  0.731  39.672 0.0000000000
79818  45.177  1.040  40.021 0.0000000000
76902  43.048  -0.935  41.553 0.0000000000
77838  43.803  -0.750  41.173 0.0000000000
152940  43.712  -2.182  41.840 0.0000000000
74934  44.654  -3.366  42.551 0.0000000000
74935  43.810  -3.396  42.565 0.0000000000
77799  39.652  -0.832  43.964 0.0000000000
77810  40.306  -0.442  43.557 0.0000000000
76869  39.467  -1.719  43.626 0.0000000000
71816  41.489  -6.339  44.243 0.0000000000
72857  41.508  -5.257  43.540 0.0000000000
151294  42.156  -6.278  44.210 0.0000000000
71814  43.796  -6.393  44.585 0.0000000000
59965  26.590  -17.176  56.722 0.0000000000
59943  27.819  -17.281  57.469 0.0000000000
81871  45.378  3.661  41.487 0.0000000000
81886  46.377  3.638  40.368 0.0000000000
81896  46.733  3.214  39.676 0.0000000000
49305  16.478  -27.356  65.614 0.0000000000
49280  15.746  -27.623  66.469 0.0000000000
48110  10.150  -28.989  67.698 0.0000000000
48097  10.451  -29.221  68.676 0.0000000000
45863  9.464  -30.377  68.608 0.0000000000
45864  8.807  -30.858  68.091 0.0000000000
51438  7.429  -25.571  67.194 0.0000000000
50343  7.371  -26.861  65.907 0.0000000000
50344  6.770  -26.997  66.614 0.0000000000
45879  4.952  -30.384  67.118 0.0000000000
45895  5.892  -30.492  66.634 0.0000000000
44736  5.538  -31.303  66.813 0.0000000000
43634  6.834  -32.311  67.361 0.0000000000
42595  5.893  -33.046  67.543 0.0000000000
42579  6.036  -33.582  68.050 0.0000000000
42596  5.439  -33.405  67.689 0.0000000000
43584  4.171  -32.478  70.443 0.0000000000
42581  4.174  -34.383  68.758 0.0000000000
42554  3.886  -34.090  70.554 0.0000000000
149275  3.368  -35.654  70.155 0.0000000000
140116  3.362  -34.952  70.835 0.0000000000
65282  25.804  -12.657  57.086 0.0000000000
64165  25.905  -12.922  56.124 0.0000000000
64182  24.495  -13.668  55.821 0.0000000000
62046  24.535  -15.619  55.420 0.0000000000
62047  23.958  -15.511  55.814 0.0000000000
59930  22.132  -17.736  57.998 0.0000000000
59947  23.466  -17.318  57.303 0.0000000000
58990  23.689  -18.316  58.814 0.0000000000
58950  19.258  -18.639  60.223 0.0000000000
58973  19.834  -18.389  59.685 0.0000000000
58030  19.989  -19.723  59.985 0.0000000000
56943  22.108  -20.956  62.722 0.0000000000
76910  46.956  -1.384  40.688 0.0000000000
76897  48.107  -1.449  41.789 0.0000000000
75901  48.146  -2.300  42.421 0.0000000000
71765  33.650  -6.183  47.684 0.0000000000
72810  34.631  -6.200  46.763 0.0000000000
70779  34.044  -7.659  46.958 0.0000000000
67638  31.653  -10.071  50.553 0.0000000000
68719  31.582  -8.973  49.933 0.0000000000
68698  33.101  -9.908  50.128 0.0000000000
68695  36.361  -10.367  50.992 0.0000000000
133927  34.943  -10.493  49.877 0.0000000000
67654  35.887  -10.764  49.245 0.0000000000
67683  36.237  -10.356  47.452 0.0000000000
67652  37.628  -10.823  49.566 0.0000000000
67667  39.163  -10.917  48.611 0.0000000000
60960  31.675  -16.647  56.563 0.0000000000
82972  61.236  4.486  33.261 0.0000000000
140355  56.397  3.525  35.221 0.0000000000
82968  58.080  4.195  34.709 0.0000000000
80873  58.063  2.337  34.916 0.0000000000
79865  59.881  1.310  35.638 0.0000000000
79849  60.961  1.012  36.433 0.0000000000
54818  16.700  -21.920  63.087 0.0000000000
53703  16.423  -23.292  62.129 0.0000000000
77887  51.483  -0.293  38.123 0.0000000000
77865  51.901  -0.931  39.801 0.0000000000
77866  51.010  -1.013  39.555 0.0000000000
65318  29.787  -12.928  53.474 0.0000000000
137936  30.319  -13.008  52.032 0.0000000000
160484  29.982  -14.192  52.143 0.0000000000
150080  30.968  -15.686  52.411 0.0000000000
61021  32.061  -16.237  53.364 0.0000000000
83970  50.810  6.057  39.216 0.0000000000
83979  50.520  5.347  38.621 0.0000000000
82941  50.679  4.199  37.585 0.0000000000
82950  51.927  4.024  36.840 0.0000000000
81919  52.367  3.406  36.425 0.0000000000
79858  51.757  1.932  36.595 0.0000000000
79843  51.317  1.207  37.142 0.0000000000
39451  4.590  -37.177  70.376 0.0000000000
80810  43.998  3.004  42.021 0.0000000000
79802  44.090  1.882  41.015 0.0000000000
79786  42.916  1.906  42.129 0.0000000000
78807  42.719  0.517  41.645 0.0000000000
76884  42.198  -1.124  41.959 0.0000000000
74917  38.560  -3.987  43.751 0.0000000000
74916  39.272  -3.548  43.419 0.0000000000
73912  39.310  -5.177  43.875 0.0000000000
71818  39.979  -6.419  44.365 0.0000000000
150990  40.881  -7.728  45.073 0.0000000000
69789  41.986  -8.713  46.332 0.0000000000
68750  41.949  -9.961  47.537 0.0000000000
58966  26.353  -18.633  59.530 0.0000000000
49329  14.036  -27.054  64.881 0.0000000000
49281  14.981  -27.659  66.353 0.0000000000
49282  13.590  -27.323  66.494 0.0000000000
138650  12.972  -27.093  66.872 0.0000000000
49260  11.674  -27.393  67.824 0.0000000000
48140  9.869  -28.179  66.443 0.0000000000
47020  9.010  -29.191  66.516 0.0000000000
49244  6.104  -27.324  68.165 0.0000000000
46995  4.771  -29.176  68.984 0.0000000000
45865  4.578  -30.103  68.198 0.0000000000
151161  4.383  -32.129  68.219 0.0000000000
144686  4.244  -30.862  69.689 0.0000000000
44694  4.192  -31.630  70.076 0.0000000000
44680  4.058  -31.634  70.980 0.0000000000
64143  23.594  -12.870  58.168 0.0000000000
63095  23.029  -14.374  56.883 0.0000000000
63087  21.975  -14.434  57.829 0.0000000000
62003  21.201  -15.672  57.985 0.0000000000
59931  21.423  -17.347  58.300 0.0000000000
54853  20.202  -22.191  60.759 0.0000000000
55868  20.786  -21.651  60.983 0.0000000000
54830  20.780  -22.995  62.317 0.0000000000
74908  47.000  -3.842  42.804 0.0000000000
158346  32.226  -6.302  49.141 0.0000000000
65340  34.766  -11.749  51.279 0.0000000000
66464  34.436  -11.140  50.731 0.0000000000
66447  35.636  -11.167  51.613 0.0000000000
67596  36.937  -10.204  52.228 0.0000000000
139772  60.205  5.564  34.437 0.0000000000
38407  1.597  -37.266  71.743 0.0000000000
153124  40.129  -0.134  46.032 0.0000000000
76847  38.920  -1.109  45.316 0.0000000000
76858  38.502  -1.806  44.877 0.0000000000
74896  37.487  -3.785  44.683 0.0000000000
161128  37.418  -5.026  44.659 0.0000000000
71799  37.010  -6.679  45.168 0.0000000000
51470  19.404  -25.757  64.183 0.0000000000
50358  19.101  -26.316  65.472 0.0000000000
50384  18.279  -26.408  64.417 0.0000000000
50412  17.015  -26.500  63.620 0.0000000000
159881  15.955  -26.763  63.921 0.0000000000
51497  15.913  -24.768  62.492 0.0000000000
51484  15.184  -25.330  63.084 0.0000000000
50387  14.373  -26.689  64.164 0.0000000000
50415  13.319  -25.851  63.942 0.0000000000
51472  12.124  -25.052  64.643 0.0000000000
52509  10.715  -24.725  64.998 0.0000000000
61985  19.858  -15.132  60.687 0.0000000000
146993  19.348  -15.825  60.886 0.0000000000
59892  18.858  -18.048  60.782 0.0000000000
58951  18.676  -18.983  60.654 0.0000000000
58001  17.840  -19.052  61.894 0.0000000000
56963  18.147  -20.427  60.935 0.0000000000
55880  19.407  -21.781  60.463 0.0000000000
53722  19.567  -23.455  60.801 0.0000000000
52527  19.690  -25.075  62.888 0.0000000000
70706  30.608  -7.943  54.549 0.0000000000
70724  30.243  -7.671  52.745 0.0000000000
68656  30.395  -9.035  52.497 0.0000000000
67615  30.792  -10.392  51.480 0.0000000000
66467  31.677  -11.701  50.797 0.0000000000
64235  30.798  -12.982  51.452 0.0000000000
65342  31.958  -13.048  50.786 0.0000000000
65363  33.296  -12.307  50.662 0.0000000000
64218  35.154  -13.047  52.426 0.0000000000
64202  36.061  -12.971  53.859 0.0000000000
83989  55.957  5.766  36.042 0.0000000000
82958  55.637  4.082  35.535 0.0000000000
81927  55.706  3.191  35.395 0.0000000000
80878  53.779  2.994  35.876 0.0000000000
79871  54.866  2.096  35.827 0.0000000000
79835  47.746  1.877  38.667 0.0000000000
78830  47.919  0.268  38.839 0.0000000000
78831  46.602  0.451  39.325 0.0000000000
77854  46.505  -0.753  40.092 0.0000000000
76911  46.099  -1.146  40.748 0.0000000000
77856  43.973  0.063  40.772 0.0000000000
76912  45.157  -1.064  40.792 0.0000000000
75904  45.865  -2.617  42.220 0.0000000000
74909  45.991  -4.075  42.884 0.0000000000
73924  46.009  -4.797  43.474 0.0000000000
147737  41.171  0.959  43.816 0.0000000000
77822  40.845  -0.885  42.774 0.0000000000
75908  41.579  -2.479  42.446 0.0000000000
74915  40.624  -3.856  42.996 0.0000000000
74914  41.491  -3.891  42.838 0.0000000000
74913  42.467  -3.882  42.786 0.0000000000
72855  43.679  -5.281  43.700 0.0000000000
61009  26.505  -16.117  54.389 0.0000000000
61007  28.267  -16.502  54.386 0.0000000000
59980  28.320  -16.930  56.134 0.0000000000
59941  29.464  -17.107  57.371 0.0000000000
82924  48.410  4.422  39.371 0.0000000000
80852  47.942  2.860  38.841 0.0000000000
52500  10.166  -24.214  65.552 0.0000000000
52492  9.127  -24.076  66.835 0.0000000000
51445  9.162  -25.414  65.389 0.0000000000
50365  8.872  -26.977  65.279 0.0000000000
48163  8.141  -28.167  65.641 0.0000000000
47022  7.899  -29.744  66.039 0.0000000000
161287  5.914  -28.316  66.865 0.0000000000
47023  7.098  -30.006  66.167 0.0000000000
45892  8.094  -30.427  66.537 0.0000000000
138630  7.793  -31.683  68.114 0.0000000000
43600  7.376  -32.482  69.296 0.0000000000
40529  5.144  -35.554  68.970 0.0000000000
43619  4.423  -33.132  68.116 0.0000000000
40544  4.715  -35.238  68.626 0.0000000000
39477  4.591  -36.005  69.102 0.0000000000
39465  4.031  -36.475  69.319 0.0000000000
39452  3.586  -37.065  69.784 0.0000000000
39441  2.478  -36.915  71.357 0.0000000000
41510  2.804  -34.234  72.605 0.0000000000
155768  2.240  -35.641  72.329 0.0000000000
39429  1.985  -36.351  72.226 0.0000000000
64192  27.479  -13.663  54.168 0.0000000000
64180  26.132  -13.278  55.147 0.0000000000
63132  26.137  -14.554  54.037 0.0000000000
152107  25.741  -16.247  54.920 0.0000000000
60988  25.495  -16.666  55.703 0.0000000000
59945  25.302  -17.627  57.173 0.0000000000
60963  23.529  -16.582  56.605 0.0000000000
59946  24.386  -17.565  57.291 0.0000000000
58988  25.162  -18.455  58.642 0.0000000000
61994  19.984  -15.953  59.573 0.0000000000
59910  20.945  -17.777  58.983 0.0000000000
58971  21.576  -18.476  59.305 0.0000000000
56978  21.295  -20.561  60.535 0.0000000000
159884  22.428  -20.027  60.731 0.0000000000
58028  22.548  -19.566  60.327 0.0000000000
77852  48.276  -1.209  40.294 0.0000000000
154084  35.575  -5.167  46.456 0.0000000000
71801  35.600  -6.681  45.993 0.0000000000
69813  36.893  -8.168  45.577 0.0000000000
70744  30.563  -7.381  50.876 0.0000000000
70755  31.372  -7.367  49.519 0.0000000000
69758  32.312  -8.501  48.610 0.0000000000
68697  34.221  -10.309  50.149 0.0000000000
68736  33.444  -9.642  48.501 0.0000000000
143928  33.414  -8.196  47.525 0.0000000000
69795  35.314  -8.905  46.602 0.0000000000
138517  36.217  -8.857  46.186 0.0000000000
69793  38.026  -9.037  45.955 0.0000000000
68753  38.709  -10.299  47.168 0.0000000000
60984  29.669  -16.736  54.824 0.0000000000
61004  31.371  -16.499  54.610 0.0000000000
151955  33.374  -16.118  55.660 0.0000000000
60934  34.171  -16.184  57.619 0.0000000000
62030  34.631  -15.609  56.376 0.0000000000
81957  62.563  3.365  32.036 0.0000000000
84001  59.131  5.099  34.654 0.0000000000
82966  59.377  4.329  34.374 0.0000000000
80872  58.838  2.019  34.963 0.0000000000
80887  59.410  2.446  34.582 0.0000000000
80897  60.569  2.962  33.805 0.0000000000
80885  61.051  2.040  34.217 0.0000000000
79887  61.953  1.787  33.934 0.0000000000
79833  49.261  1.088  38.014 0.0000000000
78843  48.698  0.413  38.463 0.0000000000
63147  27.574  -14.817  53.523 0.0000000000
62081  28.917  -15.584  53.259 0.0000000000
62082  27.949  -15.622  53.510 0.0000000000
80850  49.154  2.675  37.833 0.0000000000
145487  48.965  1.862  37.906 0.0000000000
38430  2.800  -38.232  70.687 0.0000000000
70824  38.739  -7.134  44.738 0.0000000000
69810  39.425  -8.531  45.479 0.0000000000
69811  38.562  -8.514  45.448 0.0000000000
50363  10.390  -26.296  65.293 0.0000000000
51460  9.777  -25.943  65.107 0.0000000000
63072  21.138  -14.190  59.608 0.0000000000
51455  20.100  -25.245  65.387 0.0000000000
52517  20.405  -24.722  64.831 0.0000000000
71711  30.731  -5.990  52.947 0.0000000000
52550  17.479  -24.511  61.594 0.0000000000
51508  17.298  -25.116  61.985 0.0000000000
52551  16.854  -23.882  61.689 0.0000000000
54831  16.929  -22.101  62.115 0.0000000000
53714  17.633  -23.573  61.194 0.0000000000
66435  30.464  -11.307  52.549 0.0000000000
152408  30.397  -11.944  52.986 0.0000000000
62080  32.590  -15.767  53.089 0.0000000000
62097  33.063  -15.239  52.720 0.0000000000
62079  33.336  -15.478  53.558 0.0000000000
62078  34.050  -15.069  54.063 0.0000000000
62059  34.257  -15.329  54.830 0.0000000000
82939  52.278  4.789  37.211 0.0000000000
137187  53.168  5.800  37.452 0.0000000000
83991  53.908  5.179  36.747 0.0000000000
82948  53.599  4.560  36.507 0.0000000000
77885  53.034  -0.350  38.067 0.0000000000
78854  53.530  0.267  37.367 0.0000000000
77877  53.606  -0.635  39.002 0.0000000000
40506  5.397  -35.872  70.778 0.0000000000
80835  45.403  2.551  40.424 0.0000000000
155899  45.219  1.790  40.193 0.0000000000
80836  44.735  2.240  40.706 0.0000000000
75919  42.992  -1.801  41.783 0.0000000000
76857  39.081  -1.312  44.431 0.0000000000
70820  42.040  -6.780  44.588 0.0000000000
152531  42.686  -7.100  44.867 0.0000000000
59944  26.248  -17.627  57.392 0.0000000000
136405  27.028  -17.389  57.355 0.0000000000
159106  26.762  -17.647  57.751 0.0000000000
81870  46.061  4.011  41.140 0.0000000000
81887  45.662  3.322  40.720 0.0000000000
49327  15.950  -27.173  64.655 0.0000000000
159673  16.043  -27.517  66.034 0.0000000000
49306  15.523  -27.468  65.625 0.0000000000
47013  9.418  -29.472  67.242 0.0000000000
47005  9.838  -29.725  68.141 0.0000000000
47006  9.101  -30.174  67.650 0.0000000000
50329  7.027  -26.310  66.836 0.0000000000
45880  4.874  -31.260  67.130 0.0000000000
146425  5.595  -32.060  67.005 0.0000000000
43636  5.241  -32.734  67.307 0.0000000000
42542  4.135  -33.211  70.813 0.0000000000
42553  4.129  -33.384  69.853 0.0000000000
42543  3.988  -33.465  71.523 0.0000000000
64156  24.294  -12.758  57.455 0.0000000000
134519  25.713  -12.458  58.027 0.0000000000
64155  25.126  -12.615  57.407 0.0000000000
64166  24.958  -12.962  56.535 0.0000000000
63120  24.267  -14.659  55.609 0.0000000000
63108  23.873  -14.001  56.071 0.0000000000
58991  22.696  -18.221  58.658 0.0000000000
59929  23.100  -17.843  58.010 0.0000000000
58969  23.804  -18.613  59.813 0.0000000000
58970  23.032  -18.607  59.359 0.0000000000
58031  19.257  -19.386  60.232 0.0000000000
58046  19.726  -19.087  59.895 0.0000000000
56979  20.292  -20.522  60.306 0.0000000000
75915  47.080  -2.127  41.804 0.0000000000
76883  47.982  -1.730  42.122 0.0000000000
71753  32.653  -6.220  48.718 0.0000000000
72794  33.399  -5.771  48.389 0.0000000000
71778  34.085  -6.652  47.114 0.0000000000
70780  33.412  -7.159  47.519 0.0000000000
67637  32.939  -10.534  50.433 0.0000000000
150920  32.357  -10.071  50.348 0.0000000000
143713  36.782  -10.464  50.830 0.0000000000
68715  36.252  -10.651  50.278 0.0000000000
68714  37.104  -10.721  50.196 0.0000000000
67653  36.736  -10.837  49.401 0.0000000000
159719  37.497  -10.636  50.306 0.0000000000
67633  38.032  -10.459  50.376 0.0000000000
82973  60.578  4.094  33.636 0.0000000000
80874  57.125  2.673  35.089 0.0000000000
55844  16.971  -21.235  63.600 0.0000000000
54804  16.751  -21.982  64.091 0.0000000000
77888  51.051  0.023  37.908 0.0000000000
77879  51.695  -0.772  38.788 0.0000000000
77880  50.878  -0.550  38.542 0.0000000000
77867  49.702  -1.002  39.502 0.0000000000
76909  50.140  -1.176  39.916 0.0000000000
64205  29.485  -13.626  53.174 0.0000000000
64221  29.949  -13.476  52.539 0.0000000000
149512  29.551  -14.263  52.678 0.0000000000
61039  30.371  -15.978  52.746 0.0000000000
61038  31.290  -16.109  52.893 0.0000000000
61022  31.369  -16.383  53.735 0.0000000000
82923  48.989  4.804  39.015 0.0000000000
143637  49.752  5.057  38.830 0.0000000000
82932  49.482  4.389  38.461 0.0000000000
82940  51.470  4.489  37.386 0.0000000000
81909  51.182  3.679  37.037 0.0000000000
81920  51.655  3.331  36.666 0.0000000000
80857  51.159  2.717  36.829 0.0000000000
78857  50.852  0.657  37.604 0.0000000000
78856  51.627  0.339  37.549 0.0000000000
38417  4.398  -37.793  70.743 0.0000000000
80821  43.656  2.302  41.677 0.0000000000
80811  43.387  2.685  42.465 0.0000000000
79788  41.940  1.067  42.552 0.0000000000
79787  42.431  1.168  42.116 0.0000000000
78792  42.115  0.472  42.104 0.0000000000
77839  42.472  -0.250  41.731 0.0000000000
77821  41.808  -0.224  42.197 0.0000000000
73913  38.667  -4.824  43.983 0.0000000000
70823  39.532  -7.132  44.698 0.0000000000
70822  40.386  -7.081  44.679 0.0000000000
69808  41.473  -8.254  45.691 0.0000000000
69809  40.410  -8.503  45.615 0.0000000000
68767  40.453  -9.471  46.563 0.0000000000
68766  41.483  -9.408  46.767 0.0000000000
68751  40.905  -10.005  47.266 0.0000000000
67678  41.195  -10.403  48.032 0.0000000000
81859  44.491  3.470  42.574 0.0000000000
49308  13.762  -27.202  65.708 0.0000000000
49283  12.358  -26.869  66.781 0.0000000000
49259  12.470  -27.234  67.530 0.0000000000
135169  11.047  -27.383  67.184 0.0000000000
48124  9.717  -28.783  66.838 0.0000000000
48141  9.272  -28.567  66.156 0.0000000000
45849  4.400  -30.103  69.233 0.0000000000
44709  4.392  -31.032  68.563 0.0000000000
144102  4.338  -30.163  69.982 0.0000000000
64134  23.113  -12.795  59.661 0.0000000000
65232  23.740  -12.633  59.092 0.0000000000
64158  22.668  -13.994  57.592 0.0000000000
64145  22.327  -13.710  58.428 0.0000000000
62004  20.826  -15.218  58.583 0.0000000000
60919  21.240  -16.540  58.048 0.0000000000
59932  20.747  -16.882  58.646 0.0000000000
144962  20.399  -23.164  61.543 0.0000000000
54843  20.701  -22.412  61.469 0.0000000000
72764  32.420  -5.478  50.335 0.0000000000
71741  31.777  -6.320  49.671 0.0000000000
65328  35.351  -12.102  52.025 0.0000000000
66434  36.061  -11.538  52.266 0.0000000000
66420  37.461  -10.842  53.855 0.0000000000
66433  36.638  -10.944  52.555 0.0000000000
67580  37.252  -10.477  53.050 0.0000000000
139940  39.512  -0.558  45.841 0.0000000000
75864  37.986  -2.348  45.353 0.0000000000
75875  37.646  -3.098  44.916 0.0000000000
73901  37.057  -4.375  44.984 0.0000000000
72820  36.825  -5.206  45.103 0.0000000000
139706  37.440  -5.873  44.787 0.0000000000
155387  36.681  -5.919  45.247 0.0000000000
51481  19.251  -25.618  63.371 0.0000000000
50383  18.969  -26.174  64.668 0.0000000000
50437  17.034  -26.084  62.992 0.0000000000
149162  17.505  -26.319  63.474 0.0000000000
50413  16.387  -26.415  63.481 0.0000000000
50385  16.621  -26.797  64.097 0.0000000000
53690  16.035  -23.198  62.802 0.0000000000
53704  16.182  -23.937  62.164 0.0000000000
53691  15.648  -23.872  62.768 0.0000000000
52530  13.993  -24.276  63.592 0.0000000000
52529  14.683  -24.573  63.209 0.0000000000
51485  14.292  -25.280  63.345 0.0000000000
149990  14.727  -26.138  63.534 0.0000000000
50414  13.910  -26.033  63.693 0.0000000000
52519  12.404  -24.365  64.430 0.0000000000
144736  12.595  -25.020  64.205 0.0000000000
52520  11.580  -24.286  64.821 0.0000000000
63065  19.886  -14.752  61.473 0.0000000000
61978  19.318  -15.423  61.658 0.0000000000
59875  18.508  -17.742  61.667 0.0000000000
59874  18.826  -17.109  61.131 0.0000000000
139931  17.889  -21.236  60.986 0.0000000000
55881  18.563  -21.306  60.591 0.0000000000
54854  19.533  -22.670  60.594 0.0000000000
51506  18.760  -25.036  61.857 0.0000000000
52548  19.193  -24.483  61.341 0.0000000000
51493  19.050  -25.400  62.581 0.0000000000
69684  30.500  -8.626  54.079 0.0000000000
69705  30.334  -8.453  53.138 0.0000000000
68639  30.466  -9.251  53.448 0.0000000000
66448  30.683  -11.198  51.636 0.0000000000
67614  31.235  -10.845  51.025 0.0000000000
64220  30.364  -13.708  51.811 0.0000000000
63185  30.879  -13.901  51.432 0.0000000000
63182  33.252  -14.359  51.568 0.0000000000
147304  33.126  -13.964  50.988 0.0000000000
159956  32.895  -12.917  50.632 0.0000000000
64231  33.782  -13.614  51.375 0.0000000000
65329  34.597  -12.811  51.653 0.0000000000
64219  34.454  -13.608  52.121 0.0000000000
63129  35.231  -14.499  54.658 0.0000000000
63143  35.664  -13.861  54.186 0.0000000000
85090  51.720  6.310  38.835 0.0000000000
138192  56.243  6.453  36.261 0.0000000000
85098  55.570  6.198  36.441 0.0000000000
82959  54.802  4.075  35.807 0.0000000000
80866  52.447  2.477  36.314 0.0000000000
148338  53.006  2.944  36.154 0.0000000000
80865  53.208  2.303  36.118 0.0000000000
78866  54.123  0.893  36.833 0.0000000000
79855  54.836  1.453  36.305 0.0000000000
158262  55.272  1.806  35.952 0.0000000000
146579  46.972  1.880  39.039 0.0000000000
79826  47.197  0.987  38.883 0.0000000000
79827  46.359  1.401  39.421 0.0000000000
77870  46.116  -0.076  39.693 0.0000000000
77855  45.662  -0.513  40.246 0.0000000000
78822  43.964  1.035  40.786 0.0000000000
75918  44.522  -2.059  41.731 0.0000000000
76901  44.444  -1.293  41.202 0.0000000000
160512  45.038  -1.632  41.331 0.0000000000
75917  45.425  -2.089  41.823 0.0000000000
74933  45.498  -3.331  42.535 0.0000000000
154100  45.421  -4.529  43.221 0.0000000000
72853  45.286  -5.068  43.658 0.0000000000
78769  41.126  0.924  44.569 0.0000000000
78770  40.615  0.417  43.941 0.0000000000
76868  40.168  -1.347  43.185 0.0000000000
76885  41.512  -1.580  42.352 0.0000000000
159591  39.899  -3.950  43.242 0.0000000000
73930  40.281  -4.569  43.367 0.0000000000
73928  42.026  -4.622  43.184 0.0000000000
74912  43.440  -4.044  42.883 0.0000000000
73927  43.015  -4.756  43.273 0.0000000000
60987  26.949  -16.509  55.089 0.0000000000
60986  27.717  -16.603  54.914 0.0000000000
59981  27.622  -16.790  55.668 0.0000000000
59942  28.641  -17.196  57.476 0.0000000000
83964  48.675  5.317  40.278 0.0000000000
82915  48.144  4.808  40.037 0.0000000000
81895  47.471  3.456  39.364 0.0000000000
80843  47.196  2.647  39.115 0.0000000000
132962  18.424  -26.742  65.875 0.0000000000
50328  18.548  -26.907  66.917 0.0000000000
49277  17.950  -27.092  66.379 0.0000000000
137172  14.239  -27.523  66.314 0.0000000000
48096  10.920  -28.813  69.200 0.0000000000
53652  10.433  -23.415  66.095 0.0000000000
52493  8.534  -24.250  67.517 0.0000000000
52502  8.603  -24.834  66.425 0.0000000000
52501  9.424  -24.557  65.875 0.0000000000
51446  8.392  -25.705  65.747 0.0000000000
51461  8.992  -26.250  65.200 0.0000000000
49286  7.553  -27.658  65.701 0.0000000000
50366  8.154  -27.316  65.466 0.0000000000
150465  7.755  -28.889  65.819 0.0000000000
48125  5.760  -28.041  67.753 0.0000000000
45894  6.710  -30.568  66.403 0.0000000000
47024  6.391  -29.867  66.359 0.0000000000
45893  7.466  -30.525  66.380 0.0000000000
44745  7.768  -30.982  66.883 0.0000000000
44734  7.374  -31.732  67.234 0.0000000000
43618  6.486  -32.791  67.816 0.0000000000
43617  7.242  -32.298  68.170 0.0000000000
41556  5.663  -34.272  68.594 0.0000000000
41540  5.910  -34.372  69.400 0.0000000000
154968  5.488  -34.876  68.926 0.0000000000
41541  5.620  -35.055  69.636 0.0000000000
41559  4.364  -34.772  68.614 0.0000000000
40545  4.244  -35.561  68.901 0.0000000000
39464  4.367  -36.843  69.613 0.0000000000
152848  3.545  -36.277  69.708 0.0000000000
40520  3.116  -36.499  70.491 0.0000000000
40508  2.657  -36.066  71.648 0.0000000000
42529  3.409  -33.508  72.136 0.0000000000
42517  2.849  -33.410  72.672 0.0000000000
41511  2.097  -34.998  72.750 0.0000000000
40494  1.484  -35.628  72.794 0.0000000000
64181  25.315  -13.409  55.528 0.0000000000
64193  26.498  -13.737  54.346 0.0000000000
139667  25.826  -15.554  54.314 0.0000000000
63133  25.376  -14.747  54.599 0.0000000000
141278  24.944  -16.271  55.405 0.0000000000
60962  24.789  -16.730  56.052 0.0000000000
59966  25.365  -17.089  56.416 0.0000000000
59967  24.682  -17.174  56.672 0.0000000000
62032  22.887  -15.292  56.647 0.0000000000
60964  22.889  -16.036  56.661 0.0000000000
59928  23.991  -17.940  57.964 0.0000000000
59007  24.822  -18.096  57.882 0.0000000000
58968  24.571  -18.560  59.408 0.0000000000
61986  19.581  -15.871  60.139 0.0000000000
60901  19.664  -16.663  59.744 0.0000000000
58045  20.417  -19.166  59.720 0.0000000000
138503  20.268  -17.857  59.391 0.0000000000
58972  20.741  -18.488  59.431 0.0000000000
55867  21.185  -21.599  61.712 0.0000000000
56961  21.364  -21.056  61.108 0.0000000000
56942  22.569  -20.331  62.190 0.0000000000
56960  22.123  -20.468  61.099 0.0000000000
77868  47.859  -0.560  39.445 0.0000000000
73888  35.490  -4.681  47.294 0.0000000000
71784  35.127  -6.524  46.367 0.0000000000
70813  35.962  -7.179  45.789 0.0000000000
70791  36.169  -7.988  45.859 0.0000000000
69720  30.437  -8.684  51.545 0.0000000000
70733  30.293  -7.711  51.697 0.0000000000
143990  30.518  -8.157  50.889 0.0000000000
158976  31.973  -9.235  49.738 0.0000000000
69748  31.373  -8.235  49.660 0.0000000000
70754  31.841  -7.910  48.921 0.0000000000
67635  34.876  -10.651  50.475 0.0000000000
141195  35.118  -10.661  50.413 0.0000000000
67655  34.991  -10.548  49.047 0.0000000000
68717  34.154  -10.199  49.416 0.0000000000
68735  34.268  -10.147  48.510 0.0000000000
69774  33.543  -9.077  47.680 0.0000000000
68757  34.152  -9.689  47.743 0.0000000000
69773  34.246  -8.804  47.046 0.0000000000
68756  35.004  -9.592  47.216 0.0000000000
67682  37.117  -10.543  47.566 0.0000000000
68772  35.978  -9.672  46.780 0.0000000000
68755  36.893  -9.951  46.872 0.0000000000
68771  36.734  -9.410  46.383 0.0000000000
68770  37.479  -9.540  46.386 0.0000000000
68769  38.376  -9.670  46.470 0.0000000000
139637  40.010  -10.963  49.035 0.0000000000
159195  28.921  -16.684  54.838 0.0000000000
59978  30.205  -16.796  55.665 0.0000000000
60983  31.254  -16.608  55.623 0.0000000000
147744  32.098  -16.569  55.959 0.0000000000
60982  32.122  -16.500  55.180 0.0000000000
134082  32.762  -16.380  55.786 0.0000000000
60957  34.062  -16.057  56.774 0.0000000000
62029  35.306  -15.339  56.783 0.0000000000
82987  61.810  3.801  32.707 0.0000000000
82986  62.220  4.334  32.332 0.0000000000
82955  58.391  5.018  34.847 0.0000000000
82967  58.739  4.488  34.606 0.0000000000
81936  59.324  3.312  34.370 0.0000000000
79881  59.640  1.746  34.982 0.0000000000
80886  60.173  2.233  34.419 0.0000000000
81935  59.862  2.899  34.194 0.0000000000
135159  48.833  -0.962  39.581 0.0000000000
63145  29.184  -14.949  52.857 0.0000000000
61024  29.597  -16.239  53.353 0.0000000000
81904  48.559  3.227  38.416 0.0000000000
81903  49.236  3.621  38.112 0.0000000000
81911  49.715  3.235  37.724 0.0000000000
80859  49.878  2.625  37.522 0.0000000000
80858  50.451  2.267  37.225 0.0000000000
78858  50.084  0.875  37.782 0.0000000000
38429  3.588  -37.794  70.110 0.0000000000
80797  42.708  2.423  43.045 0.0000000000
79771  41.616  1.232  43.229 0.0000000000
140364  38.327  -6.106  44.512 0.0000000000
72840  38.859  -5.595  44.189 0.0000000000
155535  38.534  -6.626  44.612 0.0000000000
69791  39.804  -9.082  46.024 0.0000000000
68768  39.356  -9.710  46.607 0.0000000000
51457  12.028  -25.620  65.003 0.0000000000
50361  12.381  -26.209  65.360 0.0000000000
144517  11.018  -26.874  66.320 0.0000000000
49310  10.180  -27.057  65.598 0.0000000000
143680  9.411  -27.281  65.442 0.0000000000
46984  4.447  -29.665  70.369 0.0000000000
64135  22.419  -13.295  59.365 0.0000000000
64146  21.661  -14.244  58.423 0.0000000000
64136  21.708  -13.848  59.098 0.0000000000
63078  21.124  -14.479  58.795 0.0000000000
150764  20.401  -15.599  59.138 0.0000000000
52526  20.273  -24.483  63.424 0.0000000000
53701  20.588  -23.755  62.834 0.0000000000
138464  20.584  -24.216  64.287 0.0000000000
71731  30.990  -6.298  51.124 0.0000000000
65315  36.496  -12.139  53.575 0.0000000000
66422  36.363  -11.662  52.902 0.0000000000
66408  37.051  -11.721  54.130 0.0000000000
75865  37.520  -2.918  45.844 0.0000000000
74879  37.065  -3.463  46.314 0.0000000000
73902  36.700  -4.071  45.842 0.0000000000
73893  36.098  -4.519  46.377 0.0000000000
51494  18.319  -25.529  62.458 0.0000000000
51495  17.562  -25.588  62.427 0.0000000000
51496  16.750  -25.387  62.390 0.0000000000
59864  18.350  -17.490  62.555 0.0000000000
56944  17.448  -20.373  62.513 0.0000000000
58002  17.568  -19.533  62.585 0.0000000000
55869  17.450  -21.644  61.513 0.0000000000
54844  18.156  -22.877  60.772 0.0000000000
53723  18.845  -23.171  60.584 0.0000000000
53713  18.404  -23.611  60.828 0.0000000000
52549  18.369  -24.418  61.237 0.0000000000
148364  30.506  -9.849  52.774 0.0000000000
67581  30.515  -10.608  53.177 0.0000000000
62115  31.142  -15.219  51.939 0.0000000000
63184  31.396  -14.524  51.479 0.0000000000
62114  31.956  -15.164  51.750 0.0000000000
63163  32.751  -14.939  51.943 0.0000000000
63162  33.485  -14.647  52.353 0.0000000000
63161  34.216  -14.265  52.697 0.0000000000
158840  35.427  -14.622  55.360 0.0000000000
83977  52.119  5.877  38.177 0.0000000000
85088  53.158  6.821  38.208 0.0000000000
82946  55.158  5.486  36.302 0.0000000000
83990  54.427  5.537  36.683 0.0000000000
82947  54.446  4.806  36.302 0.0000000000
81929  54.457  3.380  35.729 0.0000000000
79842  52.120  1.039  36.909 0.0000000000
78867  53.170  1.051  36.717 0.0000000000
78853  54.415  0.270  37.500 0.0000000000
77884  54.645  -0.168  38.285 0.0000000000
79828  45.865  2.052  39.905 0.0000000000
135690  43.210  -0.128  41.299 0.0000000000
149588  43.747  -1.516  41.510 0.0000000000
75906  44.166  -2.752  42.198 0.0000000000
74911  44.280  -4.033  42.888 0.0000000000
77798  40.067  -0.139  44.431 0.0000000000
75885  40.056  -2.292  42.954 0.0000000000
72838  41.096  -5.811  43.900 0.0000000000
72837  41.848  -5.824  43.884 0.0000000000
156775  42.662  -5.902  43.936 0.0000000000
159070  43.051  -5.443  43.670 0.0000000000
71815  42.911  -6.535  44.408 0.0000000000
59964  27.500  -17.060  56.619 0.0000000000
81857  45.910  4.170  42.065 0.0000000000
82901  46.648  4.463  41.707 0.0000000000
82917  46.780  4.294  40.766 0.0000000000
81885  47.026  3.979  39.950 0.0000000000
151117  17.237  -27.139  65.520 0.0000000000
49278  17.226  -27.315  66.272 0.0000000000
49279  16.432  -27.519  66.450 0.0000000000
139244  10.134  -29.922  69.058 0.0000000000
45847  9.718  -30.446  69.644 0.0000000000
44719  8.355  -31.357  68.569 0.0000000000
51437  7.933  -24.865  67.401 0.0000000000
51447  7.669  -26.001  66.205 0.0000000000
49287  6.876  -27.613  66.052 0.0000000000
47007  4.956  -29.321  67.745 0.0000000000
47014  5.542  -29.651  66.788 0.0000000000
44747  6.371  -31.118  66.616 0.0000000000
44735  6.467  -31.825  66.850 0.0000000000
42564  6.252  -33.734  69.021 0.0000000000
41575  5.316  -34.041  68.081 0.0000000000
42565  4.213  -33.653  68.856 0.0000000000
42566  3.964  -34.279  69.355 0.0000000000
40530  3.744  -35.648  69.372 0.0000000000
41532  3.631  -34.927  69.799 0.0000000000
40484  1.030  -35.145  73.303 0.0000000000
63119  24.975  -14.197  55.193 0.0000000000
62064  24.829  -14.951  55.094 0.0000000000
59948  22.636  -17.331  57.579 0.0000000000
60938  22.646  -16.637  57.159 0.0000000000
59891  19.341  -17.988  60.141 0.0000000000
59912  19.702  -17.554  59.697 0.0000000000
140049  20.898  -19.944  59.978 0.0000000000
55843  21.716  -21.552  63.080 0.0000000000
77837  47.767  -1.470  40.927 0.0000000000
76898  47.423  -1.711  41.432 0.0000000000
72779  34.011  -5.047  48.884 0.0000000000
72793  34.080  -5.438  48.043 0.0000000000
72802  34.741  -5.108  47.672 0.0000000000
72803  34.311  -5.790  47.333 0.0000000000
70793  34.672  -7.054  46.627 0.0000000000
69796  34.880  -8.014  46.565 0.0000000000
69735  30.989  -8.626  50.418 0.0000000000
68700  31.348  -9.361  50.475 0.0000000000
68699  32.058  -9.577  50.103 0.0000000000
150316  32.465  -9.474  49.684 0.0000000000
68674  35.985  -10.403  51.079 0.0000000000
68696  35.692  -10.625  50.588 0.0000000000
68716  35.531  -10.648  49.848 0.0000000000
67671  35.626  -10.565  48.247 0.0000000000
67684  35.534  -10.109  47.470 0.0000000000
67670  36.446  -10.764  48.388 0.0000000000
67669  37.338  -10.877  48.485 0.0000000000
67681  37.977  -10.768  47.678 0.0000000000
67668  38.204  -10.932  48.571 0.0000000000
60961  30.756  -16.772  56.524 0.0000000000
60937  31.258  -16.747  57.392 0.0000000000
137887  32.039  -16.628  57.214 0.0000000000
60935  32.675  -16.501  57.585 0.0000000000
81942  61.245  3.421  33.245 0.0000000000
82957  56.572  4.595  35.357 0.0000000000
82956  57.555  4.817  35.051 0.0000000000
81926  57.243  3.855  34.905 0.0000000000
80889  57.958  3.247  34.718 0.0000000000
157754  60.609  1.211  35.807 0.0000000000
79864  61.445  1.243  35.632 0.0000000000
54832  16.497  -22.630  62.577 0.0000000000
54819  16.382  -22.591  63.547 0.0000000000
146701  17.412  -20.039  63.314 0.0000000000
77886  52.154  -0.342  38.074 0.0000000000
158742  51.237  -1.000  40.079 0.0000000000
133475  50.385  -0.950  39.257 0.0000000000
76908  50.588  -0.879  40.369 0.0000000000
147003  30.213  -12.606  52.827 0.0000000000
63165  29.847  -14.860  52.335 0.0000000000
62100  30.408  -15.350  52.300 0.0000000000
62099  31.631  -15.668  52.292 0.0000000000
61037  32.002  -15.981  52.723 0.0000000000
61002  32.789  -16.010  53.917 0.0000000000
82931  50.233  4.667  38.228 0.0000000000
82930  50.986  4.957  37.969 0.0000000000
83986  51.791  5.214  37.784 0.0000000000
82949  52.746  4.317  36.661 0.0000000000
80867  51.820  2.793  36.505 0.0000000000
153226  51.038  1.895  36.980 0.0000000000
39450  4.971  -36.475  70.053 0.0000000000
80820  44.339  2.634  41.349 0.0000000000
79803  43.468  1.512  41.384 0.0000000000
79804  42.936  1.181  41.665 0.0000000000
75887  38.629  -3.090  43.782 0.0000000000
75886  39.350  -2.659  43.410 0.0000000000
73931  39.403  -4.483  43.566 0.0000000000
72859  39.953  -5.189  43.689 0.0000000000
72839  39.625  -5.757  44.092 0.0000000000
145471  40.371  -5.786  43.992 0.0000000000
71817  40.753  -6.397  44.290 0.0000000000
70821  41.229  -6.984  44.641 0.0000000000
70807  41.971  -7.484  45.190 0.0000000000
68765  42.472  -9.274  46.900 0.0000000000
69790  41.058  -8.925  46.155 0.0000000000
58987  26.023  -18.470  58.729 0.0000000000
59909  26.862  -18.071  58.949 0.0000000000
58965  27.207  -18.117  59.877 0.0000000000
81872  44.669  3.320  41.750 0.0000000000
49307  14.568  -27.406  65.587 0.0000000000
49309  12.900  -26.783  66.101 0.0000000000
49258  13.551  -27.507  67.264 0.0000000000
49261  11.189  -27.914  67.969 0.0000000000
48123  10.472  -28.147  67.238 0.0000000000
48111  5.696  -27.855  68.755 0.0000000000
48112  5.325  -28.529  68.374 0.0000000000
45866  4.630  -30.883  67.673 0.0000000000
44721  4.636  -31.663  67.597 0.0000000000
150575  4.234  -31.634  69.168 0.0000000000
65251  24.367  -12.517  58.476 0.0000000000
64157  23.432  -13.468  57.327 0.0000000000
64168  23.519  -13.955  56.584 0.0000000000
63096  22.420  -14.820  57.227 0.0000000000
62016  21.800  -15.254  57.575 0.0000000000
155581  21.802  -16.175  57.521 0.0000000000
60939  21.903  -17.034  57.683 0.0000000000
58992  21.802  -18.032  58.738 0.0000000000
55879  20.174  -21.354  60.546 0.0000000000
54829  21.193  -22.111  62.451 0.0000000000
54817  20.998  -23.023  63.302 0.0000000000
54816  21.337  -22.259  63.308 0.0000000000
158719  47.004  -3.034  42.485 0.0000000000
74931  47.716  -3.175  42.571 0.0000000000
159668  32.510  -6.851  48.385 0.0000000000
65362  34.060  -11.855  50.795 0.0000000000
67613  35.288  -10.864  51.058 0.0000000000
67612  35.925  -10.438  51.221 0.0000000000
67597  36.342  -10.729  51.829 0.0000000000
68673  36.631  -10.289  51.445 0.0000000000
68655  37.291  -9.860  52.017 0.0000000000
79853  56.671  1.325  36.188 0.0000000000
79868  57.094  1.794  35.571 0.0000000000
38418  1.953  -37.897  71.708 0.0000000000
78762  41.226  0.749  45.503 0.0000000000
78759  40.609  0.270  45.797 0.0000000000
77792  40.018  -0.072  45.319 0.0000000000
77793  39.475  -0.602  44.864 0.0000000000
75874  38.214  -2.636  44.485 0.0000000000
74895  37.998  -3.500  44.219 0.0000000000
73914  37.840  -4.398  44.294 0.0000000000
70811  37.372  -7.557  45.235 0.0000000000
51456  19.553  -25.839  65.010 0.0000000000
151317  18.523  -26.490  65.102 0.0000000000
50359  17.800  -26.788  65.099 0.0000000000
50411  18.089  -26.240  63.658 0.0000000000
137499  17.470  -26.621  64.153 0.0000000000
49326  16.929  -27.031  64.835 0.0000000000
50386  15.242  -26.775  64.058 0.0000000000
52528  15.234  -24.429  62.935 0.0000000000
154787  15.579  -26.270  63.436 0.0000000000
50388  13.568  -26.450  64.316 0.0000000000
50389  12.729  -25.862  64.486 0.0000000000
51471  13.000  -25.327  63.936 0.0000000000
51458  11.351  -25.213  64.888 0.0000000000
63073  20.558  -14.631  60.101 0.0000000000
60885  19.225  -16.503  60.596 0.0000000000
60870  18.891  -16.231  61.439 0.0000000000
58917  18.140  -18.252  62.200 0.0000000000
58017  17.738  -19.923  61.726 0.0000000000
58016  18.177  -19.459  61.121 0.0000000000
58032  18.667  -19.803  60.568 0.0000000000
56981  18.786  -20.507  60.502 0.0000000000
56980  19.398  -20.918  60.430 0.0000000000
53721  20.140  -22.968  60.947 0.0000000000
53711  20.016  -23.627  61.273 0.0000000000
52547  19.809  -24.222  61.650 0.0000000000
52537  20.062  -24.393  62.435 0.0000000000
51480  19.817  -25.234  63.740 0.0000000000
51469  19.913  -25.298  64.546 0.0000000000
71712  30.370  -6.928  53.284 0.0000000000
70715  30.395  -7.790  53.664 0.0000000000
145988  30.267  -8.317  52.319 0.0000000000
150580  30.576  -9.641  51.727 0.0000000000
68675  31.044  -9.885  51.001 0.0000000000
136667  32.004  -10.787  50.575 0.0000000000
66466  32.615  -11.502  50.590 0.0000000000
64234  31.559  -13.561  51.047 0.0000000000
65343  31.466  -12.610  50.951 0.0000000000
65364  32.329  -12.511  50.671 0.0000000000
65341  34.019  -12.670  50.983 0.0000000000
64204  34.859  -13.756  52.826 0.0000000000
64203  35.472  -13.457  53.276 0.0000000000
154438  56.691  6.033  35.853 0.0000000000
83996  56.410  5.378  35.699 0.0000000000
83997  55.803  4.999  35.804 0.0000000000
80875  56.161  2.615  35.397 0.0000000000
81918  53.245  3.743  36.249 0.0000000000
79856  53.394  1.749  36.236 0.0000000000
80864  54.017  2.141  35.896 0.0000000000
80877  54.588  2.723  35.685 0.0000000000
80876  55.334  2.647  35.565 0.0000000000
79870  55.621  2.099  35.718 0.0000000000
79869  56.325  1.920  35.670 0.0000000000
78844  47.999  0.990  38.547 0.0000000000
151177  47.285  0.138  39.123 0.0000000000
77869  46.931  -0.329  39.531 0.0000000000
76899  46.594  -1.698  41.300 0.0000000000
79819  44.612  1.437  40.482 0.0000000000
141285  44.625  0.600  40.384 0.0000000000
141980  44.834  -0.244  40.444 0.0000000000
76913  44.422  -0.672  40.834 0.0000000000
76900  45.760  -1.604  41.352 0.0000000000
75916  46.237  -2.063  41.829 0.0000000000
75903  46.651  -2.565  42.203 0.0000000000
74932  46.328  -3.241  42.519 0.0000000000
144615  46.603  -4.489  43.221 0.0000000000
79761  41.628  1.439  44.149 0.0000000000
78781  41.140  0.526  43.261 0.0000000000
77809  40.777  -0.068  43.203 0.0000000000
140918  41.245  -0.140  42.708 0.0000000000
134792  41.497  -0.807  42.379 0.0000000000
75907  42.274  -2.159  42.144 0.0000000000
142530  39.979  -3.225  43.008 0.0000000000
74938  40.884  -2.984  42.698 0.0000000000
73929  41.101  -4.601  43.236 0.0000000000
74937  41.758  -3.253  42.595 0.0000000000
74936  42.378  -3.001  42.435 0.0000000000
153589  43.066  -3.427  42.573 0.0000000000
73926  43.935  -4.644  43.312 0.0000000000
72854  44.467  -5.187  43.716 0.0000000000
72835  44.168  -5.783  44.173 0.0000000000
72834  45.037  -5.706  44.157 0.0000000000
62061  27.195  -15.801  53.887 0.0000000000
61026  27.852  -16.190  53.882 0.0000000000
61008  27.397  -16.313  54.362 0.0000000000
60985  28.340  -16.755  55.250 0.0000000000
59979  29.189  -16.854  55.704 0.0000000000
59963  28.256  -17.110  56.885 0.0000000000
59962  28.963  -17.058  56.686 0.0000000000
83972  48.671  4.991  39.628 0.0000000000
82925  47.793  4.162  39.703 0.0000000000
81894  48.157  3.695  39.087 0.0000000000
133424  17.731  -27.279  67.046 0.0000000000
53665  10.885  -23.738  65.297 0.0000000000
52510  9.955  -25.108  65.160 0.0000000000
50342  8.218  -26.518  65.494 0.0000000000
49312  8.851  -27.672  65.474 0.0000000000
48162  8.891  -28.281  65.722 0.0000000000
47031  8.503  -28.929  65.948 0.0000000000
50330  6.577  -26.796  67.552 0.0000000000
49262  6.248  -27.584  66.975 0.0000000000
48143  6.535  -28.358  66.236 0.0000000000
48144  6.095  -29.038  66.474 0.0000000000
148857  6.989  -29.214  65.978 0.0000000000
45878  8.425  -30.631  67.201 0.0000000000
44733  8.056  -31.187  67.693 0.0000000000
44720  7.902  -31.890  68.924 0.0000000000
40519  5.316  -35.800  69.798 0.0000000000
43637  4.738  -32.563  67.557 0.0000000000
42597  4.822  -33.502  67.790 0.0000000000
41558  4.775  -34.421  68.259 0.0000000000
42580  4.482  -34.017  68.344 0.0000000000
39463  4.893  -36.202  69.370 0.0000000000
38436  3.976  -37.336  69.684 0.0000000000
39453  2.985  -37.449  70.427 0.0000000000
155339  2.359  -37.582  71.319 0.0000000000
43573  3.824  -33.020  72.029 0.0000000000
142459  3.455  -34.243  71.636 0.0000000000
41522  3.027  -35.210  72.010 0.0000000000
38406  1.913  -37.109  72.032 0.0000000000
69683  30.721  -8.726  54.971 0.0000000000
64191  28.544  -13.533  54.132 0.0000000000
64207  27.920  -14.175  53.581 0.0000000000
63131  27.034  -14.247  53.842 0.0000000000
64179  27.125  -13.282  54.997 0.0000000000
62083  26.924  -15.016  53.749 0.0000000000
62062  26.459  -15.483  53.962 0.0000000000
160852  26.327  -16.382  54.914 0.0000000000
62063  25.148  -15.652  54.860 0.0000000000
137324  26.216  -16.625  55.430 0.0000000000
59982  26.055  -16.992  56.148 0.0000000000
134085  25.909  -17.312  56.767 0.0000000000
63109  23.508  -14.802  56.194 0.0000000000
62031  23.460  -15.819  56.237 0.0000000000
138264  24.243  -16.784  56.400 0.0000000000
59968  24.039  -17.111  56.806 0.0000000000
59927  25.672  -18.131  57.952 0.0000000000
141909  20.142  -15.338  59.797 0.0000000000
60900  20.295  -16.366  59.155 0.0000000000
59911  20.252  -17.178  59.240 0.0000000000
58043  22.331  -18.944  59.628 0.0000000000
56962  20.833  -21.037  60.674 0.0000000000
137109  21.797  -20.960  61.890 0.0000000000
58029  21.868  -20.062  60.315 0.0000000000
58949  23.142  -19.024  60.082 0.0000000000
156628  48.477  -0.359  38.998 0.0000000000
77836  48.587  -1.253  41.435 0.0000000000
74930  48.557  -3.194  42.621 0.0000000000
73887  36.255  -4.065  47.339 0.0000000000
72821  36.124  -5.374  45.744 0.0000000000
72809  34.958  -5.492  46.844 0.0000000000
72822  35.449  -5.913  46.163 0.0000000000
71800  36.159  -6.437  45.610 0.0000000000
70812  36.573  -7.355  45.498 0.0000000000
71722  30.375  -6.847  52.333 0.0000000000
71732  30.541  -6.857  51.460 0.0000000000
71743  30.695  -6.842  50.917 0.0000000000
70743  30.857  -7.780  50.214 0.0000000000
71742  30.970  -6.832  50.338 0.0000000000
71754  31.988  -6.976  48.812 0.0000000000
70768  32.604  -7.621  48.177 0.0000000000
67636  33.928  -10.452  50.371 0.0000000000
68718  33.306  -9.800  49.679 0.0000000000
68737  32.596  -9.262  48.885 0.0000000000
70767  32.881  -8.774  48.117 0.0000000000
139630  35.612  -8.242  46.256 0.0000000000
158664  36.597  -8.507  45.865 0.0000000000
69794  37.084  -8.886  45.934 0.0000000000
69812  37.687  -8.379  45.493 0.0000000000
159368  39.360  -10.150  47.135 0.0000000000
142983  38.697  -10.798  47.877 0.0000000000
67680  39.450  -10.538  47.674 0.0000000000
67679  40.338  -10.421  47.807 0.0000000000
61006  29.175  -16.512  54.160 0.0000000000
61005  30.020  -16.646  54.011 0.0000000000
140252  30.539  -16.625  54.794 0.0000000000
139091  30.756  -16.494  54.087 0.0000000000
61003  32.146  -16.405  54.246 0.0000000000
60981  32.943  -16.151  54.923 0.0000000000
60916  33.469  -16.405  58.177 0.0000000000
141657  33.404  -16.332  57.181 0.0000000000
60958  33.372  -16.244  56.339 0.0000000000
60980  33.951  -15.884  56.001 0.0000000000
62045  33.772  -15.780  55.242 0.0000000000
62044  34.470  -15.458  55.589 0.0000000000
62043  35.229  -15.077  55.948 0.0000000000
83995  58.012  5.631  35.258 0.0000000000
83994  58.872  5.710  35.012 0.0000000000
84000  59.625  5.719  34.776 0.0000000000
153092  59.715  5.125  34.474 0.0000000000
82965  60.086  4.697  34.135 0.0000000000
159461  57.650  1.954  35.258 0.0000000000
80888  58.703  2.797  34.640 0.0000000000
79866  59.050  1.465  35.545 0.0000000000
81943  59.945  3.712  34.045 0.0000000000
80896  61.514  2.451  33.516 0.0000000000
79879  61.595  1.549  34.735 0.0000000000
80895  62.377  2.073  33.150 0.0000000000
43635  6.106  -32.485  67.257 0.0000000000
50410  18.769  -26.017  63.899 0.0000000000
52538  19.458  -24.834  62.068 0.0000000000
53712  19.536  -24.009  61.071 0.0000000000
58967  25.479  -18.727  59.411 0.0000000000
59940  30.316  -16.951  57.322 0.0000000000
62058  34.882  -14.975  55.154 0.0000000000
64232  33.329  -13.270  50.810 0.0000000000
64233  32.566  -13.473  50.782 0.0000000000
65266  24.915  -12.462  58.001 0.0000000000
68672  37.122  -10.144  51.318 0.0000000000
72781  32.563  -5.764  49.478 0.0000000000
72836  43.396  -5.902  44.060 0.0000000000
74910  45.097  -4.018  42.857 0.0000000000
133127  37.851  -9.985  51.067 0.0000000000
135115  22.996  -13.394  58.052 0.0000000000
135671  18.554  -16.860  61.984 0.0000000000
141414  39.912  -10.745  48.327 0.0000000000
144336  17.994  -21.995  60.824 0.0000000000
156778  54.417  1.815  36.011 0.0000000000
159224  30.646  -8.664  50.928 0.0000000000
159281  34.989  -5.988  46.506 0.0000000000
159936  8.527  -29.463  66.254 0.0000000000
160069  21.070  -22.601  62.845 0.0000000000
160880  45.682  1.398  39.832 0.0000000000
