#!ascii label  , from subject sub-v2s12x28891_ses-1 vox2ras=TkReg
1864
124761  -34.931  -41.324  -16.649 0.5000000000
26812  -34.042  -41.288  -16.451 0.4000000060
27624  -33.664  -40.542  -16.329 0.6000000238
128857  -34.841  -39.947  -16.608 0.6000000238
28451  -36.185  -40.049  -17.165 0.6000000238
27626  -35.441  -40.520  -16.844 0.5000000000
29270  -37.041  -38.715  -17.247 0.6000000238
126840  -34.136  -39.864  -16.381 0.6999999881
28436  -33.323  -39.800  -16.173 0.6999999881
28438  -34.735  -39.119  -16.428 0.6999999881
28439  -35.514  -39.602  -16.787 0.6999999881
28440  -36.247  -39.191  -17.035 0.6999999881
29271  -38.072  -38.576  -17.628 0.5000000000
30180  -37.464  -37.810  -17.132 0.6999999881
28453  -37.676  -39.520  -17.654 0.5000000000
144757  -26.890  -38.207  -10.675 0.5000000000
28437  -33.828  -39.120  -16.180 0.6999999881
29262  -35.055  -38.192  -16.324 0.6999999881
128688  -35.593  -38.740  -16.641 0.6999999881
30170  -35.435  -37.564  -16.176 0.6999999881
30171  -36.231  -37.525  -16.448 0.6999999881
140966  -35.703  -38.030  -16.503 0.6999999881
31150  -35.896  -37.016  -15.935 0.6999999881
30181  -38.212  -37.583  -17.428 0.6000000238
30130  -30.372  -37.471  -13.386 0.6999999881
31121  -30.534  -36.905  -14.099 0.6999999881
29250  -33.458  -38.463  -15.889 0.6999999881
132369  -33.140  -37.966  -15.562 0.6999999881
30093  -26.314  -37.577  -11.040 0.6000000238
28385  -25.758  -38.881  -11.674 0.4000000060
30169  -34.673  -37.684  -15.980 0.6999999881
30179  -36.801  -37.919  -16.852 0.6999999881
31160  -37.761  -36.875  -16.874 0.6999999881
31153  -37.613  -36.051  -16.450 0.6999999881
31162  -39.134  -36.474  -17.615 0.6000000238
32119  -30.175  -35.962  -13.177 0.6999999881
31106  -30.304  -36.669  -13.583 0.6999999881
30140  -30.827  -37.468  -14.444 0.6999999881
31107  -30.772  -36.441  -13.859 0.6999999881
32132  -30.400  -35.943  -13.366 0.6999999881
32098  -27.305  -35.640  -10.128 0.6000000238
31122  -31.255  -36.911  -14.291 0.6999999881
31137  -34.107  -37.157  -15.031 0.6999999881
31123  -32.399  -37.125  -14.298 0.6999999881
31108  -31.989  -36.576  -13.609 0.6999999881
32121  -32.211  -35.962  -12.695 0.6999999881
30106  -25.523  -37.170  -11.521 0.5000000000
29208  -25.660  -38.002  -11.589 0.5000000000
31139  -35.635  -36.713  -15.444 0.6999999881
30158  -35.155  -37.211  -15.693 0.6999999881
32122  -33.472  -35.994  -12.233 0.6999999881
28384  -25.254  -39.293  -12.151 0.4000000060
31151  -36.585  -36.781  -16.191 0.6999999881
31138  -34.859  -36.977  -15.166 0.6999999881
31109  -33.395  -36.833  -13.683 0.6999999881
31097  -33.061  -36.493  -12.876 0.6999999881
140844  -24.925  -39.716  -12.441 0.4000000060
31098  -33.959  -36.404  -12.864 0.6999999881
32123  -34.450  -35.748  -12.319 0.6999999881
31152  -37.175  -36.591  -16.408 0.6999999881
31140  -36.343  -36.406  -15.718 0.6999999881
32135  -35.508  -35.594  -13.646 0.6999999881
32134  -34.812  -36.073  -13.133 0.6999999881
33179  -36.129  -35.085  -14.189 0.6999999881
131188  -38.993  -35.663  -17.394 0.6000000238
32167  -38.020  -35.291  -16.521 0.6999999881
32166  -37.402  -35.418  -16.037 0.6999999881
35248  -39.159  -32.546  -18.061 0.5000000000
33208  -39.470  -34.159  -17.829 0.5000000000
33221  -41.872  -34.728  -19.400 0.4000000060
33220  -40.802  -34.824  -18.695 0.5000000000
33146  -31.346  -34.193  -12.187 0.6999999881
33131  -26.275  -34.446  -10.571 0.6000000238
31124  -33.416  -37.160  -14.634 0.6999999881
31088  -25.986  -36.689  -11.128 0.5000000000
32112  -32.972  -35.406  -11.706 0.6999999881
32157  -36.109  -36.110  -15.179 0.6999999881
31126  -35.361  -36.494  -14.804 0.6999999881
32165  -36.968  -36.130  -16.040 0.6999999881
33180  -36.582  -34.587  -14.704 0.6999999881
35239  -38.359  -32.901  -17.187 0.6999999881
31161  -38.385  -36.049  -16.988 0.6999999881
33207  -38.800  -34.310  -17.226 0.6999999881
33201  -38.271  -34.523  -16.685 0.6999999881
34269  -38.909  -33.396  -17.564 0.6999999881
35190  -28.951  -31.940  -11.979 0.6999999881
35200  -29.577  -32.472  -12.712 0.6999999881
35201  -29.855  -32.664  -12.923 0.8000000119
35191  -30.148  -32.337  -12.777 0.8000000119
35176  -28.696  -32.197  -10.512 0.6000000238
36235  -29.309  -31.685  -12.560 0.6000000238
34209  -30.039  -33.146  -13.067 0.8000000119
36209  -28.289  -31.453  -10.735 0.6000000238
140526  -27.809  -30.702  -11.208 0.6000000238
34191  -27.090  -33.833  -10.053 0.6000000238
35175  -27.982  -32.101  -9.931 0.6000000238
137201  -26.314  -32.733  -10.508 0.6000000238
33147  -32.580  -34.648  -11.361 0.6999999881
142407  -25.373  -36.472  -11.503 0.5000000000
147262  -25.690  -34.959  -11.077 0.6000000238
33134  -32.415  -33.898  -10.905 0.6999999881
32113  -34.033  -35.327  -11.587 0.6999999881
32158  -36.778  -35.607  -15.543 0.6999999881
32145  -36.415  -35.376  -14.905 0.6999999881
32124  -35.216  -35.338  -12.730 0.6999999881
34261  -37.843  -33.763  -16.275 0.8000000119
147823  -38.055  -34.143  -16.477 0.6999999881
33193  -36.857  -34.941  -15.188 0.6999999881
126537  -37.907  -33.019  -16.574 0.8000000119
33194  -37.269  -34.815  -15.608 0.6999999881
34279  -39.708  -33.317  -18.269 0.5000000000
33227  -41.209  -34.006  -19.122 0.5000000000
35270  -41.164  -32.601  -19.293 0.5000000000
129012  -42.461  -33.881  -19.847 0.4000000060
36234  -28.945  -30.949  -12.578 0.6000000238
36236  -29.722  -31.928  -12.758 0.6999999881
37143  -30.262  -30.619  -11.852 0.8000000119
36225  -30.242  -31.497  -12.376 0.8999999762
36224  -28.643  -31.155  -12.161 0.6000000238
37144  -30.958  -31.156  -11.194 0.8000000119
36226  -30.877  -32.010  -11.734 0.8000000119
35178  -31.587  -32.565  -10.989 0.8000000119
36208  -27.465  -31.362  -10.467 0.6000000238
36207  -26.491  -31.292  -10.689 0.6000000238
34194  -32.404  -33.040  -10.475 0.8000000119
32096  -25.029  -34.999  -11.558 0.6000000238
33130  -25.372  -34.088  -11.266 0.6000000238
35173  -25.844  -32.084  -10.788 0.6000000238
34195  -33.409  -33.458  -10.297 0.6999999881
31087  -24.923  -36.773  -11.727 0.5000000000
33136  -34.009  -34.109  -10.574 0.6999999881
29214  -24.381  -38.198  -12.044 0.5000000000
141302  -24.370  -36.404  -11.754 0.5000000000
33149  -34.484  -34.557  -11.140 0.6999999881
33161  -34.892  -34.996  -11.859 0.6999999881
35238  -37.444  -32.304  -16.305 0.8000000119
34254  -37.467  -33.978  -15.708 0.8000000119
133421  -37.013  -34.225  -15.186 0.6999999881
34241  -36.625  -33.686  -14.652 0.6999999881
33170  -35.782  -34.777  -13.359 0.6999999881
34280  -40.654  -33.279  -18.871 0.5000000000
37152  -28.610  -30.131  -12.460 0.6999999881
38014  -28.878  -29.673  -12.447 0.6999999881
37153  -29.160  -30.653  -12.607 0.6999999881
37142  -29.532  -30.165  -12.291 0.8000000119
37131  -30.933  -30.258  -10.726 0.8000000119
36223  -28.254  -30.359  -12.200 0.6999999881
38001  -29.439  -28.942  -11.785 0.8000000119
37141  -26.961  -29.955  -11.528 0.6000000238
36210  -31.643  -31.746  -10.541 0.8000000119
140673  -26.936  -30.757  -10.773 0.6000000238
36194  -32.506  -31.484  -9.715 0.6999999881
35189  -24.797  -32.311  -11.435 0.6000000238
147304  -33.198  -32.428  -9.804 0.8000000119
36195  -33.477  -31.448  -9.510 0.6999999881
32108  -24.216  -35.028  -11.752 0.6000000238
36196  -34.294  -31.178  -9.634 0.8000000119
30117  -23.952  -37.408  -11.905 0.4000000060
33162  -35.490  -34.492  -12.436 0.6999999881
33150  -35.212  -34.190  -11.537 0.6999999881
34197  -34.645  -32.990  -10.361 0.6999999881
28383  -22.588  -39.396  -11.683 0.4000000060
34223  -35.606  -33.634  -12.162 0.6999999881
34211  -34.792  -33.732  -10.787 0.6999999881
35231  -37.495  -33.127  -15.919 0.8000000119
34253  -37.080  -33.346  -15.266 0.8000000119
34231  -35.868  -33.856  -13.153 0.6999999881
34232  -36.162  -33.138  -13.894 0.6999999881
35246  -37.912  -32.248  -16.972 0.8000000119
35247  -38.493  -32.161  -17.608 0.6999999881
36310  -41.153  -31.846  -19.361 0.5000000000
35262  -40.170  -32.394  -18.711 0.5000000000
34288  -43.172  -33.018  -20.255 0.4000000060
38913  -28.556  -28.483  -12.256 0.6000000238
38002  -30.213  -29.672  -11.383 0.8000000119
37988  -30.877  -29.298  -10.495 0.8000000119
37151  -27.720  -29.546  -12.272 0.6999999881
37989  -31.597  -29.912  -9.915 0.8000000119
37130  -26.045  -30.507  -11.148 0.6000000238
38890  -31.627  -28.882  -9.828 0.8000000119
37129  -24.766  -30.201  -11.569 0.6000000238
37116  -32.343  -30.491  -9.564 0.8000000119
37117  -33.037  -30.838  -9.396 0.8000000119
34207  -24.550  -33.252  -11.536 0.6000000238
35180  -34.505  -32.416  -10.070 0.8999999762
37118  -33.822  -30.532  -9.336 0.8000000119
141846  -35.234  -32.914  -10.932 0.8000000119
145034  -34.985  -32.389  -10.517 0.8000000119
31086  -23.971  -35.736  -11.813 0.5000000000
36237  -35.553  -31.347  -12.630 0.8000000119
34212  -35.349  -33.463  -11.397 0.6999999881
30103  -22.678  -36.991  -11.518 0.4000000060
37192  -36.878  -31.039  -16.779 0.8000000119
35230  -36.945  -32.363  -15.527 0.8000000119
36266  -36.500  -31.589  -15.489 0.8000000119
35218  -36.102  -32.212  -14.151 0.8000000119
35202  -35.785  -32.983  -12.902 0.6999999881
36274  -37.387  -31.586  -16.801 0.8000000119
35219  -36.573  -32.764  -14.733 0.8000000119
35209  -35.873  -32.401  -13.472 0.6999999881
36255  -36.389  -31.910  -14.870 0.8000000119
37205  -37.335  -30.937  -17.235 0.8000000119
35260  -38.925  -31.843  -18.112 0.6000000238
36290  -38.489  -31.359  -17.951 0.6000000238
36306  -40.198  -31.235  -18.924 0.5000000000
39873  -28.217  -27.254  -12.231 0.6000000238
142236  -30.251  -28.834  -11.074 0.6999999881
38012  -27.312  -28.650  -12.364 0.6000000238
39848  -31.024  -27.211  -10.472 0.6999999881
38000  -26.611  -29.075  -12.055 0.6000000238
38912  -27.818  -28.060  -12.395 0.6000000238
143099  -25.713  -28.583  -11.788 0.6000000238
37976  -32.336  -29.609  -9.494 0.8000000119
123387  -24.164  -30.854  -11.603 0.6000000238
37140  -25.519  -29.452  -11.660 0.6000000238
38876  -32.177  -28.161  -9.564 0.6999999881
35188  -23.823  -32.462  -11.619 0.5000000000
37977  -33.061  -30.100  -9.318 0.8000000119
139384  -22.922  -33.598  -11.374 0.3000000119
37119  -34.966  -30.163  -9.947 0.8000000119
146129  -34.468  -30.492  -9.623 0.8000000119
36212  -35.393  -31.187  -10.968 0.8000000119
134783  -35.200  -30.682  -10.468 0.8000000119
37163  -35.518  -30.768  -13.206 0.8000000119
130984  -35.667  -32.133  -12.756 0.8000000119
35193  -35.556  -32.726  -11.863 0.6999999881
145522  -35.921  -31.518  -14.358 0.8000000119
36254  -35.984  -31.118  -15.060 0.8000000119
36289  -37.927  -31.493  -17.388 0.6999999881
38077  -38.716  -29.854  -18.449 0.6000000238
37226  -41.953  -30.713  -19.987 0.3000000119
39861  -28.665  -26.438  -11.799 0.6000000238
39862  -29.609  -26.830  -11.482 0.6999999881
39847  -30.346  -27.283  -10.973 0.6999999881
35161  -24.704  -32.091  -9.555 0.5000000000
38911  -27.030  -27.792  -12.277 0.6000000238
39872  -27.573  -27.179  -12.147 0.6000000238
37139  -23.574  -29.981  -11.337 0.5000000000
37998  -24.573  -28.474  -11.448 0.5000000000
38910  -26.360  -27.806  -12.006 0.6000000238
39835  -32.799  -27.451  -9.262 0.6999999881
35171  -22.553  -32.371  -10.947 0.3000000119
134926  -23.281  -31.842  -11.436 0.5000000000
38877  -33.049  -28.477  -9.249 0.8000000119
140233  -35.241  -28.098  -9.490 0.8000000119
37978  -33.683  -29.731  -9.247 0.8000000119
37145  -35.481  -30.441  -11.386 0.8999999762
37990  -35.691  -29.048  -10.688 0.8999999762
37980  -35.258  -29.367  -9.951 0.8000000119
38879  -34.886  -28.794  -9.508 0.8000000119
32106  -22.928  -35.589  -11.479 0.4000000060
37155  -35.504  -30.620  -12.350 0.8999999762
36227  -35.485  -31.230  -11.764 0.8999999762
37133  -35.398  -29.876  -10.619 0.8999999762
37191  -36.237  -30.684  -16.528 0.8000000119
37172  -35.583  -30.788  -14.158 0.8000000119
38068  -36.747  -29.714  -17.529 0.6999999881
143378  -38.247  -30.273  -18.151 0.6000000238
38078  -39.652  -29.674  -19.056 0.6000000238
37224  -40.158  -30.315  -19.191 0.6000000238
40837  -28.601  -25.612  -11.393 0.6000000238
40838  -29.187  -25.572  -11.443 0.6000000238
40825  -30.284  -26.133  -11.027 0.6999999881
39860  -28.095  -26.433  -11.878 0.6000000238
40813  -31.271  -26.256  -10.332 0.6999999881
39859  -26.950  -27.350  -11.464 0.6000000238
40814  -32.144  -26.381  -9.595 0.8000000119
37987  -23.238  -28.939  -10.884 0.6000000238
129109  -23.808  -28.239  -10.918 0.5000000000
39844  -26.038  -27.497  -11.103 0.6000000238
39834  -31.778  -27.256  -9.790 0.6999999881
39836  -33.907  -27.337  -8.994 0.8000000119
36204  -22.658  -31.241  -11.099 0.4000000060
125817  -33.677  -28.077  -9.108 0.6999999881
35187  -22.918  -32.406  -11.299 0.4000000060
38878  -33.937  -28.918  -9.147 0.8000000119
38902  -35.846  -28.748  -11.623 0.8000000119
38880  -35.705  -28.465  -9.950 0.8000000119
123603  -35.455  -30.071  -12.886 0.8999999762
38003  -35.601  -29.565  -11.506 0.8000000119
122893  -35.549  -29.296  -12.497 0.8000000119
38043  -35.051  -29.902  -15.648 0.8000000119
38030  -35.243  -29.907  -14.415 0.8000000119
36244  -35.717  -31.582  -13.542 0.6999999881
37190  -35.415  -30.091  -16.611 0.8000000119
38067  -35.870  -29.555  -17.317 0.8000000119
37181  -35.726  -30.550  -15.793 0.8000000119
38967  -37.392  -28.822  -17.901 0.6999999881
38076  -38.234  -29.147  -18.321 0.6999999881
125257  -37.553  -26.889  -18.228 0.6000000238
39946  -38.339  -27.383  -18.685 0.6000000238
38982  -39.564  -28.123  -19.412 0.6000000238
40835  -27.739  -26.534  -11.301 0.6000000238
41740  -30.530  -24.323  -10.477 0.8000000119
40826  -30.674  -25.310  -10.634 0.6999999881
37110  -26.375  -30.638  -8.661 0.5000000000
39830  -26.351  -27.725  -10.646 0.5000000000
37974  -24.522  -29.185  -9.946 0.5000000000
38888  -25.201  -27.701  -10.835 0.5000000000
136443  -32.499  -25.481  -9.442 0.8000000119
40815  -33.302  -25.630  -8.939 0.8000000119
37109  -24.605  -30.280  -9.636 0.5000000000
122478  -33.080  -26.462  -8.990 0.8000000119
131237  -35.567  -26.612  -9.228 0.8000000119
123199  -34.469  -28.117  -9.194 0.8000000119
39837  -34.964  -27.393  -9.158 0.8000000119
38891  -36.147  -28.184  -10.764 0.8000000119
146954  -36.122  -27.942  -10.122 0.8000000119
38022  -35.350  -29.599  -13.461 0.8000000119
38021  -34.996  -29.147  -14.183 0.8999999762
38054  -35.215  -29.621  -17.052 0.8000000119
126055  -34.682  -29.471  -16.595 0.8000000119
38966  -36.368  -28.909  -17.559 0.6999999881
38975  -38.238  -28.338  -18.435 0.6999999881
39937  -35.954  -28.171  -17.509 0.6999999881
137205  -36.822  -28.158  -17.685 0.6999999881
39938  -36.684  -27.272  -17.706 0.6999999881
39945  -37.506  -27.794  -18.046 0.6999999881
41718  -29.779  -23.888  -10.055 0.8000000119
41738  -28.932  -24.522  -11.039 0.6000000238
42754  -29.795  -24.021  -10.388 0.6000000238
42755  -30.631  -23.368  -10.061 0.8000000119
128800  -29.053  -32.031  -7.211 0.6000000238
132189  -27.940  -30.965  -7.726 0.5000000000
39846  -27.773  -26.506  -10.919 0.6000000238
40810  -28.362  -25.875  -10.690 0.6000000238
129931  -31.165  -23.872  -10.174 0.8000000119
34148  -29.959  -33.952  -6.051 0.6000000238
147423  -29.415  -32.610  -6.955 0.6000000238
36181  -29.244  -31.270  -7.049 0.6000000238
37968  -28.265  -29.326  -8.392 0.5000000000
38874  -27.009  -28.302  -9.828 0.5000000000
136324  -29.743  -33.223  -3.241 0.5000000000
34137  -30.286  -33.403  -4.701 0.5000000000
139140  -30.266  -32.564  -5.617 0.6000000238
133877  -29.584  -31.984  -6.657 0.6000000238
37115  -25.696  -29.801  -9.202 0.5000000000
38866  -27.647  -28.837  -9.013 0.5000000000
41721  -32.931  -24.671  -9.252 0.8000000119
34098  -30.325  -33.009  -4.032 0.5000000000
38873  -25.800  -28.302  -10.088 0.5000000000
35074  -28.116  -32.659  -2.269 0.4000000060
41722  -34.945  -25.792  -8.824 0.6999999881
39849  -36.473  -27.384  -10.376 0.8000000119
39839  -36.393  -26.933  -9.756 0.8000000119
39885  -35.448  -28.007  -13.388 0.8000000119
40827  -36.929  -26.470  -10.271 0.8000000119
39863  -36.505  -27.469  -11.338 0.8000000119
40851  -36.832  -26.735  -11.955 0.8000000119
38964  -33.754  -28.684  -16.950 0.8999999762
38042  -34.400  -29.292  -16.006 0.8999999762
38932  -34.458  -28.678  -14.994 0.8000000119
38919  -35.380  -28.836  -13.325 0.8000000119
38029  -34.691  -29.301  -15.159 1.0000000000
38965  -35.365  -29.057  -17.308 0.8000000119
39936  -34.686  -28.369  -17.255 0.6999999881
131574  -30.365  -25.444  -9.010 0.8000000119
138279  -30.152  -23.476  -10.049 0.8000000119
43795  -31.376  -22.865  -9.387 0.8000000119
36175  -29.847  -31.195  -6.438 0.6000000238
40805  -29.784  -26.245  -9.294 0.6000000238
40811  -29.012  -25.359  -10.301 0.6000000238
42756  -31.486  -23.317  -9.669 0.8000000119
43796  -32.096  -22.700  -9.324 0.8000000119
35129  -30.396  -32.737  -4.892 0.5000000000
35142  -30.101  -31.965  -6.036 0.6000000238
37099  -29.588  -30.377  -6.940 0.6000000238
39823  -28.817  -27.737  -9.299 0.6000000238
42757  -32.455  -23.557  -9.471 0.8000000119
42737  -33.356  -23.771  -9.091 0.6999999881
130188  -30.408  -31.957  -5.285 0.5000000000
147739  -29.762  -28.887  -7.753 0.6000000238
39833  -28.941  -26.631  -9.764 0.6000000238
35075  -28.930  -32.484  -2.236 0.4000000060
35089  -30.217  -32.447  -3.267 0.4000000060
35108  -30.500  -32.048  -4.222 0.4000000060
36163  -30.615  -31.281  -4.897 0.4000000060
41702  -34.001  -25.063  -8.804 0.6999999881
36131  -30.090  -31.981  -2.638 0.4000000060
143729  -30.578  -31.572  -3.216 0.4000000060
143416  -30.728  -29.531  -6.432 0.4000000060
41723  -35.769  -25.736  -9.058 0.6999999881
123221  -30.777  -30.853  -2.786 0.4000000060
37077  -31.489  -30.054  -3.879 0.5000000000
40817  -36.436  -26.227  -9.521 0.6999999881
37033  -29.754  -30.144  -1.600 0.3000000119
37088  -31.402  -29.856  -4.946 0.5000000000
39874  -35.803  -28.301  -12.510 0.8000000119
39875  -36.314  -27.518  -12.222 0.8000000119
40839  -36.892  -26.897  -11.005 0.8000000119
40840  -37.246  -26.208  -11.218 0.8000000119
38956  -33.834  -28.867  -16.625 0.8000000119
38946  -33.947  -28.832  -15.881 1.0000000000
39902  -34.372  -27.854  -14.839 0.8000000119
38933  -34.938  -28.413  -14.093 0.8000000119
40867  -35.616  -27.094  -13.633 0.8000000119
40868  -36.289  -26.865  -12.869 0.8000000119
38945  -33.212  -28.347  -16.344 1.0000000000
129159  -35.469  -26.277  -14.263 0.8000000119
38053  -34.450  -29.134  -17.033 0.8000000119
39901  -33.431  -27.625  -15.558 0.8000000119
40885  -34.959  -26.998  -14.440 0.8000000119
39935  -33.481  -28.119  -17.074 0.8999999762
40918  -34.723  -27.079  -17.331 0.6999999881
145673  -35.562  -26.690  -17.460 0.6999999881
41828  -35.516  -26.033  -17.469 0.6999999881
40919  -36.159  -26.509  -17.575 0.6999999881
40920  -36.959  -26.284  -17.898 0.6999999881
126926  -38.186  -26.585  -18.734 0.6000000238
42845  -36.630  -24.825  -17.886 0.6999999881
130350  -35.107  -25.333  -17.440 0.6999999881
135957  -38.486  -25.910  -19.122 0.6000000238
41830  -37.199  -25.406  -18.184 0.6000000238
41700  -30.165  -24.413  -9.435 0.8000000119
130000  -31.155  -22.900  -9.306 0.8000000119
39819  -30.779  -27.569  -8.046 0.8000000119
40806  -31.174  -25.816  -8.326 0.8000000119
41701  -30.762  -24.567  -8.767 0.8000000119
44764  -31.974  -22.424  -9.160 0.8000000119
37962  -30.528  -29.164  -6.934 0.5000000000
39826  -30.657  -26.597  -8.498 0.8000000119
43797  -32.778  -22.880  -9.227 0.6999999881
36147  -30.741  -31.278  -4.063 0.4000000060
132608  -30.740  -30.562  -5.382 0.5000000000
38862  -30.630  -28.380  -7.542 0.6999999881
38869  -30.071  -27.992  -8.251 0.6999999881
44777  -32.469  -22.405  -9.016 0.6999999881
42738  -34.332  -24.006  -8.694 0.6999999881
36117  -30.250  -31.281  -2.361 0.3000000119
41703  -35.068  -25.002  -8.733 0.6999999881
42758  -35.998  -24.984  -8.890 0.6999999881
37924  -31.752  -29.371  -3.333 0.5000000000
42759  -36.844  -24.919  -9.253 0.6999999881
37911  -30.863  -29.486  -2.158 0.4000000060
38826  -31.876  -28.686  -2.836 0.4000000060
41724  -37.000  -25.701  -9.747 0.6999999881
144697  -36.389  -25.576  -13.677 0.8000000119
42808  -37.251  -24.493  -13.181 0.6999999881
40883  -33.332  -26.764  -15.474 0.8000000119
122953  -36.096  -26.230  -13.609 0.8000000119
38955  -33.186  -28.249  -16.772 0.8999999762
39924  -32.664  -27.755  -16.528 0.8999999762
40897  -32.075  -26.823  -16.067 0.8000000119
39900  -32.535  -27.343  -15.906 0.8000000119
130773  -33.725  -25.122  -15.395 0.8000000119
40916  -32.500  -26.805  -17.097 0.8999999762
40915  -32.088  -26.782  -16.723 0.8000000119
40917  -33.431  -27.093  -17.234 0.8999999762
145143  -33.493  -26.158  -17.320 0.8000000119
126113  -40.489  -28.101  -19.960 0.4000000060
125454  -34.471  -26.098  -17.370 0.8000000119
42843  -34.168  -25.161  -17.410 0.6999999881
131768  -35.858  -25.100  -17.567 0.6999999881
145378  -36.659  -23.300  -18.089 0.5000000000
41692  -31.611  -24.844  -8.133 0.6999999881
42736  -31.222  -23.595  -8.678 0.8000000119
39821  -32.165  -26.807  -7.196 0.6999999881
43777  -32.158  -22.619  -8.549 0.6999999881
37062  -31.023  -30.779  -3.517 0.4000000060
38859  -32.296  -27.888  -6.086 0.6000000238
43787  -33.407  -22.911  -8.759 0.6999999881
43788  -34.578  -23.149  -8.370 0.6999999881
38848  -32.367  -28.508  -4.379 0.5000000000
42739  -35.363  -24.141  -8.574 0.6999999881
135927  -32.340  -27.855  -3.072 0.4000000060
133287  -31.042  -27.094  -2.162 0.3000000119
39781  -31.584  -27.918  -2.395 0.3000000119
39793  -32.765  -27.382  -3.728 0.5000000000
41770  -36.767  -25.994  -12.900 0.6999999881
41741  -37.419  -25.534  -10.546 0.6999999881
42760  -37.444  -24.378  -9.621 0.6999999881
41771  -37.273  -25.271  -12.598 0.6999999881
41754  -37.544  -25.321  -11.578 0.6999999881
41799  -33.065  -26.001  -15.453 0.8000000119
40884  -34.215  -26.869  -15.105 0.8000000119
140104  -34.837  -26.265  -14.782 0.8000000119
41800  -34.225  -25.877  -15.244 0.8000000119
41812  -31.643  -26.356  -16.248 0.8000000119
41827  -32.075  -26.088  -17.003 0.8000000119
41821  -31.682  -26.357  -16.385 0.8000000119
125438  -32.868  -25.704  -17.284 0.8999999762
44847  -32.835  -23.085  -17.493 0.8000000119
42851  -37.524  -24.393  -18.561 0.6000000238
133011  -34.330  -24.065  -17.466 0.6999999881
42844  -35.254  -24.449  -17.507 0.6999999881
45800  -31.764  -21.661  -17.463 0.6999999881
40797  -33.077  -26.341  -6.351 0.6000000238
41688  -33.044  -25.640  -6.767 0.6000000238
41693  -32.379  -25.232  -7.441 0.6999999881
43778  -32.838  -22.890  -7.769 0.6999999881
44757  -32.748  -22.562  -8.370 0.6999999881
44766  -32.932  -22.479  -8.610 0.6999999881
38854  -32.394  -28.232  -5.215 0.5000000000
39817  -32.018  -27.517  -6.949 0.6000000238
143896  -33.274  -22.678  -7.747 0.6999999881
44767  -33.841  -22.694  -8.242 0.6999999881
39818  -32.649  -27.034  -6.386 0.6000000238
39768  -30.655  -27.849  -1.835 0.3000000119
39804  -32.796  -27.654  -4.491 0.5000000000
39810  -32.798  -27.422  -5.425 0.5000000000
41689  -33.417  -24.974  -6.453 0.6000000238
43789  -35.695  -23.408  -8.228 0.6999999881
40772  -32.788  -26.150  -3.446 0.4000000060
39794  -33.132  -26.944  -4.120 0.5000000000
40792  -33.362  -26.089  -5.038 0.6000000238
43808  -37.985  -23.838  -10.104 0.6999999881
42741  -37.012  -24.122  -9.014 0.6999999881
42765  -37.775  -24.648  -10.452 0.6999999881
132537  -31.916  -25.098  -2.564 0.3000000119
43818  -37.912  -23.952  -12.093 0.6999999881
124659  -34.720  -24.884  -15.239 0.8000000119
130117  -35.581  -24.857  -14.734 0.8000000119
42806  -36.036  -24.210  -14.578 0.6999999881
42807  -36.702  -24.350  -13.932 0.6999999881
43831  -37.592  -23.841  -12.864 0.6999999881
132081  -32.709  -25.398  -15.479 0.8000000119
42823  -35.198  -24.000  -15.226 0.8000000119
41820  -31.092  -25.673  -16.125 0.8000000119
41798  -31.974  -26.154  -15.862 0.8000000119
42820  -31.849  -25.183  -15.624 0.8000000119
42840  -30.366  -24.944  -16.625 0.8000000119
44826  -30.061  -22.850  -15.512 0.8000000119
43857  -32.067  -23.549  -15.447 0.8000000119
127653  -31.868  -22.234  -15.458 0.8000000119
45776  -31.888  -21.459  -15.461 0.8000000119
43889  -36.693  -24.001  -18.025 0.6000000238
44850  -35.318  -22.757  -17.631 0.6999999881
122506  -32.264  -22.455  -17.506 0.8000000119
44848  -33.706  -22.684  -17.514 0.6000000238
46768  -31.001  -21.068  -17.288 0.6999999881
46769  -31.905  -20.811  -17.453 0.6000000238
45801  -33.719  -21.793  -17.531 0.6000000238
41694  -32.943  -24.749  -7.134 0.6000000238
40798  -33.453  -25.873  -5.954 0.6000000238
44758  -33.417  -22.525  -8.077 0.6999999881
42706  -33.642  -24.091  -6.104 0.6000000238
44759  -34.372  -22.596  -7.722 0.6999999881
44768  -34.954  -22.730  -7.997 0.6999999881
41677  -33.054  -25.403  -3.626 0.4000000060
134423  -33.239  -26.005  -3.868 0.4000000060
44747  -33.930  -22.668  -7.330 0.6999999881
41685  -33.463  -25.055  -5.249 0.5000000000
42701  -33.509  -23.950  -4.831 0.5000000000
43790  -36.804  -23.497  -8.453 0.6999999881
41676  -32.453  -25.364  -2.921 0.3000000119
42689  -32.746  -24.551  -3.266 0.3000000119
42791  -37.627  -24.567  -12.292 0.6999999881
43791  -37.598  -23.529  -9.260 0.6999999881
42688  -32.172  -24.518  -2.634 0.3000000119
43734  -32.381  -23.619  -2.742 0.3000000119
43809  -38.412  -23.338  -10.667 0.6999999881
43798  -38.249  -23.076  -9.865 0.6999999881
43819  -38.281  -23.556  -11.477 0.6999999881
44792  -38.663  -22.509  -10.574 0.6999999881
42822  -34.129  -24.213  -15.410 0.8000000119
44817  -36.877  -22.921  -14.163 0.6999999881
43845  -37.109  -23.711  -13.701 0.6999999881
44803  -38.650  -22.344  -11.378 0.6999999881
44818  -37.510  -23.051  -13.374 0.6999999881
145242  -38.090  -21.763  -12.755 0.6999999881
145814  -31.492  -24.682  -15.599 0.8000000119
42821  -32.994  -24.588  -15.419 0.8000000119
43844  -36.481  -23.608  -14.356 0.6999999881
44811  -37.959  -22.374  -12.851 0.6999999881
45768  -37.721  -21.611  -13.312 0.6999999881
41811  -31.203  -25.805  -16.026 0.8000000119
130166  -32.151  -24.264  -15.471 0.8000000119
43858  -33.169  -23.577  -15.453 0.8000000119
43859  -34.430  -23.302  -15.433 0.8000000119
43860  -35.312  -23.078  -15.260 0.8000000119
44816  -36.400  -22.027  -14.542 0.8000000119
144013  -37.605  -20.979  -13.401 0.6999999881
42818  -30.023  -24.916  -15.926 0.8000000119
44828  -32.493  -22.795  -15.467 0.8000000119
45778  -33.712  -21.706  -15.503 0.8000000119
45780  -35.607  -21.541  -14.981 0.8000000119
42837  -30.232  -25.337  -16.170 0.8000000119
43866  -29.501  -23.706  -16.091 0.8000000119
44827  -31.232  -23.060  -15.445 0.8000000119
127674  -32.764  -21.958  -15.505 0.8000000119
46744  -34.438  -20.519  -15.278 0.8000000119
43880  -30.522  -24.392  -16.959 0.8000000119
142398  -29.763  -22.073  -15.501 0.8000000119
46742  -31.947  -20.706  -15.434 0.8000000119
45777  -32.883  -21.046  -15.492 0.8000000119
47791  -34.013  -19.628  -15.082 0.8000000119
44844  -29.392  -22.749  -16.384 0.8000000119
127660  -31.535  -20.055  -15.392 0.8000000119
44845  -30.045  -23.026  -16.979 0.8000000119
45804  -35.811  -21.988  -17.868 0.5000000000
44849  -34.489  -22.293  -17.552 0.6000000238
45798  -29.231  -21.847  -16.443 0.8000000119
46767  -30.031  -21.389  -16.995 0.8000000119
122257  -35.131  -21.923  -17.618 0.6000000238
45802  -34.551  -21.488  -17.562 0.6000000238
46770  -32.756  -20.726  -17.493 0.6000000238
46771  -33.387  -21.132  -17.516 0.6000000238
42719  -33.323  -23.941  -7.118 0.6999999881
44760  -35.463  -22.604  -7.365 0.6999999881
43757  -33.804  -23.210  -5.603 0.5000000000
44748  -34.812  -22.562  -6.655 0.6999999881
43748  -33.152  -23.754  -3.614 0.4000000060
43749  -33.585  -23.111  -4.289 0.5000000000
43779  -36.127  -22.966  -7.846 0.6999999881
128890  -37.459  -23.047  -8.652 0.6999999881
44708  -32.190  -22.186  -2.684 0.3000000119
45684  -33.284  -21.931  -3.450 0.3000000119
44724  -33.692  -22.365  -3.886 0.5000000000
123966  -37.378  -22.295  -7.686 0.6999999881
44778  -38.026  -22.779  -9.092 0.6999999881
43733  -31.368  -23.196  -2.570 0.3000000119
46649  -33.287  -21.266  -3.424 0.3000000119
140220  -32.617  -20.820  -3.285 0.3000000119
45756  -39.011  -21.166  -10.244 0.6999999881
43843  -36.056  -22.902  -14.720 0.8000000119
135271  -37.320  -22.207  -13.806 0.6999999881
45763  -38.447  -21.873  -12.089 0.6999999881
45767  -37.074  -21.251  -14.010 0.6999999881
46728  -37.681  -20.359  -13.030 0.6999999881
43856  -31.108  -24.214  -15.589 0.8000000119
131778  -33.671  -22.544  -15.487 0.8000000119
43855  -30.162  -23.849  -15.686 0.8000000119
46733  -36.613  -20.388  -14.070 0.8000000119
43854  -29.527  -23.440  -15.840 0.8000000119
131048  -33.874  -21.034  -15.476 0.8000000119
47792  -35.009  -19.826  -14.748 0.8000000119
44825  -29.301  -22.504  -15.743 0.8000000119
44840  -29.251  -23.146  -16.006 0.8000000119
127507  -30.821  -21.996  -15.427 0.8000000119
127668  -32.499  -20.143  -15.376 0.8000000119
123822  -32.860  -18.908  -15.160 0.8000000119
127708  -34.418  -18.974  -14.529 0.8000000119
45794  -28.860  -22.241  -15.981 0.8000000119
45787  -28.723  -22.011  -15.928 0.8000000119
46741  -30.931  -20.879  -15.427 0.8000000119
47788  -31.063  -19.396  -15.409 0.8000000119
48876  -33.956  -18.305  -14.728 0.8000000119
126343  -30.328  -20.452  -17.029 0.8000000119
43758  -34.110  -22.810  -6.215 0.6000000238
44739  -33.996  -22.650  -4.967 0.5000000000
142012  -35.349  -22.233  -5.971 0.6999999881
44749  -35.810  -22.254  -6.626 0.6999999881
44761  -36.578  -22.435  -7.264 0.6999999881
44726  -34.945  -21.710  -4.683 0.6000000238
44741  -36.022  -21.771  -5.838 0.6999999881
44750  -36.549  -21.935  -6.550 0.6999999881
123480  -37.320  -21.763  -6.974 0.6999999881
45714  -36.872  -21.451  -6.063 0.6999999881
45673  -31.608  -21.617  -2.815 0.3000000119
47676  -34.460  -19.644  -3.796 0.3000000119
45732  -38.005  -21.739  -7.931 0.6999999881
47707  -31.174  -18.701  -4.745 0.3000000119
48762  -32.072  -18.550  -4.316 0.3000000119
143147  -32.707  -19.271  -3.663 0.3000000119
48764  -33.764  -18.560  -4.178 0.3000000119
139779  -30.907  -18.348  -5.504 0.3000000119
128566  -38.861  -21.646  -11.077 0.6999999881
126740  -38.585  -21.093  -11.835 0.6999999881
127942  -36.998  -19.753  -13.412 0.8000000119
144585  -35.582  -19.648  -14.302 0.8000000119
135260  -35.323  -18.977  -14.052 0.8000000119
45774  -29.107  -21.560  -15.578 0.8000000119
46740  -29.716  -20.595  -15.383 0.8000000119
47786  -29.097  -19.810  -15.370 0.8000000119
47787  -30.085  -19.593  -15.391 0.8000000119
48873  -31.432  -18.682  -15.372 0.8000000119
48874  -32.301  -18.512  -15.279 0.8000000119
48875  -33.137  -18.355  -15.104 0.8000000119
46766  -28.131  -20.772  -16.295 0.8000000119
48872  -30.471  -18.794  -15.408 0.8000000119
45797  -29.180  -20.816  -16.593 0.8000000119
47825  -29.623  -19.768  -16.789 0.6999999881
47826  -30.662  -19.585  -17.044 0.6000000238
44740  -34.645  -22.343  -5.429 0.6000000238
45702  -36.376  -21.093  -5.395 0.6000000238
47691  -34.155  -20.275  -3.606 0.4000000060
46664  -36.643  -20.378  -5.262 0.6000000238
128168  -36.223  -19.796  -4.697 0.4000000060
46692  -38.021  -21.038  -7.177 0.6999999881
45723  -38.404  -20.986  -7.918 0.6999999881
44770  -38.311  -22.070  -8.839 0.6999999881
48765  -34.831  -17.842  -4.559 0.3000000119
47708  -36.972  -19.511  -5.337 0.4000000060
46678  -38.019  -20.167  -6.566 0.6000000238
46706  -38.757  -20.365  -8.444 0.6999999881
45743  -38.726  -21.589  -9.493 0.6999999881
46725  -38.840  -20.572  -11.072 0.6999999881
122499  -39.016  -19.949  -9.559 0.6999999881
47771  -38.507  -19.702  -11.379 0.6999999881
45766  -36.157  -21.030  -14.566 0.8000000119
46745  -35.317  -20.773  -15.007 0.8000000119
47778  -36.128  -19.535  -13.909 0.8000000119
124409  -33.578  -18.928  -14.911 0.8000000119
48878  -35.621  -18.045  -13.755 0.8000000119
47789  -32.116  -19.296  -15.297 0.8000000119
123114  -33.451  -17.685  -15.107 0.8000000119
47784  -27.965  -19.597  -15.672 0.8000000119
48871  -29.484  -18.947  -15.399 0.8000000119
138761  -30.843  -18.059  -15.390 0.8000000119
143456  -31.695  -18.072  -15.361 0.8000000119
127118  -29.821  -18.150  -15.414 0.8000000119
140920  -32.158  -20.080  -17.444 0.6000000238
139284  -28.497  -19.980  -16.535 0.8000000119
48909  -30.296  -18.120  -16.992 0.6000000238
135196  -28.832  -19.041  -16.636 0.6999999881
48908  -29.148  -18.076  -16.689 0.6999999881
45701  -35.651  -21.367  -4.984 0.6000000238
45703  -37.012  -20.910  -5.724 0.6000000238
47692  -35.642  -19.370  -4.389 0.3000000119
45715  -37.471  -20.972  -6.377 0.6000000238
141465  -35.119  -18.373  -4.429 0.3000000119
47693  -36.298  -19.003  -4.726 0.3000000119
47709  -37.648  -19.640  -5.952 0.5000000000
48782  -36.884  -18.488  -5.294 0.3000000119
48783  -37.604  -18.940  -5.767 0.5000000000
47739  -38.668  -19.589  -7.909 0.6999999881
50766  -33.680  -16.875  -5.621 0.3000000119
49799  -35.195  -17.223  -5.030 0.3000000119
48821  -38.566  -18.313  -7.467 0.4000000060
47755  -38.870  -19.548  -8.826 0.6999999881
50786  -33.062  -16.578  -6.341 0.3000000119
47762  -38.766  -19.150  -9.636 0.6000000238
129357  -38.390  -18.887  -11.128 0.6000000238
48855  -38.564  -18.635  -10.337 0.6000000238
47774  -37.577  -19.526  -12.654 0.8000000119
47775  -38.028  -19.200  -11.913 0.6999999881
48858  -38.360  -18.167  -10.925 0.6000000238
48860  -37.435  -18.626  -12.442 0.6999999881
48861  -37.949  -18.174  -11.699 0.6999999881
48864  -35.920  -18.770  -13.593 0.8000000119
47779  -36.479  -18.961  -13.297 0.8000000119
48866  -36.834  -18.222  -13.005 0.6999999881
49893  -37.474  -17.764  -12.530 0.6999999881
49894  -38.096  -17.280  -12.065 0.6999999881
48877  -34.793  -18.210  -14.301 0.8000000119
48865  -36.243  -18.320  -13.382 0.8000000119
50862  -36.782  -16.874  -13.878 0.6999999881
49897  -37.144  -17.345  -13.267 0.6999999881
49905  -34.309  -17.562  -14.784 0.8000000119
49906  -35.154  -17.393  -14.422 0.8000000119
50875  -36.355  -16.361  -14.448 0.6999999881
50863  -37.567  -16.575  -13.658 0.6999999881
46739  -28.652  -20.666  -15.486 0.8000000119
48870  -28.517  -19.063  -15.484 0.8000000119
50873  -34.666  -16.769  -15.030 0.8000000119
49903  -31.363  -17.346  -15.391 0.8000000119
123541  -33.725  -16.860  -15.259 0.8000000119
46754  -27.843  -20.917  -15.896 0.8000000119
147412  -28.420  -18.445  -15.607 0.8000000119
145668  -30.751  -16.885  -15.430 0.8000000119
50871  -32.214  -16.856  -15.399 0.8000000119
47817  -27.814  -19.619  -16.147 0.8000000119
48881  -28.088  -18.545  -15.761 0.8000000119
49911  -28.090  -17.698  -15.996 0.6999999881
130240  -30.984  -18.777  -17.131 0.6000000238
48910  -31.192  -17.970  -17.255 0.6000000238
48906  -27.938  -18.905  -16.221 0.8000000119
49931  -28.389  -17.600  -16.435 0.6999999881
50889  -28.329  -16.910  -16.405 0.6999999881
47723  -38.098  -19.264  -6.385 0.5000000000
47724  -38.460  -19.528  -7.071 0.5000000000
49800  -35.636  -17.867  -4.728 0.3000000119
147863  -37.546  -18.243  -5.762 0.4000000060
48802  -38.440  -18.773  -6.865 0.5000000000
49814  -36.005  -17.159  -5.217 0.3000000119
130619  -38.656  -18.756  -8.242 0.5000000000
136195  -38.696  -18.788  -9.039 0.6000000238
50768  -35.593  -16.478  -5.605 0.3000000119
133123  -37.376  -17.095  -5.836 0.3000000119
48839  -38.595  -18.114  -8.871 0.6000000238
48848  -38.597  -18.339  -9.611 0.6000000238
50808  -33.278  -16.028  -6.959 0.3000000119
50788  -35.573  -15.707  -6.280 0.3000000119
50790  -38.442  -16.640  -7.118 0.3000000119
124911  -34.853  -15.495  -6.638 0.3000000119
49885  -38.540  -17.700  -10.274 0.6000000238
50807  -32.735  -15.748  -7.712 0.3000000119
49890  -38.370  -17.477  -11.210 0.6999999881
50857  -37.817  -16.954  -12.891 0.6999999881
51873  -34.191  -16.113  -15.391 0.8000000119
51875  -35.889  -15.753  -15.019 0.6999999881
51874  -34.992  -15.877  -15.318 0.6999999881
50872  -32.923  -16.447  -15.462 0.8000000119
51886  -33.814  -15.369  -15.570 0.6999999881
49902  -30.124  -17.293  -15.441 0.8000000119
50870  -31.287  -16.430  -15.461 0.8000000119
52855  -32.945  -15.633  -15.568 0.6000000238
131420  -32.166  -17.001  -17.448 0.6000000238
50867  -28.302  -17.127  -15.919 0.6999999881
50883  -28.359  -16.268  -16.121 0.6999999881
125882  -28.908  -15.802  -15.783 0.6999999881
49932  -28.883  -17.179  -16.664 0.6999999881
49933  -29.702  -16.762  -16.990 0.6999999881
50882  -28.253  -16.934  -16.225 0.6999999881
57205  -30.069  -10.580  -17.609 0.5000000000
57204  -29.533  -10.279  -17.974 0.5000000000
49877  -38.573  -17.653  -9.444 0.6000000238
50836  -38.725  -16.881  -9.659 0.6000000238
50847  -38.728  -16.806  -10.691 0.6000000238
50859  -38.807  -16.079  -12.034 0.6999999881
50864  -38.243  -16.244  -13.333 0.6999999881
51820  -31.427  -15.534  -9.018 0.3000000119
50876  -37.209  -16.137  -14.251 0.6999999881
50858  -38.400  -16.520  -12.486 0.6999999881
51864  -37.980  -15.854  -14.000 0.6999999881
52854  -32.166  -15.079  -15.655 0.6999999881
51888  -35.481  -15.186  -15.390 0.6999999881
52872  -36.267  -14.845  -15.199 0.6000000238
144512  -34.421  -15.591  -15.483 0.6999999881
49901  -29.014  -17.544  -15.554 0.6999999881
50869  -30.076  -16.364  -15.515 0.6999999881
51872  -31.404  -15.605  -15.560 0.6999999881
52868  -32.460  -14.232  -15.808 0.6000000238
139611  -29.855  -15.628  -15.601 0.6999999881
132327  -31.139  -17.035  -17.364 0.6000000238
51896  -28.405  -14.800  -16.878 0.6999999881
52884  -28.537  -14.029  -16.933 0.6999999881
53990  -28.789  -13.559  -17.048 0.6999999881
49867  -38.599  -17.290  -8.718 0.5000000000
123321  -38.780  -15.942  -8.468 0.4000000060
51835  -39.041  -16.045  -9.334 0.5000000000
50837  -39.206  -16.091  -10.224 0.6000000238
51836  -39.401  -15.342  -9.836 0.5000000000
51860  -39.182  -15.496  -12.027 0.6000000238
51833  -31.267  -15.014  -9.442 0.3000000119
51834  -31.961  -14.934  -9.191 0.3000000119
143567  -38.470  -15.588  -13.580 0.6999999881
51877  -37.517  -15.361  -14.436 0.6000000238
52858  -38.355  -14.999  -14.123 0.6000000238
132233  -37.002  -14.895  -14.764 0.6000000238
122752  -33.894  -14.404  -15.694 0.6000000238
51871  -30.515  -15.223  -15.626 0.6999999881
52869  -33.082  -14.767  -15.689 0.6000000238
52870  -34.666  -13.940  -15.666 0.6000000238
52853  -31.635  -14.346  -15.805 0.6999999881
137776  -32.003  -13.806  -15.963 0.6000000238
123450  -28.931  -13.710  -16.571 0.6999999881
141292  -28.656  -14.319  -17.129 0.6999999881
50900  -30.373  -15.917  -17.344 0.6000000238
52897  -31.353  -14.404  -17.717 0.5000000000
52896  -29.818  -14.310  -17.500 0.6000000238
129437  -30.489  -15.024  -17.493 0.6000000238
52910  -30.548  -13.553  -17.755 0.5000000000
53956  -29.273  -12.997  -16.703 0.6000000238
52909  -29.341  -13.575  -17.386 0.5000000000
53979  -28.834  -13.363  -16.980 0.5000000000
55022  -29.636  -12.205  -17.539 0.5000000000
56111  -29.646  -11.327  -18.213 0.5000000000
57216  -29.363  -10.534  -18.109 0.5000000000
58334  -29.492  -9.749  -18.428 0.5000000000
51824  -39.090  -15.263  -8.987 0.4000000060
52811  -39.305  -14.571  -9.501 0.4000000060
143972  -37.152  -13.928  -7.443 0.4000000060
51846  -39.455  -15.321  -10.694 0.6000000238
52809  -32.353  -14.296  -9.341 0.3000000119
52810  -33.047  -14.001  -9.115 0.3000000119
52797  -34.470  -13.773  -8.318 0.3000000119
51865  -38.894  -15.028  -13.322 0.6000000238
54931  -32.359  -12.528  -10.055 0.3000000119
53945  -38.317  -14.014  -14.284 0.6000000238
53943  -36.801  -13.249  -15.001 0.5000000000
52857  -37.641  -14.525  -14.568 0.6000000238
53961  -33.936  -13.491  -15.836 0.6000000238
53960  -33.200  -13.919  -15.833 0.6000000238
53963  -36.178  -13.836  -15.347 0.6000000238
53959  -32.587  -13.542  -16.013 0.6000000238
55005  -33.939  -12.608  -16.011 0.6000000238
53942  -30.449  -14.374  -15.830 0.6999999881
54985  -32.586  -12.926  -16.193 0.6000000238
54983  -30.134  -12.644  -16.479 0.6999999881
135361  -29.570  -11.969  -17.131 0.5000000000
125195  -29.571  -12.069  -17.284 0.5000000000
141129  -29.762  -9.932  -17.982 0.5000000000
52783  -38.282  -14.439  -7.878 0.4000000060
52801  -38.794  -14.469  -8.696 0.4000000060
54908  -38.071  -12.910  -8.659 0.4000000060
133871  -39.580  -14.020  -10.615 0.4000000060
52835  -39.582  -14.529  -11.178 0.4000000060
52840  -39.470  -14.810  -12.010 0.5000000000
53901  -33.251  -13.267  -9.398 0.3000000119
143769  -34.133  -12.325  -9.406 0.3000000119
53890  -34.640  -13.111  -8.777 0.4000000060
52847  -39.299  -14.348  -12.761 0.4000000060
55995  -33.602  -11.730  -9.665 0.3000000119
54905  -35.581  -12.629  -8.676 0.4000000060
54969  -38.213  -13.121  -14.319 0.5000000000
52846  -38.855  -14.254  -13.621 0.6000000238
53944  -37.553  -13.617  -14.644 0.5000000000
54989  -36.101  -12.888  -15.353 0.5000000000
133196  -34.663  -12.999  -15.753 0.6000000238
54967  -36.741  -12.377  -14.974 0.5000000000
54986  -33.232  -13.124  -16.040 0.6000000238
56095  -33.980  -11.718  -16.149 0.6000000238
131987  -31.627  -11.779  -16.626 0.6000000238
56093  -32.411  -11.601  -16.565 0.6000000238
56092  -30.871  -11.575  -16.824 0.5000000000
54982  -29.536  -12.430  -16.802 0.5000000000
130451  -30.791  -11.020  -17.197 0.5000000000
58324  -30.611  -9.851  -17.757 0.5000000000
59354  -31.050  -8.628  -18.347 0.5000000000
60352  -29.928  -8.391  -18.853 0.5000000000
53893  -38.341  -13.668  -8.472 0.4000000060
128340  -39.448  -13.911  -9.968 0.4000000060
136911  -39.498  -13.465  -10.458 0.4000000060
53915  -39.602  -13.564  -11.200 0.4000000060
53904  -39.137  -13.025  -9.830 0.4000000060
133961  -39.557  -12.754  -11.501 0.4000000060
53934  -39.423  -13.482  -12.533 0.4000000060
142323  -38.671  -12.685  -13.832 0.4000000060
53938  -39.167  -13.667  -13.176 0.5000000000
141337  -32.776  -11.032  -10.171 0.3000000119
138118  -37.345  -12.020  -14.632 0.4000000060
54966  -36.078  -11.977  -15.301 0.5000000000
57184  -37.296  -10.870  -14.575 0.4000000060
54987  -34.663  -12.091  -15.789 0.6000000238
56078  -35.365  -11.589  -15.535 0.5000000000
56062  -36.815  -11.481  -14.858 0.5000000000
55004  -33.081  -12.248  -16.286 0.6000000238
56077  -34.700  -11.213  -15.826 0.5000000000
57192  -35.376  -10.743  -15.544 0.5000000000
57206  -31.713  -11.059  -16.949 0.5000000000
57208  -33.435  -10.422  -16.523 0.6000000238
57209  -34.071  -10.833  -16.214 0.6000000238
57207  -32.657  -10.771  -16.744 0.6000000238
141498  -31.496  -9.797  -17.539 0.5000000000
58336  -31.237  -9.267  -17.873 0.5000000000
60369  -30.210  -7.765  -19.393 0.5000000000
58325  -32.167  -10.145  -17.195 0.5000000000
59290  -30.938  -8.709  -11.520 0.3000000119
59275  -32.938  -8.806  -10.600 0.4000000060
59293  -33.132  -7.986  -10.788 0.4000000060
58328  -34.133  -9.983  -16.261 0.5000000000
59301  -31.298  -7.964  -11.621 0.4000000060
58327  -33.503  -9.620  -16.614 0.5000000000
131911  -35.420  -9.079  -15.648 0.5000000000
59320  -35.998  -8.699  -15.477 0.5000000000
59338  -33.507  -8.785  -16.823 0.5000000000
59329  -34.865  -8.659  -16.122 0.5000000000
58337  -32.086  -9.328  -17.506 0.5000000000
59337  -32.689  -8.553  -17.456 0.6000000238
61399  -31.362  -6.541  -19.254 0.5000000000
132136  -31.938  -8.128  -18.134 0.6000000238
61385  -31.948  -7.216  -18.546 0.5000000000
137066  -31.721  -5.908  -19.320 0.4000000060
60296  -32.534  -7.487  -11.325 0.4000000060
59277  -34.561  -8.233  -10.021 0.4000000060
60340  -34.293  -7.513  -16.776 0.5000000000
60339  -33.607  -7.828  -17.154 0.5000000000
139987  -34.041  -7.021  -17.162 0.5000000000
60354  -32.778  -7.597  -17.761 0.5000000000
62408  -32.434  -5.529  -18.916 0.4000000060
61386  -32.931  -6.774  -18.025 0.5000000000
61400  -32.297  -6.328  -18.676 0.5000000000
61320  -34.198  -6.826  -10.623 0.4000000060
61344  -31.632  -6.589  -11.968 0.4000000060
59339  -34.237  -8.258  -16.577 0.5000000000
60323  -36.345  -7.958  -15.538 0.4000000060
60355  -33.437  -7.111  -17.515 0.4000000060
61387  -33.726  -6.369  -17.546 0.4000000060
62401  -33.129  -5.960  -18.220 0.5000000000
63374  -33.244  -5.141  -18.458 0.3000000119
60336  -35.770  -7.439  -16.032 0.4000000060
127196  -33.812  -5.523  -17.770 0.5000000000
63375  -33.953  -4.749  -18.026 0.4000000060
63376  -34.597  -4.409  -17.689 0.4000000060
139392  -34.922  -5.479  -17.084 0.4000000060
65291  -33.542  -2.224  -19.911 0.4000000060
63368  -34.489  -5.130  -17.485 0.4000000060
64327  -34.741  -3.703  -17.838 0.4000000060
63369  -35.889  -4.828  -16.759 0.4000000060
65272  -35.009  -2.940  -17.852 0.4000000060
64339  -34.334  -2.954  -18.611 0.4000000060
65293  -34.809  -1.475  -18.505 0.4000000060
65292  -34.281  -1.836  -19.234 0.4000000060
146586  -35.238  -4.698  -17.213 0.4000000060
146815  -35.009  -4.153  -17.517 0.3000000119
64328  -35.418  -3.725  -17.404 0.4000000060
140389  -36.572  -4.377  -16.590 0.4000000060
64310  -36.241  -3.408  -16.976 0.3000000119
65273  -35.680  -2.783  -17.460 0.4000000060
135067  -35.235  -2.109  -17.879 0.4000000060
135270  -35.869  -4.214  -16.956 0.3000000119
142911  -36.262  -2.518  -17.190 0.4000000060
134638  -35.873  -1.904  -17.517 0.5000000000
65255  -36.812  -2.673  -16.792 0.4000000060
30157  -34.367  -37.378  -15.490 0.6999999881
34210  -30.671  -33.465  -12.549 0.6999999881
32109  -25.678  -35.799  -11.232 0.6000000238
37154  -29.670  -31.055  -12.608 0.6999999881
138990  -32.277  -32.284  -10.166 0.8000000119
37132  -31.649  -30.861  -10.129 0.8000000119
38013  -28.168  -29.147  -12.450 0.6000000238
38900  -29.073  -27.664  -11.825 0.6000000238
38901  -29.945  -27.974  -11.299 0.6999999881
37979  -34.454  -29.720  -9.468 0.8000000119
36205  -23.144  -31.154  -10.732 0.4000000060
42764  -29.799  -24.097  -10.516 0.6000000238
37966  -26.838  -29.948  -8.559 0.5000000000
40816  -34.251  -26.346  -8.868 0.8000000119
39838  -35.868  -27.590  -9.698 0.8000000119
41720  -31.974  -24.318  -9.705 0.8000000119
35088  -29.577  -32.565  -2.617 0.4000000060
39825  -30.207  -27.217  -8.608 0.6000000238
36176  -30.338  -31.226  -5.745 0.5000000000
38858  -31.212  -28.606  -6.771 0.6000000238
44765  -32.265  -22.337  -8.936 0.6999999881
141689  -35.876  -25.575  -14.228 0.6999999881
43766  -33.681  -23.098  -6.903 0.6999999881
46743  -33.466  -20.300  -15.373 0.8000000119
46729  -38.268  -20.224  -12.127 0.6999999881
47768  -38.767  -19.616  -10.458 0.6999999881
45687  -35.151  -21.048  -4.319 0.6000000238
48801  -38.034  -18.477  -6.259 0.5000000000
50809  -38.685  -16.717  -7.990 0.4000000060
52856  -36.896  -14.148  -14.945 0.6000000238
53894  -38.981  -13.794  -9.256 0.4000000060
60353  -30.949  -7.859  -18.756 0.5000000000
135232  -39.478  -12.854  -10.707 0.4000000060
61382  -34.641  -6.912  -16.744 0.4000000060
28452  -36.884  -39.697  -17.405 0.5000000000
27613  -31.883  -40.466  -15.798 0.6999999881
134916  -38.724  -38.061  -17.796 0.5000000000
30094  -27.159  -37.514  -10.440 0.5000000000
32120  -30.417  -35.245  -13.213 0.6999999881
32111  -31.806  -35.110  -12.321 0.6999999881
31125  -34.399  -36.828  -14.416 0.6999999881
31110  -34.363  -36.553  -13.589 0.6999999881
33171  -36.226  -34.178  -14.018 0.6999999881
31111  -35.089  -36.287  -14.005 0.6999999881
32175  -38.626  -35.131  -17.028 0.6999999881
33219  -40.244  -34.085  -18.469 0.5000000000
35261  -39.479  -31.867  -18.445 0.5000000000
130637  -27.110  -32.871  -10.082 0.6000000238
33148  -33.608  -34.762  -11.064 0.6999999881
34262  -38.309  -33.725  -16.836 0.6999999881
34178  -27.929  -33.125  -9.703 0.6000000238
35192  -30.757  -32.800  -12.218 0.8000000119
33135  -33.240  -34.214  -10.727 0.6999999881
34287  -41.778  -33.181  -19.566 0.4000000060
36206  -25.186  -31.257  -11.329 0.6000000238
36273  -36.833  -31.509  -16.172 0.8000000119
33142  -23.347  -34.240  -11.543 0.5000000000
36211  -34.926  -31.597  -10.241 0.8000000119
38889  -30.778  -28.222  -10.551 0.6999999881
123611  -24.236  -29.308  -11.534 0.6000000238
126444  -33.106  -29.299  -9.289 0.8000000119
147573  -35.535  -31.871  -12.045 0.8000000119
37206  -37.942  -30.698  -17.798 0.6999999881
37216  -39.400  -30.503  -18.689 0.6000000238
141006  -31.469  -27.954  -10.034 0.6999999881
39843  -25.174  -27.651  -11.150 0.6000000238
135618  -35.424  -30.236  -13.621 0.8999999762
134746  -35.493  -30.439  -14.994 0.8000000119
38084  -40.796  -29.584  -19.716 0.4000000060
35160  -23.475  -31.990  -10.234 0.3000000119
37997  -23.583  -28.870  -11.220 0.5000000000
37127  -23.182  -29.343  -11.026 0.5000000000
36220  -22.448  -31.537  -11.095 0.5000000000
35172  -22.535  -31.989  -10.929 0.4000000060
123412  -35.509  -29.985  -12.144 0.8999999762
41752  -28.951  -24.624  -11.120 0.6000000238
41737  -28.648  -25.077  -11.075 0.6000000238
41739  -29.655  -24.715  -11.004 0.6000000238
41719  -31.490  -25.122  -10.130 0.8000000119
39845  -27.136  -27.252  -11.006 0.5000000000
37128  -23.038  -30.103  -11.091 0.4000000060
37114  -23.730  -29.564  -10.438 0.5000000000
38872  -24.534  -28.353  -10.496 0.5000000000
38903  -36.189  -28.063  -11.702 0.8000000119
40926  -37.719  -26.050  -18.463 0.6000000238
40927  -38.853  -26.626  -19.249 0.4000000060
40824  -28.627  -24.948  -10.969 0.6000000238
36186  -26.827  -31.421  -8.429 0.5000000000
39831  -27.437  -27.528  -10.443 0.5000000000
128316  -25.377  -28.899  -9.697 0.5000000000
41717  -29.252  -24.417  -10.690 0.6000000238
36180  -28.581  -31.425  -7.427 0.5000000000
37104  -27.887  -30.116  -8.047 0.6000000238
37103  -27.239  -30.734  -8.236 0.5000000000
37105  -28.679  -30.613  -7.456 0.6000000238
39832  -28.259  -27.115  -10.167 0.5000000000
34136  -30.248  -33.274  -5.450 0.6000000238
35128  -29.908  -32.829  -6.269 0.6000000238
37967  -27.425  -29.498  -8.593 0.5000000000
38867  -28.541  -28.574  -8.825 0.6000000238
37969  -28.987  -28.995  -8.248 0.6000000238
37975  -26.539  -29.092  -9.207 0.5000000000
38875  -28.028  -28.089  -9.618 0.5000000000
36116  -29.451  -31.812  -2.044 0.4000000060
140408  -36.440  -25.556  -9.290 0.6999999881
39903  -35.067  -27.713  -14.050 0.8000000119
38931  -33.625  -28.305  -15.718 0.8999999762
37100  -30.321  -30.530  -6.218 0.5000000000
37956  -29.846  -29.605  -7.182 0.6000000238
37961  -28.976  -29.707  -7.673 0.6000000238
38868  -29.318  -28.293  -8.544 0.6000000238
37076  -31.009  -30.649  -4.461 0.4000000060
37958  -31.128  -29.213  -6.270 0.5000000000
143312  -31.450  -29.333  -5.621 0.5000000000
37049  -31.247  -30.105  -2.868 0.4000000060
37940  -31.929  -29.280  -4.201 0.5000000000
38853  -31.931  -29.003  -5.039 0.5000000000
39913  -32.895  -28.051  -15.984 0.8000000119
140820  -36.082  -24.395  -17.685 0.6999999881
43776  -31.586  -22.822  -8.724 0.6999999881
39820  -31.477  -26.952  -7.760 0.6999999881
40801  -31.892  -26.024  -7.645 0.6999999881
38863  -31.352  -27.908  -7.329 0.6000000238
42740  -36.311  -24.205  -8.698 0.6999999881
37925  -32.231  -28.660  -3.574 0.5000000000
41725  -37.363  -25.095  -9.863 0.6999999881
38825  -31.187  -28.696  -2.239 0.4000000060
42842  -33.289  -24.604  -17.408 0.8000000119
40802  -32.581  -26.240  -7.016 0.6000000238
42718  -32.176  -23.655  -7.896 0.6999999881
141804  -31.772  -28.158  -6.615 0.6000000238
129160  -31.773  -28.659  -5.929 0.5000000000
39782  -31.984  -27.073  -2.547 0.3000000119
146755  -37.749  -25.029  -10.986 0.6999999881
40765  -32.277  -26.235  -2.749 0.3000000119
132176  -31.322  -24.710  -17.104 0.8999999762
43881  -32.492  -24.101  -17.412 0.8000000119
138699  -30.636  -23.571  -17.134 0.8000000119
122684  -33.088  -22.303  -17.514 0.6000000238
43884  -35.075  -23.599  -17.536 0.6000000238
124026  -32.780  -21.594  -17.509 0.6000000238
40791  -33.192  -26.649  -5.648 0.6000000238
39811  -33.169  -26.876  -4.802 0.5000000000
42697  -33.356  -24.724  -4.063 0.4000000060
42766  -38.193  -24.008  -10.802 0.6999999881
144109  -35.816  -23.546  -14.826 0.8000000119
43832  -37.969  -23.267  -12.443 0.6999999881
43872  -29.519  -23.615  -16.283 0.8000000119
44846  -31.197  -22.692  -17.360 0.8000000119
43780  -37.061  -22.848  -8.010 0.6999999881
129915  -32.137  -22.795  -2.628 0.3000000119
140899  -38.568  -22.918  -11.200 0.6999999881
123505  -38.491  -22.329  -9.655 0.6999999881
44812  -38.364  -22.743  -11.913 0.6999999881
139789  -38.812  -21.853  -10.214 0.6999999881
45762  -38.126  -21.123  -12.699 0.6999999881
44829  -34.690  -22.469  -15.432 0.8000000119
44830  -35.475  -22.269  -15.161 0.8000000119
45779  -34.707  -21.551  -15.398 0.8000000119
44723  -32.899  -22.639  -3.231 0.3000000119
44769  -37.735  -22.484  -8.366 0.6999999881
45674  -32.577  -21.574  -3.063 0.3000000119
44725  -34.256  -22.051  -4.379 0.5000000000
45685  -33.855  -21.693  -3.733 0.4000000060
127982  -31.784  -20.857  -3.140 0.3000000119
46722  -39.021  -20.436  -10.155 0.6999999881
132913  -35.326  -21.897  -5.355 0.6000000238
46637  -34.695  -20.160  -3.809 0.3000000119
48749  -34.939  -19.053  -4.160 0.3000000119
123025  -38.573  -21.282  -8.651 0.6999999881
48763  -32.979  -18.537  -4.126 0.3000000119
137091  -34.482  -18.507  -4.293 0.3000000119
130154  -29.970  -18.884  -16.839 0.6999999881
45688  -35.866  -20.587  -4.677 0.6000000238
46665  -37.363  -20.292  -5.821 0.6000000238
46693  -38.451  -20.291  -7.480 0.6999999881
46713  -38.962  -20.722  -9.372 0.6999999881
49907  -35.949  -17.153  -14.058 0.8000000119
49904  -32.967  -17.139  -15.342 0.8000000119
136373  -29.749  -17.524  -16.879 0.6000000238
132330  -30.469  -17.493  -17.138 0.6000000238
48766  -35.647  -18.653  -4.503 0.3000000119
141971  -35.612  -19.984  -4.353 0.5000000000
48767  -36.186  -18.329  -4.802 0.3000000119
135530  -38.584  -19.005  -7.487 0.5000000000
131617  -33.931  -16.326  -6.245 0.3000000119
138997  -38.617  -17.876  -8.119 0.5000000000
50874  -35.509  -16.570  -14.715 0.6999999881
51904  -28.432  -15.080  -17.022 0.6999999881
123529  -36.755  -17.113  -5.499 0.3000000119
50787  -34.804  -16.083  -6.195 0.3000000119
50789  -37.873  -16.694  -6.372 0.3000000119
51778  -34.125  -15.694  -6.746 0.3000000119
51805  -35.358  -15.047  -6.817 0.3000000119
50854  -38.581  -16.698  -11.614 0.6000000238
51885  -28.508  -15.327  -16.344 0.6999999881
51870  -29.242  -14.936  -15.851 0.6999999881
50848  -39.119  -15.986  -11.227 0.6000000238
51859  -38.749  -15.726  -12.789 0.6999999881
52871  -35.457  -14.375  -15.504 0.6000000238
52867  -29.325  -14.165  -16.121 0.6999999881
53958  -31.233  -13.697  -16.046 0.6000000238
56076  -31.996  -12.432  -16.386 0.6000000238
53999  -29.991  -12.865  -17.710 0.6000000238
142245  -29.432  -10.750  -18.281 0.4000000060
51823  -38.658  -15.181  -8.116 0.4000000060
52799  -36.314  -13.756  -7.569 0.4000000060
53889  -33.804  -13.551  -8.894 0.3000000119
53900  -32.528  -13.227  -9.732 0.3000000119
54916  -33.022  -12.584  -9.696 0.3000000119
53937  -38.772  -13.411  -13.771 0.5000000000
54988  -35.369  -12.479  -15.544 0.5000000000
54984  -31.092  -12.951  -16.287 0.5000000000
136377  -39.570  -14.018  -11.945 0.4000000060
54918  -34.731  -12.468  -9.123 0.4000000060
55996  -34.611  -11.759  -9.402 0.4000000060
129634  -37.450  -12.736  -14.645 0.5000000000
54968  -38.137  -12.171  -14.250 0.4000000060
56061  -36.063  -11.121  -15.278 0.5000000000
58326  -32.838  -9.417  -17.072 0.6000000238
59291  -31.733  -8.617  -11.320 0.3000000119
59276  -33.718  -8.523  -10.382 0.4000000060
58311  -34.179  -9.134  -16.375 0.5000000000
60279  -33.963  -7.681  -10.512 0.4000000060
62396  -35.494  -5.442  -16.750 0.4000000060
66207  -35.376  -1.143  -17.960 0.4000000060
64311  -37.112  -3.518  -16.548 0.4000000060
143118  -35.616  -0.549  -17.851 0.3000000119
133618  -31.611  -42.930  -12.938 0.5000000000
26006  -30.753  -42.668  -14.469 0.5000000000
134626  -31.570  -42.028  -9.966 0.4000000060
131750  -31.932  -41.935  -10.688 0.5000000000
146530  -31.966  -42.545  -11.171 0.5000000000
25983  -31.941  -42.733  -11.973 0.5000000000
25992  -31.785  -42.072  -12.670 0.6000000238
26776  -30.763  -41.329  -14.236 0.6000000238
26749  -31.781  -41.070  -10.216 0.5000000000
27542  -31.376  -40.247  -9.735 0.5000000000
27568  -32.057  -40.532  -10.780 0.5000000000
27576  -32.010  -40.386  -11.713 0.5000000000
28356  -30.741  -39.787  -9.528 0.5000000000
27585  -31.518  -40.496  -12.859 0.6000000238
28403  -30.978  -39.758  -13.433 0.6000000238
26777  -31.409  -41.313  -13.309 0.6000000238
27584  -30.884  -40.571  -13.831 0.6000000238
131427  -30.586  -40.130  -14.765 0.6000000238
122827  -30.603  -39.896  -14.218 0.6000000238
27611  -30.585  -40.834  -15.113 0.6000000238
28426  -31.442  -39.832  -15.462 0.6000000238
29247  -31.092  -39.157  -15.119 0.6000000238
28370  -31.632  -39.396  -10.072 0.5000000000
132118  -31.994  -39.763  -10.881 0.5000000000
144488  -31.841  -39.752  -11.681 0.6000000238
147166  -30.099  -39.465  -9.496 0.5000000000
142694  -30.994  -38.258  -9.618 0.5000000000
28395  -30.963  -38.998  -12.971 0.6000000238
29177  -28.870  -38.964  -9.513 0.5000000000
29178  -29.790  -38.894  -9.470 0.5000000000
28402  -30.469  -38.940  -13.885 0.6000000238
28415  -30.604  -39.273  -14.598 0.6000000238
28427  -32.424  -39.642  -15.817 0.6000000238
124105  -31.776  -38.969  -10.728 0.5000000000
122329  -31.588  -39.077  -11.765 0.5000000000
135076  -30.342  -38.187  -9.489 0.5000000000
31061  -31.167  -37.175  -9.940 0.5000000000
29194  -31.543  -38.466  -10.207 0.5000000000
29209  -31.513  -38.108  -11.223 0.5000000000
29216  -31.007  -38.196  -12.532 0.6000000238
30076  -28.940  -37.437  -9.473 0.5000000000
30077  -30.049  -37.295  -9.409 0.5000000000
29215  -30.514  -38.304  -13.454 0.6000000238
125909  -28.434  -38.230  -9.636 0.5000000000
133722  -28.536  -36.694  -9.570 0.5000000000
132280  -30.286  -38.048  -13.914 0.6000000238
29228  -30.423  -38.489  -14.233 0.6000000238
29249  -32.569  -38.631  -15.605 0.6000000238
29248  -31.649  -38.433  -15.202 0.6000000238
131396  -30.718  -36.902  -9.679 0.5000000000
31077  -30.798  -36.027  -11.081 0.5000000000
30107  -30.814  -36.620  -11.723 0.6000000238
32110  -30.319  -35.887  -12.509 0.6000000238
31059  -30.178  -36.282  -9.544 0.5000000000
30119  -30.875  -37.349  -12.200 0.6000000238
31096  -30.287  -36.626  -12.942 0.6000000238
30075  -27.993  -37.463  -9.802 0.5000000000
132420  -26.671  -36.927  -10.664 0.5000000000
30154  -31.463  -37.853  -14.868 0.6000000238
30142  -32.677  -37.376  -14.861 0.6000000238
33122  -30.176  -34.825  -10.225 0.5000000000
32085  -30.384  -35.634  -9.922 0.5000000000
32099  -30.501  -35.461  -10.616 0.5000000000
140079  -30.396  -35.352  -11.739 0.6000000238
32083  -28.983  -35.234  -9.448 0.5000000000
31057  -28.277  -35.865  -9.613 0.5000000000
32082  -28.105  -34.988  -9.611 0.6000000238
33133  -30.017  -34.121  -10.916 0.6000000238
136164  -29.834  -34.327  -12.924 0.5000000000
33159  -29.936  -34.442  -13.015 0.6000000238
33120  -28.922  -34.327  -9.540 0.6000000238
33121  -29.767  -34.129  -10.152 0.6000000238
124698  -29.944  -35.126  -12.977 0.6000000238
33132  -27.166  -34.750  -10.084 0.5000000000
33119  -27.970  -34.081  -9.622 0.5000000000
34179  -28.681  -33.453  -9.685 0.6000000238
31075  -26.558  -36.178  -10.645 0.4000000060
35163  -29.173  -32.899  -10.319 0.6000000238
35177  -29.293  -32.596  -11.689 0.6000000238
34208  -29.672  -33.260  -12.610 0.6000000238
33144  -29.742  -33.910  -12.306 0.5000000000
33158  -29.841  -33.845  -13.039 0.6000000238
33160  -30.599  -34.700  -13.093 0.6000000238
34221  -29.907  -33.243  -13.028 0.6999999881
38976  -39.045  -28.863  -18.830 0.5000000000
123767  -31.286  -20.228  -17.279 0.5000000000
48911  -32.012  -18.654  -17.384 0.5000000000
51905  -29.194  -15.057  -17.310 0.5000000000
66208  -35.988  -0.991  -17.541 0.4000000060
128604  -36.579  -0.640  -17.136 0.3000000119
67164  -36.591  0.408  -17.219 0.3000000119
68137  -37.168  0.666  -16.724 0.3000000119
25169  -31.011  -43.515  -9.530 0.4000000060
25190  -31.687  -43.622  -10.637 0.5000000000
26005  -30.484  -42.680  -15.096 0.5000000000
26737  -31.204  -41.348  -9.635 0.4000000060
26786  -30.577  -41.975  -14.683 0.6000000238
145583  -30.519  -41.304  -14.835 0.6000000238
26797  -30.524  -41.753  -15.176 0.5000000000
26798  -30.835  -41.424  -15.492 0.5000000000
26736  -30.631  -41.974  -9.510 0.4000000060
131025  -29.951  -40.091  -9.514 0.5000000000
28354  -28.528  -39.814  -9.634 0.5000000000
28355  -29.378  -39.582  -9.500 0.5000000000
29176  -27.990  -39.034  -9.795 0.3000000119
28369  -27.094  -39.142  -10.565 0.4000000060
29193  -26.358  -38.512  -11.158 0.4000000060
133299  -40.026  -28.864  -19.503 0.4000000060
38981  -38.866  -28.026  -18.924 0.4000000060
46651  -34.623  -20.731  -3.831 0.4000000060
47828  -32.967  -19.877  -17.490 0.5000000000
48912  -33.037  -18.981  -17.511 0.5000000000
49934  -32.051  -17.714  -17.403 0.5000000000
67165  -37.209  -0.314  -16.650 0.3000000119
69161  -38.322  1.182  -15.518 0.3000000119
25962  -30.786  -42.741  -9.482 0.4000000060
32097  -26.400  -35.319  -10.605 0.5000000000
31076  -27.473  -36.617  -10.121 0.5000000000
132687  -33.668  -20.465  -17.529 0.5000000000
126237  -27.573  -38.268  -10.150 0.4000000060
25999  -31.159  -42.208  -13.767 0.6000000238
25973  -31.710  -42.814  -10.410 0.4000000060
131633  -32.082  -41.963  -11.636 0.5000000000
26771  -31.974  -41.235  -12.248 0.6000000238
27556  -31.804  -40.207  -10.258 0.5000000000
27541  -30.633  -40.609  -9.523 0.5000000000
31078  -31.171  -36.817  -10.578 0.5000000000
31060  -30.826  -36.311  -10.098 0.5000000000
133184  -29.393  -36.743  -9.418 0.5000000000
129747  -29.599  -34.766  -9.676 0.5000000000
26735  -29.812  -41.717  -9.491 0.4000000060
26018  -30.775  -42.413  -15.588 0.4000000060
26809  -31.519  -41.883  -15.971 0.4000000060
134700  -29.232  -40.216  -9.526 0.4000000060
35155  -26.515  -32.169  -8.595 0.4000000060
36185  -26.030  -31.406  -8.789 0.3000000119
36193  -25.166  -31.327  -9.307 0.4000000060
36192  -24.119  -31.220  -9.922 0.4000000060
35149  -27.869  -32.343  -7.819 0.4000000060
133267  -27.208  -32.091  -8.276 0.4000000060
32039  -29.501  -35.455  -5.333 0.4000000060
34163  -29.383  -34.329  -6.855 0.4000000060
34161  -27.988  -33.354  -7.810 0.4000000060
139746  -28.466  -32.053  -7.496 0.4000000060
32018  -28.286  -36.012  -4.106 0.3000000119
31002  -29.216  -35.773  -4.642 0.3000000119
33031  -28.103  -34.742  -3.435 0.4000000060
35151  -29.452  -33.398  -6.902 0.4000000060
31997  -28.565  -35.331  -3.807 0.4000000060
124045  -29.532  -35.171  -4.697 0.5000000000
33032  -28.863  -34.656  -3.529 0.4000000060
34097  -29.227  -33.962  -3.302 0.4000000060
123069  -30.157  -34.017  -5.013 0.5000000000
34077  -28.860  -33.253  -2.650 0.4000000060
46650  -33.999  -21.007  -3.560 0.3000000119
130872  -38.391  -17.984  -6.774 0.3000000119
49835  -37.848  -17.631  -6.157 0.3000000119
140315  -38.552  -17.444  -7.445 0.3000000119
49836  -38.312  -17.268  -6.731 0.3000000119
144915  -38.644  -17.324  -8.044 0.3000000119
57191  -34.736  -10.361  -15.852 0.4000000060
51807  -38.177  -15.183  -7.362 0.3000000119
52782  -37.635  -14.507  -7.345 0.3000000119
58313  -35.396  -9.909  -15.560 0.4000000060
58312  -34.779  -9.520  -15.930 0.4000000060
52800  -37.144  -13.351  -7.797 0.3000000119
53891  -35.402  -13.368  -8.211 0.3000000119
57183  -36.676  -10.648  -14.901 0.4000000060
58307  -36.147  -9.463  -15.278 0.3000000119
60335  -34.966  -7.689  -16.372 0.4000000060
61372  -35.355  -6.833  -16.439 0.3000000119
53877  -37.749  -13.819  -7.794 0.3000000119
128301  -37.703  -13.282  -8.206 0.3000000119
54922  -38.486  -12.551  -9.264 0.3000000119
53892  -36.378  -13.029  -8.156 0.3000000119
54907  -37.268  -12.748  -8.372 0.3000000119
54921  -37.786  -12.232  -8.906 0.3000000119
56000  -38.387  -11.745  -9.438 0.3000000119
54932  -39.202  -12.278  -10.299 0.3000000119
139848  -36.703  -11.571  -8.926 0.3000000119
56009  -39.173  -11.595  -10.479 0.3000000119
54944  -39.448  -12.134  -11.012 0.3000000119
134226  -39.491  -12.723  -12.280 0.3000000119
54919  -35.414  -11.928  -9.133 0.3000000119
54920  -36.202  -12.018  -8.858 0.3000000119
54957  -39.181  -12.847  -13.105 0.3000000119
132948  -34.433  -10.777  -9.562 0.3000000119
54956  -38.850  -12.029  -13.486 0.3000000119
57133  -33.912  -9.958  -9.799 0.3000000119
56063  -37.687  -11.417  -14.412 0.3000000119
57177  -38.031  -10.688  -14.212 0.3000000119
57176  -37.359  -10.132  -14.556 0.3000000119
59292  -32.417  -8.350  -11.078 0.3000000119
58308  -36.945  -9.431  -14.812 0.3000000119
60304  -30.857  -7.173  -12.145 0.3000000119
59330  -35.547  -8.250  -15.846 0.3000000119
62395  -34.954  -6.139  -16.789 0.3000000119
56001  -38.920  -11.807  -9.959 0.3000000119
126109  -36.776  -11.076  -9.090 0.3000000119
55999  -37.476  -11.425  -9.090 0.3000000119
57137  -39.100  -10.839  -10.515 0.3000000119
127837  -39.518  -12.014  -11.849 0.3000000119
56052  -39.349  -11.995  -12.686 0.3000000119
55997  -35.351  -11.151  -9.340 0.3000000119
55998  -36.096  -11.394  -9.119 0.3000000119
57121  -37.332  -10.580  -9.243 0.3000000119
57122  -38.170  -10.846  -9.407 0.3000000119
57148  -39.329  -10.601  -11.359 0.3000000119
56039  -39.408  -11.154  -12.211 0.3000000119
56051  -39.130  -11.248  -13.156 0.3000000119
57119  -35.371  -10.344  -9.438 0.3000000119
58245  -35.960  -9.520  -9.399 0.3000000119
57135  -38.018  -9.956  -9.402 0.3000000119
56050  -38.469  -11.339  -13.890 0.3000000119
57132  -33.153  -10.123  -10.218 0.3000000119
57134  -34.846  -9.742  -9.586 0.3000000119
57178  -38.766  -10.561  -13.556 0.3000000119
58299  -38.369  -9.827  -14.035 0.3000000119
58298  -37.676  -9.443  -14.476 0.3000000119
60297  -33.344  -7.154  -10.977 0.3000000119
127188  -33.561  -6.332  -11.150 0.3000000119
132684  -32.801  -6.653  -11.439 0.3000000119
126399  -37.221  -8.062  -15.082 0.3000000119
60337  -36.352  -7.207  -15.774 0.3000000119
61374  -36.696  -6.655  -15.784 0.3000000119
63355  -36.343  -5.408  -16.419 0.3000000119
62381  -35.757  -6.115  -16.457 0.3000000119
57123  -38.773  -11.178  -9.870 0.3000000119
57136  -38.667  -10.343  -9.807 0.3000000119
126245  -39.067  -10.035  -10.565 0.3000000119
57165  -39.378  -10.376  -12.060 0.3000000119
58260  -37.789  -9.025  -9.468 0.3000000119
58261  -38.623  -9.478  -9.843 0.3000000119
58257  -34.248  -9.089  -9.898 0.3000000119
58258  -35.211  -8.826  -9.602 0.3000000119
130692  -36.172  -8.552  -9.439 0.3000000119
58287  -39.093  -9.788  -13.193 0.3000000119
128542  -38.914  -9.066  -13.578 0.3000000119
60280  -34.884  -7.374  -10.134 0.3000000119
59312  -38.276  -8.964  -14.268 0.3000000119
61321  -35.181  -6.501  -10.276 0.3000000119
59322  -37.460  -8.792  -14.689 0.3000000119
61336  -34.410  -5.954  -10.733 0.3000000119
60325  -37.763  -7.380  -15.056 0.3000000119
60324  -36.967  -7.322  -15.455 0.3000000119
61360  -37.463  -6.676  -15.456 0.3000000119
141885  -36.393  -6.169  -16.172 0.3000000119
58262  -39.193  -9.135  -10.736 0.3000000119
59279  -37.124  -8.347  -9.451 0.3000000119
59280  -37.916  -8.246  -9.631 0.3000000119
59282  -39.146  -8.219  -10.670 0.3000000119
58276  -39.362  -9.260  -11.699 0.3000000119
58288  -39.326  -9.788  -12.317 0.3000000119
59278  -35.514  -7.934  -9.639 0.3000000119
134287  -39.386  -8.549  -11.503 0.3000000119
58300  -39.319  -8.965  -12.552 0.3000000119
129388  -36.475  -7.715  -9.504 0.3000000119
126665  -37.458  -7.612  -9.662 0.3000000119
60281  -35.838  -7.063  -9.680 0.3000000119
62344  -35.514  -5.549  -10.442 0.3000000119
62331  -36.668  -5.593  -10.367 0.3000000119
60315  -39.168  -7.617  -14.013 0.3000000119
60314  -38.187  -8.087  -14.538 0.3000000119
63319  -34.522  -5.094  -10.866 0.3000000119
60326  -38.522  -7.329  -14.625 0.3000000119
124847  -38.020  -6.038  -15.448 0.3000000119
62382  -37.097  -5.898  -15.866 0.3000000119
59281  -38.589  -8.620  -9.985 0.3000000119
59302  -39.454  -8.015  -12.253 0.3000000119
129351  -37.888  -6.871  -10.211 0.3000000119
62330  -36.190  -6.259  -10.075 0.3000000119
60305  -39.528  -7.412  -13.002 0.3000000119
145125  -34.591  -4.398  -10.916 0.3000000119
127744  -35.386  -4.659  -10.597 0.3000000119
62345  -36.306  -4.911  -10.499 0.3000000119
133931  -37.175  -4.966  -10.539 0.3000000119
61362  -39.077  -6.783  -14.454 0.3000000119
61361  -38.293  -6.736  -15.040 0.3000000119
62383  -37.777  -5.374  -15.712 0.3000000119
63356  -37.220  -4.997  -16.157 0.3000000119
59294  -39.391  -7.740  -11.313 0.3000000119
61337  -38.461  -6.455  -10.589 0.3000000119
60283  -39.322  -7.022  -11.100 0.3000000119
142971  -37.911  -6.194  -10.473 0.3000000119
62347  -38.459  -5.720  -10.721 0.3000000119
61323  -39.033  -6.349  -10.926 0.3000000119
61345  -39.614  -6.541  -12.642 0.3000000119
138918  -35.228  -3.903  -10.677 0.3000000119
62346  -37.570  -5.628  -10.504 0.3000000119
62367  -39.688  -5.924  -13.306 0.3000000119
63320  -36.083  -4.163  -10.550 0.3000000119
63321  -36.814  -4.423  -10.526 0.3000000119
62366  -39.487  -6.064  -14.227 0.3000000119
62371  -38.853  -6.071  -14.940 0.3000000119
62372  -39.373  -5.237  -14.673 0.3000000119
65242  -37.588  -2.743  -16.393 0.3000000119
64298  -38.040  -3.590  -16.030 0.3000000119
139018  -37.418  -4.231  -16.275 0.3000000119
61338  -39.454  -6.365  -11.662 0.3000000119
62348  -39.227  -5.545  -11.382 0.3000000119
62358  -39.624  -5.624  -12.285 0.3000000119
64253  -35.997  -3.370  -10.570 0.3000000119
63322  -37.601  -4.221  -10.621 0.3000000119
140622  -38.713  -5.034  -10.991 0.3000000119
145398  -39.495  -5.142  -11.828 0.3000000119
126432  -39.800  -5.100  -13.099 0.3000000119
131103  -39.850  -4.250  -12.924 0.3000000119
132794  -39.720  -5.400  -13.876 0.3000000119
64290  -39.604  -3.818  -14.378 0.3000000119
63344  -39.784  -4.578  -13.910 0.3000000119
125648  -39.374  -3.186  -14.819 0.3000000119
64300  -39.247  -3.908  -15.073 0.3000000119
146230  -38.702  -4.002  -15.525 0.3000000119
65244  -39.026  -2.521  -15.213 0.3000000119
64299  -38.841  -3.314  -15.438 0.3000000119
134608  -34.868  -3.037  -10.773 0.3000000119
132329  -35.950  -2.603  -10.581 0.3000000119
64255  -37.589  -3.355  -10.617 0.3000000119
135157  -38.936  -3.751  -11.418 0.3000000119
63324  -39.239  -4.645  -11.541 0.3000000119
63337  -39.652  -4.782  -12.263 0.3000000119
64256  -38.422  -2.943  -11.069 0.3000000119
134127  -39.594  -3.936  -12.034 0.3000000119
65212  -39.600  -2.354  -12.805 0.3000000119
64273  -39.732  -3.357  -12.755 0.3000000119
65225  -39.659  -2.353  -13.804 0.3000000119
131929  -39.668  -3.082  -14.117 0.3000000119
65243  -38.368  -2.647  -15.850 0.3000000119
65234  -39.451  -2.434  -14.534 0.3000000119
65256  -37.212  -2.070  -16.622 0.3000000119
66182  -37.905  -1.899  -16.253 0.3000000119
66197  -36.575  -1.740  -17.060 0.3000000119
65199  -35.053  -2.216  -10.697 0.3000000119
65200  -35.891  -1.962  -10.583 0.3000000119
64254  -36.817  -2.944  -10.543 0.3000000119
65201  -37.585  -2.545  -10.637 0.3000000119
65202  -38.165  -2.155  -10.871 0.3000000119
64257  -39.404  -2.908  -11.849 0.3000000119
142162  -39.396  -1.998  -11.998 0.3000000119
66184  -39.140  -1.758  -14.917 0.3000000119
66198  -37.252  -1.264  -16.624 0.3000000119
127057  -36.764  -2.058  -10.548 0.3000000119
26810  -32.239  -41.184  -16.078 0.4000000060
31001  -28.715  -36.370  -4.598 0.3000000119
35150  -28.753  -32.806  -7.403 0.4000000060
33085  -29.608  -34.877  -6.105 0.4000000060
33060  -29.700  -34.588  -4.444 0.4000000060
45686  -34.504  -21.400  -3.996 0.3000000119
54906  -36.498  -12.489  -8.516 0.3000000119
54923  -38.846  -12.279  -9.767 0.3000000119
57182  -36.048  -10.315  -15.279 0.4000000060
58256  -33.463  -9.341  -10.261 0.3000000119
60295  -31.963  -7.963  -11.416 0.3000000119
139948  -31.735  -7.330  -11.646 0.3000000119
56024  -39.380  -11.377  -11.250 0.3000000119
31016  -29.052  -36.363  -5.449 0.4000000060
32050  -29.034  -35.958  -6.605 0.4000000060
33097  -28.762  -34.679  -7.343 0.4000000060
34162  -28.773  -33.815  -7.398 0.4000000060
31996  -27.773  -35.433  -3.771 0.3000000119
31998  -29.211  -35.172  -4.059 0.4000000060
129678  -37.024  -12.060  -8.717 0.3000000119
57120  -36.273  -10.540  -9.276 0.3000000119
58246  -37.062  -9.751  -9.324 0.3000000119
57164  -39.266  -10.486  -12.802 0.3000000119
58259  -36.830  -9.026  -9.378 0.3000000119
62342  -32.922  -5.858  -11.577 0.3000000119
61335  -32.236  -6.188  -11.811 0.3000000119
144206  -38.846  -8.427  -13.975 0.3000000119
141677  -39.301  -8.270  -13.266 0.3000000119
126122  -38.450  -7.726  -10.160 0.3000000119
140891  -39.099  -7.548  -10.713 0.3000000119
135315  -36.809  -6.909  -9.718 0.3000000119
61354  -39.522  -6.755  -13.683 0.3000000119
63318  -33.787  -4.540  -11.417 0.3000000119
61322  -37.180  -6.224  -10.240 0.3000000119
60298  -39.523  -7.171  -11.957 0.3000000119
125034  -38.014  -4.978  -10.662 0.3000000119
63358  -39.015  -4.594  -15.242 0.3000000119
133289  -36.799  -3.750  -10.558 0.3000000119
63323  -38.491  -4.375  -10.945 0.3000000119
131253  -38.555  -1.793  -15.603 0.3000000119
65203  -38.774  -2.131  -11.483 0.3000000119
66125  -38.262  -1.360  -10.972 0.3000000119
30024  -28.411  -37.241  -4.971 0.4000000060
136891  -41.219  -31.155  -19.519 0.4000000060
133874  -23.997  -38.752  -12.141 0.3000000119
28393  -24.427  -39.426  -12.293 0.3000000119
128918  -22.853  -38.565  -11.700 0.3000000119
29207  -25.073  -38.358  -12.053 0.3000000119
34095  -27.462  -34.012  -3.269 0.3000000119
34096  -28.419  -34.016  -3.088 0.3000000119
34076  -27.795  -33.359  -2.722 0.3000000119
33108  -27.491  -34.894  -8.186 0.3000000119
129607  -28.516  -36.197  -7.266 0.3000000119
33096  -28.082  -34.279  -7.769 0.3000000119
33098  -29.219  -35.155  -6.820 0.3000000119
35156  -27.143  -32.933  -8.346 0.3000000119
34171  -27.371  -33.921  -8.283 0.3000000119
137238  -28.710  -36.705  -6.508 0.3000000119
143672  -27.982  -35.603  -7.737 0.3000000119
35271  -42.410  -32.210  -19.942 0.3000000119
25209  -31.186  -43.169  -13.849 0.5000000000
25963  -31.368  -42.813  -9.794 0.4000000060
26761  -32.146  -41.193  -11.160 0.5000000000
26799  -31.454  -41.104  -15.768 0.5000000000
27540  -29.674  -40.869  -9.522 0.4000000060
27565  -22.373  -40.223  -11.657 0.4000000060
27574  -24.400  -40.217  -12.363 0.4000000060
27598  -30.609  -40.672  -14.563 0.6000000238
27612  -31.015  -40.607  -15.458 0.5000000000
27623  -32.794  -40.475  -16.110 0.6999999881
27625  -34.503  -40.583  -16.535 0.4000000060
28357  -31.261  -39.406  -9.694 0.5000000000
28368  -26.366  -39.272  -11.240 0.4000000060
28394  -24.731  -38.954  -12.254 0.3000000119
28425  -30.782  -39.980  -15.116 0.6000000238
28428  -33.120  -39.138  -15.963 0.6000000238
29179  -30.715  -38.956  -9.539 0.5000000000
29180  -31.320  -38.716  -9.796 0.5000000000
29213  -23.349  -37.902  -11.765 0.3000000119
29261  -34.250  -38.319  -16.139 0.6999999881
29263  -36.270  -38.344  -16.798 0.6999999881
30078  -30.859  -37.597  -9.642 0.5000000000
30079  -31.280  -37.947  -9.850 0.5000000000
30095  -31.409  -37.616  -10.379 0.5000000000
30104  -24.450  -37.085  -11.826 0.5000000000
30105  -25.034  -37.531  -11.846 0.5000000000
30108  -31.296  -37.272  -11.147 0.6000000238
30118  -24.616  -37.744  -11.926 0.5000000000
30139  -30.269  -37.362  -14.009 0.6000000238
30141  -31.817  -37.396  -14.676 0.6999999881
30155  -32.368  -37.795  -15.209 0.6000000238
30156  -33.419  -37.493  -15.270 0.6999999881
30168  -33.876  -37.819  -15.762 0.6999999881
30172  -37.014  -37.236  -16.607 0.6999999881
30182  -38.930  -37.353  -17.705 0.5000000000
31058  -29.210  -36.032  -9.429 0.5000000000
31085  -23.546  -36.474  -11.699 0.5000000000
32051  -29.355  -35.591  -6.061 0.4000000060
32061  -28.677  -35.444  -7.293 0.4000000060
32084  -29.841  -35.428  -9.584 0.5000000000
32107  -23.485  -35.077  -11.627 0.4000000060
32133  -31.015  -35.836  -13.557 0.6999999881
32144  -35.823  -35.845  -14.477 0.6999999881
33033  -29.380  -34.484  -3.790 0.4000000060
33078  -29.819  -34.701  -5.285 0.5000000000
33143  -24.364  -34.164  -11.649 0.6000000238
33145  -30.136  -34.634  -11.707 0.5000000000
33200  -37.769  -34.566  -16.171 0.6999999881
34118  -29.928  -33.868  -4.020 0.4000000060
34180  -29.412  -33.573  -10.009 0.6000000238
34189  -25.475  -33.043  -11.029 0.6000000238
34190  -26.232  -33.539  -10.543 0.6000000238
34192  -29.679  -33.417  -10.999 0.6000000238
34193  -31.540  -33.355  -11.474 0.8000000119
34196  -34.199  -33.469  -10.313 0.6999999881
34206  -23.481  -33.306  -11.563 0.5000000000
34222  -30.182  -33.881  -13.073 0.6999999881
35154  -25.667  -32.159  -9.003 0.3000000119
35162  -28.548  -32.693  -9.901 0.6000000238
35164  -34.101  -32.045  -9.692 0.8000000119
35174  -26.947  -32.018  -10.305 0.6000000238
35179  -34.016  -32.864  -9.923 0.6999999881
35181  -35.406  -31.992  -11.148 0.8000000119
36179  -28.066  -31.649  -7.676 0.5000000000
36187  -27.525  -31.511  -8.027 0.4000000060
36203  -22.563  -31.734  -11.122 0.3000000119
36221  -23.350  -31.084  -11.358 0.5000000000
36222  -24.088  -31.661  -11.612 0.6000000238
36305  -39.148  -31.257  -18.411 0.6000000238
37182  -36.268  -31.082  -15.810 0.8000000119
37204  -36.674  -30.493  -17.167 0.8000000119
37215  -38.630  -30.668  -18.263 0.6000000238
37225  -41.001  -30.506  -19.563 0.4000000060
37912  -31.434  -29.313  -2.681 0.4000000060
37949  -30.902  -29.862  -5.939 0.5000000000
37957  -30.316  -29.851  -6.607 0.4000000060
37973  -23.736  -28.762  -10.642 0.5000000000
37986  -23.419  -28.675  -10.859 0.6000000238
37999  -26.414  -28.220  -12.142 0.6000000238
38055  -35.924  -30.109  -17.128 0.8000000119
38069  -37.770  -29.840  -17.997 0.6999999881
38886  -23.454  -28.395  -10.890 0.6000000238
38887  -24.300  -27.952  -11.026 0.5000000000
38898  -24.552  -27.918  -11.128 0.6000000238
38899  -25.535  -27.939  -11.548 0.6000000238
39783  -32.525  -26.903  -3.196 0.4000000060
39824  -29.576  -27.410  -8.969 0.6000000238
39858  -26.138  -27.602  -11.530 0.6000000238
39871  -26.924  -27.402  -11.938 0.6000000238
39886  -35.911  -27.564  -12.912 0.8000000119
39923  -32.329  -27.333  -16.314 0.8000000119
39934  -32.329  -27.282  -16.584 0.8999999762
39952  -39.201  -27.372  -19.327 0.6000000238
40773  -33.161  -26.458  -3.869 0.5000000000
40783  -33.291  -26.346  -4.295 0.4000000060
40812  -29.553  -24.778  -9.791 0.8000000119
40823  -28.240  -25.680  -11.082 0.6000000238
40836  -28.242  -25.961  -11.396 0.6000000238
40850  -27.627  -26.774  -11.775 0.6000000238
40852  -37.227  -25.953  -12.064 0.6999999881
40882  -32.483  -26.699  -15.758 0.8000000119
40907  -32.076  -26.850  -16.360 0.8000000119
41681  -33.360  -25.612  -4.313 0.6000000238
41753  -29.287  -24.329  -10.934 0.6000000238
41787  -36.293  -24.959  -14.145 0.6999999881
41801  -35.156  -25.582  -14.808 0.8000000119
41826  -31.086  -25.640  -16.551 0.8000000119
41829  -36.398  -25.676  -17.694 0.6999999881
41836  -38.054  -25.199  -18.845 0.6000000238
42735  -30.534  -23.554  -9.545 0.8000000119
42763  -29.280  -24.334  -10.931 0.6000000238
42775  -37.950  -24.475  -11.375 0.6999999881
42819  -30.834  -25.131  -15.897 0.8000000119
42829  -29.816  -24.990  -16.166 0.8000000119
42830  -30.294  -25.345  -16.120 0.8000000119
42836  -29.871  -24.906  -16.343 0.8000000119
42841  -32.092  -25.213  -17.203 0.8999999762
43785  -30.776  -23.202  -9.746 0.8000000119
43786  -31.672  -22.519  -9.108 0.8000000119
43807  -30.159  -23.531  -10.104 0.8000000119
43867  -29.650  -24.339  -16.155 0.8000000119
43873  -29.596  -24.482  -16.062 0.8000000119
43879  -29.862  -24.075  -16.665 0.8000000119
43882  -33.550  -23.585  -17.475 0.8000000119
43883  -34.429  -23.153  -17.522 0.6000000238
43885  -35.918  -23.607  -17.706 0.6999999881
44835  -29.233  -22.925  -15.974 0.8000000119
44851  -36.250  -22.725  -17.938 0.5000000000
45773  -28.219  -21.274  -15.741 0.8000000119
45775  -29.985  -21.434  -15.410 0.8000000119
45786  -28.102  -21.511  -15.975 0.8000000119
45793  -28.215  -21.497  -16.113 0.8000000119
45799  -30.640  -21.987  -17.249 0.8000000119
46652  -35.161  -20.383  -4.147 0.5000000000
46732  -35.813  -20.207  -14.465 0.8000000119
46734  -37.216  -20.557  -13.631 0.6999999881
46737  -27.814  -20.280  -15.827 0.8000000119
46738  -28.036  -20.506  -15.641 0.8000000119
46753  -27.716  -20.366  -16.024 0.8000000119
46760  -27.895  -20.208  -16.265 0.8000000119
46761  -27.820  -20.975  -16.032 0.8000000119
47677  -35.067  -19.750  -4.062 0.3000000119
47785  -28.412  -19.930  -15.481 0.8000000119
47790  -33.085  -19.485  -15.226 0.8000000119
47803  -27.762  -19.794  -15.906 0.8000000119
47827  -31.582  -19.453  -17.310 0.6000000238
48748  -34.162  -19.074  -3.897 0.3000000119
48891  -27.810  -19.100  -15.935 0.8000000119
48892  -27.982  -18.322  -16.078 0.6999999881
48907  -28.235  -18.357  -16.374 0.6999999881
49896  -36.406  -17.651  -13.513 0.6999999881
49900  -28.361  -17.930  -15.740 0.6999999881
49919  -28.195  -17.596  -16.238 0.6999999881
50824  -38.706  -16.571  -8.844 0.5000000000
50868  -28.939  -16.678  -15.655 0.6999999881
50890  -28.462  -15.909  -16.586 0.6999999881
50899  -28.777  -15.792  -17.015 0.5000000000
51803  -33.546  -15.404  -7.452 0.3000000119
51855  -39.421  -15.243  -11.436 0.6000000238
51866  -39.184  -15.094  -12.604 0.6999999881
51876  -36.706  -15.571  -14.686 0.6000000238
51887  -34.683  -14.973  -15.579 0.6999999881
52823  -39.546  -14.621  -10.291 0.4000000060
52866  -28.643  -14.458  -16.521 0.6999999881
53903  -38.615  -13.178  -9.092 0.4000000060
53927  -39.578  -13.303  -11.901 0.4000000060
53957  -30.015  -13.479  -16.202 0.6999999881
53962  -35.404  -13.416  -15.550 0.5000000000
53998  -29.273  -13.035  -17.294 0.6000000238
54917  -33.620  -12.595  -9.483 0.3000000119
55003  -29.187  -12.671  -16.989 0.5000000000
55015  -29.128  -12.909  -17.081 0.6000000238
56074  -30.090  -12.007  -16.741 0.5000000000
56075  -30.994  -12.223  -16.523 0.6000000238
56090  -29.589  -11.169  -17.700 0.5000000000
56091  -30.044  -11.421  -17.208 0.5000000000
56094  -33.284  -11.274  -16.441 0.6000000238
56103  -29.532  -11.244  -17.884 0.5000000000
57224  -29.390  -10.235  -18.521 0.4000000060
58335  -30.149  -9.254  -18.340 0.5000000000
59321  -36.667  -8.749  -15.143 0.3000000119
59353  -29.536  -8.932  -18.819 0.5000000000
59355  -31.841  -8.775  -17.833 0.5000000000
60282  -38.779  -7.018  -10.590 0.3000000119
60370  -31.064  -7.121  -19.142 0.5000000000
61373  -36.059  -6.742  -16.150 0.3000000119
61381  -34.364  -6.458  -17.116 0.4000000060
62384  -38.589  -5.327  -15.347 0.3000000119
62385  -39.446  -4.443  -14.688 0.3000000119
62394  -34.386  -5.855  -17.295 0.4000000060
63357  -38.122  -4.582  -15.744 0.3000000119
64285  -39.792  -3.689  -13.609 0.3000000119
121955  -31.950  -13.236  -16.170 0.6000000238
122463  -22.888  -30.543  -11.107 0.5000000000
122681  -32.462  -17.733  -15.306 0.8000000119
123070  -32.582  -28.049  -3.833 0.5000000000
123313  -31.101  -35.290  -13.220 0.6999999881
124718  -31.653  -23.556  -17.376 0.8000000119
126353  -29.912  -33.699  -13.086 0.6000000238
126536  -38.716  -32.765  -17.595 0.6999999881
126980  -30.126  -35.363  -13.075 0.6000000238
127016  -30.429  -41.303  -9.515 0.5000000000
127466  -31.824  -39.136  -15.448 0.6000000238
127654  -30.668  -20.081  -15.397 0.8000000119
128233  -29.370  -10.087  -18.313 0.5000000000
128667  -37.032  -19.031  -12.934 0.8000000119
129772  -23.689  -30.454  -10.352 0.4000000060
130581  -42.106  -31.383  -19.889 0.3000000119
130946  -31.286  -14.932  -15.679 0.6999999881
131006  -35.668  -27.310  -17.466 0.6999999881
131199  -32.900  -26.774  -3.686 0.5000000000
131229  -30.406  -37.902  -14.237 0.6000000238
131255  -37.273  -30.316  -17.535 0.6999999881
132133  -36.813  -25.117  -13.426 0.6999999881
132295  -38.220  -3.722  -10.833 0.3000000119
132334  -32.176  -16.015  -15.513 0.8000000119
132481  -24.791  -35.898  -11.648 0.6000000238
132583  -29.405  -38.174  -9.447 0.5000000000
133540  -31.520  -39.746  -12.423 0.6000000238
134728  -31.181  -10.414  -17.376 0.5000000000
134933  -32.760  -27.704  -16.976 0.8000000119
135313  -29.956  -22.094  -17.010 0.8000000119
135466  -38.465  -36.857  -17.318 0.6000000238
136611  -36.614  -9.998  -14.947 0.4000000060
136997  -28.839  -35.749  -4.223 0.4000000060
137911  -28.914  -18.333  -15.501 0.8000000119
138709  -31.856  -43.239  -11.264 0.5000000000
139357  -39.314  -9.868  -11.462 0.3000000119
139895  -33.968  -21.118  -17.533 0.6000000238
140283  -34.792  -30.829  -9.924 0.8000000119
141245  -25.603  -30.693  -9.082 0.4000000060
141463  -28.078  -19.325  -16.416 0.8000000119
141741  -30.858  -38.330  -14.697 0.6000000238
142000  -32.450  -28.893  -9.454 0.8000000119
142109  -29.387  -31.318  -12.644 0.6999999881
142459  -31.193  -42.184  -9.642 0.4000000060
142853  -34.751  -2.301  -18.319 0.4000000060
143485  -28.187  -34.979  -7.675 0.3000000119
144328  -34.216  -22.074  -15.473 0.8000000119
144958  -32.325  -21.183  -17.496 0.6000000238
145032  -32.364  -19.412  -17.448 0.5000000000
145235  -32.916  -10.069  -16.806 0.5000000000
145924  -33.513  -16.095  -15.476 0.8000000119
145988  -32.182  -6.849  -11.632 0.4000000060
146279  -39.031  -20.154  -9.034 0.6999999881
146368  -31.252  -22.876  -9.275 0.8000000119
146370  -30.685  -15.867  -15.535 0.6999999881
147008  -28.560  -16.452  -16.683 0.6999999881
147772  -39.721  -2.980  -13.449 0.3000000119
