#!ascii label  , from subject sub-v2s12x28891_ses-1 vox2ras=TkReg
1548
136043  23.445  -72.515  -21.606 0.5000000000
7569  15.851  -66.299  -20.087 0.6000000238
7583  14.926  -66.594  -20.365 0.6000000238
7570  14.165  -66.944  -19.655 0.6000000238
7597  13.727  -66.388  -21.739 0.6999999881
127096  13.505  -66.605  -20.289 0.6000000238
7609  14.278  -66.143  -22.758 0.6999999881
7598  13.053  -66.250  -22.139 0.6000000238
6899  19.615  -67.618  -16.026 0.5000000000
6937  22.592  -67.684  -18.367 0.6000000238
6921  21.484  -67.519  -17.521 0.6000000238
6909  20.284  -67.439  -16.577 0.5000000000
6417  23.904  -68.358  -20.831 0.5000000000
6389  22.925  -68.003  -19.060 0.4000000060
6939  21.023  -68.005  -17.985 0.5000000000
6922  20.696  -67.682  -17.317 0.6000000238
8736  16.807  -64.910  -12.244 0.5000000000
5199  25.472  -70.278  -23.237 0.4000000060
8095  16.985  -65.163  -14.120 0.5000000000
7449  16.140  -65.973  -12.848 0.5000000000
148595  16.668  -65.743  -15.294 0.6000000238
8150  16.172  -66.129  -17.477 0.6000000238
146211  16.602  -65.975  -19.881 0.6000000238
7582  16.669  -66.312  -20.816 0.6999999881
7551  14.965  -66.781  -19.133 0.6000000238
130644  15.864  -66.441  -21.196 0.6999999881
7606  17.228  -66.187  -22.718 0.6000000238
134441  15.865  -66.373  -22.202 0.6999999881
138134  17.845  -65.231  -22.738 0.6000000238
148592  16.317  -65.605  -23.065 0.6000000238
7608  15.298  -66.167  -22.863 0.6999999881
9693  17.274  -64.233  -22.313 0.6999999881
8193  12.541  -65.850  -21.399 0.6000000238
6884  19.653  -67.013  -14.410 0.5000000000
6898  20.191  -67.046  -15.743 0.6000000238
7499  20.147  -66.698  -14.932 0.5000000000
6956  23.727  -67.813  -19.221 0.6000000238
6919  23.101  -67.293  -17.821 0.6999999881
6908  21.162  -67.194  -16.826 0.6000000238
6426  24.659  -67.978  -21.750 0.4000000060
8756  17.686  -64.266  -14.509 0.5000000000
8743  17.541  -64.333  -13.471 0.5000000000
147038  25.111  -71.713  -21.802 0.5000000000
130371  17.051  -65.139  -15.007 0.5000000000
8819  17.959  -64.418  -17.716 0.6999999881
8117  16.883  -65.336  -15.855 0.6000000238
8834  17.825  -64.815  -18.537 0.6999999881
8149  17.151  -65.017  -17.833 0.6000000238
8134  16.912  -65.227  -16.846 0.6000000238
8182  16.942  -65.597  -19.264 0.6999999881
8168  16.571  -65.652  -18.454 0.6000000238
8191  17.381  -65.947  -20.278 0.6999999881
7594  17.592  -66.397  -22.254 0.6000000238
7581  17.478  -66.391  -21.463 0.6000000238
8211  18.419  -65.900  -22.945 0.6000000238
7595  16.763  -66.452  -22.024 0.6000000238
8871  18.575  -65.360  -22.713 0.6000000238
9683  18.040  -64.284  -22.244 0.6999999881
9697  13.135  -64.670  -22.410 0.6999999881
8861  11.803  -64.248  -21.436 0.5000000000
8879  15.932  -65.123  -22.951 0.6999999881
8880  14.955  -65.264  -23.069 0.6999999881
8883  12.430  -64.815  -22.205 0.6000000238
8116  21.522  -65.875  -14.986 0.5000000000
7479  20.116  -66.304  -14.063 0.5000000000
136442  22.469  -66.681  -16.633 0.6999999881
7498  20.765  -66.488  -15.356 0.6000000238
6955  24.551  -67.685  -19.429 0.5000000000
6935  24.263  -67.446  -18.639 0.6999999881
6907  21.977  -67.077  -17.039 0.6000000238
7513  21.754  -66.656  -16.287 0.6000000238
6975  25.985  -67.489  -22.376 0.4000000060
6416  24.816  -67.917  -20.471 0.4000000060
6401  24.048  -68.020  -19.924 0.5000000000
146081  18.330  -63.603  -13.535 0.5000000000
8800  18.165  -64.037  -16.822 0.5000000000
8755  18.457  -63.529  -14.720 0.5000000000
8782  17.556  -64.468  -15.447 0.5000000000
8833  18.687  -64.548  -18.419 0.6000000238
8801  17.520  -64.503  -16.318 0.5000000000
8849  18.383  -65.164  -19.287 0.6999999881
8178  20.485  -66.198  -21.383 0.6000000238
130707  19.161  -66.189  -20.859 0.6999999881
8181  17.672  -65.352  -19.320 0.6999999881
8188  20.659  -66.220  -22.653 0.6000000238
8189  19.755  -66.396  -22.210 0.6000000238
7580  18.086  -66.336  -21.245 0.6999999881
8858  21.311  -64.670  -22.603 0.6999999881
126762  20.028  -65.963  -22.928 0.6000000238
8190  18.858  -66.461  -21.919 0.6000000238
9652  20.205  -63.229  -20.271 0.6000000238
9666  20.605  -64.011  -21.157 0.6999999881
8870  19.281  -65.448  -22.729 0.6999999881
12099  20.707  -60.881  -19.290 0.6000000238
10387  19.857  -62.333  -20.080 0.6000000238
9667  19.892  -63.973  -21.117 0.6999999881
10423  11.842  -62.887  -21.498 0.6000000238
10403  19.396  -62.888  -20.791 0.6999999881
9696  14.200  -64.528  -22.491 0.6999999881
9688  12.221  -63.833  -21.983 0.6000000238
12125  20.730  -60.372  -20.629 0.6999999881
11249  19.740  -61.587  -20.828 0.6000000238
10416  18.805  -62.645  -21.394 0.8000000119
146587  17.623  -63.321  -21.793 0.6999999881
9694  16.340  -64.205  -22.385 0.6999999881
9695  15.314  -64.303  -22.441 0.6999999881
7466  20.607  -65.505  -13.663 0.6000000238
7530  23.611  -66.799  -17.283 0.6999999881
7496  22.671  -66.170  -15.943 0.6999999881
7497  21.939  -66.192  -15.618 0.6000000238
6934  25.147  -67.335  -18.831 0.5000000000
6918  23.956  -67.163  -17.935 0.6999999881
126854  26.178  -67.397  -21.351 0.4000000060
6967  25.649  -67.608  -20.593 0.5000000000
9549  19.054  -63.100  -13.881 0.5000000000
9517  19.206  -63.733  -12.261 0.5000000000
9548  19.240  -63.030  -14.696 0.5000000000
9600  18.945  -63.696  -16.965 0.6000000238
8832  19.761  -64.624  -18.628 0.6000000238
125757  19.278  -64.035  -17.748 0.6999999881
141856  18.581  -64.097  -17.529 0.6999999881
8847  20.182  -65.473  -19.833 0.6999999881
8848  19.236  -65.363  -19.613 0.6999999881
8198  21.323  -66.014  -22.823 0.6000000238
8177  21.275  -66.136  -21.827 0.6000000238
8179  19.783  -66.076  -20.783 0.6999999881
9664  22.710  -63.431  -21.683 0.6999999881
9665  22.073  -63.922  -21.972 0.6999999881
8868  21.650  -65.130  -23.158 0.6999999881
12150  13.371  -60.990  -20.061 0.6000000238
10384  22.326  -62.611  -19.687 0.6000000238
9650  21.955  -63.269  -20.562 0.6999999881
8869  21.027  -65.508  -23.116 0.6999999881
135379  22.025  -59.190  -17.413 0.6000000238
12098  21.252  -60.374  -18.524 0.6000000238
11206  21.587  -60.918  -17.925 0.6000000238
10385  21.365  -62.627  -19.520 0.6000000238
140611  21.323  -63.811  -21.144 0.6999999881
11293  13.202  -62.121  -21.073 0.6000000238
12968  21.600  -59.359  -19.450 0.6000000238
10370  20.737  -61.731  -19.113 0.6000000238
11291  16.159  -62.040  -20.903 0.6999999881
10420  14.973  -62.615  -21.308 0.6000000238
9686  14.600  -63.515  -21.823 0.6999999881
10422  12.604  -62.871  -21.591 0.6000000238
13788  22.012  -58.775  -18.758 0.5000000000
13809  22.082  -58.400  -19.874 0.6000000238
12145  21.111  -59.670  -20.766 0.8000000119
11286  19.785  -60.721  -21.253 0.8000000119
12162  19.068  -60.799  -21.346 0.8000000119
10418  17.289  -62.501  -21.469 0.8000000119
10419  16.446  -62.512  -21.373 0.6999999881
9685  15.754  -63.221  -21.738 0.6999999881
11269  19.938  -60.979  -21.231 0.8000000119
11287  19.348  -61.309  -21.328 0.8000000119
8115  22.425  -65.629  -15.196 0.6999999881
8093  22.171  -65.031  -14.490 0.6999999881
8094  21.335  -65.240  -14.108 0.6999999881
8082  20.456  -65.072  -12.935 0.6000000238
7529  24.511  -66.663  -17.353 0.6999999881
8081  20.943  -64.680  -13.453 0.6000000238
7549  25.722  -66.874  -18.240 0.6000000238
8732  20.421  -64.293  -12.800 0.5000000000
9528  19.766  -63.167  -13.424 0.5000000000
12865  15.574  -59.747  -12.587 0.6000000238
10302  20.069  -62.804  -14.680 0.5000000000
143238  14.983  -59.770  -14.265 0.5000000000
9599  19.446  -63.269  -16.196 0.5000000000
138676  15.782  -60.278  -15.375 0.6000000238
127269  20.676  -63.610  -17.269 0.6999999881
9623  19.767  -63.572  -17.106 0.6000000238
8846  21.187  -65.519  -20.148 0.6999999881
8818  20.110  -64.054  -17.855 0.6999999881
139475  15.658  -60.470  -17.017 0.6000000238
126296  22.098  -65.769  -22.138 0.6999999881
8176  22.127  -65.561  -20.874 0.6000000238
9663  23.383  -63.278  -22.111 0.6999999881
9679  22.989  -63.866  -22.708 0.6999999881
148467  22.236  -65.179  -23.172 0.6999999881
12128  14.898  -61.001  -19.197 0.6000000238
12103  15.386  -60.898  -18.469 0.6000000238
139134  23.256  -62.424  -20.093 0.6000000238
11251  15.888  -61.395  -19.108 0.6000000238
12129  13.994  -60.595  -19.417 0.6000000238
12078  23.054  -61.009  -17.417 0.6000000238
11225  21.892  -61.595  -18.324 0.6000000238
11250  16.823  -61.470  -19.496 0.6999999881
11273  15.855  -61.685  -20.392 0.6000000238
134776  14.854  -61.632  -20.424 0.6000000238
143333  21.961  -59.967  -17.192 0.6000000238
12986  19.680  -59.067  -20.171 0.6000000238
12126  18.139  -60.496  -20.167 0.6000000238
11271  17.432  -61.387  -20.760 0.6999999881
11272  16.694  -61.518  -20.234 0.6000000238
11292  14.365  -62.082  -20.931 0.6000000238
13826  21.334  -58.596  -20.296 0.6000000238
12148  18.580  -60.367  -20.943 0.8000000119
13834  21.343  -59.198  -20.545 0.6000000238
13002  20.058  -59.568  -20.913 0.6999999881
11289  17.801  -61.727  -21.304 0.8000000119
145216  23.124  -65.499  -15.403 0.6999999881
8780  23.040  -64.791  -14.850 0.6999999881
8753  22.529  -64.208  -14.403 0.6999999881
7510  25.070  -66.111  -16.700 0.6999999881
7511  24.160  -66.275  -16.628 0.6999999881
9547  21.576  -63.667  -13.865 0.6000000238
9526  21.019  -63.333  -13.777 0.6000000238
12844  16.761  -59.552  -11.579 0.6000000238
13674  16.111  -58.940  -11.003 0.6000000238
12864  16.482  -59.911  -12.415 0.6000000238
12845  15.793  -59.446  -11.780 0.6000000238
139644  20.776  -62.913  -14.305 0.6000000238
142493  16.197  -60.127  -13.078 0.5000000000
9622  21.651  -63.651  -17.419 0.6999999881
144649  20.381  -63.151  -16.456 0.6999999881
12042  17.325  -60.460  -14.755 0.4000000060
12044  15.665  -60.135  -14.416 0.5000000000
128883  22.096  -64.953  -19.563 0.6999999881
9636  22.092  -64.293  -18.395 0.8000000119
12051  16.764  -60.572  -15.448 0.5000000000
8845  22.997  -64.977  -20.313 0.6000000238
9637  20.976  -64.236  -18.133 0.6999999881
12065  17.147  -60.829  -16.288 0.6000000238
8196  23.204  -65.242  -22.983 0.6999999881
8857  23.010  -65.449  -21.713 0.6999999881
130059  17.570  -61.137  -17.208 0.6999999881
132796  16.544  -60.950  -17.048 0.6000000238
10383  24.003  -62.169  -20.628 0.6999999881
10400  24.667  -62.201  -21.672 0.6999999881
12082  17.923  -61.214  -18.164 0.5000000000
12102  16.163  -61.313  -18.389 0.6000000238
126504  24.605  -60.866  -17.960 0.6000000238
11224  23.679  -61.806  -19.251 0.6000000238
11227  16.644  -61.458  -18.731 0.6999999881
11204  23.791  -61.269  -18.113 0.6000000238
10368  22.624  -62.076  -18.924 0.6000000238
12970  19.038  -59.565  -19.400 0.5000000000
12101  18.036  -60.902  -19.116 0.6000000238
12079  22.195  -60.678  -17.412 0.6000000238
13810  20.901  -58.016  -19.852 0.6000000238
12969  19.536  -58.849  -19.095 0.5000000000
12127  17.465  -61.153  -20.206 0.6999999881
14627  21.727  -57.761  -19.919 0.6000000238
8114  23.659  -64.994  -15.278 0.6999999881
8752  23.150  -63.792  -14.790 0.6999999881
145717  22.613  -63.488  -14.627 0.6000000238
10300  21.526  -63.065  -14.399 0.6000000238
12831  18.103  -59.175  -10.720 0.4000000060
12832  17.107  -59.083  -10.668 0.5000000000
10319  21.716  -62.774  -15.217 0.6000000238
12862  18.352  -59.505  -12.341 0.5000000000
13675  15.146  -58.454  -11.410 0.6000000238
10334  22.640  -62.801  -15.993 0.6999999881
9621  22.628  -63.580  -17.475 0.6999999881
9573  20.202  -62.881  -15.600 0.6000000238
148225  17.974  -60.020  -13.514 0.5000000000
8830  22.763  -64.577  -19.168 0.6999999881
12041  18.116  -60.285  -14.899 0.4000000060
10414  25.634  -62.621  -22.220 0.6999999881
8855  24.230  -64.567  -22.302 0.6999999881
8843  24.317  -64.513  -20.930 0.6999999881
12050  17.692  -60.596  -15.573 0.6000000238
12144  25.841  -60.812  -21.120 0.6999999881
11285  25.325  -62.168  -22.061 0.6999999881
8875  23.751  -64.588  -22.774 0.6999999881
8856  23.738  -64.969  -21.461 0.6999999881
12048  19.223  -60.073  -16.035 0.5000000000
12064  18.104  -60.793  -16.454 0.5000000000
12097  24.689  -61.166  -19.251 0.6000000238
11246  25.185  -61.236  -20.643 0.6999999881
10415  24.806  -62.949  -22.347 0.6999999881
9678  23.872  -63.523  -22.551 0.6999999881
12063  18.881  -60.454  -16.647 0.5000000000
12060  24.937  -60.314  -16.587 0.5000000000
12096  25.399  -60.591  -18.729 0.6000000238
8778  24.389  -63.693  -15.495 0.6999999881
9545  22.921  -63.112  -15.095 0.6999999881
13655  18.388  -58.825  -10.077 0.4000000060
129675  24.205  -63.185  -15.800 0.6999999881
10318  22.479  -62.859  -15.450 0.6999999881
13641  16.933  -58.248  -9.803 0.4000000060
10317  23.292  -62.961  -15.737 0.6999999881
13658  15.666  -57.915  -10.638 0.6000000238
9620  23.646  -63.423  -17.468 0.8000000119
9596  23.093  -63.068  -16.550 0.6999999881
9648  24.887  -63.932  -20.303 0.6000000238
9634  23.882  -63.878  -18.633 0.6000000238
16218  14.989  -54.694  -10.132 0.6000000238
9661  25.645  -63.416  -22.020 0.6999999881
9647  25.630  -63.603  -21.105 0.6999999881
8844  23.561  -64.451  -19.575 0.6000000238
11283  26.366  -61.640  -21.988 0.6000000238
12122  26.270  -60.263  -20.461 0.6000000238
15331  13.087  -55.603  -9.546 0.5000000000
12075  26.143  -60.083  -18.314 0.6000000238
12123  25.561  -60.697  -19.936 0.6999999881
12943  26.592  -59.618  -17.476 0.5000000000
9595  23.979  -63.041  -16.362 0.6999999881
13640  17.763  -58.445  -9.521 0.4000000060
139673  24.307  -63.495  -18.010 0.8000000119
14506  16.036  -57.506  -9.949 0.5000000000
9632  25.415  -63.399  -19.284 0.8000000119
15328  16.001  -56.345  -8.730 0.4000000060
14490  16.384  -57.238  -9.234 0.4000000060
9633  24.579  -63.711  -18.926 0.6999999881
16202  15.073  -54.870  -9.421 0.4000000060
14491  15.638  -56.396  -9.448 0.5000000000
13001  26.990  -60.195  -21.407 0.6000000238
9660  25.944  -62.961  -22.173 0.6000000238
9646  26.161  -63.164  -21.672 0.6999999881
16175  15.334  -55.672  -8.125 0.4000000060
12984  26.940  -59.728  -20.915 0.6000000238
12143  26.476  -60.491  -21.331 0.6000000238
14492  13.234  -56.594  -9.063 0.4000000060
16204  13.941  -54.741  -9.689 0.6000000238
12967  26.754  -59.671  -19.688 0.6000000238
130688  26.858  -59.481  -18.534 0.5000000000
12921  27.046  -59.265  -16.840 0.5000000000
13622  17.939  -58.132  -8.825 0.4000000060
9618  25.363  -62.987  -17.099 0.8000000119
14473  17.217  -57.366  -8.258 0.4000000060
141874  25.556  -63.022  -18.046 0.6999999881
15309  16.372  -56.568  -8.089 0.4000000060
10381  26.752  -62.730  -20.922 0.6000000238
10382  26.173  -63.122  -20.260 0.6999999881
11282  26.754  -61.358  -21.818 0.6000000238
10398  27.153  -62.133  -21.402 0.6000000238
15291  15.640  -56.058  -7.490 0.4000000060
15312  14.273  -55.855  -8.441 0.4000000060
12966  27.523  -59.010  -19.316 0.6000000238
14474  13.684  -56.990  -8.320 0.4000000060
14472  18.189  -57.841  -8.096 0.4000000060
10367  26.171  -62.808  -18.588 0.6999999881
14452  17.643  -57.257  -7.460 0.4000000060
10380  27.460  -62.267  -19.876 0.6999999881
141865  26.702  -62.653  -19.554 0.6000000238
15290  16.229  -56.262  -7.295 0.4000000060
12142  27.548  -60.040  -21.315 0.6000000238
11266  27.241  -61.234  -21.590 0.6000000238
14455  14.490  -56.648  -7.604 0.4000000060
13823  27.957  -58.510  -20.268 0.6000000238
13608  13.781  -57.871  -7.374 0.3000000119
13807  28.128  -58.469  -19.573 0.4000000060
149969  28.389  -58.511  -18.807 0.4000000060
129855  28.930  -58.348  -18.569 0.4000000060
15271  16.652  -56.364  -6.272 0.4000000060
15272  15.989  -56.235  -6.543 0.4000000060
135384  28.198  -58.823  -21.065 0.6000000238
13832  28.672  -58.038  -20.868 0.6000000238
13831  29.383  -57.818  -20.885 0.6000000238
13804  30.214  -58.235  -19.205 0.4000000060
13803  31.046  -58.526  -18.783 0.5000000000
126432  29.759  -58.403  -18.343 0.4000000060
14392  11.673  -56.882  -4.906 0.3000000119
15218  19.283  -56.269  -4.830 0.4000000060
15224  13.296  -56.760  -4.130 0.3000000119
17095  9.887  -55.103  -6.528 0.4000000060
16116  20.086  -56.001  -4.663 0.4000000060
16104  18.493  -55.713  -3.397 0.4000000060
16107  14.643  -55.659  -3.299 0.3000000119
135905  15.674  -55.616  -2.991 0.3000000119
16142  11.474  -55.962  -5.246 0.3000000119
16122  12.085  -56.103  -4.714 0.3000000119
16143  10.908  -55.868  -5.752 0.3000000119
17050  18.961  -55.179  -2.958 0.4000000060
16097  18.146  -55.219  -2.784 0.4000000060
16106  16.692  -55.737  -2.974 0.4000000060
17064  13.355  -54.948  -3.811 0.3000000119
144454  12.397  -54.756  -4.759 0.3000000119
133075  8.793  -52.493  -8.780 0.4000000060
19918  8.715  -51.552  -10.112 0.3000000119
20830  9.564  -50.447  -11.111 0.3000000119
148154  11.583  -54.829  -5.533 0.3000000119
17081  11.220  -54.381  -5.917 0.3000000119
17039  17.809  -54.480  -2.547 0.4000000060
16099  16.415  -55.149  -2.636 0.4000000060
17052  14.918  -54.844  -2.996 0.3000000119
17053  14.036  -54.815  -3.388 0.3000000119
126506  12.950  -54.397  -4.408 0.3000000119
18057  9.366  -53.352  -7.493 0.3000000119
18013  12.463  -53.987  -5.055 0.3000000119
19917  9.577  -51.350  -9.975 0.3000000119
18024  11.929  -53.724  -5.698 0.3000000119
19916  10.396  -51.213  -9.762 0.4000000060
20815  10.185  -50.898  -10.724 0.3000000119
20803  10.908  -50.887  -10.263 0.3000000119
20829  10.514  -50.312  -11.327 0.3000000119
142933  16.322  -54.432  -2.615 0.4000000060
17997  15.284  -53.954  -3.060 0.4000000060
17998  14.374  -53.779  -3.499 0.3000000119
18982  9.519  -52.211  -8.575 0.4000000060
18012  13.095  -53.573  -4.686 0.3000000119
18971  10.559  -52.481  -7.475 0.3000000119
19909  9.913  -51.603  -9.100 0.4000000060
144258  10.826  -51.597  -8.333 0.4000000060
141033  11.781  -50.313  -11.096 0.3000000119
17996  16.360  -53.183  -3.091 0.4000000060
18905  15.194  -53.100  -3.540 0.4000000060
18922  14.563  -52.725  -4.082 0.4000000060
127335  13.337  -52.772  -5.048 0.4000000060
18023  12.619  -53.100  -5.480 0.3000000119
19888  11.987  -52.245  -6.672 0.3000000119
18970  11.274  -52.323  -7.114 0.3000000119
128946  11.376  -51.287  -8.437 0.3000000119
20789  12.007  -50.769  -9.132 0.5000000000
21757  11.797  -49.427  -11.654 0.3000000119
18921  15.453  -52.310  -4.019 0.4000000060
18937  14.057  -52.319  -4.890 0.4000000060
19874  13.888  -51.889  -5.672 0.3000000119
19898  13.649  -51.121  -7.211 0.3000000119
20775  14.187  -50.658  -7.937 0.3000000119
20786  14.831  -50.349  -8.625 0.3000000119
18956  12.503  -52.495  -6.104 0.3000000119
18955  12.760  -51.875  -6.551 0.3000000119
20776  13.234  -50.770  -7.983 0.3000000119
20787  13.873  -50.433  -8.734 0.3000000119
20799  14.379  -50.128  -9.346 0.3000000119
124359  12.716  -51.365  -7.290 0.3000000119
20801  12.703  -50.479  -9.867 0.3000000119
20813  12.451  -50.244  -10.777 0.3000000119
133757  12.755  -48.177  -11.554 0.3000000119
18901  18.484  -52.025  -3.084 0.3000000119
19833  17.182  -51.620  -3.964 0.3000000119
18920  16.267  -51.960  -3.952 0.3000000119
20750  16.209  -51.061  -6.003 0.3000000119
20773  15.808  -50.630  -7.637 0.3000000119
20785  15.525  -50.229  -8.275 0.3000000119
19855  15.887  -51.686  -4.562 0.3000000119
19885  15.415  -51.247  -6.210 0.3000000119
146445  14.500  -50.951  -7.399 0.3000000119
20774  15.155  -50.691  -7.921 0.3000000119
20798  15.029  -49.865  -9.008 0.3000000119
21737  14.540  -49.605  -9.715 0.3000000119
20812  13.358  -50.073  -10.496 0.3000000119
21746  14.054  -49.444  -10.484 0.3000000119
20826  12.807  -49.854  -11.132 0.3000000119
22691  13.150  -48.701  -11.449 0.3000000119
134970  19.020  -51.501  -3.210 0.3000000119
19853  17.852  -51.086  -4.171 0.3000000119
19872  16.430  -51.234  -5.172 0.3000000119
20760  16.534  -50.587  -6.414 0.3000000119
141467  16.013  -50.215  -7.841 0.3000000119
22673  15.042  -48.983  -9.267 0.3000000119
22674  14.599  -48.202  -9.977 0.3000000119
22690  13.758  -48.177  -11.155 0.3000000119
23618  12.414  -47.729  -11.438 0.3000000119
22654  15.965  -48.899  -7.807 0.3000000119
22664  15.544  -48.958  -8.430 0.3000000119
23594  14.576  -47.265  -9.982 0.3000000119
140430  14.104  -46.797  -11.086 0.3000000119
135076  13.315  -47.945  -11.438 0.3000000119
24544  13.816  -46.573  -11.246 0.3000000119
125213  15.588  -48.106  -8.059 0.3000000119
132421  15.251  -48.255  -8.703 0.3000000119
23593  14.882  -47.840  -9.261 0.3000000119
23567  16.096  -47.989  -7.435 0.3000000119
23568  15.713  -47.208  -7.708 0.3000000119
23580  15.189  -47.312  -8.547 0.3000000119
144313  14.792  -47.026  -9.284 0.3000000119
24537  14.354  -46.554  -10.690 0.3000000119
24543  14.181  -45.993  -11.125 0.3000000119
137851  13.956  -45.678  -11.265 0.3000000119
3960  24.230  -72.192  -21.582 0.5000000000
130824  24.731  -71.797  -22.457 0.5000000000
4540  25.017  -71.325  -22.899 0.4000000060
7596  14.889  -66.399  -21.684 0.6999999881
8882  13.150  -65.437  -22.586 0.6999999881
6437  25.290  -67.686  -22.609 0.4000000060
4528  25.542  -71.510  -21.836 0.5000000000
8210  19.062  -66.036  -22.997 0.6000000238
148226  18.685  -63.607  -16.257 0.5000000000
8859  20.220  -65.093  -22.606 0.6000000238
9635  23.083  -64.051  -18.413 0.8000000119
127615  21.320  -63.134  -16.595 0.6999999881
147312  23.658  -64.738  -20.494 0.6000000238
12944  25.833  -60.118  -17.013 0.5000000000
9677  24.322  -63.943  -22.525 0.6999999881
16189  14.432  -55.025  -8.918 0.4000000060
12922  26.328  -59.692  -16.429 0.5000000000
13000  27.589  -59.331  -21.041 0.6000000238
12942  27.300  -59.165  -17.966 0.4000000060
11245  27.954  -61.623  -20.819 0.6000000238
12141  28.487  -59.523  -21.172 0.6000000238
14454  14.917  -56.851  -6.807 0.3000000119
13806  28.676  -58.108  -19.698 0.4000000060
13820  29.871  -57.749  -20.529 0.4000000060
139406  19.531  -55.905  -4.224 0.4000000060
18903  16.744  -52.414  -3.469 0.3000000119
19831  18.466  -51.243  -3.619 0.3000000119
11222  29.001  -61.551  -18.701 0.5000000000
11203  28.302  -61.859  -18.068 0.5000000000
10348  27.444  -62.394  -17.513 0.6999999881
10332  26.919  -62.822  -16.818 0.6999999881
9594  24.792  -63.151  -16.333 0.6000000238
11223  28.294  -61.788  -19.245 0.5000000000
10366  26.992  -62.409  -18.472 0.6000000238
10350  25.956  -62.825  -17.537 0.6000000238
8131  25.525  -65.312  -16.179 0.6000000238
8132  24.707  -65.547  -16.049 0.6000000238
10331  27.825  -62.811  -16.861 0.6999999881
8798  26.553  -63.995  -16.172 0.6000000238
8799  25.755  -64.395  -15.902 0.6000000238
9591  27.140  -63.387  -16.542 0.6999999881
8776  25.717  -63.719  -15.992 0.6000000238
8112  25.157  -64.783  -15.728 0.6000000238
129420  29.425  -61.214  -19.861 0.5000000000
8816  28.738  -64.059  -17.007 0.6999999881
8817  27.880  -64.466  -16.790 0.6999999881
8146  27.592  -65.344  -17.221 0.6000000238
8148  25.912  -65.863  -16.842 0.6000000238
9616  29.211  -63.194  -17.072 0.6000000238
8796  27.907  -63.583  -16.639 0.6999999881
8130  26.309  -64.975  -16.314 0.6000000238
10345  30.508  -62.586  -17.588 0.6000000238
12121  30.195  -60.214  -21.006 0.5000000000
11244  28.764  -61.295  -20.162 0.5000000000
8815  29.695  -64.026  -17.355 0.6999999881
8145  28.471  -65.047  -17.439 0.6000000238
7527  26.275  -66.335  -17.611 0.6000000238
12138  31.606  -60.113  -21.509 0.5000000000
11243  29.642  -60.637  -20.648 0.5000000000
13005  32.786  -58.440  -21.845 0.5000000000
12981  33.127  -58.453  -20.719 0.4000000060
127742  13.758  -66.826  -19.211 0.4000000060
7552  14.196  -67.045  -18.641 0.4000000060
134270  14.729  -67.143  -17.992 0.5000000000
7532  15.626  -66.525  -18.308 0.5000000000
7533  14.732  -67.387  -17.086 0.5000000000
138803  30.819  -58.488  -21.351 0.5000000000
126631  15.303  -67.238  -16.781 0.5000000000
7450  15.401  -66.593  -12.770 0.6000000238
12997  31.372  -57.960  -21.197 0.4000000060
8135  16.171  -66.366  -16.419 0.5000000000
8118  16.190  -66.568  -15.538 0.5000000000
144605  15.793  -66.740  -13.479 0.5000000000
7553  13.887  -66.888  -18.469 0.5000000000
7534  14.352  -67.016  -17.668 0.5000000000
8151  14.261  -66.759  -16.931 0.5000000000
7517  14.626  -67.349  -16.741 0.5000000000
7502  14.584  -67.310  -15.990 0.5000000000
7515  15.327  -67.483  -15.894 0.5000000000
7501  14.866  -67.657  -15.471 0.5000000000
7467  15.240  -67.056  -13.783 0.5000000000
13830  30.338  -57.781  -21.027 0.5000000000
7500  15.489  -67.410  -15.036 0.5000000000
12980  34.090  -58.626  -20.786 0.4000000060
13819  31.414  -58.062  -20.562 0.4000000060
9689  11.746  -63.584  -21.525 0.5000000000
140351  14.305  -66.463  -16.096 0.5000000000
12998  29.824  -58.369  -21.224 0.5000000000
133925  30.717  -57.803  -20.851 0.4000000060
11275  12.706  -61.518  -20.647 0.5000000000
11276  11.859  -61.588  -20.630 0.5000000000
11254  11.147  -61.146  -19.289 0.5000000000
10404  11.717  -62.314  -21.082 0.5000000000
12982  32.134  -58.552  -19.940 0.4000000060
12151  12.361  -60.866  -20.127 0.5000000000
12131  12.088  -60.220  -19.599 0.5000000000
12105  13.626  -59.938  -18.959 0.5000000000
12972  13.264  -59.305  -18.532 0.5000000000
12989  11.741  -59.675  -19.077 0.5000000000
12106  10.900  -60.346  -18.615 0.4000000060
12971  14.110  -59.661  -18.211 0.5000000000
13813  11.878  -58.646  -18.275 0.6000000238
12950  10.963  -59.021  -18.131 0.6000000238
12085  15.000  -60.207  -17.806 0.5000000000
13790  13.854  -58.965  -16.997 0.5000000000
13791  13.247  -58.418  -17.448 0.5000000000
13792  12.450  -58.055  -17.702 0.6000000238
13793  11.414  -58.188  -17.756 0.6000000238
13794  10.822  -58.402  -17.204 0.6000000238
12930  10.579  -58.955  -16.243 0.5000000000
12909  9.619  -59.320  -15.358 0.5000000000
12910  8.641  -58.933  -15.395 0.5000000000
12928  14.995  -59.961  -17.010 0.5000000000
12906  15.052  -59.866  -15.746 0.5000000000
13768  13.933  -58.965  -16.140 0.5000000000
13769  13.417  -58.359  -16.637 0.5000000000
13749  13.489  -58.338  -15.684 0.6000000238
14600  11.693  -57.201  -16.753 0.6000000238
14616  10.592  -57.724  -16.553 0.6000000238
13771  10.378  -58.291  -16.238 0.6000000238
149079  9.452  -58.632  -15.415 0.5000000000
16292  6.890  -55.262  -14.304 0.5000000000
13772  6.971  -58.119  -15.904 0.5000000000
128594  15.362  -60.133  -16.302 0.5000000000
143573  15.051  -59.832  -15.005 0.5000000000
12888  14.350  -59.315  -14.705 0.6000000238
13728  13.305  -57.967  -14.679 0.6000000238
14572  12.690  -56.986  -14.905 0.6000000238
15431  12.035  -56.755  -16.247 0.6000000238
15416  12.239  -56.364  -15.529 0.6000000238
14601  10.928  -57.090  -16.573 0.6000000238
16314  11.069  -55.708  -15.942 0.6000000238
14602  10.135  -57.070  -16.132 0.6000000238
14585  9.261  -57.191  -15.700 0.5000000000
13753  7.955  -58.098  -15.482 0.5000000000
14586  8.314  -57.240  -15.532 0.5000000000
15419  7.885  -56.204  -15.527 0.5000000000
14587  7.248  -57.096  -15.621 0.5000000000
14588  6.206  -56.599  -15.577 0.5000000000
13705  13.837  -58.771  -14.120 0.6000000238
13706  13.461  -58.011  -13.601 0.6000000238
14571  12.936  -57.162  -13.918 0.6000000238
15392  12.661  -55.430  -14.033 0.6000000238
15405  12.452  -55.941  -14.755 0.6000000238
16301  11.451  -55.152  -15.505 0.6000000238
16291  11.759  -54.588  -15.003 0.6000000238
16315  10.263  -55.601  -15.790 0.5000000000
17234  10.293  -54.426  -15.234 0.5000000000
15418  8.808  -56.312  -15.690 0.5000000000
17218  8.649  -54.578  -14.705 0.5000000000
17199  8.744  -54.525  -14.167 0.6000000238
16304  7.727  -55.320  -15.175 0.5000000000
136151  7.515  -55.114  -14.694 0.5000000000
16278  8.080  -55.076  -13.807 0.5000000000
15393  7.501  -55.818  -13.397 0.5000000000
139287  13.441  -56.103  -12.768 0.6000000238
16275  12.915  -55.077  -13.262 0.6000000238
17214  11.929  -54.405  -14.364 0.6000000238
17216  10.429  -54.138  -14.545 0.6000000238
16276  10.029  -55.050  -13.271 0.6000000238
16262  8.540  -55.791  -13.202 0.5000000000
15373  13.767  -55.382  -12.260 0.6000000238
17197  10.674  -54.435  -13.808 0.6000000238
16260  10.296  -55.578  -12.628 0.6000000238
16261  9.485  -55.814  -12.767 0.5000000000
15341  14.911  -55.146  -10.582 0.6000000238
15372  14.290  -55.748  -11.695 0.6000000238
15351  14.157  -54.841  -11.555 0.6000000238
16258  12.816  -54.920  -12.739 0.6000000238
17182  11.050  -55.064  -13.001 0.6000000238
15374  10.147  -56.167  -12.192 0.5000000000
16219  14.046  -54.529  -10.834 0.6000000238
16235  12.616  -55.007  -11.782 0.6000000238
16220  13.018  -54.792  -10.955 0.6000000238
16259  11.830  -55.216  -12.392 0.6000000238
15342  12.590  -55.594  -10.247 0.6000000238
14509  11.645  -57.533  -10.658 0.5000000000
14493  12.601  -56.857  -9.649 0.4000000060
9571  24.984  -63.463  -15.860 0.6000000238
10333  26.115  -62.874  -16.878 0.6999999881
11265  28.149  -60.601  -21.177 0.5000000000
12140  29.418  -59.494  -21.197 0.5000000000
12157  32.007  -59.139  -21.769 0.5000000000
12158  31.402  -59.140  -21.552 0.5000000000
133176  14.690  -66.979  -14.032 0.6000000238
14598  12.979  -57.783  -16.304 0.6000000238
14583  12.997  -57.657  -15.524 0.6000000238
15434  9.725  -56.349  -15.864 0.6000000238
144986  8.435  -55.578  -15.498 0.5000000000
16257  13.441  -55.026  -12.313 0.6000000238
17181  12.370  -54.775  -13.663 0.6000000238
16236  11.525  -55.707  -11.599 0.6000000238
15352  10.745  -56.408  -11.701 0.6000000238
128841  24.063  -71.641  -20.075 0.4000000060
138908  24.552  -69.657  -17.425 0.5000000000
5100  25.443  -69.516  -17.508 0.5000000000
5120  24.209  -70.499  -18.593 0.4000000060
5143  24.168  -71.045  -19.358 0.4000000060
140256  25.702  -71.287  -20.016 0.4000000060
4515  24.600  -71.903  -20.829 0.4000000060
137636  26.447  -68.732  -16.478 0.5000000000
5728  25.674  -69.026  -16.712 0.5000000000
134342  25.867  -70.552  -19.243 0.5000000000
5141  26.551  -71.049  -19.978 0.5000000000
130532  25.399  -71.661  -20.790 0.4000000060
5727  27.193  -68.875  -16.833 0.5000000000
5765  27.099  -69.855  -18.384 0.5000000000
5118  26.816  -70.492  -19.199 0.5000000000
5140  27.404  -70.862  -19.887 0.5000000000
4514  25.714  -71.524  -21.371 0.4000000060
4513  26.525  -71.196  -21.140 0.4000000060
5726  28.047  -69.023  -16.979 0.5000000000
5764  28.002  -69.960  -18.370 0.5000000000
149923  28.762  -70.130  -18.345 0.5000000000
5117  27.723  -70.495  -19.114 0.5000000000
4500  27.761  -70.751  -20.399 0.5000000000
4527  26.150  -71.216  -21.916 0.4000000060
6933  26.053  -67.185  -19.106 0.5000000000
6954  25.429  -67.534  -19.733 0.4000000060
6966  26.371  -67.285  -20.241 0.4000000060
6973  27.663  -66.614  -22.116 0.4000000060
6974  26.782  -67.117  -22.331 0.4000000060
6983  26.451  -67.551  -22.849 0.4000000060
5116  28.564  -70.503  -18.996 0.5000000000
6435  26.767  -68.047  -23.045 0.4000000060
5839  26.532  -69.194  -23.022 0.4000000060
5198  26.218  -70.204  -22.855 0.4000000060
126293  29.082  -70.576  -19.549 0.4000000060
5179  26.930  -70.746  -21.843 0.4000000060
4512  27.251  -70.861  -20.956 0.4000000060
6953  26.937  -66.870  -19.448 0.4000000060
7605  28.213  -66.653  -22.746 0.4000000060
6434  27.778  -67.947  -22.863 0.4000000060
5099  30.011  -70.407  -18.421 0.4000000060
5838  27.382  -69.117  -22.790 0.4000000060
5190  27.730  -70.100  -22.033 0.4000000060
5139  29.500  -70.445  -19.860 0.4000000060
124910  28.657  -70.595  -20.252 0.4000000060
5177  28.108  -70.320  -21.308 0.4000000060
5178  27.463  -70.646  -21.342 0.4000000060
7548  26.628  -66.681  -18.463 0.5000000000
7568  28.045  -66.380  -20.325 0.4000000060
7578  28.980  -66.036  -21.609 0.4000000060
6980  29.049  -67.162  -22.663 0.4000000060
6433  28.713  -68.071  -22.628 0.4000000060
140015  29.757  -68.878  -21.903 0.4000000060
5837  28.284  -69.092  -22.485 0.4000000060
5138  30.266  -70.225  -19.567 0.4000000060
5801  29.613  -69.841  -20.782 0.4000000060
5189  28.600  -69.812  -21.736 0.4000000060
7526  27.188  -66.143  -17.784 0.5000000000
7547  27.582  -66.382  -18.798 0.5000000000
8166  28.059  -65.811  -18.034 0.6000000238
7546  28.254  -66.243  -19.619 0.5000000000
6971  29.790  -66.741  -21.823 0.4000000060
144996  30.273  -67.664  -21.832 0.4000000060
5816  30.779  -69.041  -20.786 0.4000000060
5800  31.168  -69.345  -20.114 0.4000000060
7567  28.992  -65.888  -19.497 0.4000000060
8165  28.984  -65.549  -18.415 0.5000000000
7566  29.662  -66.123  -20.102 0.4000000060
6965  30.520  -67.471  -21.154 0.4000000060
8174  30.259  -65.921  -19.080 0.5000000000
7565  30.441  -66.497  -19.778 0.4000000060
6951  30.837  -67.251  -20.249 0.4000000060
6950  31.627  -67.730  -19.803 0.4000000060
8143  30.380  -64.723  -17.740 0.6000000238
8144  29.362  -64.798  -17.626 0.6000000238
7545  31.259  -66.261  -18.880 0.5000000000
7544  32.465  -66.354  -18.798 0.4000000060
140548  28.169  -62.268  -17.436 0.5000000000
13688  14.012  -58.736  -13.178 0.5000000000
14535  13.815  -56.918  -12.300 0.5000000000
14507  15.262  -56.530  -10.306 0.5000000000
13676  14.306  -58.396  -12.237 0.5000000000
14520  14.478  -57.255  -11.557 0.5000000000
138135  13.691  -57.930  -12.824 0.5000000000
5747  26.482  -69.301  -17.422 0.5000000000
5119  25.036  -70.078  -18.360 0.5000000000
6952  27.377  -66.736  -20.597 0.4000000060
7592  28.686  -66.268  -22.323 0.4000000060
5160  29.265  -70.329  -20.396 0.4000000060
131145  28.857  -66.061  -20.570 0.4000000060
7577  29.413  -66.246  -21.267 0.4000000060
6425  30.143  -68.286  -21.919 0.4000000060
5817  30.172  -69.114  -21.308 0.4000000060
142013  28.383  -65.990  -18.858 0.5000000000
6964  31.220  -68.120  -20.562 0.4000000060
8164  29.898  -65.393  -18.306 0.5000000000
8163  30.804  -65.479  -18.284 0.6000000238
7564  31.978  -67.186  -19.168 0.5000000000
8829  31.227  -64.981  -17.875 0.5000000000
11259  38.283  -60.224  -20.789 0.3000000119
11238  36.939  -61.054  -21.449 0.3000000119
11239  36.199  -60.550  -21.912 0.3000000119
11260  37.616  -60.249  -21.140 0.3000000119
12135  38.598  -59.924  -20.665 0.3000000119
12977  41.231  -59.833  -19.731 0.3000000119
12133  40.178  -59.821  -20.071 0.3000000119
148001  35.983  -61.629  -21.478 0.3000000119
10409  35.369  -61.888  -21.840 0.4000000060
10410  34.712  -62.304  -22.005 0.4000000060
11237  38.037  -61.047  -20.559 0.3000000119
11280  33.408  -61.614  -21.978 0.4000000060
11278  35.206  -61.106  -22.290 0.4000000060
11263  30.973  -60.633  -20.730 0.4000000060
11242  30.292  -61.146  -19.949 0.4000000060
11236  38.701  -61.042  -20.118 0.3000000119
12153  35.605  -59.680  -22.175 0.3000000119
12155  33.462  -59.193  -22.315 0.4000000060
12979  38.495  -59.678  -20.366 0.3000000119
128227  36.242  -59.480  -21.730 0.3000000119
9658  35.001  -64.110  -21.496 0.4000000060
9644  33.733  -63.303  -20.222 0.4000000060
9631  31.718  -63.217  -17.779 0.4000000060
10344  31.230  -62.775  -17.734 0.4000000060
10377  36.014  -62.221  -20.562 0.4000000060
9676  34.708  -63.057  -21.570 0.4000000060
10379  32.098  -62.016  -19.208 0.4000000060
11219  31.417  -61.892  -18.765 0.4000000060
10376  37.446  -61.880  -19.554 0.3000000119
10396  33.616  -62.519  -21.137 0.4000000060
11240  32.206  -61.621  -20.277 0.4000000060
146128  29.470  -61.760  -17.993 0.4000000060
11218  38.188  -61.734  -19.395 0.3000000119
11262  32.391  -60.998  -21.517 0.4000000060
11220  30.682  -61.631  -18.834 0.4000000060
11234  40.439  -61.119  -19.216 0.3000000119
12156  32.479  -59.730  -22.059 0.4000000060
13004  33.844  -58.247  -22.046 0.4000000060
8842  34.439  -65.428  -19.918 0.4000000060
8827  32.646  -64.383  -18.310 0.4000000060
8841  35.118  -65.102  -21.155 0.4000000060
9643  34.534  -64.283  -20.654 0.4000000060
9629  33.535  -64.119  -19.213 0.4000000060
8813  31.858  -63.905  -17.767 0.4000000060
10360  36.930  -62.497  -18.480 0.3000000119
9642  35.451  -63.425  -20.547 0.4000000060
10357  40.034  -62.477  -17.742 0.3000000119
11216  39.822  -61.777  -18.695 0.3000000119
11201  30.166  -61.895  -17.983 0.4000000060
11215  40.698  -61.858  -18.227 0.3000000119
8162  31.729  -65.518  -18.282 0.4000000060
127778  33.359  -64.994  -18.859 0.4000000060
12995  33.987  -58.259  -21.688 0.3000000119
12120  34.682  -59.358  -20.159 0.3000000119
13003  34.638  -58.362  -21.961 0.3000000119
10347  28.658  -62.592  -17.184 0.4000000060
9614  30.998  -63.440  -17.560 0.4000000060
132794  30.445  -63.998  -17.492 0.4000000060
8160  33.414  -65.878  -19.070 0.4000000060
12136  38.012  -59.939  -20.984 0.3000000119
12993  38.985  -59.717  -20.423 0.3000000119
10395  35.396  -62.668  -21.241 0.4000000060
135631  33.894  -60.453  -22.477 0.4000000060
10397  32.891  -61.838  -20.961 0.4000000060
11281  33.026  -60.486  -22.282 0.4000000060
11241  31.345  -61.411  -19.715 0.4000000060
12154  34.658  -58.981  -22.273 0.4000000060
9657  35.136  -63.920  -21.275 0.4000000060
9630  32.512  -63.400  -18.343 0.4000000060
9645  33.156  -63.105  -19.117 0.4000000060
10361  36.664  -62.156  -19.737 0.3000000119
10378  32.953  -62.383  -19.847 0.4000000060
10359  37.696  -62.307  -18.523 0.3000000119
130401  35.543  -64.069  -19.586 0.4000000060
9627  36.338  -62.884  -18.534 0.3000000119
10358  39.153  -62.284  -18.141 0.3000000119
5052  20.606  -70.632  -14.457 0.3000000119
140831  19.906  -71.629  -15.097 0.3000000119
5698  21.536  -69.617  -14.464 0.3000000119
4448  20.310  -71.366  -14.430 0.3000000119
5067  20.838  -70.421  -15.243 0.3000000119
4459  19.898  -71.482  -15.766 0.3000000119
6319  22.287  -68.712  -13.793 0.3000000119
5690  21.564  -69.338  -13.590 0.3000000119
5036  20.654  -70.766  -13.831 0.3000000119
6318  23.074  -68.310  -13.922 0.3000000119
5711  22.283  -69.334  -15.046 0.3000000119
5732  21.272  -70.302  -15.899 0.3000000119
5102  23.500  -70.333  -18.012 0.3000000119
6859  22.225  -67.941  -12.079 0.3000000119
6306  21.844  -68.654  -12.418 0.3000000119
142130  23.730  -67.639  -13.526 0.3000000119
6872  22.486  -68.172  -13.049 0.3000000119
5035  21.095  -70.481  -13.140 0.3000000119
139372  22.516  -69.579  -15.859 0.3000000119
146093  24.180  -69.406  -16.772 0.3000000119
5748  23.636  -69.812  -17.223 0.3000000119
128211  23.035  -69.177  -15.451 0.3000000119
6331  23.807  -68.288  -14.477 0.3000000119
6330  24.561  -68.342  -15.010 0.3000000119
6350  24.598  -68.670  -15.646 0.3000000119
5730  23.484  -69.370  -16.234 0.3000000119
6368  25.075  -68.824  -16.129 0.3000000119
6364  28.583  -68.697  -16.352 0.4000000060
6366  27.052  -68.513  -16.144 0.4000000060
3911  24.811  -72.853  -15.430 0.3000000119
2913  25.218  -74.149  -16.933 0.3000000119
4438  20.701  -71.175  -13.678 0.3000000119
3897  20.402  -72.209  -14.447 0.3000000119
5001  22.755  -70.019  -11.619 0.3000000119
4420  22.680  -71.158  -12.679 0.3000000119
3894  24.118  -72.487  -14.643 0.3000000119
3912  23.820  -72.927  -15.342 0.3000000119
140246  24.575  -74.193  -17.120 0.3000000119
5652  22.430  -68.410  -11.028 0.3000000119
5020  22.245  -70.479  -12.202 0.3000000119
4435  23.113  -71.664  -13.329 0.3000000119
3403  23.506  -73.500  -16.071 0.3000000119
140816  24.351  -73.771  -16.731 0.3000000119
5021  21.593  -70.264  -12.472 0.3000000119
4421  21.729  -70.896  -12.724 0.3000000119
133999  22.118  -72.377  -14.150 0.3000000119
3404  22.379  -73.472  -15.616 0.3000000119
3880  21.716  -71.910  -13.650 0.3000000119
3386  21.978  -72.900  -14.788 0.3000000119
5712  21.599  -69.865  -15.368 0.3000000119
5731  21.937  -70.043  -16.240 0.3000000119
6294  21.991  -68.580  -11.739 0.3000000119
5710  23.824  -68.782  -15.404 0.3000000119
3910  25.842  -72.864  -15.459 0.3000000119
3405  21.363  -73.479  -15.367 0.3000000119
5667  22.370  -69.215  -11.379 0.3000000119
4419  23.669  -71.385  -12.884 0.3000000119
4436  22.164  -71.524  -13.186 0.3000000119
3895  23.031  -72.541  -14.555 0.3000000119
3421  21.877  -73.927  -15.995 0.3000000119
6348  26.564  -68.290  -15.710 0.3000000119
139545  34.098  -64.197  -15.630 0.3000000119
8774  33.052  -64.959  -15.637 0.3000000119
8109  32.228  -66.100  -15.648 0.3000000119
7492  31.817  -67.050  -15.659 0.4000000060
6345  31.179  -68.474  -16.069 0.4000000060
6362  30.414  -69.255  -16.652 0.3000000119
5744  29.391  -69.988  -17.870 0.3000000119
8107  33.640  -65.742  -15.669 0.3000000119
137746  33.124  -68.008  -15.864 0.4000000060
6360  32.562  -69.090  -16.579 0.4000000060
145919  32.401  -69.500  -17.717 0.4000000060
5098  30.641  -70.274  -18.437 0.3000000119
5762  32.189  -69.366  -18.814 0.4000000060
5741  31.991  -69.656  -18.306 0.4000000060
5784  30.615  -69.845  -19.878 0.3000000119
6412  31.802  -69.007  -19.897 0.3000000119
11158  34.307  -61.182  -13.796 0.3000000119
10295  34.316  -62.315  -14.853 0.3000000119
132297  32.420  -64.340  -15.503 0.4000000060
124581  31.236  -66.229  -15.526 0.4000000060
7493  30.940  -67.095  -15.528 0.3000000119
131416  30.198  -68.496  -15.984 0.3000000119
6363  29.508  -68.922  -16.471 0.3000000119
10294  35.264  -62.356  -14.928 0.3000000119
9566  34.408  -63.565  -15.490 0.3000000119
150329  34.560  -64.746  -15.611 0.3000000119
8106  34.644  -66.019  -15.613 0.3000000119
142670  33.826  -67.568  -15.768 0.3000000119
6359  33.260  -68.857  -16.647 0.4000000060
150471  35.418  -66.299  -15.550 0.3000000119
6891  35.273  -67.451  -15.992 0.3000000119
131224  34.786  -67.458  -15.796 0.3000000119
139053  33.917  -68.542  -16.743 0.4000000060
5721  32.847  -69.273  -17.180 0.4000000060
137453  35.019  -67.664  -17.384 0.3000000119
6373  33.931  -68.454  -17.856 0.4000000060
6400  32.386  -68.851  -19.321 0.4000000060
7561  34.696  -66.785  -19.580 0.3000000119
6948  33.508  -67.855  -19.230 0.4000000060
6399  33.131  -68.500  -18.986 0.4000000060
6963  31.918  -68.449  -19.818 0.4000000060
136708  34.999  -66.234  -19.984 0.3000000119
7563  33.005  -67.479  -19.336 0.4000000060
7543  33.438  -66.721  -19.275 0.3000000119
13671  33.161  -58.772  -10.993 0.3000000119
12861  32.377  -59.902  -12.012 0.3000000119
11140  31.324  -60.950  -12.936 0.3000000119
11161  31.715  -61.398  -13.542 0.3000000119
12027  34.728  -60.591  -13.331 0.3000000119
12028  33.898  -60.664  -13.290 0.3000000119
11159  33.448  -61.229  -13.751 0.3000000119
140608  30.962  -62.501  -14.261 0.3000000119
12025  36.630  -60.422  -13.347 0.3000000119
12026  35.629  -60.418  -13.274 0.3000000119
10297  32.539  -62.401  -14.634 0.3000000119
9569  31.669  -63.819  -15.250 0.3000000119
134285  30.955  -64.561  -15.254 0.3000000119
145210  30.412  -66.439  -15.319 0.3000000119
6895  29.573  -67.634  -15.423 0.3000000119
126140  28.642  -67.691  -15.304 0.3000000119
6896  27.882  -67.628  -15.120 0.3000000119
11156  36.110  -61.099  -13.823 0.3000000119
145876  35.328  -67.186  -17.657 0.3000000119
6932  34.517  -67.874  -18.251 0.3000000119
7525  35.588  -66.541  -17.415 0.3000000119
6931  34.910  -67.242  -19.003 0.3000000119
8172  35.153  -65.906  -20.129 0.3000000119
8173  35.083  -65.747  -20.418 0.3000000119
128045  34.169  -66.366  -19.618 0.3000000119
13650  32.749  -58.436  -10.272 0.3000000119
13670  33.852  -58.637  -11.037 0.3000000119
12860  33.184  -59.785  -12.135 0.3000000119
12009  32.700  -60.318  -12.587 0.3000000119
12858  34.842  -59.657  -12.464 0.3000000119
12008  33.533  -60.230  -12.722 0.3000000119
147567  27.321  -67.682  -15.073 0.3000000119
139411  33.409  -57.560  -9.145 0.3000000119
13649  33.587  -58.314  -10.427 0.3000000119
14503  34.902  -57.791  -10.190 0.3000000119
13669  34.328  -58.762  -11.337 0.3000000119
12859  34.021  -59.678  -12.300 0.3000000119
12006  35.568  -59.769  -12.701 0.3000000119
14465  34.859  -56.988  -8.608 0.3000000119
128794  34.877  -57.395  -9.483 0.3000000119
13647  35.428  -58.095  -10.758 0.3000000119
13668  35.039  -58.638  -11.381 0.3000000119
6365  27.731  -68.562  -16.233 0.3000000119
5725  28.953  -69.293  -17.067 0.3000000119
130110  31.319  -69.623  -16.979 0.3000000119
5742  31.335  -69.999  -18.356 0.4000000060
134817  32.389  -67.950  -19.616 0.4000000060
129745  35.396  -65.238  -20.013 0.3000000119
9567  33.510  -63.513  -15.457 0.3000000119
132402  33.230  -66.441  -15.713 0.3000000119
6892  32.347  -67.909  -15.871 0.4000000060
6344  32.050  -68.544  -16.147 0.4000000060
138210  31.754  -69.768  -17.669 0.4000000060
142518  33.465  -68.856  -17.394 0.4000000060
11157  35.191  -61.136  -13.795 0.3000000119
10296  33.417  -62.340  -14.758 0.3000000119
8775  31.751  -64.592  -15.432 0.3000000119
9568  32.629  -63.596  -15.373 0.3000000119
150796  30.211  -67.167  -15.378 0.3000000119
130513  35.262  -63.698  -15.477 0.3000000119
142075  35.193  -65.531  -15.562 0.3000000119
143707  33.944  -68.557  -17.268 0.4000000060
7560  35.151  -66.562  -19.505 0.3000000119
11160  32.584  -61.298  -13.664 0.3000000119
10298  31.680  -62.471  -14.467 0.3000000119
9570  30.891  -63.791  -14.999 0.3000000119
143945  35.673  -65.540  -17.708 0.3000000119
130556  16.340  -66.180  -13.723 0.4000000060
2440  25.188  -74.665  -16.642 0.3000000119
2912  25.689  -74.158  -16.573 0.3000000119
3402  24.529  -73.335  -16.125 0.3000000119
3418  25.090  -73.778  -16.805 0.3000000119
3878  24.429  -72.050  -14.016 0.3000000119
3879  22.633  -72.054  -13.776 0.3000000119
3881  21.005  -71.688  -13.678 0.3000000119
3882  20.623  -71.760  -13.993 0.3000000119
3896  21.202  -72.310  -14.145 0.3000000119
3913  22.940  -73.034  -15.265 0.3000000119
3959  24.941  -71.824  -21.470 0.4000000060
3971  24.542  -72.038  -22.009 0.5000000000
3981  24.888  -71.781  -22.128 0.5000000000
4437  21.297  -71.279  -13.274 0.3000000119
4460  19.598  -72.127  -15.557 0.3000000119
4501  26.971  -70.997  -20.576 0.5000000000
4502  26.198  -71.360  -20.708 0.4000000060
4503  24.865  -71.493  -20.046 0.4000000060
4516  23.828  -72.164  -20.834 0.5000000000
4526  26.730  -70.994  -21.421 0.4000000060
4532  25.830  -71.044  -22.540 0.4000000060
4533  24.314  -71.930  -22.884 0.5000000000
5002  21.867  -69.747  -11.935 0.3000000119
5051  20.981  -70.102  -13.823 0.3000000119
5068  20.240  -71.020  -15.116 0.3000000119
5081  22.071  -70.283  -16.971 0.3000000119
5082  21.375  -70.453  -16.555 0.3000000119
5083  20.601  -70.793  -16.016 0.3000000119
5097  30.819  -70.226  -18.990 0.4000000060
5101  24.185  -70.067  -17.902 0.5000000000
5115  29.997  -70.457  -19.138 0.4000000060
5142  24.968  -70.793  -19.276 0.4000000060
5159  29.916  -70.131  -20.182 0.4000000060
5161  27.986  -70.563  -20.825 0.4000000060
5176  28.794  -70.221  -20.937 0.4000000060
5191  26.941  -70.141  -22.511 0.4000000060
5668  21.675  -69.215  -12.118 0.3000000119
5681  21.449  -69.795  -12.553 0.3000000119
5691  21.220  -69.792  -13.117 0.3000000119
5697  22.090  -69.117  -14.338 0.3000000119
5722  32.183  -69.523  -17.054 0.4000000060
5723  30.613  -69.768  -17.233 0.3000000119
5724  29.866  -69.586  -17.148 0.3000000119
5729  24.337  -69.030  -16.175 0.3000000119
5740  32.935  -69.212  -17.907 0.4000000060
5743  30.303  -70.124  -17.774 0.4000000060
5745  28.430  -69.603  -17.706 0.5000000000
5746  27.525  -69.397  -17.622 0.5000000000
5763  31.497  -69.799  -18.965 0.4000000060
5766  26.114  -69.897  -18.394 0.5000000000
5782  31.748  -69.353  -19.442 0.4000000060
5783  31.205  -69.690  -19.539 0.3000000119
5818  29.370  -69.552  -21.475 0.4000000060
5836  29.123  -69.025  -22.187 0.4000000060
5857  25.748  -69.215  -23.360 0.4000000060
6320  21.546  -69.276  -12.754 0.3000000119
6332  22.925  -68.788  -14.664 0.3000000119
6342  33.661  -68.370  -16.151 0.4000000060
6343  32.881  -68.537  -16.176 0.4000000060
6346  29.114  -68.302  -15.794 0.4000000060
6347  28.216  -68.194  -15.672 0.3000000119
6349  25.943  -68.051  -15.285 0.3000000119
6358  34.522  -68.054  -16.186 0.3000000119
6361  31.775  -69.163  -16.498 0.4000000060
6367  25.806  -68.544  -15.974 0.3000000119
6386  33.794  -68.201  -18.709 0.4000000060
6387  33.354  -68.746  -18.270 0.4000000060
6388  32.779  -69.033  -18.606 0.4000000060
6413  31.278  -68.738  -20.432 0.4000000060
6414  30.664  -68.364  -21.228 0.4000000060
6415  25.437  -67.704  -21.479 0.4000000060
6432  29.522  -68.153  -22.338 0.4000000060
6880  27.278  -67.285  -14.682 0.3000000119
6883  24.581  -67.798  -14.320 0.3000000119
6893  31.479  -67.848  -15.778 0.4000000060
6894  30.581  -67.820  -15.645 0.3000000119
6897  27.362  -68.109  -15.526 0.4000000060
6906  34.985  -67.779  -16.557 0.3000000119
6916  35.054  -67.404  -18.215 0.3000000119
6917  34.482  -68.262  -17.124 0.4000000060
6920  22.277  -67.392  -17.699 0.6999999881
6923  20.031  -67.879  -17.177 0.6000000238
6936  23.415  -67.564  -18.500 0.6999999881
6938  21.793  -67.804  -18.209 0.5000000000
6947  34.230  -67.510  -19.160 0.4000000060
6949  32.783  -68.225  -19.422 0.4000000060
6972  29.744  -67.377  -22.276 0.4000000060
6981  28.303  -67.079  -22.849 0.4000000060
6982  27.411  -67.096  -22.900 0.4000000060
6984  25.764  -67.698  -22.977 0.4000000060
7464  24.518  -66.973  -13.175 0.3000000119
7478  20.705  -66.019  -14.530 0.6000000238
7480  15.699  -67.066  -14.202 0.5000000000
7481  15.006  -67.499  -14.607 0.5000000000
7482  14.668  -67.246  -14.931 0.6000000238
7489  35.382  -66.906  -15.666 0.3000000119
7490  34.266  -66.721  -15.654 0.3000000119
7491  32.745  -67.155  -15.772 0.4000000060
7512  23.234  -66.472  -16.599 0.6999999881
7514  20.867  -66.838  -16.115 0.6000000238
7516  14.786  -67.622  -16.297 0.5000000000
7528  25.399  -66.520  -17.458 0.6000000238
7531  22.769  -66.964  -17.194 0.6999999881
7542  35.306  -66.880  -18.579 0.3000000119
7550  16.135  -66.094  -19.181 0.6000000238
7562  34.040  -67.035  -19.523 0.3000000119
7571  13.302  -66.380  -19.747 0.4000000060
7576  30.050  -66.619  -20.831 0.4000000060
7579  28.284  -66.289  -21.273 0.4000000060
7584  14.083  -66.710  -20.724 0.6999999881
7585  12.988  -66.378  -21.342 0.6000000238
7586  12.682  -65.950  -21.999 0.6000000238
7591  29.211  -66.540  -22.461 0.4000000060
7593  18.209  -66.429  -22.114 0.6000000238
7604  28.710  -66.604  -22.742 0.4000000060
7607  16.298  -66.177  -22.789 0.6999999881
7610  13.510  -66.105  -22.554 0.6999999881
8083  16.846  -65.082  -13.186 0.5000000000
8096  16.410  -66.268  -14.692 0.4000000060
8108  32.863  -65.626  -15.659 0.3000000119
8110  30.658  -65.548  -15.309 0.3000000119
8113  24.419  -64.704  -15.471 0.6000000238
8129  27.088  -64.694  -16.562 0.6000000238
8133  23.740  -65.742  -15.862 0.6999999881
8147  26.747  -65.606  -17.011 0.6000000238
8152  13.883  -66.591  -17.942 0.5000000000
8159  35.550  -66.080  -19.049 0.3000000119
8161  32.615  -65.272  -18.449 0.4000000060
8167  17.246  -65.200  -18.653 0.6000000238
8175  29.565  -65.775  -19.094 0.5000000000
8180  18.315  -65.882  -20.331 0.6999999881
8187  35.141  -65.357  -20.941 0.4000000060
8192  12.837  -66.162  -20.613 0.6000000238
8197  22.899  -65.465  -22.671 0.6999999881
8199  20.969  -65.880  -23.028 0.6000000238
8200  19.257  -66.258  -22.816 0.6000000238
8201  18.771  -66.242  -22.770 0.6000000238
8202  18.068  -66.134  -22.701 0.6000000238
8208  22.809  -65.245  -23.119 0.6999999881
8209  21.531  -65.442  -23.083 0.6999999881
8212  17.581  -65.871  -22.953 0.6000000238
8213  15.737  -65.841  -23.150 0.6999999881
8214  14.644  -65.870  -23.173 0.6999999881
8215  13.737  -65.883  -22.966 0.6999999881
8216  13.052  -65.955  -22.559 0.6000000238
8217  12.640  -65.507  -22.281 0.6000000238
8742  21.121  -63.993  -13.407 0.6000000238
8754  21.746  -64.340  -13.925 0.6000000238
8772  35.127  -64.514  -15.561 0.3000000119
8773  34.020  -64.993  -15.678 0.3000000119
8777  25.124  -64.019  -15.611 0.6000000238
8779  23.766  -64.153  -15.116 0.6999999881
8781  18.160  -63.872  -15.757 0.5000000000
8797  27.333  -63.968  -16.417 0.6000000238
8814  31.144  -64.327  -17.656 0.4000000060
8828  31.918  -64.736  -17.899 0.5000000000
8831  21.396  -64.731  -18.993 0.6999999881
8840  35.306  -64.579  -20.770 0.4000000060
8860  12.283  -65.188  -20.897 0.5000000000
8867  23.543  -65.108  -22.608 0.6999999881
8872  12.214  -65.138  -21.827 0.6000000238
8876  23.247  -64.943  -23.120 0.6999999881
8877  22.690  -65.004  -23.287 0.6999999881
8878  16.875  -65.246  -22.851 0.6999999881
8881  13.962  -65.384  -22.935 0.6999999881
9516  19.837  -63.632  -12.733 0.5000000000
9527  20.471  -63.544  -13.267 0.6000000238
9529  19.141  -63.322  -12.982 0.5000000000
9540  32.094  -63.035  -14.981 0.3000000119
9541  31.140  -63.121  -14.716 0.3000000119
9546  22.269  -63.021  -14.791 0.6999999881
9565  36.219  -64.531  -15.457 0.3000000119
9572  23.607  -63.384  -15.374 0.6999999881
9574  19.533  -63.013  -15.345 0.5000000000
9575  18.878  -63.326  -15.503 0.5000000000
9592  26.336  -63.353  -16.444 0.6000000238
9593  25.566  -63.236  -16.358 0.6000000238
9597  22.220  -63.121  -16.655 0.6999999881
9598  21.058  -62.759  -15.820 0.6000000238
9615  30.077  -63.268  -17.316 0.6000000238
9617  28.474  -63.168  -16.835 0.6000000238
9619  24.535  -63.153  -17.126 0.8000000119
9628  35.880  -62.901  -19.345 0.3000000119
9649  24.243  -64.141  -19.617 0.6000000238
9651  20.981  -63.318  -20.151 0.6000000238
9659  34.417  -63.304  -21.259 0.4000000060
9662  25.080  -64.014  -22.031 0.6999999881
9669  11.500  -63.417  -21.035 0.5000000000
9675  35.000  -63.073  -21.615 0.4000000060
9680  22.215  -64.608  -22.967 0.6999999881
9681  19.255  -64.201  -21.622 0.6999999881
9682  18.644  -64.302  -21.942 0.6999999881
9684  16.789  -63.291  -21.823 0.6999999881
9687  13.369  -63.723  -21.944 0.6999999881
9690  23.522  -64.278  -22.915 0.6999999881
9691  22.837  -64.639  -23.181 0.6999999881
9692  22.181  -65.019  -23.251 0.6999999881
10275  31.293  -61.968  -13.962 0.3000000119
10301  20.315  -62.994  -13.859 0.5000000000
10313  35.946  -63.299  -15.343 0.3000000119
10314  34.813  -62.964  -15.309 0.3000000119
10315  33.884  -62.893  -15.251 0.3000000119
10316  32.988  -62.921  -15.159 0.3000000119
10320  20.886  -62.732  -14.994 0.6000000238
10335  21.931  -62.740  -15.947 0.6999999881
10343  37.360  -62.773  -17.771 0.3000000119
10346  29.547  -62.358  -17.482 0.4000000060
10349  26.589  -62.634  -17.530 0.6000000238
10362  32.571  -62.657  -18.853 0.4000000060
10363  31.841  -62.552  -18.281 0.4000000060
10364  31.002  -62.149  -18.090 0.4000000060
10365  27.738  -62.069  -18.365 0.5000000000
10369  21.643  -62.068  -18.829 0.6000000238
10386  20.506  -62.503  -19.626 0.6000000238
10399  26.461  -62.586  -21.886 0.6000000238
10401  23.921  -62.736  -21.765 0.6999999881
10402  22.945  -62.989  -20.877 0.6999999881
10405  11.478  -62.150  -20.603 0.5000000000
10411  34.152  -62.498  -21.884 0.4000000060
10412  26.676  -61.946  -21.913 0.6000000238
10413  26.170  -62.339  -22.147 0.6000000238
10417  18.083  -62.435  -21.525 0.8000000119
10421  13.870  -62.798  -21.398 0.6000000238
10424  11.524  -62.824  -21.113 0.5000000000
11176  35.671  -61.707  -14.407 0.3000000119
11177  34.752  -61.709  -14.374 0.3000000119
11178  33.861  -61.730  -14.333 0.3000000119
11179  32.985  -61.782  -14.250 0.3000000119
11180  32.117  -61.859  -14.129 0.3000000119
11202  28.836  -61.960  -17.714 0.4000000060
11205  22.691  -61.449  -18.062 0.6000000238
11207  17.357  -61.404  -18.829 0.6999999881
11217  38.929  -61.679  -19.065 0.3000000119
11221  29.832  -61.529  -18.807 0.5000000000
11226  21.126  -61.193  -18.521 0.6000000238
11235  39.471  -61.111  -19.651 0.3000000119
11247  24.516  -61.681  -20.468 0.6999999881
11248  20.183  -61.439  -19.952 0.6000000238
11252  15.325  -61.374  -19.805 0.6000000238
11253  14.386  -61.185  -19.900 0.6000000238
11264  29.000  -60.480  -20.838 0.5000000000
11267  25.585  -61.484  -21.691 0.6999999881
11268  25.052  -61.721  -21.435 0.6999999881
11270  19.383  -61.718  -21.207 0.8000000119
11274  13.825  -61.577  -20.512 0.6000000238
11279  34.292  -61.590  -22.326 0.4000000060
11284  25.880  -61.900  -22.147 0.6000000238
11288  18.610  -61.548  -21.377 0.8000000119
11290  16.964  -61.950  -21.073 0.8000000119
11294  12.157  -62.149  -21.198 0.5000000000
12007  34.343  -60.149  -12.847 0.3000000119
12010  31.823  -60.380  -12.390 0.3000000119
12029  33.051  -60.722  -13.213 0.3000000119
12030  32.186  -60.808  -13.093 0.3000000119
12031  17.025  -60.403  -14.069 0.4000000060
12032  16.336  -60.261  -13.801 0.5000000000
12033  15.405  -59.918  -13.507 0.5000000000
12043  16.484  -60.408  -14.623 0.4000000060
12049  18.525  -60.388  -15.777 0.6000000238
12062  22.855  -60.369  -16.794 0.6000000238
12066  16.197  -60.546  -16.228 0.5000000000
12076  25.254  -60.468  -17.590 0.5000000000
12077  24.496  -60.598  -17.104 0.5000000000
12080  21.646  -60.279  -17.741 0.6000000238
12081  19.107  -60.271  -17.462 0.5000000000
12083  16.904  -61.396  -17.991 0.6999999881
12084  15.912  -60.985  -17.749 0.6000000238
12100  18.621  -60.445  -18.452 0.6000000238
12104  14.527  -60.348  -18.672 0.6000000238
12107  10.837  -59.695  -18.228 0.6000000238
12124  21.243  -59.885  -20.158 0.6999999881
12130  13.007  -60.317  -19.619 0.5000000000
12132  11.356  -60.313  -19.223 0.5000000000
12134  39.293  -59.860  -20.384 0.3000000119
12137  35.418  -58.746  -21.950 0.3000000119
12139  30.824  -59.607  -21.355 0.5000000000
12146  20.458  -60.272  -21.043 0.8000000119
12147  19.508  -60.196  -21.146 0.6999999881
12149  17.986  -60.788  -20.679 0.6999999881
12152  11.684  -60.891  -19.894 0.5000000000
12159  26.951  -60.784  -21.667 0.6000000238
12160  26.614  -60.950  -21.716 0.6000000238
12161  26.122  -61.185  -21.784 0.6000000238
12163  18.266  -61.009  -21.187 0.8000000119
12836  36.282  -58.935  -12.001 0.3000000119
12837  35.494  -59.151  -12.054 0.3000000119
12838  34.574  -59.187  -11.856 0.3000000119
12839  33.701  -59.175  -11.605 0.3000000119
12840  32.776  -59.364  -11.518 0.3000000119
12843  17.753  -59.524  -11.483 0.6000000238
12857  36.192  -59.447  -12.470 0.3000000119
12863  17.422  -59.853  -12.321 0.6000000238
12866  14.713  -59.362  -12.819 0.5000000000
12877  17.154  -60.198  -13.250 0.5000000000
12878  14.501  -59.394  -13.740 0.6000000238
12887  17.687  -60.227  -14.090 0.4000000060
12904  19.397  -59.365  -15.529 0.5000000000
12907  14.485  -59.438  -15.567 0.5000000000
12929  14.568  -59.560  -16.459 0.5000000000
12945  21.596  -59.725  -17.972 0.6000000238
12948  14.368  -59.535  -17.399 0.5000000000
12949  13.639  -59.069  -17.800 0.5000000000
12973  12.349  -59.151  -18.692 0.5000000000
12974  11.094  -59.749  -18.621 0.5000000000
12983  27.556  -59.065  -20.479 0.6000000238
12985  21.535  -59.117  -20.354 0.8000000119
12987  18.947  -59.742  -20.404 0.6000000238
12988  12.661  -59.688  -19.163 0.5000000000
12992  39.650  -59.382  -20.114 0.3000000119
12994  34.814  -58.533  -21.552 0.3000000119
12996  33.009  -58.216  -21.644 0.5000000000
12999  28.946  -58.485  -21.123 0.5000000000
13006  31.826  -58.424  -21.481 0.5000000000
13633  33.135  -57.959  -9.713 0.3000000119
13648  34.471  -58.291  -10.711 0.3000000119
13656  17.670  -58.808  -10.129 0.4000000060
13657  16.410  -58.396  -10.402 0.5000000000
13687  19.038  -58.967  -12.144 0.5000000000
13689  13.286  -57.107  -13.082 0.5000000000
13727  13.774  -58.707  -14.925 0.6000000238
13748  13.967  -58.998  -15.409 0.5000000000
13750  10.099  -58.784  -15.608 0.5000000000
13751  9.840  -57.975  -15.724 0.6000000238
13752  8.901  -58.062  -15.392 0.5000000000
13770  12.888  -57.896  -17.056 0.6000000238
13786  27.904  -58.768  -18.432 0.4000000060
13787  22.475  -58.216  -18.105 0.5000000000
13805  29.313  -57.971  -19.594 0.4000000060
13812  12.907  -58.639  -18.176 0.5000000000
13818  32.182  -58.067  -21.111 0.4000000060
13821  29.006  -57.745  -20.535 0.6000000238
13822  28.459  -58.131  -20.466 0.4000000060
13827  20.376  -58.500  -19.955 0.6000000238
13829  32.237  -58.134  -21.454 0.4000000060
13833  28.105  -58.501  -20.815 0.6000000238
13835  20.720  -59.067  -20.670 0.6000000238
14451  18.527  -57.580  -7.401 0.4000000060
14453  16.875  -56.792  -7.564 0.4000000060
14486  35.644  -57.034  -9.158 0.3000000119
14489  17.177  -57.710  -9.085 0.4000000060
14504  34.080  -57.793  -9.820 0.3000000119
14508  14.745  -56.182  -11.034 0.5000000000
14521  11.360  -56.705  -11.104 0.6000000238
14584  12.541  -57.169  -15.903 0.6000000238
14599  12.403  -57.411  -16.760 0.6000000238
14603  6.412  -57.443  -15.915 0.5000000000
14614  11.946  -57.645  -17.325 0.6000000238
14615  11.227  -57.715  -17.105 0.6000000238
14620  20.731  -57.580  -19.418 0.6000000238
15273  15.463  -56.516  -6.644 0.4000000060
15292  15.182  -56.090  -7.558 0.4000000060
15310  15.652  -55.856  -8.234 0.4000000060
15311  14.906  -55.475  -8.370 0.4000000060
15329  15.429  -55.463  -9.049 0.4000000060
15330  13.712  -55.684  -8.940 0.4000000060
15340  15.194  -55.274  -9.838 0.6000000238
15343  11.997  -56.625  -10.417 0.4000000060
15350  14.635  -55.045  -11.199 0.6000000238
15376  8.190  -56.425  -12.991 0.5000000000
15391  13.010  -55.991  -13.422 0.6000000238
15404  12.704  -56.357  -14.187 0.6000000238
15417  11.701  -55.998  -15.795 0.6000000238
15420  6.949  -55.936  -15.351 0.5000000000
15432  11.380  -56.515  -16.273 0.6000000238
15433  10.599  -56.380  -16.144 0.6000000238
15457  22.205  -56.849  -19.702 0.6000000238
16098  17.265  -55.242  -2.678 0.4000000060
16103  19.290  -55.590  -3.614 0.4000000060
16105  17.634  -55.767  -3.147 0.4000000060
16108  13.835  -55.536  -3.545 0.3000000119
16115  20.817  -55.541  -4.549 0.4000000060
16117  18.827  -56.051  -4.151 0.4000000060
16120  13.178  -55.800  -3.890 0.3000000119
16121  12.671  -56.210  -4.270 0.3000000119
16188  15.208  -55.232  -8.747 0.4000000060
16203  14.805  -54.667  -9.563 0.6000000238
16205  13.296  -54.880  -10.245 0.6000000238
16221  12.075  -55.571  -10.939 0.6000000238
16234  14.653  -54.739  -10.772 0.6000000238
16237  10.883  -55.676  -12.167 0.6000000238
16274  13.351  -55.307  -12.781 0.6000000238
16277  9.074  -55.058  -13.568 0.6000000238
16290  12.271  -55.024  -14.564 0.6000000238
16293  5.925  -55.599  -14.378 0.5000000000
16300  12.018  -55.478  -15.214 0.6000000238
16302  10.766  -54.854  -15.576 0.6000000238
16303  9.287  -55.377  -15.616 0.5000000000
17040  16.967  -54.493  -2.546 0.4000000060
17049  19.677  -55.020  -3.157 0.4000000060
17051  15.730  -54.720  -2.707 0.3000000119
17065  12.476  -55.510  -4.468 0.3000000119
17066  11.870  -55.247  -5.106 0.3000000119
17080  11.917  -54.484  -5.372 0.3000000119
17082  10.669  -55.155  -6.071 0.3000000119
17196  11.605  -54.481  -13.750 0.6000000238
17198  9.668  -54.384  -13.966 0.6000000238
17200  7.855  -54.878  -14.337 0.5000000000
17215  11.233  -54.082  -14.906 0.6000000238
17217  9.456  -54.294  -14.594 0.6000000238
17233  10.875  -54.262  -15.212 0.5000000000
17235  9.426  -54.529  -15.169 0.5000000000
17236  8.046  -54.885  -14.828 0.5000000000
17980  16.685  -53.791  -2.662 0.4000000060
17981  15.980  -53.905  -2.794 0.4000000060
17999  13.531  -54.089  -3.929 0.3000000119
18011  13.740  -53.153  -4.266 0.4000000060
18149  10.619  -54.113  -15.032 0.6000000238
18150  10.047  -54.209  -14.975 0.6000000238
18904  15.928  -52.659  -3.531 0.3000000119
18938  13.165  -52.284  -5.793 0.3000000119
18972  9.841  -52.647  -7.820 0.3000000119
18993  9.141  -51.881  -9.355 0.4000000060
19830  19.665  -51.391  -3.056 0.3000000119
19832  17.916  -51.588  -3.622 0.3000000119
19856  15.010  -51.978  -4.684 0.4000000060
19887  13.604  -51.591  -6.429 0.3000000119
19899  11.817  -51.655  -7.458 0.3000000119
19900  11.006  -51.848  -7.822 0.4000000060
19907  12.301  -50.978  -8.143 0.3000000119
19908  10.314  -51.930  -8.267 0.4000000060
19915  11.155  -50.986  -9.425 0.4000000060
19925  9.140  -51.037  -10.663 0.3000000119
19937  8.652  -50.731  -10.764 0.3000000119
20761  15.989  -50.896  -6.854 0.3000000119
20762  15.177  -51.043  -7.089 0.3000000119
20788  12.939  -50.595  -8.900 0.3000000119
20800  13.609  -50.337  -9.615 0.3000000119
20802  11.721  -50.603  -10.206 0.3000000119
20811  14.082  -50.053  -10.021 0.3000000119
20814  11.086  -50.553  -10.955 0.3000000119
20827  12.172  -49.971  -11.433 0.3000000119
20828  11.390  -50.108  -11.466 0.3000000119
21716  15.843  -49.680  -8.117 0.3000000119
21747  13.744  -48.888  -11.024 0.3000000119
21755  13.338  -49.439  -11.094 0.3000000119
21756  12.620  -49.404  -11.474 0.3000000119
22680  14.225  -48.553  -10.597 0.3000000119
22692  11.919  -48.432  -11.582 0.3000000119
23604  14.229  -47.554  -10.739 0.3000000119
23616  13.742  -47.382  -11.250 0.3000000119
23617  13.134  -47.315  -11.394 0.3000000119
24546  12.353  -46.999  -11.138 0.3000000119
124384  13.549  -54.753  -11.651 0.6000000238
125239  24.880  -69.265  -16.767 0.5000000000
126117  16.586  -57.072  -8.660 0.4000000060
126581  10.641  -51.386  -8.855 0.4000000060
126647  11.258  -54.452  -15.271 0.6000000238
126691  11.298  -55.232  -5.636 0.3000000119
126875  20.626  -64.788  -18.960 0.6000000238
126950  30.778  -58.060  -19.952 0.4000000060
127113  31.662  -60.986  -20.780 0.4000000060
127763  14.669  -54.595  -10.265 0.6000000238
128336  25.344  -71.513  -22.241 0.5000000000
129309  31.501  -65.324  -15.483 0.3000000119
129820  19.634  -67.332  -15.233 0.5000000000
129959  9.993  -54.899  -15.535 0.5000000000
130061  28.247  -70.730  -19.763 0.5000000000
130088  29.344  -70.441  -18.755 0.3000000119
130158  23.780  -60.796  -17.223 0.6000000238
130335  8.889  -56.515  -12.627 0.5000000000
130584  16.103  -61.479  -19.829 0.6999999881
130597  20.285  -60.818  -20.976 0.8000000119
130773  24.950  -63.290  -18.038 0.6999999881
130856  18.962  -58.055  -7.914 0.4000000060
131487  12.499  -54.812  -14.012 0.6000000238
131609  16.695  -65.947  -23.032 0.6000000238
131668  14.636  -46.360  -9.851 0.3000000119
132008  17.528  -64.560  -17.114 0.5000000000
132252  18.459  -60.796  -17.420 0.5000000000
132440  25.207  -68.403  -15.476 0.3000000119
132768  31.048  -70.038  -17.704 0.3000000119
132880  19.706  -66.693  -13.609 0.5000000000
132957  11.238  -54.170  -14.326 0.6000000238
133754  8.544  -54.912  -15.199 0.5000000000
134574  32.289  -65.119  -15.558 0.4000000060
135699  22.103  -63.585  -14.245 0.6000000238
136451  24.838  -67.032  -18.062 0.6999999881
136650  35.027  -60.078  -12.958 0.3000000119
137452  25.328  -63.319  -22.169 0.6999999881
137503  26.048  -60.288  -19.399 0.6999999881
137596  11.936  -64.307  -21.907 0.6000000238
137602  29.225  -66.228  -22.016 0.4000000060
137776  22.107  -65.547  -22.887 0.6999999881
137876  18.497  -60.138  -19.579 0.5000000000
138044  12.463  -48.856  -11.620 0.3000000119
138608  31.233  -66.968  -19.519 0.4000000060
138646  33.256  -64.217  -15.594 0.3000000119
139555  11.464  -59.253  -18.595 0.6000000238
139640  30.183  -59.217  -21.317 0.5000000000
139678  34.788  -60.386  -22.436 0.4000000060
139681  38.428  -62.150  -18.542 0.3000000119
139740  37.430  -61.248  -20.760 0.3000000119
139751  34.661  -66.269  -19.871 0.3000000119
139766  23.301  -68.312  -19.904 0.4000000060
140058  14.928  -54.853  -8.984 0.4000000060
140114  14.566  -48.986  -10.042 0.3000000119
140224  15.627  -51.449  -5.343 0.3000000119
140228  16.613  -51.495  -4.504 0.3000000119
140775  15.338  -62.047  -20.861 0.6000000238
141442  23.556  -72.107  -13.953 0.3000000119
141501  25.772  -72.413  -14.690 0.3000000119
141534  23.891  -71.752  -13.495 0.3000000119
141537  15.734  -53.355  -3.211 0.4000000060
141787  27.613  -66.555  -19.726 0.4000000060
141853  26.445  -70.780  -22.282 0.4000000060
142495  26.856  -67.017  -21.310 0.4000000060
142838  37.546  -59.959  -21.217 0.3000000119
142904  15.009  -59.230  -12.094 0.6000000238
142958  20.915  -59.600  -20.901 0.6000000238
142978  35.085  -64.803  -21.301 0.4000000060
142981  16.633  -61.753  -20.623 0.6000000238
143347  22.539  -67.807  -10.709 0.3000000119
144093  19.371  -60.084  -16.775 0.5000000000
144918  21.840  -68.787  -13.102 0.3000000119
144970  12.012  -54.870  -13.151 0.6000000238
144995  15.035  -57.311  -10.961 0.5000000000
145260  30.359  -69.571  -20.513 0.4000000060
145266  21.056  -70.102  -14.662 0.3000000119
145788  31.453  -58.455  -19.528 0.4000000060
146189  27.905  -62.105  -17.779 0.5000000000
146264  30.547  -58.543  -18.183 0.4000000060
146309  28.331  -67.360  -15.002 0.3000000119
146351  34.112  -57.336  -8.910 0.3000000119
146658  30.984  -69.006  -16.410 0.4000000060
146916  17.571  -61.118  -19.609 0.6999999881
146949  19.669  -62.917  -14.081 0.5000000000
147193  20.351  -64.408  -18.349 0.6000000238
147258  30.894  -69.993  -19.373 0.3000000119
147336  18.759  -65.610  -19.932 0.6999999881
148653  13.166  -51.491  -6.840 0.3000000119
148724  13.513  -66.587  -20.972 0.6999999881
149026  13.590  -52.322  -5.354 0.4000000060
149164  12.292  -51.777  -6.977 0.3000000119
149217  15.243  -67.061  -17.523 0.5000000000
149469  26.128  -71.293  -21.544 0.4000000060
149491  12.473  -57.712  -17.245 0.6000000238
149509  15.423  -49.601  -8.599 0.3000000119
150186  21.894  -69.197  -11.759 0.3000000119
150244  12.837  -55.065  -4.213 0.3000000119
150289  32.494  -69.382  -18.271 0.4000000060
150347  18.224  -63.378  -21.703 0.6999999881
150401  21.341  -66.427  -15.684 0.6000000238
150529  15.744  -62.432  -21.222 0.6999999881
150717  13.227  -54.858  -12.162 0.6000000238
150797  17.961  -63.989  -15.126 0.5000000000
