#!ascii label  , from subject sub-v2s12x28892_ses-1 vox2ras=TkReg
1001
88458  45.347  21.239  24.667 0.0000000000
90087  51.738  23.526  15.684 0.0000000000
91789  50.588  25.718  18.159 0.0000000000
123661  54.498  21.355  5.441 0.0000000000
86196  45.497  18.137  18.406 0.0000000000
90840  51.981  25.473  25.519 0.0000000000
89380  56.304  23.454  10.331 0.0000000000
90169  41.729  23.956  10.013 0.0000000000
89296  54.111  22.588  24.848 0.0000000000
87687  49.735  19.960  21.284 0.0000000000
86923  49.050  19.800  13.890 0.0000000000
90947  45.662  24.577  17.876 0.0000000000
90167  47.337  23.264  10.495 0.0000000000
91797  56.416  26.649  17.204 0.0000000000
91050  52.093  24.134  9.877 0.0000000000
90109  41.569  23.899  14.554 0.0000000000
88439  49.287  21.758  25.332 0.0000000000
86862  47.786  19.610  22.929 0.0000000000
86915  47.170  19.612  15.927 0.0000000000
90903  48.754  24.563  21.812 0.0000000000
92513  46.242  26.125  21.419 0.0000000000
90944  48.118  25.059  17.179 0.0000000000
144284  46.937  23.661  13.933 0.0000000000
120852  48.955  24.429  13.780 0.0000000000
90062  52.018  23.426  19.831 0.0000000000
90056  55.500  24.279  20.986 0.0000000000
90955  53.521  24.621  16.340 0.0000000000
90239  56.868  23.240  5.731 0.0000000000
91034  55.615  25.012  10.376 0.0000000000
91074  53.649  24.316  6.129 0.0000000000
91077  50.499  24.416  5.732 0.0000000000
88593  51.080  22.251  5.647 0.0000000000
86990  49.592  19.703  8.739 0.0000000000
86135  43.483  19.137  24.417 0.0000000000
86162  45.784  18.364  22.577 0.0000000000
90900  51.460  24.642  21.684 0.0000000000
88520  51.505  21.672  12.287 0.0000000000
90133  53.544  23.598  13.032 0.0000000000
88536  54.784  21.850  9.403 0.0000000000
88556  58.146  21.860  7.123 0.0000000000
90816  53.853  25.500  28.863 0.0000000000
128677  51.295  22.947  26.627 0.0000000000
87676  51.673  20.648  22.848 0.0000000000
89332  50.281  22.773  18.959 0.0000000000
86893  47.259  19.483  19.566 0.0000000000
87701  47.901  21.014  17.162 0.0000000000
88498  50.170  21.971  14.898 0.0000000000
87738  50.720  19.950  11.586 0.0000000000
87678  41.327  20.495  22.722 0.0000000000
93823  44.793  28.672  19.563 0.0000000000
91803  42.667  25.441  17.455 0.0000000000
120151  43.703  23.134  13.807 0.0000000000
119882  44.766  23.148  10.521 0.0000000000
120982  44.446  23.529  5.964 0.0000000000
90837  56.106  24.915  25.949 0.0000000000
91760  55.862  25.882  21.782 0.0000000000
92530  53.185  26.605  18.101 0.0000000000
90997  55.731  25.441  13.356 0.0000000000
91843  54.109  26.184  13.248 0.0000000000
90999  51.292  25.151  13.034 0.0000000000
90164  50.277  23.726  10.202 0.0000000000
90228  47.753  23.732  5.166 0.0000000000
90991  40.681  25.033  14.345 0.0000000000
90979  40.931  25.078  15.200 0.0000000000
121720  46.949  21.115  25.116 0.0000000000
87656  46.408  20.369  24.613 0.0000000000
90922  49.834  25.066  19.778 0.0000000000
90924  48.126  24.619  19.603 0.0000000000
135224  49.239  25.326  17.852 0.0000000000
91825  48.698  25.087  15.984 0.0000000000
126806  49.854  25.467  15.597 0.0000000000
90069  51.602  23.642  18.155 0.0000000000
125588  52.866  24.261  18.568 0.0000000000
90076  52.490  24.134  16.030 0.0000000000
89416  55.456  23.152  4.917 0.0000000000
90222  55.235  23.908  5.497 0.0000000000
89417  54.310  23.578  4.799 0.0000000000
90243  52.782  24.129  4.754 0.0000000000
88592  52.576  21.891  5.702 0.0000000000
87811  51.866  20.893  6.914 0.0000000000
87810  52.419  20.142  6.884 0.0000000000
85422  44.450  17.630  22.322 0.0000000000
90870  50.752  24.637  23.461 0.0000000000
90869  51.676  24.654  23.854 0.0000000000
87750  51.924  20.621  10.486 0.0000000000
88525  53.045  22.160  11.157 0.0000000000
87763  53.256  20.659  9.347 0.0000000000
86996  56.892  20.181  6.863 0.0000000000
135851  59.485  19.366  5.961 0.0000000000
136468  58.502  20.456  5.577 0.0000000000
126819  50.094  20.036  23.223 0.0000000000
88454  50.906  21.445  24.378 0.0000000000
121736  50.986  20.260  22.443 0.0000000000
120233  50.873  21.486  21.119 0.0000000000
88485  49.465  21.443  20.195 0.0000000000
85437  46.133  17.874  20.353 0.0000000000
86174  46.895  18.258  21.426 0.0000000000
86894  46.596  19.134  19.199 0.0000000000
86914  47.809  19.709  15.244 0.0000000000
87704  47.516  20.331  16.518 0.0000000000
87707  48.446  20.426  15.295 0.0000000000
88500  48.931  21.284  15.787 0.0000000000
87710  49.427  20.654  14.230 0.0000000000
87715  50.235  20.759  13.137 0.0000000000
87726  49.905  20.066  12.851 0.0000000000
85533  51.397  17.530  10.371 0.0000000000
91781  45.871  24.880  19.791 0.0000000000
93186  45.460  27.372  20.719 0.0000000000
91783  44.354  26.156  19.633 0.0000000000
92531  43.500  26.769  18.852 0.0000000000
90949  43.776  24.911  17.634 0.0000000000
90080  43.690  23.880  16.182 0.0000000000
134485  45.155  23.735  15.813 0.0000000000
135476  47.044  23.369  12.680 0.0000000000
120150  45.800  22.890  11.919 0.0000000000
120987  45.964  23.180  9.802 0.0000000000
90194  44.576  23.474  8.099 0.0000000000
140144  45.606  23.426  8.321 0.0000000000
90006  54.365  23.527  26.690 0.0000000000
141231  54.951  24.414  27.739 0.0000000000
89295  55.152  23.312  25.240 0.0000000000
90930  56.298  25.596  18.726 0.0000000000
90908  57.135  25.731  21.067 0.0000000000
92517  56.942  26.168  19.792 0.0000000000
91777  54.957  26.369  19.873 0.0000000000
129217  55.901  27.053  17.629 0.0000000000
89373  55.268  23.200  11.425 0.0000000000
90115  54.530  24.285  13.525 0.0000000000
90144  56.123  23.860  11.923 0.0000000000
91035  54.012  24.851  10.442 0.0000000000
91865  54.589  25.545  11.917 0.0000000000
91866  53.279  25.440  11.977 0.0000000000
91844  52.837  26.005  13.403 0.0000000000
91010  52.082  25.157  12.268 0.0000000000
91024  50.612  24.380  11.695 0.0000000000
90163  51.210  23.834  10.043 0.0000000000
90257  49.498  24.056  4.124 0.0000000000
90226  49.350  24.200  5.703 0.0000000000
89436  47.927  23.473  4.205 0.0000000000
90259  46.094  23.106  4.033 0.0000000000
91704  53.542  26.168  27.126 0.0000000000
91014  40.875  24.476  12.443 0.0000000000
90140  41.600  23.731  12.731 0.0000000000
89275  48.586  22.786  26.409 0.0000000000
89287  47.911  22.174  25.912 0.0000000000
87654  48.415  20.606  24.229 0.0000000000
86875  48.644  19.360  22.255 0.0000000000
86203  45.806  18.729  17.840 0.0000000000
90904  47.435  24.815  21.482 0.0000000000
90925  47.238  24.546  19.840 0.0000000000
90946  46.525  24.539  17.723 0.0000000000
131686  46.465  23.950  15.410 0.0000000000
90975  47.151  24.308  15.599 0.0000000000
91002  48.155  24.051  13.537 0.0000000000
90134  48.443  23.680  11.920 0.0000000000
89322  53.420  22.224  22.430 0.0000000000
90047  55.200  23.313  22.786 0.0000000000
125887  53.578  23.712  20.467 0.0000000000
90931  54.933  25.026  18.376 0.0000000000
90953  55.848  25.784  16.908 0.0000000000
90185  57.160  23.966  8.373 0.0000000000
90160  56.460  24.372  9.927 0.0000000000
91066  56.247  24.361  7.971 0.0000000000
91068  54.271  24.219  7.569 0.0000000000
90186  53.356  24.060  8.049 0.0000000000
90188  51.844  23.866  8.108 0.0000000000
119500  51.971  24.414  5.453 0.0000000000
90256  50.645  24.083  4.305 0.0000000000
88594  49.962  22.467  5.260 0.0000000000
87002  50.932  20.072  8.105 0.0000000000
87658  44.179  20.378  24.467 0.0000000000
123134  45.716  19.305  23.865 0.0000000000
86145  44.529  18.685  23.761 0.0000000000
85431  45.482  17.491  21.364 0.0000000000
85445  44.955  17.096  19.977 0.0000000000
91745  49.263  25.233  23.501 0.0000000000
90901  50.526  24.559  21.585 0.0000000000
91772  51.186  25.397  19.931 0.0000000000
89352  51.371  22.791  14.434 0.0000000000
89351  52.110  23.315  14.095 0.0000000000
89368  52.782  22.963  12.483 0.0000000000
89382  54.254  22.526  10.872 0.0000000000
89387  55.608  22.620  9.881 0.0000000000
87796  55.121  20.304  7.723 0.0000000000
88545  56.251  22.019  8.479 0.0000000000
89393  56.762  22.945  8.742 0.0000000000
90202  57.881  22.856  6.826 0.0000000000
88588  57.447  21.777  5.453 0.0000000000
87817  54.968  20.407  5.476 0.0000000000
134167  53.379  19.128  6.219 0.0000000000
90001  52.078  23.921  27.898 0.0000000000
127046  52.639  22.653  25.686 0.0000000000
89285  49.701  22.281  26.009 0.0000000000
88453  51.963  21.686  24.294 0.0000000000
88462  53.130  21.659  23.569 0.0000000000
89324  51.845  22.290  21.203 0.0000000000
89329  51.243  23.048  19.851 0.0000000000
89339  50.488  22.988  17.000 0.0000000000
86876  47.169  19.070  22.565 0.0000000000
86159  48.102  18.880  21.701 0.0000000000
86888  48.476  19.586  20.668 0.0000000000
86906  46.881  19.989  17.775 0.0000000000
87699  47.456  20.346  18.444 0.0000000000
87694  48.724  21.088  19.761 0.0000000000
138120  49.003  21.985  18.460 0.0000000000
142226  49.615  22.311  16.699 0.0000000000
89343  50.359  22.408  15.513 0.0000000000
88512  50.563  21.489  13.494 0.0000000000
87724  51.090  20.865  11.884 0.0000000000
86959  51.471  19.738  10.529 0.0000000000
86949  50.320  19.036  11.626 0.0000000000
132089  51.348  18.915  10.407 0.0000000000
87668  43.728  20.912  23.786 0.0000000000
87670  42.322  20.128  23.595 0.0000000000
86867  40.557  19.167  23.343 0.0000000000
94420  46.395  29.800  19.230 0.0000000000
93827  43.865  28.835  18.120 0.0000000000
90977  42.140  24.168  16.035 0.0000000000
90107  42.902  23.270  14.011 0.0000000000
90138  43.298  23.173  12.292 0.0000000000
90105  45.292  23.328  14.137 0.0000000000
119884  44.179  22.948  12.112 0.0000000000
119881  43.866  23.313  10.516 0.0000000000
90839  54.447  25.178  25.982 0.0000000000
141003  56.607  24.499  23.205 0.0000000000
91743  56.467  25.298  23.697 0.0000000000
90867  54.097  24.927  24.130 0.0000000000
90898  53.408  25.085  21.932 0.0000000000
137150  52.834  25.873  19.789 0.0000000000
137468  52.167  26.408  17.706 0.0000000000
90985  53.456  24.424  14.896 0.0000000000
90984  54.776  25.206  14.796 0.0000000000
90970  56.081  26.391  15.651 0.0000000000
91863  56.288  25.083  12.133 0.0000000000
91831  55.757  26.013  14.194 0.0000000000
92561  56.004  26.858  15.418 0.0000000000
122072  53.697  26.843  15.706 0.0000000000
121772  52.480  26.503  15.530 0.0000000000
91810  50.959  25.884  15.857 0.0000000000
90986  50.428  24.930  13.566 0.0000000000
91025  49.806  24.183  11.906 0.0000000000
90179  48.575  23.448  9.616 0.0000000000
90208  50.324  23.826  7.491 0.0000000000
90210  48.667  23.600  7.501 0.0000000000
90192  47.410  23.424  8.298 0.0000000000
120984  46.372  23.560  6.112 0.0000000000
87781  48.020  20.544  8.277 0.0000000000
91826  41.099  25.712  15.536 0.0000000000
92565  41.431  26.306  15.872 0.0000000000
131735  45.844  21.756  24.718 0.0000000000
140735  46.430  21.562  25.118 0.0000000000
122083  45.938  20.933  25.050 0.0000000000
91779  50.518  25.447  19.190 0.0000000000
91790  49.821  25.407  18.469 0.0000000000
121968  49.967  25.626  17.595 0.0000000000
91812  49.467  25.471  16.245 0.0000000000
120366  50.093  25.758  16.791 0.0000000000
90074  51.713  23.703  17.313 0.0000000000
90077  51.713  23.641  16.491 0.0000000000
88590  55.297  22.223  5.095 0.0000000000
128111  54.489  22.597  4.902 0.0000000000
123133  53.614  22.924  4.742 0.0000000000
88591  53.487  21.904  5.450 0.0000000000
87809  52.740  21.048  6.276 0.0000000000
88575  53.580  20.906  5.829 0.0000000000
91705  52.161  25.979  26.159 0.0000000000
91714  51.403  25.818  25.497 0.0000000000
91729  51.132  25.407  24.980 0.0000000000
90854  52.017  24.963  24.753 0.0000000000
141909  52.663  20.046  9.481 0.0000000000
87749  52.562  20.655  9.900 0.0000000000
134508  59.411  19.116  6.033 0.0000000000
86308  59.035  18.322  5.800 0.0000000000
130736  58.609  18.999  5.582 0.0000000000
90181  41.968  23.882  9.292 0.0000000000
86873  50.312  19.914  22.565 0.0000000000
87686  50.339  20.009  21.821 0.0000000000
87689  50.147  20.734  21.012 0.0000000000
139907  45.671  18.153  19.138 0.0000000000
86187  46.267  18.373  19.695 0.0000000000
86195  45.970  18.702  18.764 0.0000000000
86924  48.328  19.638  14.583 0.0000000000
87708  47.828  20.179  15.823 0.0000000000
87711  48.874  20.322  14.571 0.0000000000
87716  49.674  20.347  13.531 0.0000000000
139290  49.476  19.704  13.251 0.0000000000
90936  45.676  24.752  18.627 0.0000000000
130399  44.818  25.624  19.635 0.0000000000
90937  45.070  24.956  18.443 0.0000000000
90938  44.358  25.144  18.233 0.0000000000
90948  44.736  24.705  17.697 0.0000000000
90960  44.226  24.361  16.951 0.0000000000
120316  45.169  24.343  17.032 0.0000000000
90149  46.984  23.172  11.233 0.0000000000
120149  46.462  23.078  10.511 0.0000000000
120988  46.807  23.221  9.786 0.0000000000
89282  54.382  23.068  25.725 0.0000000000
90019  55.265  23.871  26.162 0.0000000000
130385  54.590  22.698  24.529 0.0000000000
91786  56.534  26.364  18.250 0.0000000000
90929  56.848  26.147  19.227 0.0000000000
92527  56.623  26.314  18.695 0.0000000000
92528  56.077  26.798  18.363 0.0000000000
92535  56.511  26.734  17.539 0.0000000000
90162  56.213  23.649  11.147 0.0000000000
91049  53.078  24.348  9.752 0.0000000000
91021  53.624  25.137  11.229 0.0000000000
91036  52.795  24.589  10.579 0.0000000000
91022  52.467  24.846  11.396 0.0000000000
91037  51.794  24.359  10.717 0.0000000000
89422  48.477  23.408  4.204 0.0000000000
121266  48.758  23.886  4.093 0.0000000000
88596  47.949  22.484  4.672 0.0000000000
88597  47.055  22.301  4.621 0.0000000000
91003  41.085  24.288  14.017 0.0000000000
91004  40.574  24.886  13.290 0.0000000000
125725  41.122  24.148  13.257 0.0000000000
90124  41.613  23.762  13.727 0.0000000000
89276  47.865  22.932  26.026 0.0000000000
89288  47.305  22.774  25.591 0.0000000000
87655  47.473  20.580  24.433 0.0000000000
88457  47.934  21.036  25.020 0.0000000000
87666  48.038  20.183  23.645 0.0000000000
122872  48.804  20.153  23.646 0.0000000000
86861  48.721  19.754  23.089 0.0000000000
91756  48.002  25.453  22.606 0.0000000000
92510  47.549  26.326  22.509 0.0000000000
90891  47.998  24.764  22.036 0.0000000000
90933  48.001  24.782  18.611 0.0000000000
129883  47.428  24.600  19.164 0.0000000000
90934  47.142  24.619  18.392 0.0000000000
90945  47.315  24.710  17.452 0.0000000000
90957  47.426  24.663  16.523 0.0000000000
90973  49.102  24.750  14.642 0.0000000000
90988  48.329  24.395  14.369 0.0000000000
90117  47.904  23.660  12.733 0.0000000000
91001  48.819  24.102  12.827 0.0000000000
90058  53.112  23.249  20.956 0.0000000000
90057  53.473  22.886  21.638 0.0000000000
90061  52.844  23.605  20.179 0.0000000000
90943  53.490  24.597  17.215 0.0000000000
90921  53.733  24.453  18.907 0.0000000000
90932  53.618  24.588  18.070 0.0000000000
90942  54.703  25.126  17.501 0.0000000000
90954  54.641  25.179  16.648 0.0000000000
90204  57.015  24.031  7.570 0.0000000000
91058  56.768  24.252  8.623 0.0000000000
91067  54.645  24.173  6.442 0.0000000000
128762  55.291  24.254  7.414 0.0000000000
143284  53.956  24.209  6.840 0.0000000000
91069  53.390  24.175  7.091 0.0000000000
90206  52.586  24.078  7.461 0.0000000000
91075  52.716  24.330  6.301 0.0000000000
89432  51.949  23.538  4.530 0.0000000000
90255  51.423  24.065  4.427 0.0000000000
89433  50.960  23.628  4.353 0.0000000000
89420  50.483  23.073  4.555 0.0000000000
87797  51.704  20.113  7.477 0.0000000000
87798  51.140  20.787  7.408 0.0000000000
86856  43.780  19.712  24.511 0.0000000000
86855  44.615  19.800  24.583 0.0000000000
86134  44.173  19.156  24.392 0.0000000000
85432  44.771  17.240  21.589 0.0000000000
85438  45.565  17.475  20.608 0.0000000000
85439  44.965  17.031  20.932 0.0000000000
128254  50.844  24.455  22.500 0.0000000000
90911  51.058  24.956  20.819 0.0000000000
138170  51.735  25.324  20.395 0.0000000000
89369  51.903  22.462  12.795 0.0000000000
133968  51.602  22.656  13.634 0.0000000000
131881  53.507  21.802  10.350 0.0000000000
88529  54.519  22.167  10.132 0.0000000000
133069  55.728  20.013  7.211 0.0000000000
87793  58.398  20.735  6.649 0.0000000000
87794  57.364  21.350  7.370 0.0000000000
88544  57.361  22.422  7.931 0.0000000000
89399  57.766  22.767  7.455 0.0000000000
89398  58.291  22.123  6.639 0.0000000000
87815  57.577  20.757  5.477 0.0000000000
128182  56.531  21.133  5.403 0.0000000000
87018  55.479  19.706  5.495 0.0000000000
87019  54.625  19.536  5.557 0.0000000000
90009  50.956  23.437  27.307 0.0000000000
90826  51.244  24.996  28.016 0.0000000000
90008  52.191  23.424  27.307 0.0000000000
89272  52.394  22.996  26.444 0.0000000000
89286  48.826  22.149  26.050 0.0000000000
144329  49.290  22.582  26.498 0.0000000000
88464  51.486  21.025  23.683 0.0000000000
88463  52.386  21.397  23.648 0.0000000000
87663  52.414  21.151  23.140 0.0000000000
88471  52.952  21.480  22.880 0.0000000000
88472  52.127  21.119  22.510 0.0000000000
89330  50.525  22.635  19.840 0.0000000000
88483  51.066  22.338  20.613 0.0000000000
90070  50.873  23.251  18.466 0.0000000000
89335  50.163  22.842  17.942 0.0000000000
86143  46.292  19.027  23.126 0.0000000000
86161  46.644  18.492  22.258 0.0000000000
86180  47.379  18.586  20.791 0.0000000000
86173  47.615  18.621  21.366 0.0000000000
86172  48.080  18.876  21.052 0.0000000000
86889  47.672  19.190  20.359 0.0000000000
86912  46.434  19.099  16.429 0.0000000000
86907  46.275  19.316  17.318 0.0000000000
86911  46.838  19.855  16.838 0.0000000000
87702  47.482  20.566  17.735 0.0000000000
87698  47.940  21.050  18.167 0.0000000000
87695  48.012  20.632  19.198 0.0000000000
88491  48.528  21.439  18.781 0.0000000000
88494  48.617  21.711  17.726 0.0000000000
88499  49.673  21.778  15.405 0.0000000000
88496  49.434  21.977  16.251 0.0000000000
143641  49.852  22.214  15.855 0.0000000000
89340  50.054  22.516  16.363 0.0000000000
89353  50.705  22.360  14.713 0.0000000000
88504  50.360  21.767  14.265 0.0000000000
87725  50.467  20.434  12.393 0.0000000000
88521  50.806  21.210  12.704 0.0000000000
87737  51.335  20.430  11.123 0.0000000000
141970  51.098  19.844  11.043 0.0000000000
86264  49.928  18.117  11.797 0.0000000000
86270  51.089  18.241  10.589 0.0000000000
86279  51.563  18.206  10.082 0.0000000000
88466  43.237  21.540  23.129 0.0000000000
87677  42.091  20.609  22.951 0.0000000000
87671  41.706  19.944  23.301 0.0000000000
86865  42.251  19.417  24.023 0.0000000000
86866  41.371  19.198  23.641 0.0000000000
93821  45.108  28.018  20.243 0.0000000000
93820  45.610  28.761  20.072 0.0000000000
124923  45.518  29.448  19.235 0.0000000000
94422  46.045  30.004  18.646 0.0000000000
94423  45.306  29.865  18.170 0.0000000000
94426  44.494  29.422  17.698 0.0000000000
94424  44.561  29.206  18.702 0.0000000000
91794  43.094  25.835  18.117 0.0000000000
91814  42.052  25.431  16.761 0.0000000000
90963  41.754  24.802  16.246 0.0000000000
90962  42.497  24.676  16.778 0.0000000000
90091  43.567  23.522  15.260 0.0000000000
125215  42.797  23.495  14.840 0.0000000000
141869  43.455  23.325  14.483 0.0000000000
90122  43.100  23.193  13.179 0.0000000000
90088  45.998  23.593  14.856 0.0000000000
90104  46.239  23.472  14.050 0.0000000000
90151  45.289  22.921  11.227 0.0000000000
119885  45.012  22.874  11.973 0.0000000000
90152  44.446  23.055  11.274 0.0000000000
90153  43.514  23.253  11.358 0.0000000000
120985  43.475  23.458  9.657 0.0000000000
138314  44.277  23.352  9.891 0.0000000000
90214  43.968  23.542  6.991 0.0000000000
90830  55.342  24.797  26.696 0.0000000000
91694  54.940  25.173  28.244 0.0000000000
91712  55.060  25.021  27.040 0.0000000000
90838  55.858  25.071  26.139 0.0000000000
126383  55.137  23.676  21.831 0.0000000000
129571  56.099  23.850  23.424 0.0000000000
90046  56.275  24.338  22.433 0.0000000000
123658  56.846  26.149  21.353 0.0000000000
90895  56.931  25.491  22.361 0.0000000000
91754  56.504  25.519  22.702 0.0000000000
90885  55.342  25.334  23.366 0.0000000000
91755  55.387  25.526  22.452 0.0000000000
90886  54.168  25.172  22.524 0.0000000000
91761  54.652  25.537  21.689 0.0000000000
92522  53.758  26.506  18.765 0.0000000000
138525  53.717  26.252  19.460 0.0000000000
91787  52.633  26.187  19.086 0.0000000000
92538  52.988  26.705  17.153 0.0000000000
90116  53.097  23.879  13.767 0.0000000000
90101  52.744  23.966  14.511 0.0000000000
90114  55.660  24.692  13.137 0.0000000000
90998  55.280  25.183  13.808 0.0000000000
136845  55.858  26.058  15.000 0.0000000000
90983  55.723  25.934  14.276 0.0000000000
91046  56.302  24.635  9.823 0.0000000000
91019  56.387  24.831  11.613 0.0000000000
91872  56.132  25.169  11.385 0.0000000000
91855  54.362  25.825  12.591 0.0000000000
91854  55.539  25.605  12.583 0.0000000000
91842  55.451  25.789  13.251 0.0000000000
92572  55.580  26.530  14.762 0.0000000000
92562  54.837  26.791  15.126 0.0000000000
92573  54.299  26.603  14.490 0.0000000000
91845  51.908  25.684  13.636 0.0000000000
92564  52.405  26.324  14.779 0.0000000000
91833  51.727  25.858  14.397 0.0000000000
91822  51.499  26.035  15.245 0.0000000000
134558  51.048  25.622  14.673 0.0000000000
91834  50.426  25.284  14.416 0.0000000000
91846  51.126  25.417  13.949 0.0000000000
90146  50.027  23.917  11.108 0.0000000000
90147  49.217  23.807  11.441 0.0000000000
90165  49.231  23.599  10.475 0.0000000000
90207  51.133  23.975  7.472 0.0000000000
90189  50.945  23.713  8.352 0.0000000000
90227  48.589  24.029  5.276 0.0000000000
123875  48.865  23.858  6.379 0.0000000000
90191  48.103  23.470  8.227 0.0000000000
90211  47.753  23.525  7.448 0.0000000000
141137  46.668  23.511  6.897 0.0000000000
138803  47.218  23.584  6.387 0.0000000000
88607  45.873  22.376  4.371 0.0000000000
90260  45.393  23.082  4.197 0.0000000000
87800  49.433  20.907  7.638 0.0000000000
86991  48.660  19.818  8.854 0.0000000000
91836  40.240  25.708  13.717 0.0000000000
90990  41.157  24.414  14.823 0.0000000000
88442  46.982  21.969  25.495 0.0000000000
87667  47.160  20.027  23.802 0.0000000000
90913  49.519  24.710  20.534 0.0000000000
90914  48.561  24.586  20.498 0.0000000000
90923  49.110  24.847  19.730 0.0000000000
91791  48.925  25.059  18.762 0.0000000000
143760  48.808  25.263  17.338 0.0000000000
90956  48.215  24.976  16.447 0.0000000000
91813  48.786  25.258  16.711 0.0000000000
91824  49.245  25.135  15.446 0.0000000000
91835  49.802  25.210  14.917 0.0000000000
143896  52.084  23.663  19.211 0.0000000000
90065  52.710  23.945  19.314 0.0000000000
121853  52.178  23.847  18.682 0.0000000000
90073  52.485  24.171  16.869 0.0000000000
128321  56.378  23.053  5.224 0.0000000000
90221  56.407  23.676  6.214 0.0000000000
90240  55.902  23.462  5.264 0.0000000000
128021  55.097  23.688  4.973 0.0000000000
91073  54.148  24.209  5.282 0.0000000000
131372  53.032  24.358  5.131 0.0000000000
89431  53.040  23.683  4.643 0.0000000000
89418  52.621  22.723  4.875 0.0000000000
138282  51.966  22.287  5.464 0.0000000000
127960  51.926  21.643  6.206 0.0000000000
86146  43.691  18.620  24.054 0.0000000000
85407  43.168  18.057  23.571 0.0000000000
91730  50.225  25.651  24.551 0.0000000000
90855  50.904  24.961  24.271 0.0000000000
127387  51.519  24.517  23.118 0.0000000000
90888  51.929  24.551  22.485 0.0000000000
88526  51.877  21.391  11.274 0.0000000000
88519  52.312  22.232  11.941 0.0000000000
88530  52.601  21.330  10.474 0.0000000000
88538  53.072  21.224  9.885 0.0000000000
87762  54.124  21.121  8.959 0.0000000000
87010  56.999  19.239  6.623 0.0000000000
87009  58.188  19.578  6.579 0.0000000000
87008  59.175  19.798  6.284 0.0000000000
87808  59.288  20.606  6.138 0.0000000000
88573  59.202  21.129  6.017 0.0000000000
87015  59.018  19.828  5.643 0.0000000000
87016  57.949  19.799  5.499 0.0000000000
124962  50.004  23.289  27.145 0.0000000000
87653  49.427  20.475  23.913 0.0000000000
88455  49.861  21.245  24.512 0.0000000000
87665  50.501  20.667  23.766 0.0000000000
129814  51.069  20.273  23.129 0.0000000000
137448  51.495  20.738  22.241 0.0000000000
88481  51.611  21.349  21.701 0.0000000000
87685  50.934  20.663  21.702 0.0000000000
88484  50.234  21.901  20.466 0.0000000000
88487  49.784  22.249  19.652 0.0000000000
85430  46.190  17.800  21.064 0.0000000000
86181  46.683  18.240  20.556 0.0000000000
86186  46.950  18.875  20.046 0.0000000000
87703  48.228  20.779  16.207 0.0000000000
88497  48.698  21.523  16.685 0.0000000000
87706  49.185  21.009  14.976 0.0000000000
88505  49.785  21.406  14.602 0.0000000000
88513  49.982  21.074  13.851 0.0000000000
128528  50.141  19.643  12.214 0.0000000000
85534  50.913  17.317  10.782 0.0000000000
84728  51.491  16.821  10.589 0.0000000000
91766  45.700  25.984  20.949 0.0000000000
92514  45.768  26.735  21.147 0.0000000000
92518  45.218  26.602  20.561 0.0000000000
92523  44.547  26.796  20.048 0.0000000000
93189  44.350  27.717  19.750 0.0000000000
93190  43.623  27.603  19.073 0.0000000000
91784  43.830  26.145  19.081 0.0000000000
91793  43.708  25.579  18.391 0.0000000000
91802  43.214  25.321  17.813 0.0000000000
90961  43.317  24.433  16.897 0.0000000000
90090  44.423  23.603  15.570 0.0000000000
90106  44.309  23.317  14.570 0.0000000000
90135  46.226  23.094  12.631 0.0000000000
122384  46.616  23.125  11.949 0.0000000000
90150  46.124  22.940  11.222 0.0000000000
119883  45.606  23.039  10.501 0.0000000000
120986  45.064  23.291  9.700 0.0000000000
140625  45.588  23.354  9.170 0.0000000000
90213  45.043  23.486  7.166 0.0000000000
89991  53.888  24.406  28.351 0.0000000000
90815  54.627  24.808  28.339 0.0000000000
126638  54.319  23.900  27.706 0.0000000000
89998  55.003  24.438  27.072 0.0000000000
90018  56.047  24.272  25.761 0.0000000000
90919  56.526  25.460  19.647 0.0000000000
90897  56.681  24.854  21.426 0.0000000000
90918  57.099  26.020  20.176 0.0000000000
91768  57.136  26.130  20.762 0.0000000000
91769  56.369  26.339  20.469 0.0000000000
91770  54.769  25.990  20.770 0.0000000000
92520  56.196  26.531  19.336 0.0000000000
92521  54.920  26.611  18.990 0.0000000000
92537  54.640  27.037  17.272 0.0000000000
89367  53.866  23.309  12.308 0.0000000000
90132  54.937  23.857  12.899 0.0000000000
90131  55.940  24.222  12.570 0.0000000000
91048  54.232  24.586  9.575 0.0000000000
91020  55.018  25.294  11.225 0.0000000000
92578  53.633  26.402  13.893 0.0000000000
91856  53.065  25.746  12.718 0.0000000000
91857  52.176  25.550  13.002 0.0000000000
91023  51.492  24.594  11.546 0.0000000000
91038  50.892  24.144  10.879 0.0000000000
91088  49.969  24.255  4.448 0.0000000000
90225  50.066  24.233  6.292 0.0000000000
90244  49.196  24.204  4.480 0.0000000000
90245  48.328  23.805  4.350 0.0000000000
90246  47.415  23.482  4.376 0.0000000000
90229  46.838  23.616  5.081 0.0000000000
90258  46.982  23.204  4.174 0.0000000000
88598  46.369  21.973  4.752 0.0000000000
129828  41.280  24.137  11.736 0.0000000000
137965  41.881  23.589  11.924 0.0000000000
88440  48.376  21.621  25.481 0.0000000000
88441  47.613  21.544  25.467 0.0000000000
88456  48.863  21.170  24.705 0.0000000000
86874  49.505  19.714  22.698 0.0000000000
86884  49.539  19.616  21.910 0.0000000000
86213  45.834  18.567  16.925 0.0000000000
86916  46.724  18.843  15.721 0.0000000000
132920  47.331  18.996  15.122 0.0000000000
132926  47.879  18.869  14.504 0.0000000000
86940  48.470  18.905  13.917 0.0000000000
86939  49.115  18.898  13.222 0.0000000000
93179  47.287  27.253  22.242 0.0000000000
91764  46.799  25.424  21.567 0.0000000000
136740  48.183  24.559  21.291 0.0000000000
90905  46.857  24.844  21.089 0.0000000000
91765  46.266  25.332  21.048 0.0000000000
90926  46.622  24.603  19.332 0.0000000000
90935  46.267  24.608  18.521 0.0000000000
120909  46.026  24.332  17.051 0.0000000000
90958  46.459  24.233  16.229 0.0000000000
90989  46.875  23.887  14.710 0.0000000000
119257  47.953  24.702  15.784 0.0000000000
119686  47.730  24.343  14.963 0.0000000000
90103  47.564  24.012  14.145 0.0000000000
90118  47.378  23.658  13.402 0.0000000000
135506  47.480  23.397  11.963 0.0000000000
135924  47.852  23.410  11.205 0.0000000000
88461  53.714  22.024  23.394 0.0000000000
89304  54.522  22.526  23.931 0.0000000000
90048  54.214  22.996  22.163 0.0000000000
125448  54.123  23.538  21.177 0.0000000000
90060  54.514  24.177  20.312 0.0000000000
90064  53.657  24.137  19.770 0.0000000000
90920  55.102  24.692  19.361 0.0000000000
90941  56.068  25.715  17.788 0.0000000000
90174  56.637  23.914  9.801 0.0000000000
90161  56.516  24.150  10.625 0.0000000000
90173  56.674  24.159  9.152 0.0000000000
91045  56.514  24.357  9.317 0.0000000000
91059  56.281  24.527  8.945 0.0000000000
90205  55.874  24.015  6.837 0.0000000000
91060  55.313  24.441  8.321 0.0000000000
91047  55.424  24.667  9.306 0.0000000000
91061  54.259  24.363  8.642 0.0000000000
91062  53.267  24.155  8.926 0.0000000000
90175  52.383  23.933  9.045 0.0000000000
90187  52.652  23.942  8.346 0.0000000000
90223  51.735  24.259  6.718 0.0000000000
91076  51.130  24.451  5.663 0.0000000000
140177  51.944  24.233  4.700 0.0000000000
91081  51.218  24.419  4.805 0.0000000000
91087  50.583  24.246  4.453 0.0000000000
143140  50.102  24.091  4.264 0.0000000000
89421  49.493  23.286  4.345 0.0000000000
88578  49.408  21.863  6.014 0.0000000000
87779  49.991  20.278  8.245 0.0000000000
88576  51.177  21.438  6.679 0.0000000000
87799  50.355  20.792  7.650 0.0000000000
86989  50.327  19.625  8.505 0.0000000000
88465  44.582  21.252  24.161 0.0000000000
87657  45.138  20.525  24.705 0.0000000000
86864  44.993  19.243  24.166 0.0000000000
86163  44.890  18.292  22.829 0.0000000000
86175  46.099  17.928  21.816 0.0000000000
85444  45.667  17.736  19.804 0.0000000000
129492  45.203  17.619  19.061 0.0000000000
91746  48.613  25.441  23.100 0.0000000000
90872  49.073  24.855  22.938 0.0000000000
91731  49.546  25.657  24.001 0.0000000000
130707  50.011  24.470  22.186 0.0000000000
90902  49.606  24.528  21.493 0.0000000000
125606  50.216  24.693  20.915 0.0000000000
119681  51.174  25.830  18.544 0.0000000000
89342  51.156  22.900  15.240 0.0000000000
90102  51.880  23.416  14.881 0.0000000000
89359  52.411  23.181  13.293 0.0000000000
89375  53.150  22.734  11.861 0.0000000000
89374  54.071  22.923  11.614 0.0000000000
89381  55.407  22.900  10.653 0.0000000000
87778  53.722  20.247  8.646 0.0000000000
87777  54.576  20.686  8.334 0.0000000000
88546  55.120  21.528  8.723 0.0000000000
87795  56.144  20.780  7.522 0.0000000000
87776  55.559  21.155  8.105 0.0000000000
120201  55.858  22.353  9.147 0.0000000000
88535  56.438  23.222  9.515 0.0000000000
89386  56.809  23.709  8.947 0.0000000000
90203  57.518  23.461  7.661 0.0000000000
89407  57.619  22.918  6.152 0.0000000000
89405  58.813  21.590  5.945 0.0000000000
89414  58.174  21.998  5.705 0.0000000000
89415  57.353  22.627  5.583 0.0000000000
88589  56.317  22.322  5.211 0.0000000000
126628  55.559  21.305  5.351 0.0000000000
141178  54.110  20.243  5.662 0.0000000000
87020  53.890  19.358  5.771 0.0000000000
90825  53.051  24.476  28.525 0.0000000000
90007  53.317  23.410  27.105 0.0000000000
89271  53.404  23.004  26.124 0.0000000000
89283  53.359  22.558  25.242 0.0000000000
89274  49.362  23.040  26.853 0.0000000000
89273  50.120  22.816  26.725 0.0000000000
125331  50.708  22.432  25.908 0.0000000000
88438  50.279  21.894  25.187 0.0000000000
88437  51.325  22.065  25.052 0.0000000000
89284  51.762  22.540  25.780 0.0000000000
89297  52.365  22.249  25.008 0.0000000000
88452  53.081  22.030  24.319 0.0000000000
88451  53.853  22.246  24.099 0.0000000000
89323  52.743  22.566  21.505 0.0000000000
89326  52.323  23.047  20.710 0.0000000000
143581  51.329  21.877  21.171 0.0000000000
89327  51.669  22.871  20.453 0.0000000000
90066  51.527  23.466  19.051 0.0000000000
90075  50.968  23.336  17.618 0.0000000000
90078  51.140  23.355  16.905 0.0000000000
141146  45.756  20.375  24.822 0.0000000000
86863  46.348  19.652  23.942 0.0000000000
122296  46.931  19.566  23.210 0.0000000000
86160  47.442  18.629  21.928 0.0000000000
86885  48.678  19.309  21.465 0.0000000000
86887  49.160  19.696  21.185 0.0000000000
86901  46.349  19.334  18.270 0.0000000000
86900  46.993  19.736  18.731 0.0000000000
87696  47.509  20.014  19.155 0.0000000000
86892  47.845  19.909  19.869 0.0000000000
87691  48.399  20.392  20.075 0.0000000000
87690  49.179  20.371  20.614 0.0000000000
88488  49.135  21.813  19.293 0.0000000000
89333  49.583  22.368  18.690 0.0000000000
88493  49.234  22.092  17.052 0.0000000000
88490  49.366  22.300  17.835 0.0000000000
89336  49.796  22.540  17.141 0.0000000000
89361  50.923  22.212  13.945 0.0000000000
89360  51.189  21.969  13.155 0.0000000000
86967  52.082  19.918  9.888 0.0000000000
86950  49.646  19.317  12.692 0.0000000000
141986  49.848  18.941  12.132 0.0000000000
86271  50.550  18.222  11.146 0.0000000000
86960  50.886  19.177  10.939 0.0000000000
86977  51.751  19.071  9.886 0.0000000000
86976  52.429  19.193  9.332 0.0000000000
89306  44.443  22.210  23.543 0.0000000000
87659  43.370  20.181  24.255 0.0000000000
87669  42.872  20.653  23.489 0.0000000000
86136  43.060  19.538  24.333 0.0000000000
86147  42.798  18.713  24.237 0.0000000000
86877  40.961  19.797  22.935 0.0000000000
85409  41.399  17.853  23.698 0.0000000000
93829  43.901  28.956  17.129 0.0000000000
93825  43.470  28.094  18.349 0.0000000000
93830  43.433  28.312  17.472 0.0000000000
91815  41.532  25.553  16.154 0.0000000000
90978  41.497  24.434  15.526 0.0000000000
90093  41.524  24.061  15.063 0.0000000000
138056  42.799  23.772  15.695 0.0000000000
90092  41.992  23.778  15.228 0.0000000000
90108  42.164  23.540  14.313 0.0000000000
90123  42.287  23.434  13.424 0.0000000000
90139  42.440  23.388  12.529 0.0000000000
90154  42.573  23.432  11.583 0.0000000000
90976  45.817  23.803  15.640 0.0000000000
90089  45.178  23.536  15.097 0.0000000000
90121  44.524  23.101  13.636 0.0000000000
90120  45.694  23.138  13.301 0.0000000000
90137  44.845  22.905  12.863 0.0000000000
119886  43.931  22.930  12.987 0.0000000000
90168  42.672  23.538  10.361 0.0000000000
90180  42.691  23.614  9.329 0.0000000000
90195  43.548  23.554  7.934 0.0000000000
91685  54.804  25.409  28.549 0.0000000000
128017  54.445  25.640  27.337 0.0000000000
143590  53.944  25.383  26.462 0.0000000000
140149  53.016  25.273  25.616 0.0000000000
89312  55.267  23.073  23.736 0.0000000000
90035  56.065  23.750  24.232 0.0000000000
90028  56.436  24.527  24.590 0.0000000000
90896  56.965  25.183  21.992 0.0000000000
90864  56.817  25.229  23.312 0.0000000000
90851  56.317  25.135  25.326 0.0000000000
90866  56.047  25.321  24.471 0.0000000000
90853  53.479  25.011  24.954 0.0000000000
137888  52.675  24.753  24.177 0.0000000000
90887  52.957  24.783  22.536 0.0000000000
90899  52.460  24.820  21.792 0.0000000000
91762  53.287  25.387  21.123 0.0000000000
91771  52.533  25.504  20.387 0.0000000000
120584  52.044  25.632  19.775 0.0000000000
91778  51.560  25.766  19.151 0.0000000000
91798  51.344  26.093  17.837 0.0000000000
90086  52.546  24.035  15.259 0.0000000000
90972  53.563  24.572  15.522 0.0000000000
90100  53.969  24.471  14.274 0.0000000000
90971  54.937  25.399  15.704 0.0000000000
138814  55.761  25.826  16.198 0.0000000000
91809  56.353  26.655  16.318 0.0000000000
90143  56.447  24.323  11.443 0.0000000000
90130  56.354  24.532  12.143 0.0000000000
91009  56.175  24.960  12.743 0.0000000000
91864  55.772  25.423  12.007 0.0000000000
90996  55.948  25.382  12.921 0.0000000000
91821  55.861  26.415  15.179 0.0000000000
134144  56.268  26.864  15.941 0.0000000000
92550  56.339  27.032  16.070 0.0000000000
137086  55.313  27.129  16.483 0.0000000000
92551  54.014  27.022  16.461 0.0000000000
140272  53.188  26.471  14.438 0.0000000000
92552  52.681  26.636  16.326 0.0000000000
92539  51.704  26.343  16.986 0.0000000000
92540  50.892  25.948  16.517 0.0000000000
91823  50.538  25.603  15.269 0.0000000000
90987  49.723  24.820  14.098 0.0000000000
91012  50.351  24.571  12.604 0.0000000000
136040  49.542  24.283  12.530 0.0000000000
91013  49.159  24.022  12.118 0.0000000000
90148  48.602  23.576  11.107 0.0000000000
90166  48.217  23.448  10.450 0.0000000000
90176  51.513  23.754  9.134 0.0000000000
90177  50.629  23.628  9.291 0.0000000000
132792  50.205  23.612  8.532 0.0000000000
90209  49.482  23.851  6.946 0.0000000000
90190  49.517  23.569  8.102 0.0000000000
90178  49.603  23.535  9.289 0.0000000000
127920  48.740  23.456  8.655 0.0000000000
127296  47.937  23.441  8.966 0.0000000000
127295  47.120  23.337  9.049 0.0000000000
90193  46.584  23.402  8.299 0.0000000000
90212  46.106  23.473  7.260 0.0000000000
120983  45.467  23.547  6.058 0.0000000000
90230  45.905  23.589  4.985 0.0000000000
90248  45.562  23.304  4.359 0.0000000000
87011  53.277  20.045  6.294 0.0000000000
87012  52.766  19.263  6.664 0.0000000000
85421  45.273  17.747  22.073 0.0000000000
86144  45.374  18.811  23.403 0.0000000000
86164  44.044  18.158  23.195 0.0000000000
86298  59.307  18.728  5.956 0.0000000000
86300  58.926  18.828  6.308 0.0000000000
86854  45.575  19.835  24.517 0.0000000000
86860  49.350  19.932  23.330 0.0000000000
87006  59.510  19.887  5.910 0.0000000000
87007  59.521  19.891  5.972 0.0000000000
87660  42.758  19.980  24.065 0.0000000000
87664  51.843  20.860  23.252 0.0000000000
87780  49.024  20.408  8.263 0.0000000000
87807  59.459  20.542  5.974 0.0000000000
87814  59.226  20.527  5.798 0.0000000000
87816  55.777  20.487  5.460 0.0000000000
88480  52.471  21.746  22.065 0.0000000000
88537  53.820  21.471  9.655 0.0000000000
88557  56.547  21.597  7.896 0.0000000000
88572  59.220  21.037  5.919 0.0000000000
88574  58.756  21.367  6.395 0.0000000000
88587  58.520  21.233  5.679 0.0000000000
88599  45.779  21.703  5.195 0.0000000000
88606  46.478  22.847  4.064 0.0000000000
88608  45.312  22.725  4.304 0.0000000000
89289  46.723  22.723  25.208 0.0000000000
89303  55.273  23.129  24.492 0.0000000000
89313  54.419  22.526  23.109 0.0000000000
89338  50.925  23.063  16.159 0.0000000000
89392  57.440  23.415  8.225 0.0000000000
89406  58.276  22.317  6.081 0.0000000000
89419  51.499  22.897  4.739 0.0000000000
89423  47.443  23.034  4.095 0.0000000000
89434  50.013  23.822  4.185 0.0000000000
89435  49.206  23.850  4.057 0.0000000000
89437  45.844  22.953  3.970 0.0000000000
89999  54.423  24.314  28.159 0.0000000000
90000  53.331  23.799  28.075 0.0000000000
90002  51.109  24.184  27.736 0.0000000000
90003  50.221  23.917  27.409 0.0000000000
90011  48.775  23.630  26.662 0.0000000000
90017  56.412  24.843  25.273 0.0000000000
90020  47.457  23.582  25.678 0.0000000000
90029  56.065  23.919  25.009 0.0000000000
90034  56.604  24.669  23.758 0.0000000000
90067  50.863  23.098  19.213 0.0000000000
90068  52.488  24.167  17.840 0.0000000000
90079  44.698  23.938  16.334 0.0000000000
90119  46.594  23.379  13.340 0.0000000000
90136  45.520  22.927  12.533 0.0000000000
90145  55.162  23.505  12.199 0.0000000000
90220  57.288  23.379  6.713 0.0000000000
90224  50.816  24.248  6.581 0.0000000000
90241  54.519  23.985  4.958 0.0000000000
90242  53.681  24.089  4.857 0.0000000000
90247  46.460  23.369  4.314 0.0000000000
90254  52.215  24.016  4.573 0.0000000000
90814  54.891  24.854  28.240 0.0000000000
90824  55.090  24.775  27.761 0.0000000000
90852  55.263  25.212  25.277 0.0000000000
90865  56.566  25.172  24.395 0.0000000000
90868  52.575  24.655  23.346 0.0000000000
90871  49.851  24.624  23.010 0.0000000000
90884  57.018  24.997  22.911 0.0000000000
90889  49.304  24.590  22.330 0.0000000000
90890  48.591  24.862  22.507 0.0000000000
90907  57.063  25.906  21.561 0.0000000000
90909  56.668  25.231  20.544 0.0000000000
90910  55.705  24.666  20.114 0.0000000000
90912  50.375  25.067  20.204 0.0000000000
90915  47.536  24.560  20.631 0.0000000000
90916  46.554  24.768  20.362 0.0000000000
90927  45.943  24.713  19.113 0.0000000000
90950  43.025  24.898  17.374 0.0000000000
90959  45.563  24.039  16.360 0.0000000000
90974  48.519  24.712  15.205 0.0000000000
91000  49.633  24.504  13.235 0.0000000000
91011  51.160  24.748  12.237 0.0000000000
91033  56.345  24.708  10.785 0.0000000000
91078  49.933  24.401  5.189 0.0000000000
91082  50.556  24.468  4.956 0.0000000000
91086  51.113  24.215  4.476 0.0000000000
91702  55.092  24.903  27.616 0.0000000000
91713  53.015  25.669  26.334 0.0000000000
91744  50.022  25.045  23.854 0.0000000000
91757  47.374  25.457  22.100 0.0000000000
91759  56.839  25.851  21.934 0.0000000000
91763  52.037  25.118  21.044 0.0000000000
91773  45.799  25.300  20.474 0.0000000000
91774  45.339  25.861  20.469 0.0000000000
91775  44.851  26.047  20.144 0.0000000000
91780  49.643  25.199  19.198 0.0000000000
91782  45.318  25.121  19.217 0.0000000000
91788  51.952  26.184  18.413 0.0000000000
91792  44.484  25.514  18.981 0.0000000000
91799  50.746  25.912  17.301 0.0000000000
91800  49.377  25.511  17.079 0.0000000000
91801  48.488  25.094  17.924 0.0000000000
91811  50.273  25.730  16.056 0.0000000000
91832  52.549  26.164  14.076 0.0000000000
91853  56.105  25.313  12.562 0.0000000000
92508  48.900  26.139  23.670 0.0000000000
92512  46.827  26.424  21.952 0.0000000000
92524  43.923  26.881  19.514 0.0000000000
92529  54.761  26.813  18.175 0.0000000000
92532  43.167  26.508  18.308 0.0000000000
92536  56.245  27.088  16.857 0.0000000000
92549  56.534  26.938  16.563 0.0000000000
92553  51.632  26.297  16.084 0.0000000000
92563  53.412  26.634  15.007 0.0000000000
92577  54.994  26.299  13.956 0.0000000000
93187  44.906  27.318  20.304 0.0000000000
93824  43.941  28.481  19.035 0.0000000000
95048  45.993  30.333  18.056 0.0000000000
119473  58.749  21.693  6.142 0.0000000000
120455  46.749  24.503  16.993 0.0000000000
120870  55.857  26.132  21.258 0.0000000000
121251  55.739  24.553  26.333 0.0000000000
121357  47.670  23.369  9.739 0.0000000000
122059  48.141  23.696  6.380 0.0000000000
124363  47.903  18.988  22.239 0.0000000000
125607  53.732  24.908  23.195 0.0000000000
126637  55.156  27.041  15.808 0.0000000000
127291  46.959  23.469  7.504 0.0000000000
127292  44.171  23.460  9.013 0.0000000000
127293  45.012  23.412  8.883 0.0000000000
127294  46.282  23.340  9.089 0.0000000000
127936  47.820  24.888  17.891 0.0000000000
130708  48.920  24.538  21.132 0.0000000000
132632  45.273  25.402  20.008 0.0000000000
133193  59.341  19.163  5.845 0.0000000000
133586  41.304  25.079  15.779 0.0000000000
133609  43.457  26.134  18.577 0.0000000000
134353  53.611  25.860  20.221 0.0000000000
135140  47.294  20.374  17.199 0.0000000000
137760  42.855  24.117  16.348 0.0000000000
140898  55.843  24.268  21.674 0.0000000000
140999  46.502  30.118  18.812 0.0000000000
141427  47.806  19.328  14.828 0.0000000000
141717  45.090  23.114  13.487 0.0000000000
142015  46.290  26.839  21.525 0.0000000000
142989  53.906  25.042  28.573 0.0000000000
