#!ascii label  , from subject sub-v2s12x28892_ses-1 vox2ras=TkReg
1424
45794  19.846  -23.556  54.716 0.0000000000
42880  12.314  -26.674  39.368 0.0000000000
39548  14.946  -30.242  57.293 0.0000000000
124599  11.824  -24.870  53.617 0.0000000000
51275  8.680  -18.616  47.009 0.0000000000
124052  18.777  -26.875  59.834 0.0000000000
46839  15.036  -22.595  60.693 0.0000000000
42707  23.201  -26.838  51.300 0.0000000000
37672  20.096  -30.471  55.223 0.0000000000
35670  16.528  -32.940  55.944 0.0000000000
50094  7.792  -19.527  55.053 0.0000000000
44891  8.553  -23.135  49.412 0.0000000000
54149  7.924  -15.590  52.173 0.0000000000
120425  12.024  -28.792  54.067 0.0000000000
41633  15.808  -27.559  51.498 0.0000000000
42685  15.885  -26.455  57.064 0.0000000000
46871  10.444  -22.793  57.650 0.0000000000
45894  15.536  -23.821  46.554 0.0000000000
45995  11.735  -22.988  42.029 0.0000000000
51335  7.495  -18.702  40.309 0.0000000000
54228  12.447  -15.727  45.906 0.0000000000
44788  19.516  -25.239  57.512 0.0000000000
47913  18.239  -22.029  58.764 0.0000000000
43782  21.282  -25.646  52.354 0.0000000000
40540  21.804  -27.822  53.291 0.0000000000
42683  21.132  -27.359  55.187 0.0000000000
39545  19.924  -28.982  57.634 0.0000000000
123843  7.488  -17.674  53.814 0.0000000000
39559  13.158  -29.293  55.840 0.0000000000
120894  14.175  -28.850  55.502 0.0000000000
40520  15.625  -28.435  57.538 0.0000000000
49007  13.924  -20.593  57.786 0.0000000000
46846  12.234  -22.977  59.608 0.0000000000
137395  14.659  -32.126  57.933 0.0000000000
36660  13.622  -32.469  55.540 0.0000000000
37675  12.472  -31.285  56.008 0.0000000000
38602  11.148  -30.073  54.869 0.0000000000
43777  16.047  -24.735  53.559 0.0000000000
43797  16.338  -25.268  49.394 0.0000000000
44878  14.772  -23.551  50.613 0.0000000000
49075  8.455  -20.889  48.426 0.0000000000
45915  10.058  -23.579  45.366 0.0000000000
127726  8.593  -21.716  44.157 0.0000000000
128139  9.312  -20.808  40.696 0.0000000000
50210  7.393  -19.521  43.405 0.0000000000
144086  17.016  -29.280  59.299 0.0000000000
41579  16.423  -27.476  59.848 0.0000000000
45747  17.284  -23.265  60.806 0.0000000000
48993  16.664  -20.488  58.695 0.0000000000
40564  24.465  -25.958  49.449 0.0000000000
39602  22.200  -27.891  49.175 0.0000000000
123862  22.271  -27.940  51.146 0.0000000000
37690  20.616  -30.192  52.308 0.0000000000
36658  18.801  -31.338  55.547 0.0000000000
36635  17.509  -30.828  57.722 0.0000000000
45803  8.519  -23.366  54.468 0.0000000000
124351  10.149  -24.197  51.829 0.0000000000
47985  8.551  -21.995  52.418 0.0000000000
137422  8.536  -19.534  50.954 0.0000000000
135876  8.570  -17.369  49.313 0.0000000000
46909  20.687  -22.293  52.012 0.0000000000
40548  27.944  -25.551  51.916 0.0000000000
41592  28.316  -25.184  55.163 0.0000000000
44856  25.393  -24.757  51.297 0.0000000000
44874  22.413  -24.092  50.234 0.0000000000
40568  10.898  -28.514  51.317 0.0000000000
40580  12.534  -28.350  50.606 0.0000000000
121294  13.943  -28.476  52.892 0.0000000000
41597  16.275  -27.636  54.874 0.0000000000
43756  14.519  -25.025  55.579 0.0000000000
43716  14.548  -24.629  59.325 0.0000000000
43724  12.248  -24.679  58.318 0.0000000000
44799  10.265  -24.517  56.816 0.0000000000
49023  8.680  -21.350  55.686 0.0000000000
41687  13.324  -27.554  47.656 0.0000000000
122462  14.671  -26.831  45.853 0.0000000000
127402  15.002  -25.671  42.365 0.0000000000
45874  12.478  -23.543  48.480 0.0000000000
46989  14.189  -22.751  44.002 0.0000000000
44995  14.447  -23.975  39.390 0.0000000000
48133  11.959  -21.077  38.148 0.0000000000
49208  9.063  -19.322  37.877 0.0000000000
55992  8.375  -13.366  50.880 0.0000000000
54185  9.178  -15.931  48.502 0.0000000000
56029  10.859  -13.741  48.572 0.0000000000
53338  9.830  -17.245  46.320 0.0000000000
52301  9.388  -17.586  43.322 0.0000000000
44798  19.661  -24.699  56.064 0.0000000000
46869  19.235  -22.685  57.077 0.0000000000
46887  19.585  -22.531  55.452 0.0000000000
43776  20.571  -25.258  53.826 0.0000000000
42698  21.352  -26.777  54.731 0.0000000000
43754  20.503  -25.807  55.200 0.0000000000
126234  19.984  -26.187  56.389 0.0000000000
42906  10.782  -26.244  38.658 0.0000000000
127362  12.107  -25.411  38.243 0.0000000000
39552  13.668  -30.221  56.545 0.0000000000
40524  14.365  -29.310  56.546 0.0000000000
39550  15.134  -29.487  57.254 0.0000000000
39625  24.388  -26.988  48.154 0.0000000000
37662  14.604  -31.418  57.749 0.0000000000
36651  13.518  -31.983  57.096 0.0000000000
38595  13.694  -30.943  56.860 0.0000000000
38598  12.675  -30.689  56.113 0.0000000000
44831  14.695  -24.379  53.397 0.0000000000
44862  15.919  -24.043  51.960 0.0000000000
44849  13.159  -24.384  52.732 0.0000000000
50167  8.222  -19.414  47.242 0.0000000000
124004  8.270  -21.730  45.925 0.0000000000
49089  7.803  -20.835  45.672 0.0000000000
126246  7.830  -20.741  43.763 0.0000000000
50182  7.892  -19.206  45.311 0.0000000000
39532  18.094  -28.039  60.196 0.0000000000
121648  17.579  -26.671  60.464 0.0000000000
44764  18.230  -24.757  60.460 0.0000000000
47928  17.713  -21.199  58.933 0.0000000000
50076  15.523  -19.787  56.694 0.0000000000
42712  24.221  -25.900  50.160 0.0000000000
123358  22.800  -27.079  50.320 0.0000000000
41620  23.037  -27.091  51.408 0.0000000000
39557  20.715  -29.196  54.176 0.0000000000
38607  21.110  -29.411  52.972 0.0000000000
37684  20.495  -30.315  53.071 0.0000000000
37678  19.605  -30.776  55.284 0.0000000000
143775  19.540  -28.424  58.604 0.0000000000
37655  18.665  -29.725  57.651 0.0000000000
38583  18.844  -28.900  59.168 0.0000000000
37652  17.765  -30.313  58.356 0.0000000000
133867  8.258  -21.911  54.737 0.0000000000
46902  8.379  -22.506  53.670 0.0000000000
144219  8.233  -21.072  54.146 0.0000000000
137790  7.524  -16.576  53.430 0.0000000000
51182  7.985  -18.779  52.632 0.0000000000
52199  8.121  -17.258  51.648 0.0000000000
120710  8.611  -18.453  49.871 0.0000000000
54156  8.292  -15.973  50.871 0.0000000000
125849  26.087  -24.938  53.166 0.0000000000
40558  11.062  -28.618  52.715 0.0000000000
40557  12.149  -28.545  52.464 0.0000000000
40544  12.796  -28.591  53.278 0.0000000000
41591  16.152  -27.522  56.536 0.0000000000
40534  15.643  -28.252  54.571 0.0000000000
134267  16.293  -27.272  55.693 0.0000000000
138691  16.019  -25.746  54.969 0.0000000000
43745  14.643  -25.150  56.655 0.0000000000
43705  15.413  -23.908  60.405 0.0000000000
42669  15.928  -25.492  59.555 0.0000000000
44767  13.911  -23.571  60.112 0.0000000000
46861  10.933  -23.105  58.643 0.0000000000
44776  11.713  -23.871  58.791 0.0000000000
44781  10.903  -23.894  58.389 0.0000000000
43749  11.059  -24.732  57.348 0.0000000000
140267  9.684  -23.981  57.128 0.0000000000
45777  8.911  -23.424  56.484 0.0000000000
127038  9.290  -21.657  56.193 0.0000000000
38640  21.440  -28.575  49.656 0.0000000000
122146  21.350  -28.048  48.792 0.0000000000
140381  16.559  -33.038  53.861 0.0000000000
138889  15.764  -32.946  52.620 0.0000000000
136979  15.717  -33.135  54.203 0.0000000000
36668  12.633  -32.232  54.789 0.0000000000
120695  13.265  -32.603  54.236 0.0000000000
39563  11.300  -29.542  54.756 0.0000000000
121075  10.795  -28.882  53.487 0.0000000000
40566  14.152  -28.103  50.953 0.0000000000
41650  12.796  -27.785  49.019 0.0000000000
41649  14.513  -27.483  49.577 0.0000000000
44894  15.905  -24.308  48.074 0.0000000000
42743  15.446  -26.357  47.061 0.0000000000
43827  15.774  -25.216  45.845 0.0000000000
133555  14.682  -25.958  43.903 0.0000000000
44942  15.789  -24.317  44.634 0.0000000000
127795  9.617  -24.002  50.220 0.0000000000
136024  11.260  -23.874  50.142 0.0000000000
45876  10.657  -24.061  48.988 0.0000000000
124301  11.193  -23.248  43.946 0.0000000000
119678  12.024  -23.057  45.220 0.0000000000
45970  12.980  -22.798  42.714 0.0000000000
136823  14.404  -22.984  41.546 0.0000000000
47041  13.411  -22.524  40.405 0.0000000000
47084  13.243  -22.184  38.552 0.0000000000
47042  12.520  -22.094  40.080 0.0000000000
49166  8.166  -19.614  40.833 0.0000000000
49177  9.117  -20.264  39.379 0.0000000000
49191  8.396  -19.511  39.313 0.0000000000
57957  8.678  -11.544  50.590 0.0000000000
131788  8.613  -14.051  49.999 0.0000000000
56016  9.211  -13.408  49.486 0.0000000000
56055  12.587  -13.570  46.937 0.0000000000
54195  11.712  -15.232  47.512 0.0000000000
133228  10.354  -16.185  47.396 0.0000000000
53318  10.639  -16.542  46.750 0.0000000000
52292  9.194  -17.589  44.915 0.0000000000
52290  10.808  -17.419  44.546 0.0000000000
43715  19.223  -25.311  58.989 0.0000000000
45760  18.519  -23.483  59.336 0.0000000000
45767  19.063  -23.663  58.115 0.0000000000
43781  22.175  -26.115  51.861 0.0000000000
41610  22.389  -27.536  52.533 0.0000000000
42702  21.726  -27.065  53.336 0.0000000000
41601  21.646  -27.551  54.870 0.0000000000
132846  20.660  -28.382  55.542 0.0000000000
38594  19.725  -29.813  56.468 0.0000000000
41586  20.466  -28.151  56.462 0.0000000000
136599  19.803  -26.983  57.703 0.0000000000
124683  7.656  -18.074  55.363 0.0000000000
51144  7.537  -18.296  54.505 0.0000000000
143477  7.472  -16.934  55.723 0.0000000000
132420  7.544  -15.436  54.850 0.0000000000
55093  8.042  -14.351  53.766 0.0000000000
40530  12.684  -29.083  55.378 0.0000000000
40536  13.302  -28.770  54.902 0.0000000000
138454  13.338  -29.000  55.667 0.0000000000
40523  14.920  -29.011  56.835 0.0000000000
41588  15.890  -27.439  57.440 0.0000000000
48984  14.380  -20.942  59.323 0.0000000000
46845  13.348  -22.792  60.258 0.0000000000
47930  12.808  -21.355  58.931 0.0000000000
47938  12.283  -21.243  58.116 0.0000000000
47948  10.841  -21.135  56.857 0.0000000000
49021  10.245  -20.708  56.135 0.0000000000
35666  15.439  -32.539  56.588 0.0000000000
130582  14.882  -33.064  54.883 0.0000000000
35673  14.144  -32.439  56.128 0.0000000000
36661  12.776  -32.133  55.702 0.0000000000
37679  12.369  -31.644  55.836 0.0000000000
38605  11.137  -30.753  54.863 0.0000000000
38599  12.079  -30.590  55.649 0.0000000000
39561  11.751  -29.881  55.341 0.0000000000
42715  16.519  -26.405  52.267 0.0000000000
42720  16.116  -26.837  50.162 0.0000000000
43789  16.597  -25.097  51.444 0.0000000000
44876  16.340  -23.943  50.502 0.0000000000
139831  15.355  -23.568  49.047 0.0000000000
123559  8.543  -22.136  48.954 0.0000000000
132750  9.241  -23.659  48.067 0.0000000000
127864  8.544  -22.940  46.765 0.0000000000
45930  9.450  -23.173  44.838 0.0000000000
45973  9.791  -22.538  43.008 0.0000000000
47022  10.281  -22.053  41.701 0.0000000000
47004  8.966  -21.110  42.847 0.0000000000
48077  8.105  -20.392  42.003 0.0000000000
51304  7.134  -18.967  42.097 0.0000000000
55204  13.116  -14.422  45.290 0.0000000000
53344  12.480  -16.715  44.641 0.0000000000
54243  13.512  -15.596  43.612 0.0000000000
38590  16.268  -29.677  58.369 0.0000000000
39544  15.934  -29.177  58.317 0.0000000000
40511  16.497  -28.017  59.864 0.0000000000
42663  16.857  -25.836  60.296 0.0000000000
46832  16.450  -22.875  60.909 0.0000000000
47908  17.727  -22.531  60.149 0.0000000000
47909  16.836  -21.979  60.305 0.0000000000
47917  15.766  -21.290  60.044 0.0000000000
49005  15.519  -20.362  57.991 0.0000000000
39575  25.163  -25.935  49.417 0.0000000000
137271  24.010  -26.993  48.934 0.0000000000
39576  23.881  -26.426  49.474 0.0000000000
140284  22.290  -27.973  52.319 0.0000000000
38611  21.178  -29.614  51.760 0.0000000000
38619  20.981  -29.880  51.261 0.0000000000
36666  18.091  -32.377  54.384 0.0000000000
35669  17.237  -32.641  55.724 0.0000000000
37668  18.995  -30.704  56.288 0.0000000000
119742  18.120  -31.037  56.361 0.0000000000
35659  17.338  -31.967  56.717 0.0000000000
139742  16.023  -31.721  57.442 0.0000000000
36639  15.807  -31.373  57.597 0.0000000000
44835  10.221  -24.396  53.808 0.0000000000
120578  11.587  -24.519  52.839 0.0000000000
44836  9.355  -24.028  53.406 0.0000000000
45837  8.283  -23.186  51.967 0.0000000000
127022  8.653  -22.577  51.133 0.0000000000
50123  7.929  -19.326  53.347 0.0000000000
121874  8.550  -21.279  52.007 0.0000000000
47994  8.661  -21.746  50.820 0.0000000000
49071  8.470  -19.876  49.814 0.0000000000
50163  8.588  -18.590  48.689 0.0000000000
51259  8.818  -17.923  48.336 0.0000000000
135919  20.122  -22.880  53.665 0.0000000000
40577  26.778  -25.341  50.494 0.0000000000
43750  30.093  -23.683  55.409 0.0000000000
43739  29.162  -25.148  56.064 0.0000000000
42692  28.952  -24.760  54.120 0.0000000000
41605  28.038  -25.284  53.821 0.0000000000
40539  27.433  -25.500  52.729 0.0000000000
40551  27.030  -25.606  51.418 0.0000000000
42711  25.495  -25.549  50.179 0.0000000000
43793  24.156  -25.464  49.985 0.0000000000
44872  24.394  -24.708  50.126 0.0000000000
43794  23.225  -25.666  50.249 0.0000000000
43788  21.677  -25.209  51.392 0.0000000000
44844  20.646  -24.201  52.545 0.0000000000
131684  13.552  -28.343  51.419 0.0000000000
40565  14.326  -28.327  51.895 0.0000000000
40535  14.561  -28.565  54.532 0.0000000000
40541  15.518  -28.178  53.516 0.0000000000
41613  16.139  -27.678  53.108 0.0000000000
42704  16.474  -26.295  53.785 0.0000000000
43767  14.951  -24.782  54.743 0.0000000000
43769  13.109  -25.192  54.841 0.0000000000
41584  15.940  -27.400  58.882 0.0000000000
42674  15.763  -26.406  58.613 0.0000000000
42678  15.139  -25.631  58.268 0.0000000000
44772  13.220  -23.860  59.596 0.0000000000
43723  13.210  -24.948  58.658 0.0000000000
131398  13.581  -25.181  58.072 0.0000000000
123780  12.488  -25.290  57.208 0.0000000000
43759  11.942  -25.215  55.916 0.0000000000
43771  11.108  -25.028  55.308 0.0000000000
44808  9.442  -24.184  55.514 0.0000000000
46889  8.449  -23.047  55.389 0.0000000000
47960  8.274  -21.468  55.124 0.0000000000
49036  8.962  -20.472  55.605 0.0000000000
50092  8.561  -19.655  55.466 0.0000000000
51132  7.869  -18.643  55.432 0.0000000000
36694  15.145  -32.767  51.563 0.0000000000
35676  14.611  -33.068  53.973 0.0000000000
41663  15.131  -27.132  49.024 0.0000000000
41697  14.014  -27.241  47.097 0.0000000000
43906  14.069  -25.722  40.883 0.0000000000
44879  12.789  -23.770  50.831 0.0000000000
45853  13.191  -23.644  49.892 0.0000000000
45882  14.474  -23.305  47.741 0.0000000000
45898  11.263  -23.633  46.813 0.0000000000
45913  13.481  -22.860  46.268 0.0000000000
45911  15.206  -23.375  45.652 0.0000000000
45945  15.373  -23.508  43.239 0.0000000000
44978  15.100  -24.345  40.931 0.0000000000
136487  13.863  -25.233  39.144 0.0000000000
45020  12.954  -23.967  37.701 0.0000000000
48112  10.272  -21.079  39.579 0.0000000000
121175  10.455  -20.193  37.941 0.0000000000
55973  8.036  -12.992  53.214 0.0000000000
57934  8.393  -11.183  52.709 0.0000000000
133594  8.134  -13.579  51.599 0.0000000000
54165  8.478  -15.515  50.109 0.0000000000
136456  8.819  -16.245  48.725 0.0000000000
53302  9.222  -17.089  47.790 0.0000000000
55144  9.891  -14.784  48.642 0.0000000000
54196  9.569  -16.343  47.972 0.0000000000
52274  9.400  -17.764  46.481 0.0000000000
125600  8.609  -17.862  44.708 0.0000000000
125137  8.103  -17.783  43.804 0.0000000000
139901  7.748  -17.577  41.589 0.0000000000
52334  9.667  -17.306  41.608 0.0000000000
44806  19.749  -24.179  55.526 0.0000000000
134305  19.570  -23.299  55.692 0.0000000000
44816  20.289  -24.520  54.262 0.0000000000
43764  20.523  -25.355  54.719 0.0000000000
43744  20.091  -25.053  55.336 0.0000000000
42881  11.360  -26.842  39.226 0.0000000000
43942  11.242  -25.524  38.230 0.0000000000
42905  11.929  -26.166  38.660 0.0000000000
124891  14.248  -30.461  56.909 0.0000000000
39551  14.433  -29.755  56.770 0.0000000000
39547  15.525  -29.475  57.735 0.0000000000
39600  25.291  -26.389  48.953 0.0000000000
39611  24.789  -26.677  48.473 0.0000000000
39601  24.719  -26.689  48.730 0.0000000000
137429  14.982  -30.899  57.668 0.0000000000
38593  14.400  -30.962  57.291 0.0000000000
44833  12.822  -24.851  53.503 0.0000000000
44848  14.109  -24.280  52.862 0.0000000000
49088  7.891  -20.172  46.350 0.0000000000
50174  8.207  -19.336  46.264 0.0000000000
49107  7.740  -20.028  45.592 0.0000000000
51284  8.723  -18.557  46.110 0.0000000000
41576  18.801  -27.637  59.880 0.0000000000
42660  18.136  -25.961  60.531 0.0000000000
43706  18.625  -24.927  59.941 0.0000000000
41631  23.203  -26.608  50.699 0.0000000000
41621  23.037  -27.165  51.845 0.0000000000
38600  20.419  -29.853  54.686 0.0000000000
38603  20.646  -29.739  53.710 0.0000000000
37676  20.274  -30.374  54.358 0.0000000000
37681  20.184  -30.671  53.973 0.0000000000
37677  20.003  -30.679  54.916 0.0000000000
129497  19.877  -30.840  54.572 0.0000000000
41583  19.406  -27.811  59.093 0.0000000000
40512  19.100  -28.720  59.282 0.0000000000
121108  19.036  -28.373  59.626 0.0000000000
39536  18.780  -28.752  59.405 0.0000000000
124704  8.166  -21.213  54.674 0.0000000000
47969  8.328  -21.836  54.128 0.0000000000
49045  8.004  -20.362  54.548 0.0000000000
130227  7.735  -16.396  52.488 0.0000000000
142750  7.783  -16.972  52.325 0.0000000000
122278  8.057  -16.549  51.645 0.0000000000
134150  8.025  -16.000  51.681 0.0000000000
119968  11.661  -28.684  53.364 0.0000000000
136174  16.038  -26.576  56.315 0.0000000000
138173  15.565  -25.697  56.550 0.0000000000
44762  14.950  -23.270  60.564 0.0000000000
44766  14.596  -23.688  60.293 0.0000000000
45751  14.105  -22.778  60.609 0.0000000000
47931  10.980  -22.239  58.086 0.0000000000
46862  10.475  -23.527  57.941 0.0000000000
44782  10.401  -24.031  57.715 0.0000000000
46872  9.804  -23.330  57.227 0.0000000000
45776  9.364  -23.695  56.918 0.0000000000
47941  9.701  -22.368  56.783 0.0000000000
35675  16.655  -33.041  54.521 0.0000000000
142139  16.223  -33.090  54.826 0.0000000000
36669  11.965  -31.846  54.515 0.0000000000
36676  12.564  -32.288  53.899 0.0000000000
40538  11.548  -29.090  54.534 0.0000000000
40546  10.837  -29.279  54.130 0.0000000000
40545  11.297  -28.911  53.993 0.0000000000
41634  14.999  -27.876  51.234 0.0000000000
41639  14.766  -27.685  50.396 0.0000000000
44904  15.876  -24.581  47.233 0.0000000000
44916  15.836  -24.625  46.369 0.0000000000
43843  15.788  -25.068  45.028 0.0000000000
44928  15.796  -24.278  45.575 0.0000000000
131069  8.971  -23.657  50.205 0.0000000000
44888  9.821  -24.091  49.369 0.0000000000
44896  9.253  -23.897  49.011 0.0000000000
134056  11.336  -23.062  42.586 0.0000000000
137071  11.912  -23.117  43.211 0.0000000000
45971  12.179  -23.050  42.363 0.0000000000
136708  13.411  -22.802  41.945 0.0000000000
45994  12.559  -22.843  41.728 0.0000000000
47043  11.698  -22.241  40.859 0.0000000000
49179  8.134  -19.365  40.397 0.0000000000
50260  8.276  -19.249  39.674 0.0000000000
58926  8.634  -10.512  51.479 0.0000000000
141923  8.865  -12.497  49.970 0.0000000000
56997  8.889  -12.003  50.047 0.0000000000
55175  12.491  -14.629  46.949 0.0000000000
119776  12.115  -15.480  46.781 0.0000000000
54210  11.158  -15.888  47.120 0.0000000000
54229  11.559  -16.208  46.452 0.0000000000
53336  11.060  -16.922  46.077 0.0000000000
53335  12.026  -16.528  45.626 0.0000000000
43721  19.391  -25.289  58.279 0.0000000000
44779  19.265  -24.471  58.216 0.0000000000
46879  19.271  -21.747  56.769 0.0000000000
42708  21.609  -26.508  52.840 0.0000000000
42689  21.626  -27.340  54.947 0.0000000000
42697  21.535  -27.268  54.388 0.0000000000
131719  21.434  -27.816  54.960 0.0000000000
41595  21.349  -27.628  55.075 0.0000000000
140996  20.706  -27.857  55.567 0.0000000000
41589  20.526  -27.536  55.901 0.0000000000
43731  19.683  -25.843  57.022 0.0000000000
133314  19.895  -26.441  57.088 0.0000000000
43720  19.589  -26.020  57.609 0.0000000000
43714  19.458  -26.160  58.386 0.0000000000
52172  7.618  -17.351  55.789 0.0000000000
55085  7.456  -15.094  55.854 0.0000000000
132315  7.868  -14.259  54.964 0.0000000000
132419  7.713  -15.430  53.762 0.0000000000
40521  15.044  -29.155  57.035 0.0000000000
40522  15.691  -28.353  56.824 0.0000000000
41585  15.805  -27.400  58.185 0.0000000000
140139  14.362  -20.697  58.477 0.0000000000
47929  13.598  -21.294  59.349 0.0000000000
49008  12.549  -20.823  57.367 0.0000000000
49009  11.685  -21.175  57.342 0.0000000000
142336  11.392  -20.895  56.770 0.0000000000
125830  11.086  -20.626  56.249 0.0000000000
35662  14.992  -32.298  57.369 0.0000000000
35667  14.611  -32.417  56.717 0.0000000000
36650  14.225  -32.165  57.400 0.0000000000
36652  12.858  -31.813  56.373 0.0000000000
37680  11.825  -31.147  55.474 0.0000000000
39555  13.008  -29.972  56.059 0.0000000000
39556  12.388  -30.124  55.725 0.0000000000
39560  12.464  -29.555  55.573 0.0000000000
40531  11.949  -29.278  55.106 0.0000000000
44845  16.429  -24.970  52.996 0.0000000000
134137  16.548  -25.519  52.256 0.0000000000
44861  16.367  -24.623  52.160 0.0000000000
44863  14.909  -23.787  51.632 0.0000000000
44877  15.841  -23.762  51.053 0.0000000000
45852  15.828  -23.607  50.193 0.0000000000
45864  15.870  -23.645  49.453 0.0000000000
131182  15.130  -23.494  49.704 0.0000000000
46945  8.590  -21.810  48.009 0.0000000000
46944  8.483  -22.409  48.117 0.0000000000
46955  8.412  -22.337  47.287 0.0000000000
131565  8.445  -21.546  45.107 0.0000000000
45932  8.997  -22.364  45.148 0.0000000000
45952  8.847  -22.230  44.337 0.0000000000
139532  9.121  -22.942  44.109 0.0000000000
45951  8.969  -22.465  43.873 0.0000000000
45974  9.450  -22.188  43.191 0.0000000000
46991  9.130  -21.938  43.360 0.0000000000
49144  7.644  -20.161  43.074 0.0000000000
123420  8.126  -20.680  42.995 0.0000000000
49152  7.729  -20.057  42.175 0.0000000000
49159  7.851  -19.776  41.432 0.0000000000
51296  7.278  -19.068  42.930 0.0000000000
56069  12.912  -13.813  45.848 0.0000000000
56076  13.133  -13.772  44.721 0.0000000000
54238  13.356  -15.466  44.431 0.0000000000
134203  13.461  -14.887  43.920 0.0000000000
38587  16.614  -29.844  58.600 0.0000000000
39540  16.506  -29.133  58.922 0.0000000000
38582  16.734  -29.074  59.222 0.0000000000
43703  17.827  -24.903  60.635 0.0000000000
126294  17.181  -26.913  60.325 0.0000000000
43698  17.017  -24.347  60.715 0.0000000000
43700  16.472  -23.850  60.733 0.0000000000
46831  16.919  -22.933  60.904 0.0000000000
46848  18.273  -22.578  59.036 0.0000000000
45758  18.343  -23.285  59.889 0.0000000000
46849  18.036  -22.338  59.451 0.0000000000
47915  17.288  -21.609  59.687 0.0000000000
48981  17.028  -20.925  59.252 0.0000000000
47916  16.592  -21.426  59.907 0.0000000000
48982  16.212  -20.842  59.399 0.0000000000
48983  15.342  -20.813  59.470 0.0000000000
39577  22.507  -27.482  50.116 0.0000000000
38616  21.838  -28.487  50.859 0.0000000000
39565  22.153  -28.008  52.733 0.0000000000
38608  20.900  -29.799  52.530 0.0000000000
125706  21.381  -29.101  52.273 0.0000000000
38618  21.161  -29.645  51.257 0.0000000000
37704  21.032  -29.814  51.880 0.0000000000
37705  20.646  -30.185  51.701 0.0000000000
37707  19.671  -31.077  51.625 0.0000000000
132400  18.754  -31.634  54.975 0.0000000000
36665  18.580  -31.926  54.870 0.0000000000
35668  17.895  -32.193  55.209 0.0000000000
36659  18.400  -31.678  55.403 0.0000000000
39549  19.797  -29.434  56.984 0.0000000000
37663  19.268  -30.362  56.417 0.0000000000
127971  19.197  -29.774  57.052 0.0000000000
37666  17.865  -30.550  57.660 0.0000000000
141902  18.127  -30.819  57.064 0.0000000000
36640  17.962  -30.890  57.089 0.0000000000
36647  17.685  -31.294  56.645 0.0000000000
36648  17.451  -31.420  57.021 0.0000000000
35660  16.762  -32.277  56.917 0.0000000000
36641  17.147  -31.397  57.524 0.0000000000
37653  17.005  -30.503  58.535 0.0000000000
37660  16.778  -30.935  58.187 0.0000000000
37654  16.771  -30.471  58.459 0.0000000000
136814  16.304  -30.702  57.870 0.0000000000
122769  9.515  -24.193  54.175 0.0000000000
44824  8.881  -23.769  54.066 0.0000000000
127824  8.555  -22.016  53.272 0.0000000000
45822  8.435  -23.245  52.718 0.0000000000
46910  8.473  -22.539  52.710 0.0000000000
136280  8.368  -22.681  51.814 0.0000000000
120717  8.451  -22.340  51.941 0.0000000000
51161  7.650  -18.499  53.538 0.0000000000
50147  8.431  -19.358  51.802 0.0000000000
49063  8.516  -20.370  51.494 0.0000000000
49064  8.537  -21.146  51.144 0.0000000000
49067  8.486  -20.208  50.636 0.0000000000
49068  8.416  -20.947  50.315 0.0000000000
50154  8.586  -19.227  50.195 0.0000000000
51230  8.588  -17.841  49.938 0.0000000000
50159  8.577  -18.881  49.430 0.0000000000
51247  8.633  -18.008  49.143 0.0000000000
52238  8.713  -17.350  48.691 0.0000000000
133710  20.437  -22.826  52.777 0.0000000000
135785  20.042  -21.945  53.816 0.0000000000
46901  20.385  -22.084  53.008 0.0000000000
41636  28.086  -25.415  50.960 0.0000000000
41646  27.797  -25.401  50.439 0.0000000000
40575  27.406  -25.467  50.607 0.0000000000
40561  27.322  -25.545  51.319 0.0000000000
42676  28.397  -25.159  56.020 0.0000000000
122075  28.684  -24.680  56.277 0.0000000000
42679  28.686  -25.064  55.815 0.0000000000
43752  29.018  -24.870  55.795 0.0000000000
42687  28.761  -24.983  54.979 0.0000000000
42693  28.452  -25.093  54.388 0.0000000000
41598  28.010  -25.243  54.241 0.0000000000
41617  27.133  -25.608  52.053 0.0000000000
40550  27.149  -25.512  52.132 0.0000000000
43780  25.910  -25.123  52.023 0.0000000000
42706  25.717  -25.229  51.440 0.0000000000
43786  25.425  -24.825  50.948 0.0000000000
42718  24.939  -25.581  50.183 0.0000000000
43792  24.999  -25.025  50.312 0.0000000000
45848  24.039  -23.888  50.216 0.0000000000
132436  23.207  -24.256  50.098 0.0000000000
44873  23.655  -24.820  49.985 0.0000000000
43795  22.767  -24.877  50.181 0.0000000000
43787  22.408  -25.531  50.779 0.0000000000
44858  21.985  -24.671  50.519 0.0000000000
45835  20.943  -22.989  51.444 0.0000000000
44860  20.944  -23.875  51.729 0.0000000000
45821  20.611  -23.294  52.231 0.0000000000
45811  20.405  -23.592  53.070 0.0000000000
40556  13.252  -28.471  52.206 0.0000000000
40567  12.589  -28.437  51.439 0.0000000000
40543  13.666  -28.570  53.876 0.0000000000
41603  16.179  -27.688  53.967 0.0000000000
41612  16.461  -27.009  53.477 0.0000000000
41602  16.435  -26.918  54.254 0.0000000000
43755  15.416  -25.210  55.267 0.0000000000
43768  14.013  -24.926  54.812 0.0000000000
43757  13.651  -25.127  55.372 0.0000000000
40513  16.232  -27.858  59.526 0.0000000000
130971  15.997  -28.220  58.881 0.0000000000
41582  16.233  -27.320  59.523 0.0000000000
42670  15.160  -24.837  59.592 0.0000000000
42672  16.016  -26.418  59.183 0.0000000000
42675  15.007  -25.316  58.805 0.0000000000
47912  12.884  -22.637  59.918 0.0000000000
45756  13.051  -23.121  60.095 0.0000000000
144123  12.071  -22.789  59.728 0.0000000000
43725  11.604  -24.188  58.388 0.0000000000
43719  12.243  -24.142  58.734 0.0000000000
43734  12.738  -25.209  57.920 0.0000000000
122319  13.479  -25.212  57.168 0.0000000000
43748  11.807  -25.225  56.839 0.0000000000
43760  10.975  -24.985  56.402 0.0000000000
43770  12.188  -25.216  55.026 0.0000000000
44807  10.196  -24.611  55.954 0.0000000000
44822  10.209  -24.567  54.814 0.0000000000
44800  9.569  -24.189  56.415 0.0000000000
46880  8.574  -22.811  55.950 0.0000000000
45786  8.728  -23.458  55.968 0.0000000000
47951  8.478  -22.106  55.533 0.0000000000
49022  9.440  -20.976  55.951 0.0000000000
137804  23.310  -27.356  48.839 0.0000000000
136890  24.103  -27.095  48.466 0.0000000000
127348  23.105  -27.391  48.602 0.0000000000
142109  14.336  -32.736  55.376 0.0000000000
35677  13.974  -32.806  54.678 0.0000000000
120121  10.469  -28.607  52.087 0.0000000000
40569  10.024  -28.590  51.300 0.0000000000
41665  13.464  -27.545  48.493 0.0000000000
41666  12.667  -27.746  48.197 0.0000000000
143061  16.398  -26.135  50.226 0.0000000000
126111  15.780  -26.680  49.314 0.0000000000
42725  15.574  -26.605  48.620 0.0000000000
42760  15.365  -26.207  46.070 0.0000000000
124522  14.857  -26.988  47.390 0.0000000000
42761  14.798  -26.925  46.577 0.0000000000
42762  13.837  -27.179  46.165 0.0000000000
42783  14.361  -26.451  44.549 0.0000000000
43868  15.144  -25.618  43.241 0.0000000000
42799  14.489  -26.158  43.119 0.0000000000
42835  14.293  -25.997  41.734 0.0000000000
42836  13.529  -26.429  41.329 0.0000000000
44866  11.341  -24.137  52.132 0.0000000000
134859  12.031  -23.929  51.572 0.0000000000
141384  11.161  -23.981  51.421 0.0000000000
45867  12.041  -23.620  49.151 0.0000000000
45854  12.150  -23.735  49.920 0.0000000000
142170  13.065  -23.519  48.749 0.0000000000
138743  14.252  -23.403  48.507 0.0000000000
120385  13.472  -23.390  48.237 0.0000000000
45900  9.524  -23.602  46.936 0.0000000000
119317  10.370  -23.827  47.023 0.0000000000
141254  11.148  -23.485  46.170 0.0000000000
46980  12.915  -22.736  44.951 0.0000000000
137621  12.784  -22.905  45.761 0.0000000000
46971  13.625  -22.735  45.503 0.0000000000
45912  14.333  -22.921  46.002 0.0000000000
46978  14.573  -22.837  44.551 0.0000000000
45926  15.116  -23.192  44.768 0.0000000000
45946  15.025  -22.994  43.999 0.0000000000
45993  14.826  -23.477  40.769 0.0000000000
45992  15.131  -23.641  41.547 0.0000000000
44985  14.761  -24.162  40.146 0.0000000000
43920  14.300  -24.805  39.618 0.0000000000
44996  14.028  -24.602  38.876 0.0000000000
43940  13.456  -25.130  38.565 0.0000000000
45008  14.028  -23.731  38.712 0.0000000000
47085  12.614  -21.652  38.335 0.0000000000
48156  11.730  -21.196  37.261 0.0000000000
135787  9.978  -21.585  41.053 0.0000000000
48094  10.515  -21.552  40.271 0.0000000000
48095  9.595  -21.087  40.378 0.0000000000
49189  9.526  -19.898  38.395 0.0000000000
49176  9.969  -20.483  38.974 0.0000000000
49207  9.849  -19.790  37.139 0.0000000000
57933  8.451  -10.930  52.176 0.0000000000
127962  8.150  -11.738  52.132 0.0000000000
55981  7.981  -12.735  52.266 0.0000000000
55120  8.381  -14.410  50.991 0.0000000000
138272  8.490  -13.942  50.473 0.0000000000
55129  8.978  -14.313  49.462 0.0000000000
55130  8.668  -14.986  49.682 0.0000000000
55146  8.867  -15.425  49.060 0.0000000000
53288  8.873  -16.889  48.394 0.0000000000
54197  9.199  -16.586  48.153 0.0000000000
134747  11.319  -13.336  48.359 0.0000000000
57007  10.793  -12.948  48.631 0.0000000000
57008  10.136  -12.560  48.923 0.0000000000
57009  9.590  -13.052  49.226 0.0000000000
56030  10.145  -13.667  48.820 0.0000000000
130464  9.935  -16.105  47.840 0.0000000000
54211  9.836  -16.563  47.398 0.0000000000
53320  9.730  -17.011  46.931 0.0000000000
52273  9.650  -17.402  46.517 0.0000000000
51283  8.905  -18.082  45.639 0.0000000000
52285  9.390  -17.633  45.755 0.0000000000
123077  9.402  -17.584  44.244 0.0000000000
124969  8.753  -17.668  44.083 0.0000000000
52302  8.391  -17.668  43.166 0.0000000000
52303  7.686  -17.991  42.932 0.0000000000
52311  7.997  -17.629  42.301 0.0000000000
52298  12.073  -17.159  43.182 0.0000000000
125562  19.511  -24.313  56.810 0.0000000000
45775  19.312  -23.565  57.338 0.0000000000
45784  19.493  -23.625  56.431 0.0000000000
46878  19.456  -22.585  56.284 0.0000000000
47959  19.523  -21.216  56.093 0.0000000000
125302  20.935  -25.936  53.324 0.0000000000
42703  21.285  -26.689  53.850 0.0000000000
43775  20.922  -26.046  54.316 0.0000000000
43763  20.902  -26.131  54.787 0.0000000000
42690  20.947  -26.653  55.129 0.0000000000
42684  20.455  -26.852  55.824 0.0000000000
139311  20.343  -26.210  55.653 0.0000000000
43743  19.957  -25.545  55.819 0.0000000000
43969  10.648  -24.896  37.781 0.0000000000
43968  11.702  -24.842  37.867 0.0000000000
39554  13.706  -29.529  56.300 0.0000000000
129557  15.454  -28.927  57.639 0.0000000000
36643  15.008  -31.814  58.160 0.0000000000
36644  14.207  -31.972  57.775 0.0000000000
37670  13.874  -31.566  57.271 0.0000000000
37671  13.118  -31.422  56.613 0.0000000000
38596  13.175  -30.669  56.450 0.0000000000
125217  15.537  -24.412  53.292 0.0000000000
44846  16.041  -24.415  52.801 0.0000000000
44847  15.068  -24.115  52.604 0.0000000000
121548  13.984  -23.921  52.177 0.0000000000
44864  13.831  -23.618  51.298 0.0000000000
124325  8.224  -20.095  47.859 0.0000000000
48016  8.331  -21.885  46.850 0.0000000000
48035  7.980  -21.167  46.371 0.0000000000
48036  8.049  -21.513  45.661 0.0000000000
48054  8.040  -21.133  45.051 0.0000000000
46982  8.437  -21.494  44.290 0.0000000000
49127  7.774  -20.711  44.478 0.0000000000
50192  7.618  -20.016  44.796 0.0000000000
50191  7.489  -19.359  44.347 0.0000000000
39537  17.492  -28.664  59.742 0.0000000000
39534  17.161  -28.182  60.083 0.0000000000
41572  17.769  -27.003  60.444 0.0000000000
43702  18.030  -25.736  60.626 0.0000000000
44765  18.051  -24.190  60.617 0.0000000000
47927  18.218  -21.449  58.479 0.0000000000
49004  17.088  -20.149  58.025 0.0000000000
50065  16.724  -19.970  57.312 0.0000000000
50066  15.911  -20.049  57.294 0.0000000000
50075  16.271  -19.644  56.486 0.0000000000
41630  23.719  -26.541  50.165 0.0000000000
40552  22.717  -27.373  51.563 0.0000000000
40525  21.049  -28.656  53.858 0.0000000000
40532  21.527  -28.380  53.321 0.0000000000
39562  21.124  -29.046  53.428 0.0000000000
130181  20.693  -29.960  53.106 0.0000000000
36663  19.247  -31.128  54.976 0.0000000000
36657  19.063  -31.025  55.653 0.0000000000
119216  19.533  -28.858  58.235 0.0000000000
38592  18.976  -29.456  57.779 0.0000000000
39541  19.253  -28.983  58.385 0.0000000000
143946  18.683  -29.387  58.199 0.0000000000
37657  17.691  -30.309  58.175 0.0000000000
37658  17.491  -30.563  58.211 0.0000000000
37651  18.045  -30.390  58.454 0.0000000000
38580  17.918  -29.216  59.150 0.0000000000
46894  8.282  -22.469  54.447 0.0000000000
45804  8.222  -22.992  54.072 0.0000000000
121316  8.414  -21.380  53.626 0.0000000000
124392  7.552  -17.062  53.140 0.0000000000
52190  7.731  -17.753  52.669 0.0000000000
51206  8.276  -18.176  51.690 0.0000000000
123569  8.542  -18.563  50.716 0.0000000000
52198  8.440  -17.580  50.761 0.0000000000
53264  8.331  -16.779  50.785 0.0000000000
52219  8.484  -17.078  49.944 0.0000000000
128818  28.095  -25.497  52.126 0.0000000000
137671  27.810  -25.214  55.255 0.0000000000
41609  26.531  -25.323  52.228 0.0000000000
43774  26.065  -24.928  53.196 0.0000000000
44842  25.550  -24.559  52.487 0.0000000000
44875  21.772  -23.770  50.503 0.0000000000
119967  11.464  -28.510  51.821 0.0000000000
40528  14.996  -28.816  56.156 0.0000000000
126381  15.145  -28.568  55.310 0.0000000000
40527  15.966  -28.258  55.717 0.0000000000
41596  16.331  -26.625  54.995 0.0000000000
42691  15.914  -26.008  55.705 0.0000000000
143314  15.235  -25.248  55.977 0.0000000000
127747  16.215  -25.506  59.949 0.0000000000
132873  16.361  -26.583  59.714 0.0000000000
43708  15.220  -24.432  60.072 0.0000000000
42667  15.186  -24.730  59.746 0.0000000000
43711  14.495  -24.262  59.644 0.0000000000
46850  11.489  -22.956  59.237 0.0000000000
46851  11.803  -23.307  59.323 0.0000000000
45761  11.268  -23.442  58.905 0.0000000000
44777  11.280  -23.686  58.713 0.0000000000
43735  11.901  -25.087  57.658 0.0000000000
43736  10.949  -24.235  58.045 0.0000000000
44790  10.464  -24.308  57.384 0.0000000000
44791  9.833  -24.148  57.046 0.0000000000
46873  9.045  -23.041  56.672 0.0000000000
47950  8.865  -22.236  56.156 0.0000000000
39603  21.823  -27.886  48.821 0.0000000000
38654  21.232  -28.537  49.380 0.0000000000
36674  16.957  -32.803  53.306 0.0000000000
35679  16.103  -33.034  53.266 0.0000000000
136707  15.145  -33.033  53.153 0.0000000000
39564  10.800  -29.750  54.429 0.0000000000
40559  10.206  -28.889  52.904 0.0000000000
40579  13.297  -28.217  50.718 0.0000000000
41641  12.925  -28.045  49.897 0.0000000000
41640  13.873  -27.827  50.143 0.0000000000
140530  13.623  -27.613  49.326 0.0000000000
41664  14.303  -27.321  48.762 0.0000000000
43800  16.187  -24.571  48.840 0.0000000000
137179  16.063  -25.804  48.785 0.0000000000
43801  16.013  -25.144  48.016 0.0000000000
43811  15.785  -25.426  46.649 0.0000000000
42771  15.449  -25.721  45.372 0.0000000000
43856  15.706  -25.007  44.226 0.0000000000
43867  15.573  -25.040  43.477 0.0000000000
44881  9.616  -24.025  51.050 0.0000000000
121487  10.567  -23.985  50.756 0.0000000000
44887  10.544  -24.020  49.808 0.0000000000
45868  11.369  -23.837  49.444 0.0000000000
45875  11.531  -23.776  48.665 0.0000000000
45929  10.435  -23.372  44.573 0.0000000000
45914  11.018  -23.371  45.482 0.0000000000
45928  11.355  -23.225  44.690 0.0000000000
45927  12.170  -22.983  44.237 0.0000000000
45947  13.658  -22.733  43.355 0.0000000000
125932  14.688  -22.856  43.219 0.0000000000
45969  14.108  -22.780  42.502 0.0000000000
47018  14.169  -22.897  40.657 0.0000000000
47065  14.056  -22.734  39.995 0.0000000000
46022  14.213  -23.089  39.333 0.0000000000
47066  13.528  -22.365  39.456 0.0000000000
48109  12.754  -21.827  39.118 0.0000000000
141718  12.231  -21.482  38.781 0.0000000000
48114  8.738  -20.194  40.507 0.0000000000
48113  9.030  -20.540  40.072 0.0000000000
49178  8.639  -19.982  39.756 0.0000000000
49190  8.674  -19.719  38.929 0.0000000000
50270  8.347  -19.145  38.499 0.0000000000
57946  8.507  -11.059  51.348 0.0000000000
56984  8.480  -11.902  50.959 0.0000000000
56004  8.574  -13.244  50.371 0.0000000000
124273  8.684  -12.397  50.346 0.0000000000
56017  8.836  -13.186  49.889 0.0000000000
55159  11.994  -14.364  47.714 0.0000000000
56042  11.393  -14.111  48.299 0.0000000000
55143  10.628  -14.528  48.496 0.0000000000
119677  10.934  -15.618  47.715 0.0000000000
53337  10.196  -17.063  46.246 0.0000000000
52284  9.754  -17.444  45.636 0.0000000000
53346  10.475  -17.312  45.489 0.0000000000
52291  9.891  -17.519  44.829 0.0000000000
52300  10.155  -17.541  43.890 0.0000000000
42668  19.159  -26.758  59.409 0.0000000000
43710  18.926  -25.386  59.516 0.0000000000
44774  18.807  -24.517  59.431 0.0000000000
120288  18.786  -23.817  58.827 0.0000000000
46859  18.519  -22.338  58.296 0.0000000000
46858  18.847  -22.833  57.869 0.0000000000
47926  18.565  -21.708  57.971 0.0000000000
42714  22.898  -26.354  51.051 0.0000000000
41622  22.590  -26.984  52.333 0.0000000000
41611  21.801  -27.354  53.262 0.0000000000
131331  21.419  -27.535  54.004 0.0000000000
40533  21.348  -28.025  54.130 0.0000000000
40526  20.911  -28.569  54.629 0.0000000000
39558  20.534  -29.271  55.130 0.0000000000
124172  20.163  -30.022  55.622 0.0000000000
39553  20.236  -29.372  56.103 0.0000000000
40518  20.259  -28.844  56.755 0.0000000000
40519  20.232  -28.540  57.331 0.0000000000
41590  20.279  -27.095  56.763 0.0000000000
41587  20.266  -27.879  57.388 0.0000000000
40515  19.868  -28.522  57.947 0.0000000000
128113  19.799  -27.902  58.169 0.0000000000
130061  19.497  -27.125  58.646 0.0000000000
139734  7.626  -18.778  55.018 0.0000000000
52179  7.478  -17.562  54.835 0.0000000000
53237  7.420  -16.980  55.069 0.0000000000
140217  7.375  -15.968  55.844 0.0000000000
54136  7.388  -16.455  55.392 0.0000000000
125192  7.421  -17.034  54.112 0.0000000000
130770  7.644  -15.913  53.132 0.0000000000
55100  7.956  -15.008  52.846 0.0000000000
40537  12.301  -28.917  54.784 0.0000000000
137229  12.787  -28.689  54.205 0.0000000000
40529  13.973  -29.166  56.187 0.0000000000
42677  15.657  -26.420  57.878 0.0000000000
47918  14.815  -21.345  60.174 0.0000000000
143470  13.820  -22.504  60.451 0.0000000000
47919  13.905  -21.517  60.021 0.0000000000
47920  13.141  -21.888  59.711 0.0000000000
48997  13.055  -20.784  58.085 0.0000000000
122191  11.981  -21.735  58.786 0.0000000000
47939  11.554  -21.697  58.164 0.0000000000
47940  10.530  -21.898  57.245 0.0000000000
47949  9.996  -21.416  56.517 0.0000000000
35671  15.827  -32.844  56.049 0.0000000000
119799  15.835  -33.055  55.308 0.0000000000
35672  15.003  -32.778  55.837 0.0000000000
36655  13.866  -32.224  56.876 0.0000000000
36656  13.329  -32.163  56.428 0.0000000000
36662  12.127  -31.767  55.283 0.0000000000
125149  11.580  -31.407  54.976 0.0000000000
38601  11.530  -30.458  55.275 0.0000000000
41632  16.344  -27.090  51.834 0.0000000000
41638  15.627  -27.423  50.671 0.0000000000
41637  16.270  -27.048  51.003 0.0000000000
138906  16.413  -26.444  50.688 0.0000000000
42723  16.460  -25.390  50.060 0.0000000000
123027  16.559  -24.692  50.669 0.0000000000
44886  16.388  -24.432  49.808 0.0000000000
45871  16.154  -23.908  49.323 0.0000000000
45872  15.776  -23.838  48.689 0.0000000000
45881  15.433  -23.774  47.658 0.0000000000
45877  8.452  -22.812  48.931 0.0000000000
44897  8.823  -23.484  48.834 0.0000000000
130317  8.368  -23.085  48.196 0.0000000000
45886  8.761  -23.201  47.276 0.0000000000
45901  8.872  -23.041  46.418 0.0000000000
46964  8.430  -22.339  46.509 0.0000000000
45917  9.205  -22.967  45.433 0.0000000000
124190  9.711  -23.182  43.999 0.0000000000
134802  10.030  -23.090  43.323 0.0000000000
45972  10.463  -22.883  42.732 0.0000000000
123998  11.090  -22.292  41.454 0.0000000000
47001  10.133  -22.329  42.398 0.0000000000
47023  9.662  -21.620  41.798 0.0000000000
47024  9.172  -21.125  42.098 0.0000000000
48076  8.603  -20.834  42.816 0.0000000000
48084  8.533  -20.573  41.886 0.0000000000
48085  8.190  -19.947  41.283 0.0000000000
49167  7.979  -19.512  40.890 0.0000000000
123119  7.325  -19.045  41.109 0.0000000000
55192  12.759  -14.899  46.056 0.0000000000
54239  12.899  -16.036  45.049 0.0000000000
55215  13.492  -14.788  43.220 0.0000000000
42857  12.701  -26.918  40.087 0.0000000000
38591  15.721  -30.243  57.681 0.0000000000
39543  16.227  -28.707  58.835 0.0000000000
40510  16.716  -27.951  60.021 0.0000000000
130930  16.881  -26.528  60.256 0.0000000000
41575  16.586  -26.724  60.025 0.0000000000
43704  16.255  -24.223  60.513 0.0000000000
44761  15.781  -23.493  60.654 0.0000000000
46838  15.754  -22.722  60.797 0.0000000000
44770  18.614  -24.378  59.866 0.0000000000
45752  18.144  -23.303  60.327 0.0000000000
46836  17.541  -22.893  60.663 0.0000000000
47914  17.824  -21.914  59.398 0.0000000000
136450  17.326  -22.022  60.053 0.0000000000
46844  17.237  -22.617  60.648 0.0000000000
47903  16.752  -22.335  60.581 0.0000000000
47910  16.258  -21.970  60.496 0.0000000000
142125  15.474  -21.746  60.471 0.0000000000
48995  15.053  -20.555  58.700 0.0000000000
49006  14.767  -20.467  57.882 0.0000000000
49016  15.160  -20.082  57.253 0.0000000000
40578  26.101  -25.797  49.970 0.0000000000
122496  25.046  -26.709  49.000 0.0000000000
39587  24.799  -26.289  49.220 0.0000000000
39588  23.538  -26.960  49.272 0.0000000000
39589  22.508  -27.649  49.479 0.0000000000
38639  21.761  -28.482  50.181 0.0000000000
38628  21.163  -29.553  50.811 0.0000000000
40553  22.702  -27.546  52.137 0.0000000000
39569  21.888  -28.377  51.923 0.0000000000
39566  21.605  -28.663  52.716 0.0000000000
133573  21.612  -28.797  51.521 0.0000000000
38617  21.422  -29.221  51.108 0.0000000000
38629  21.004  -29.758  50.714 0.0000000000
37706  20.247  -30.672  51.898 0.0000000000
36673  17.809  -32.451  53.455 0.0000000000
35678  17.259  -32.820  54.076 0.0000000000
35674  17.346  -32.753  54.903 0.0000000000
37673  19.740  -30.643  55.485 0.0000000000
37674  19.334  -30.785  55.786 0.0000000000
36645  18.728  -30.944  56.106 0.0000000000
37664  18.743  -30.205  57.007 0.0000000000
37669  18.550  -30.728  56.560 0.0000000000
36654  18.320  -31.444  55.648 0.0000000000
35658  17.682  -31.507  56.223 0.0000000000
35664  17.381  -32.146  56.194 0.0000000000
123474  16.281  -32.595  56.475 0.0000000000
35661  15.925  -32.171  57.143 0.0000000000
36649  15.309  -32.059  57.949 0.0000000000
36636  17.100  -31.057  58.066 0.0000000000
35657  15.824  -31.607  57.599 0.0000000000
37661  15.399  -31.160  57.705 0.0000000000
44821  10.989  -24.774  54.112 0.0000000000
140704  12.328  -24.604  53.007 0.0000000000
44834  10.947  -24.608  53.283 0.0000000000
44850  10.159  -24.117  52.907 0.0000000000
44851  9.173  -24.048  52.430 0.0000000000
44837  8.793  -23.596  53.031 0.0000000000
44852  8.611  -23.637  52.161 0.0000000000
44867  9.032  -24.030  51.598 0.0000000000
44868  8.627  -23.509  51.383 0.0000000000
44869  8.698  -23.175  50.966 0.0000000000
45855  8.680  -22.754  50.749 0.0000000000
50108  7.754  -19.311  54.261 0.0000000000
128728  8.274  -20.392  53.525 0.0000000000
125376  8.593  -21.327  52.907 0.0000000000
49060  8.479  -20.452  52.434 0.0000000000
47991  8.575  -21.821  51.606 0.0000000000
46917  8.682  -22.295  51.196 0.0000000000
143271  8.696  -22.034  50.488 0.0000000000
46934  8.543  -22.221  49.804 0.0000000000
47998  8.512  -21.644  49.156 0.0000000000
49072  8.419  -20.640  49.386 0.0000000000
50160  8.473  -19.458  49.061 0.0000000000
138782  8.359  -19.988  48.667 0.0000000000
50164  8.406  -19.249  48.275 0.0000000000
51269  8.692  -18.549  47.888 0.0000000000
51268  9.111  -17.962  47.576 0.0000000000
134685  19.764  -22.307  54.553 0.0000000000
43751  29.607  -24.265  55.716 0.0000000000
41614  28.207  -25.395  52.599 0.0000000000
41615  28.024  -25.553  52.309 0.0000000000
41606  27.691  -25.413  53.361 0.0000000000
40549  27.475  -25.525  52.101 0.0000000000
40562  27.037  -25.617  51.213 0.0000000000
40563  26.017  -25.498  50.195 0.0000000000
41619  25.990  -25.394  50.833 0.0000000000
41629  25.185  -26.004  49.880 0.0000000000
42713  23.924  -25.980  50.085 0.0000000000
44829  25.122  -23.810  52.920 0.0000000000
44843  25.019  -24.015  51.729 0.0000000000
44857  24.796  -24.280  50.691 0.0000000000
44859  21.422  -24.335  51.167 0.0000000000
136078  21.056  -24.759  51.995 0.0000000000
43783  20.713  -25.085  52.881 0.0000000000
44830  20.445  -24.428  53.415 0.0000000000
124502  20.228  -23.818  53.831 0.0000000000
119693  11.737  -28.483  50.942 0.0000000000
41625  15.291  -28.008  52.045 0.0000000000
40542  14.630  -28.428  53.568 0.0000000000
40555  14.898  -28.286  52.747 0.0000000000
40554  15.613  -28.024  52.721 0.0000000000
41624  16.007  -27.658  52.291 0.0000000000
41623  16.434  -27.056  52.676 0.0000000000
42709  16.569  -26.079  53.054 0.0000000000
43765  16.376  -25.428  53.734 0.0000000000
42699  16.322  -25.984  54.378 0.0000000000
43766  15.878  -25.084  54.421 0.0000000000
44817  15.345  -24.567  53.977 0.0000000000
44818  14.372  -24.622  54.123 0.0000000000
44819  13.414  -24.915  54.158 0.0000000000
44820  12.489  -25.103  54.243 0.0000000000
40517  15.774  -28.788  58.212 0.0000000000
40516  15.806  -28.245  58.280 0.0000000000
141563  16.200  -26.313  59.517 0.0000000000
45755  13.664  -23.206  60.236 0.0000000000
43712  13.733  -23.812  59.743 0.0000000000
124812  13.942  -24.072  59.445 0.0000000000
44775  12.427  -24.070  59.058 0.0000000000
43718  12.858  -23.988  59.141 0.0000000000
43717  13.531  -24.331  59.061 0.0000000000
43722  14.226  -25.151  58.526 0.0000000000
43732  15.306  -25.600  57.387 0.0000000000
43746  13.680  -25.138  56.139 0.0000000000
43747  12.702  -25.304  56.467 0.0000000000
43758  12.885  -25.274  55.583 0.0000000000
139760  11.591  -25.060  54.474 0.0000000000
143915  10.969  -24.905  54.680 0.0000000000
44823  9.317  -24.099  54.737 0.0000000000
44809  8.908  -23.758  55.020 0.0000000000
44801  8.955  -23.867  55.888 0.0000000000
45795  8.620  -23.429  55.251 0.0000000000
45796  8.296  -22.984  54.787 0.0000000000
46890  8.319  -22.447  55.121 0.0000000000
49038  8.025  -20.460  55.069 0.0000000000
49037  8.277  -20.520  55.332 0.0000000000
50093  8.042  -19.564  55.319 0.0000000000
51122  7.945  -17.823  55.953 0.0000000000
47958  19.669  -21.653  55.341 0.0000000000
39612  23.566  -27.275  48.097 0.0000000000
39627  22.715  -27.321  47.961 0.0000000000
142810  21.915  -27.597  48.297 0.0000000000
35680  14.233  -32.938  53.218 0.0000000000
35683  14.582  -32.916  52.628 0.0000000000
41648  15.388  -27.280  49.833 0.0000000000
41686  14.162  -27.283  47.937 0.0000000000
141564  15.285  -26.678  47.616 0.0000000000
41698  13.141  -27.522  46.825 0.0000000000
121530  12.954  -27.468  46.103 0.0000000000
135879  13.948  -26.508  43.825 0.0000000000
42879  13.114  -26.271  39.617 0.0000000000
124191  12.239  -24.230  52.368 0.0000000000
44865  12.987  -23.904  51.847 0.0000000000
44880  11.667  -23.878  50.774 0.0000000000
45836  13.725  -23.529  50.508 0.0000000000
45865  14.594  -23.473  49.094 0.0000000000
45873  15.074  -23.529  48.427 0.0000000000
124901  14.964  -23.357  47.042 0.0000000000
44895  9.942  -24.063  48.533 0.0000000000
45885  10.819  -24.002  48.167 0.0000000000
45884  11.741  -23.656  47.740 0.0000000000
119955  11.930  -23.320  46.116 0.0000000000
45897  12.307  -23.337  46.949 0.0000000000
119956  12.814  -23.355  47.637 0.0000000000
45896  14.159  -22.979  46.868 0.0000000000
45895  14.889  -23.243  46.426 0.0000000000
45910  15.568  -23.697  44.974 0.0000000000
44957  15.719  -24.307  43.779 0.0000000000
44966  15.557  -24.492  42.942 0.0000000000
45968  14.990  -23.138  42.359 0.0000000000
139206  15.299  -24.442  41.630 0.0000000000
43893  15.015  -25.212  41.396 0.0000000000
43905  14.588  -24.993  40.442 0.0000000000
43921  13.840  -25.601  39.876 0.0000000000
143488  12.740  -26.111  39.015 0.0000000000
43941  12.762  -25.598  38.548 0.0000000000
43967  12.742  -24.847  37.988 0.0000000000
45021  12.156  -24.151  37.545 0.0000000000
47044  10.777  -22.005  40.882 0.0000000000
48093  11.444  -21.853  40.165 0.0000000000
138154  11.718  -21.263  38.885 0.0000000000
138628  9.497  -20.766  39.694 0.0000000000
48134  11.057  -20.759  38.640 0.0000000000
49188  11.228  -20.640  37.552 0.0000000000
49205  10.976  -20.892  36.705 0.0000000000
55965  8.233  -13.169  54.252 0.0000000000
131663  8.035  -13.897  52.563 0.0000000000
56957  8.133  -11.912  52.880 0.0000000000
55108  8.129  -14.662  51.866 0.0000000000
54157  8.256  -15.335  51.349 0.0000000000
54166  8.432  -15.205  50.707 0.0000000000
133828  8.456  -16.318  50.000 0.0000000000
55119  8.511  -14.687  50.290 0.0000000000
54175  8.596  -15.862  49.375 0.0000000000
53277  8.576  -16.708  49.133 0.0000000000
52251  9.023  -17.424  48.057 0.0000000000
52263  9.278  -17.500  47.546 0.0000000000
56031  9.524  -14.054  49.131 0.0000000000
55145  9.291  -15.059  48.848 0.0000000000
140573  10.370  -15.503  48.143 0.0000000000
54184  9.680  -15.683  48.336 0.0000000000
53301  9.506  -16.832  47.541 0.0000000000
53321  9.502  -17.339  47.138 0.0000000000
51274  9.172  -18.099  46.795 0.0000000000
141976  9.138  -18.076  46.282 0.0000000000
128280  8.319  -18.574  45.322 0.0000000000
51289  8.122  -18.329  44.692 0.0000000000
52293  7.809  -18.116  43.838 0.0000000000
51303  7.284  -18.403  42.287 0.0000000000
51318  7.169  -18.506  41.554 0.0000000000
52324  7.238  -18.535  40.702 0.0000000000
53353  11.844  -17.192  44.129 0.0000000000
52299  11.119  -17.411  43.527 0.0000000000
52310  8.949  -17.511  42.408 0.0000000000
119951  8.512  -17.331  41.611 0.0000000000
52338  7.390  -18.443  39.844 0.0000000000
35655  17.120  -31.914  57.199 0.0000000000
35656  16.658  -31.882  57.388 0.0000000000
35663  17.759  -31.873  55.754 0.0000000000
35665  16.940  -32.590  56.373 0.0000000000
36637  16.802  -31.089  58.031 0.0000000000
36638  16.441  -31.262  57.654 0.0000000000
36642  16.568  -31.342  57.627 0.0000000000
36646  18.260  -30.897  56.554 0.0000000000
36653  18.578  -31.074  56.016 0.0000000000
36664  19.071  -31.529  54.547 0.0000000000
37650  17.956  -29.753  58.685 0.0000000000
37656  18.078  -29.893  58.110 0.0000000000
37659  17.164  -30.786  58.305 0.0000000000
37665  18.228  -30.522  57.275 0.0000000000
37667  19.494  -30.650  55.866 0.0000000000
38579  18.483  -29.001  59.191 0.0000000000
38581  17.297  -29.278  59.261 0.0000000000
38584  17.971  -29.752  58.713 0.0000000000
38585  17.523  -29.733  58.800 0.0000000000
38586  16.968  -29.763  58.920 0.0000000000
38588  18.889  -29.169  58.502 0.0000000000
38589  18.382  -29.265  58.744 0.0000000000
38597  19.757  -30.444  55.856 0.0000000000
38604  20.560  -30.030  53.673 0.0000000000
39533  17.587  -28.061  60.191 0.0000000000
39535  18.967  -28.601  59.547 0.0000000000
39538  17.144  -28.812  59.646 0.0000000000
39539  16.523  -28.474  59.507 0.0000000000
39542  19.117  -28.876  58.879 0.0000000000
39546  19.414  -29.248  57.757 0.0000000000
39613  22.527  -27.432  48.257 0.0000000000
40505  18.087  -27.461  60.337 0.0000000000
40506  17.706  -27.353  60.377 0.0000000000
40507  17.223  -27.572  60.271 0.0000000000
40508  18.432  -27.618  60.137 0.0000000000
40509  18.655  -28.196  59.888 0.0000000000
40514  19.322  -28.754  58.767 0.0000000000
40560  27.856  -25.499  51.132 0.0000000000
41571  18.070  -27.112  60.410 0.0000000000
41573  17.424  -27.077  60.377 0.0000000000
41574  16.893  -27.150  60.221 0.0000000000
41577  18.225  -26.965  60.332 0.0000000000
41578  16.548  -27.509  59.993 0.0000000000
41580  19.273  -28.435  59.242 0.0000000000
41581  19.121  -27.784  59.599 0.0000000000
41604  28.296  -25.235  53.494 0.0000000000
41626  28.272  -25.375  51.911 0.0000000000
41627  28.150  -25.452  51.651 0.0000000000
41647  27.082  -25.433  49.965 0.0000000000
42659  16.924  -24.979  60.466 0.0000000000
42661  17.740  -25.900  60.594 0.0000000000
42662  17.408  -25.974  60.496 0.0000000000
42664  16.641  -25.756  60.204 0.0000000000
42665  18.775  -25.948  59.782 0.0000000000
42666  18.430  -25.905  60.237 0.0000000000
42671  19.313  -26.143  59.046 0.0000000000
42673  15.637  -25.406  59.342 0.0000000000
42680  28.448  -25.139  55.854 0.0000000000
42681  27.977  -25.061  56.040 0.0000000000
42682  27.740  -25.120  55.630 0.0000000000
42686  29.063  -24.724  55.146 0.0000000000
42688  28.157  -25.204  55.447 0.0000000000
42694  28.254  -25.177  54.556 0.0000000000
42719  16.537  -26.215  51.450 0.0000000000
42744  15.059  -26.999  48.160 0.0000000000
42772  14.902  -26.386  45.279 0.0000000000
42782  15.217  -25.739  44.596 0.0000000000
42816  14.246  -26.248  42.458 0.0000000000
43699  16.849  -24.573  60.597 0.0000000000
43701  18.129  -25.425  60.556 0.0000000000
43707  15.986  -24.776  60.192 0.0000000000
43709  14.518  -24.183  60.004 0.0000000000
43713  13.460  -24.139  59.281 0.0000000000
43727  28.983  -24.800  56.131 0.0000000000
43728  28.442  -24.991  56.134 0.0000000000
43733  14.413  -25.253  57.692 0.0000000000
43740  28.668  -25.065  56.046 0.0000000000
43761  29.691  -23.853  54.873 0.0000000000
43857  15.294  -25.457  43.899 0.0000000000
43881  15.411  -25.191  42.816 0.0000000000
43892  15.410  -24.899  42.182 0.0000000000
43922  13.351  -25.699  39.084 0.0000000000
44757  16.900  -23.798  60.862 0.0000000000
44758  18.081  -24.684  60.581 0.0000000000
44759  16.987  -23.910  60.841 0.0000000000
44760  16.826  -23.116  60.937 0.0000000000
44763  14.275  -23.190  60.434 0.0000000000
44768  13.341  -23.534  59.836 0.0000000000
44769  12.743  -23.564  59.508 0.0000000000
44771  18.383  -23.719  60.146 0.0000000000
44773  11.927  -23.663  59.103 0.0000000000
44780  11.199  -23.928  58.512 0.0000000000
44789  19.418  -24.411  57.464 0.0000000000
44797  19.631  -25.212  56.693 0.0000000000
44832  13.744  -24.578  53.459 0.0000000000
44882  9.062  -23.813  50.860 0.0000000000
44883  8.656  -23.150  50.274 0.0000000000
44889  9.279  -23.889  49.656 0.0000000000
44890  8.889  -23.550  49.562 0.0000000000
44898  8.502  -23.143  48.723 0.0000000000
44905  10.089  -23.950  47.687 0.0000000000
44906  8.620  -23.260  48.097 0.0000000000
45009  13.518  -24.354  38.238 0.0000000000
45745  16.306  -23.264  60.856 0.0000000000
45746  17.679  -23.729  60.685 0.0000000000
45748  16.165  -23.028  60.923 0.0000000000
45749  15.474  -23.111  60.723 0.0000000000
45750  14.932  -22.792  60.742 0.0000000000
45753  17.597  -23.272  60.707 0.0000000000
45754  17.216  -22.923  60.824 0.0000000000
45757  18.572  -23.857  59.716 0.0000000000
45759  12.200  -23.471  59.374 0.0000000000
45768  10.803  -23.757  58.407 0.0000000000
45769  10.118  -23.843  57.514 0.0000000000
45785  9.188  -23.880  56.636 0.0000000000
45812  8.487  -23.302  53.609 0.0000000000
45813  8.319  -22.957  53.217 0.0000000000
45838  8.449  -22.996  51.294 0.0000000000
45851  16.189  -23.792  49.857 0.0000000000
45866  13.623  -23.487  49.075 0.0000000000
45869  8.568  -22.674  49.897 0.0000000000
45883  13.644  -23.159  47.480 0.0000000000
45887  8.401  -23.050  47.439 0.0000000000
45888  8.391  -22.691  47.306 0.0000000000
45899  10.350  -23.654  46.225 0.0000000000
45902  8.597  -22.764  46.639 0.0000000000
45916  9.508  -23.348  45.878 0.0000000000
45918  8.751  -22.640  46.062 0.0000000000
45925  15.509  -23.582  44.238 0.0000000000
45931  8.992  -22.686  44.588 0.0000000000
45948  12.768  -22.826  43.530 0.0000000000
45949  10.893  -23.174  43.249 0.0000000000
45950  9.378  -22.806  43.581 0.0000000000
45967  15.392  -23.967  42.277 0.0000000000
45996  10.970  -22.618  42.106 0.0000000000
46011  14.568  -23.310  40.021 0.0000000000
46023  13.763  -22.865  38.675 0.0000000000
46833  15.815  -22.935  60.850 0.0000000000
46834  15.076  -22.795  60.667 0.0000000000
46835  18.031  -22.906  60.183 0.0000000000
46837  16.909  -22.789  60.868 0.0000000000
46840  13.852  -22.870  60.466 0.0000000000
46841  13.262  -23.120  60.120 0.0000000000
46842  12.797  -23.325  59.732 0.0000000000
46843  18.147  -22.765  59.734 0.0000000000
46847  18.534  -23.074  58.703 0.0000000000
46860  11.424  -22.350  58.848 0.0000000000
46888  19.527  -21.864  56.056 0.0000000000
46923  8.716  -22.440  50.620 0.0000000000
46963  8.737  -22.075  45.559 0.0000000000
46970  14.490  -22.871  45.214 0.0000000000
46979  13.820  -22.682  44.733 0.0000000000
46981  8.745  -21.871  44.750 0.0000000000
46990  13.226  -22.727  44.141 0.0000000000
46992  8.795  -21.487  43.463 0.0000000000
46993  8.499  -21.269  43.590 0.0000000000
47002  9.593  -21.866  42.523 0.0000000000
47003  9.252  -21.526  42.923 0.0000000000
47019  13.462  -22.756  41.193 0.0000000000
47020  12.586  -22.540  40.969 0.0000000000
47021  11.770  -22.639  41.550 0.0000000000
47045  9.403  -21.066  41.247 0.0000000000
47904  16.384  -22.610  60.807 0.0000000000
47905  15.680  -22.213  60.650 0.0000000000
47906  15.001  -21.913  60.563 0.0000000000
47907  14.277  -22.365  60.528 0.0000000000
47911  14.168  -21.956  60.458 0.0000000000
47921  12.188  -22.286  59.406 0.0000000000
48015  8.364  -21.074  47.420 0.0000000000
48061  8.104  -21.197  44.399 0.0000000000
48096  8.875  -20.540  41.278 0.0000000000
48097  8.465  -19.998  41.003 0.0000000000
48110  12.001  -21.636  39.428 0.0000000000
48111  11.193  -21.358  39.505 0.0000000000
48115  8.553  -19.764  40.103 0.0000000000
48155  12.308  -21.522  37.734 0.0000000000
48994  15.854  -20.507  58.759 0.0000000000
48996  13.682  -20.918  58.667 0.0000000000
49079  8.091  -20.346  47.026 0.0000000000
49108  7.786  -20.608  45.095 0.0000000000
50136  8.266  -19.688  52.750 0.0000000000
50209  7.484  -18.743  43.864 0.0000000000
50225  7.416  -19.561  42.479 0.0000000000
50239  7.471  -19.462  41.649 0.0000000000
50252  7.746  -19.200  40.640 0.0000000000
51295  7.402  -18.537  42.968 0.0000000000
52312  7.424  -17.984  41.980 0.0000000000
52323  7.296  -17.872  41.182 0.0000000000
53319  10.043  -16.769  46.839 0.0000000000
53345  11.462  -17.110  45.156 0.0000000000
54227  13.097  -15.194  45.248 0.0000000000
55160  11.228  -14.995  48.127 0.0000000000
55203  13.316  -14.605  44.561 0.0000000000
56973  8.224  -12.466  51.398 0.0000000000
56985  8.473  -12.644  50.748 0.0000000000
119508  13.524  -22.243  60.252 0.0000000000
119687  13.221  -23.030  46.949 0.0000000000
120010  14.155  -23.453  49.824 0.0000000000
121305  10.853  -24.340  52.593 0.0000000000
121911  11.123  -21.616  57.551 0.0000000000
122171  16.405  -24.222  51.326 0.0000000000
122373  16.683  -33.021  55.247 0.0000000000
123032  13.997  -24.966  58.774 0.0000000000
123709  7.512  -20.135  43.950 0.0000000000
123823  18.367  -29.103  59.075 0.0000000000
125001  18.428  -26.720  60.191 0.0000000000
125166  8.386  -22.722  48.152 0.0000000000
125190  8.471  -21.629  50.041 0.0000000000
125357  17.898  -26.683  60.520 0.0000000000
125392  14.513  -22.781  60.596 0.0000000000
126992  20.123  -24.583  54.927 0.0000000000
128031  17.882  -31.035  56.824 0.0000000000
128163  12.745  -23.592  49.212 0.0000000000
128557  15.676  -26.200  47.928 0.0000000000
128604  18.345  -23.026  59.345 0.0000000000
128882  8.002  -19.010  40.021 0.0000000000
128972  7.552  -19.267  41.240 0.0000000000
129271  19.051  -24.524  58.895 0.0000000000
129488  17.639  -24.084  60.694 0.0000000000
129501  16.312  -20.235  58.049 0.0000000000
129792  28.036  -25.484  52.939 0.0000000000
130056  18.705  -23.984  59.309 0.0000000000
130152  12.959  -22.892  60.057 0.0000000000
130771  7.448  -16.300  54.259 0.0000000000
130966  8.502  -22.495  49.016 0.0000000000
131685  12.782  -24.428  58.719 0.0000000000
133476  8.147  -21.850  46.130 0.0000000000
133669  9.347  -17.731  47.137 0.0000000000
133908  11.514  -24.596  57.968 0.0000000000
134177  18.350  -24.183  60.314 0.0000000000
134216  17.964  -23.224  60.517 0.0000000000
134550  17.413  -25.040  60.573 0.0000000000
135631  10.454  -23.249  43.805 0.0000000000
135831  16.262  -26.088  49.618 0.0000000000
136614  8.757  -23.386  50.749 0.0000000000
137242  8.780  -22.030  43.819 0.0000000000
137277  16.675  -25.016  60.395 0.0000000000
138416  15.830  -25.550  47.359 0.0000000000
138723  7.763  -18.800  44.719 0.0000000000
138779  16.559  -25.659  50.748 0.0000000000
139062  11.604  -23.530  59.059 0.0000000000
139231  10.863  -23.889  47.479 0.0000000000
139375  16.710  -28.398  59.715 0.0000000000
139486  18.976  -28.141  59.748 0.0000000000
139614  12.757  -23.063  46.419 0.0000000000
140078  20.403  -27.682  56.692 0.0000000000
140161  17.481  -24.463  60.666 0.0000000000
140186  18.055  -23.546  60.530 0.0000000000
140515  13.336  -22.725  38.118 0.0000000000
140784  8.265  -22.916  52.468 0.0000000000
140972  16.568  -23.042  60.998 0.0000000000
141281  19.585  -27.915  58.628 0.0000000000
141827  27.213  -25.503  52.620 0.0000000000
141905  18.567  -28.520  59.706 0.0000000000
142291  8.041  -21.022  43.897 0.0000000000
142398  9.850  -21.978  42.097 0.0000000000
142491  29.740  -23.935  55.256 0.0000000000
143026  9.825  -17.534  42.438 0.0000000000
143045  15.130  -28.376  54.033 0.0000000000
143076  23.436  -27.201  49.093 0.0000000000
143510  12.775  -22.908  42.159 0.0000000000
143788  17.482  -31.151  57.290 0.0000000000
143867  17.927  -28.621  59.807 0.0000000000
143897  8.636  -22.351  46.129 0.0000000000
144071  18.330  -25.269  60.364 0.0000000000
