#!ascii label  , from subject sub-v2s12x28885_ses-1 vox2ras=TkReg
1295
73201  19.912  5.142  78.400 0.0000000000
74258  28.213  6.356  91.326 0.0000000000
88152  35.824  19.400  59.729 0.0000000000
170591  29.103  6.587  74.680 0.0000000000
75432  35.113  6.215  84.570 0.0000000000
161356  47.583  26.712  51.029 0.0000000000
86093  35.342  17.494  64.857 0.0000000000
83893  29.432  14.450  65.614 0.0000000000
150274  16.785  0.206  77.521 0.0000000000
76444  24.842  8.138  84.328 0.0000000000
70671  28.354  4.624  84.060 0.0000000000
74403  24.509  5.943  77.161 0.0000000000
92247  43.418  22.780  54.588 0.0000000000
153359  21.300  7.102  85.159 0.0000000000
151939  19.029  1.163  82.150 0.0000000000
92204  41.241  22.644  59.103 0.0000000000
69497  13.904  2.566  82.390 0.0000000000
68334  8.665  0.984  82.474 0.0000000000
80698  31.493  11.059  69.739 0.0000000000
75458  31.654  7.449  80.367 0.0000000000
164462  35.358  3.234  80.898 0.0000000000
67179  32.288  1.082  82.921 0.0000000000
166846  34.561  17.422  66.755 0.0000000000
148895  32.070  17.199  65.133 0.0000000000
86037  31.957  16.435  67.521 0.0000000000
87121  37.210  17.542  66.269 0.0000000000
71998  20.187  3.631  75.134 0.0000000000
68458  18.282  0.072  75.340 0.0000000000
70771  18.637  2.069  77.280 0.0000000000
75451  21.961  7.122  81.023 0.0000000000
75460  25.018  7.079  80.509 0.0000000000
75502  21.982  6.490  77.282 0.0000000000
73261  22.305  4.696  73.826 0.0000000000
90235  36.599  20.426  56.952 0.0000000000
89178  38.641  19.499  61.305 0.0000000000
149617  38.471  20.862  59.172 0.0000000000
158338  39.687  21.787  57.216 0.0000000000
152324  17.391  0.493  83.970 0.0000000000
157726  16.020  0.209  82.018 0.0000000000
69467  14.887  1.814  84.683 0.0000000000
71864  9.244  3.470  87.815 0.0000000000
70660  10.120  3.275  85.369 0.0000000000
69455  8.208  1.851  85.363 0.0000000000
66008  6.746  -1.202  84.819 0.0000000000
65983  5.601  -0.627  86.775 0.0000000000
78648  32.866  9.400  79.980 0.0000000000
150754  33.485  7.395  82.742 0.0000000000
74352  34.604  5.599  80.509 0.0000000000
73150  35.512  4.479  82.426 0.0000000000
70714  28.522  3.705  81.378 0.0000000000
69480  30.217  2.585  83.798 0.0000000000
68348  30.443  1.988  81.232 0.0000000000
67209  32.359  0.483  81.196 0.0000000000
146626  30.208  7.854  70.756 0.0000000000
76634  29.077  8.241  68.078 0.0000000000
73306  28.620  5.207  70.707 0.0000000000
101123  49.810  31.241  48.469 0.0000000000
98371  47.359  28.451  49.007 0.0000000000
87166  35.294  17.743  62.561 0.0000000000
86137  32.137  17.346  62.982 0.0000000000
87154  37.818  17.853  63.957 0.0000000000
75399  26.575  6.448  88.218 0.0000000000
71849  28.189  4.626  87.818 0.0000000000
160289  26.313  5.940  84.320 0.0000000000
73175  26.841  5.353  81.097 0.0000000000
73200  27.467  3.848  77.691 0.0000000000
93178  45.275  24.036  57.615 0.0000000000
93215  45.890  23.291  54.824 0.0000000000
92257  47.309  23.066  52.917 0.0000000000
171810  47.404  23.225  50.688 0.0000000000
74343  20.357  6.341  81.913 0.0000000000
149418  19.395  3.097  80.126 0.0000000000
73143  20.098  4.861  83.542 0.0000000000
167203  23.673  9.038  84.969 0.0000000000
92224  42.324  22.951  56.781 0.0000000000
67231  17.775  0.042  79.734 0.0000000000
69545  15.152  1.157  79.696 0.0000000000
69547  12.132  1.796  79.522 0.0000000000
70658  12.852  3.368  85.231 0.0000000000
70704  11.292  3.122  82.327 0.0000000000
63478  3.012  -3.261  87.099 0.0000000000
84913  31.464  15.221  69.501 0.0000000000
76556  30.562  8.221  73.991 0.0000000000
77618  32.383  8.850  76.550 0.0000000000
172423  30.253  7.306  77.243 0.0000000000
74381  33.358  5.749  78.454 0.0000000000
71951  35.664  3.630  78.555 0.0000000000
170132  35.601  2.012  79.460 0.0000000000
69404  30.283  3.214  87.481 0.0000000000
69432  32.838  2.123  86.592 0.0000000000
70651  34.998  3.145  84.844 0.0000000000
68321  34.331  1.584  82.252 0.0000000000
68369  34.322  0.748  79.443 0.0000000000
81682  29.912  12.547  68.079 0.0000000000
158651  28.064  9.963  65.967 0.0000000000
145618  34.970  17.505  68.022 0.0000000000
166833  33.717  17.371  67.010 0.0000000000
149854  32.437  16.594  68.204 0.0000000000
147790  35.615  17.472  67.860 0.0000000000
73230  19.648  4.161  77.089 0.0000000000
70770  18.947  2.413  76.440 0.0000000000
71968  19.280  3.554  77.701 0.0000000000
168441  20.960  6.191  79.455 0.0000000000
158844  21.981  6.794  78.956 0.0000000000
74405  20.662  5.531  77.785 0.0000000000
74449  20.973  5.045  75.922 0.0000000000
89206  36.521  20.144  58.754 0.0000000000
88141  37.015  19.194  60.829 0.0000000000
89186  38.346  19.956  60.519 0.0000000000
89197  37.231  20.296  59.338 0.0000000000
90215  38.036  21.077  58.359 0.0000000000
70632  7.427  2.584  87.430 0.0000000000
145972  8.614  2.851  86.590 0.0000000000
69440  7.362  1.676  86.447 0.0000000000
67159  7.418  0.166  84.833 0.0000000000
67148  6.794  0.390  86.182 0.0000000000
65996  6.570  -0.745  85.587 0.0000000000
78591  33.918  9.280  83.333 0.0000000000
75434  34.500  6.844  83.983 0.0000000000
74330  35.023  5.721  82.306 0.0000000000
74328  35.332  4.945  82.898 0.0000000000
73069  29.303  5.692  90.932 0.0000000000
70736  29.030  2.931  79.908 0.0000000000
69507  29.608  2.823  81.306 0.0000000000
69519  30.049  2.335  80.748 0.0000000000
68347  30.801  1.463  80.942 0.0000000000
76559  28.643  7.444  73.001 0.0000000000
76597  28.499  6.700  70.902 0.0000000000
95259  48.669  25.606  51.672 0.0000000000
97328  48.729  27.251  52.088 0.0000000000
98341  47.974  28.451  51.162 0.0000000000
99318  48.422  29.712  50.396 0.0000000000
175085  46.915  27.573  50.291 0.0000000000
87157  35.580  17.487  63.370 0.0000000000
87167  34.339  17.803  62.408 0.0000000000
86114  34.108  17.409  63.912 0.0000000000
84955  31.259  16.564  65.433 0.0000000000
84966  31.127  16.710  63.938 0.0000000000
151456  29.376  15.695  63.979 0.0000000000
166270  36.551  17.438  65.254 0.0000000000
87142  36.551  17.465  64.139 0.0000000000
87164  37.021  17.857  62.915 0.0000000000
160992  17.418  0.005  76.205 0.0000000000
67284  15.127  -0.305  77.106 0.0000000000
161854  26.197  7.153  86.661 0.0000000000
162901  26.546  6.216  86.308 0.0000000000
75421  25.714  6.605  84.608 0.0000000000
75471  24.620  6.776  78.832 0.0000000000
74354  26.234  5.860  81.120 0.0000000000
74385  25.941  5.766  78.913 0.0000000000
73187  27.326  4.635  79.453 0.0000000000
73212  26.166  5.212  77.205 0.0000000000
155493  24.837  5.409  75.840 0.0000000000
148726  33.296  4.396  76.666 0.0000000000
92222  44.004  23.221  56.298 0.0000000000
93201  45.713  23.508  55.714 0.0000000000
92231  45.009  23.167  55.030 0.0000000000
92269  45.740  22.511  52.498 0.0000000000
92268  46.659  22.695  52.320 0.0000000000
92267  47.467  22.909  52.059 0.0000000000
75436  20.853  6.798  83.222 0.0000000000
74333  20.031  5.649  82.358 0.0000000000
74320  20.670  5.997  84.549 0.0000000000
76435  21.897  7.878  85.092 0.0000000000
76465  21.545  7.336  82.709 0.0000000000
93166  43.495  23.904  58.916 0.0000000000
92203  42.053  23.094  58.575 0.0000000000
91246  40.288  21.988  55.676 0.0000000000
146738  19.312  2.185  81.233 0.0000000000
69543  18.681  1.494  79.623 0.0000000000
68354  18.586  0.772  80.943 0.0000000000
68333  15.419  1.234  82.218 0.0000000000
68381  15.583  0.597  80.657 0.0000000000
155829  14.537  2.066  81.026 0.0000000000
159621  13.982  1.943  79.169 0.0000000000
69525  13.176  2.682  80.374 0.0000000000
70642  12.346  3.443  86.438 0.0000000000
70678  9.298  2.445  83.885 0.0000000000
147796  10.857  3.259  83.879 0.0000000000
69498  9.785  2.408  82.433 0.0000000000
69512  10.079  2.169  81.524 0.0000000000
76581  31.918  8.091  72.076 0.0000000000
77559  31.608  8.707  80.661 0.0000000000
77588  33.097  9.218  78.528 0.0000000000
77579  30.914  8.612  79.044 0.0000000000
77606  30.420  8.255  77.377 0.0000000000
76505  30.702  7.614  78.694 0.0000000000
74383  31.497  6.455  78.293 0.0000000000
75481  31.939  6.538  78.978 0.0000000000
73183  35.493  4.123  80.225 0.0000000000
73184  35.309  4.461  79.667 0.0000000000
71940  35.465  3.549  79.820 0.0000000000
70735  35.554  2.935  79.435 0.0000000000
147742  35.426  2.642  80.095 0.0000000000
70638  28.440  4.155  85.896 0.0000000000
70614  29.045  3.942  87.556 0.0000000000
70652  29.296  3.373  85.871 0.0000000000
67167  31.658  1.623  83.571 0.0000000000
68272  31.033  2.332  85.210 0.0000000000
68270  32.203  1.878  85.040 0.0000000000
69430  34.146  2.295  85.676 0.0000000000
68268  33.754  1.973  84.247 0.0000000000
69478  34.565  2.639  83.432 0.0000000000
68302  33.415  1.254  82.719 0.0000000000
67225  31.909  0.532  79.703 0.0000000000
68346  33.264  0.459  81.203 0.0000000000
81658  31.177  12.688  69.729 0.0000000000
83860  30.876  14.243  68.998 0.0000000000
80708  30.618  11.784  69.040 0.0000000000
156485  28.636  7.708  66.857 0.0000000000
78777  28.782  8.994  66.933 0.0000000000
100241  50.020  31.080  47.056 0.0000000000
154955  34.792  17.405  66.046 0.0000000000
156091  33.937  17.413  65.211 0.0000000000
86074  33.504  17.435  65.816 0.0000000000
86076  31.787  16.828  66.074 0.0000000000
175374  30.666  15.526  66.517 0.0000000000
87089  37.422  17.506  68.048 0.0000000000
86052  35.827  17.474  66.650 0.0000000000
69607  18.982  1.498  74.952 0.0000000000
69599  18.469  1.404  76.691 0.0000000000
68437  18.127  0.761  77.410 0.0000000000
76463  23.463  7.951  82.334 0.0000000000
75443  25.092  6.976  82.416 0.0000000000
76486  23.440  7.494  80.775 0.0000000000
75472  23.683  7.218  79.263 0.0000000000
75520  23.267  6.185  77.013 0.0000000000
150275  23.961  5.649  75.661 0.0000000000
75539  21.942  5.846  75.875 0.0000000000
73263  20.748  4.189  74.573 0.0000000000
92262  42.799  22.481  54.082 0.0000000000
75416  21.186  6.486  85.778 0.0000000000
90186  39.866  20.429  61.202 0.0000000000
90196  40.337  20.868  60.703 0.0000000000
91210  39.839  21.564  59.323 0.0000000000
91214  40.626  22.248  58.265 0.0000000000
91216  39.358  21.439  58.590 0.0000000000
90226  37.950  21.393  57.305 0.0000000000
149577  18.439  0.559  83.306 0.0000000000
68331  17.601  0.223  82.235 0.0000000000
159860  17.121  0.470  83.039 0.0000000000
68312  15.430  1.379  83.170 0.0000000000
69485  14.084  2.472  83.354 0.0000000000
71873  10.709  3.532  86.690 0.0000000000
70630  9.239  3.290  86.896 0.0000000000
69454  8.797  2.487  85.309 0.0000000000
69470  8.242  1.169  84.133 0.0000000000
67171  7.619  -0.009  84.090 0.0000000000
78606  32.878  9.224  82.233 0.0000000000
75448  32.279  7.313  81.114 0.0000000000
75457  33.026  6.661  80.667 0.0000000000
75446  33.950  6.357  81.113 0.0000000000
74340  35.543  5.082  81.726 0.0000000000
71917  35.509  3.719  81.553 0.0000000000
70700  28.327  4.144  82.705 0.0000000000
70686  29.109  3.519  84.097 0.0000000000
69494  29.623  2.931  82.279 0.0000000000
69493  30.177  2.449  82.795 0.0000000000
67195  31.732  1.032  82.488 0.0000000000
67193  32.255  0.688  82.493 0.0000000000
167512  31.667  0.789  81.907 0.0000000000
67226  31.229  0.682  79.796 0.0000000000
77693  31.056  9.272  70.166 0.0000000000
78761  29.928  9.374  68.687 0.0000000000
76607  30.033  8.359  69.335 0.0000000000
75597  28.777  6.857  68.894 0.0000000000
100218  49.951  31.227  49.946 0.0000000000
100220  48.652  30.208  49.140 0.0000000000
88133  35.615  18.677  61.123 0.0000000000
88144  34.536  18.629  59.835 0.0000000000
87177  34.115  18.114  61.540 0.0000000000
86116  32.386  17.390  63.698 0.0000000000
84976  30.881  16.605  63.081 0.0000000000
87129  38.692  18.025  66.011 0.0000000000
88096  39.392  18.415  65.427 0.0000000000
88115  39.187  18.660  63.667 0.0000000000
88122  38.319  18.563  62.596 0.0000000000
88131  37.337  18.751  61.618 0.0000000000
74280  26.988  6.309  89.719 0.0000000000
73104  28.142  5.184  89.356 0.0000000000
73114  27.509  5.331  88.069 0.0000000000
73125  27.638  4.911  86.162 0.0000000000
71885  27.364  5.190  84.029 0.0000000000
75442  25.732  6.417  82.280 0.0000000000
163138  26.926  5.291  82.414 0.0000000000
71906  27.313  4.782  82.359 0.0000000000
172296  27.563  4.459  81.169 0.0000000000
167882  27.808  4.124  79.523 0.0000000000
150520  28.887  2.779  78.909 0.0000000000
93213  47.791  23.390  54.466 0.0000000000
92245  45.256  22.993  54.138 0.0000000000
93226  47.059  23.207  53.781 0.0000000000
93225  47.981  23.324  53.516 0.0000000000
93230  48.111  23.320  52.617 0.0000000000
94238  48.584  24.168  51.628 0.0000000000
166720  47.712  24.093  50.787 0.0000000000
95267  46.810  25.494  50.100 0.0000000000
74370  20.364  5.801  79.813 0.0000000000
73190  19.582  4.648  79.974 0.0000000000
159827  19.719  5.243  81.125 0.0000000000
71920  19.691  4.396  82.162 0.0000000000
70701  19.455  2.575  82.661 0.0000000000
73136  20.494  5.336  84.927 0.0000000000
70690  19.489  2.327  83.570 0.0000000000
69465  19.024  1.249  84.607 0.0000000000
172366  26.941  7.576  91.508 0.0000000000
76402  25.936  7.612  89.716 0.0000000000
77475  25.505  8.386  88.104 0.0000000000
77485  25.377  8.876  86.355 0.0000000000
78548  24.439  9.490  85.954 0.0000000000
163946  24.055  8.644  84.004 0.0000000000
167921  22.782  8.184  82.878 0.0000000000
75452  21.023  6.836  81.441 0.0000000000
155515  45.035  24.217  58.414 0.0000000000
93191  43.848  23.474  57.220 0.0000000000
92223  43.167  23.137  56.527 0.0000000000
91227  40.745  22.274  57.293 0.0000000000
92235  41.690  22.512  56.142 0.0000000000
92249  41.862  22.429  55.209 0.0000000000
70750  18.867  2.228  78.999 0.0000000000
69562  18.490  1.429  78.708 0.0000000000
67271  17.406  0.195  78.355 0.0000000000
67214  16.997  -0.051  80.641 0.0000000000
67255  16.783  -0.003  79.641 0.0000000000
68403  16.171  0.437  78.776 0.0000000000
69544  14.735  1.077  78.490 0.0000000000
68423  13.572  0.801  78.266 0.0000000000
70674  13.588  2.897  84.811 0.0000000000
70691  13.419  2.886  83.864 0.0000000000
149374  11.873  3.432  83.894 0.0000000000
70703  12.213  3.396  82.540 0.0000000000
70729  11.582  2.532  80.775 0.0000000000
64775  4.381  -2.711  86.736 0.0000000000
86005  33.074  16.775  69.383 0.0000000000
79758  32.213  10.599  70.587 0.0000000000
76593  31.593  8.522  71.403 0.0000000000
76569  30.110  7.789  72.307 0.0000000000
76548  29.003  7.931  74.468 0.0000000000
77630  31.132  8.660  75.735 0.0000000000
77632  29.519  8.110  75.630 0.0000000000
75519  29.597  7.557  76.012 0.0000000000
74400  30.938  6.142  77.080 0.0000000000
73210  32.648  5.197  76.959 0.0000000000
147531  33.840  4.586  77.252 0.0000000000
74365  33.644  5.939  79.263 0.0000000000
150767  34.770  4.719  78.305 0.0000000000
73207  35.294  4.082  77.983 0.0000000000
71964  35.877  2.945  78.217 0.0000000000
69535  35.695  2.275  78.967 0.0000000000
74317  35.589  6.314  85.441 0.0000000000
71823  29.314  4.648  89.436 0.0000000000
70582  30.970  3.780  89.324 0.0000000000
158498  32.067  3.389  88.894 0.0000000000
69447  30.177  2.735  85.507 0.0000000000
146423  31.612  2.677  87.366 0.0000000000
69400  33.687  3.116  88.058 0.0000000000
70621  35.192  3.511  87.112 0.0000000000
71867  35.565  4.240  85.750 0.0000000000
73134  35.372  4.516  84.433 0.0000000000
71893  35.035  3.714  83.248 0.0000000000
70698  35.108  3.215  82.481 0.0000000000
168211  34.815  2.228  81.897 0.0000000000
68323  33.323  0.784  82.187 0.0000000000
148753  34.410  0.999  81.660 0.0000000000
69518  35.238  1.566  80.572 0.0000000000
68368  35.121  1.065  79.508 0.0000000000
84923  31.598  15.804  68.287 0.0000000000
83879  30.751  14.968  67.773 0.0000000000
82771  29.623  14.041  66.608 0.0000000000
152608  29.585  9.982  68.137 0.0000000000
80720  28.823  11.741  66.973 0.0000000000
81708  28.549  12.850  65.467 0.0000000000
95275  46.667  25.860  49.290 0.0000000000
86020  34.103  17.394  68.279 0.0000000000
154388  33.420  17.207  67.798 0.0000000000
86021  33.222  17.003  68.615 0.0000000000
73213  19.971  4.943  77.416 0.0000000000
73214  19.543  4.393  78.025 0.0000000000
74388  20.645  5.775  78.826 0.0000000000
89198  35.877  19.642  58.945 0.0000000000
89208  35.329  19.428  58.212 0.0000000000
88153  35.158  19.138  59.156 0.0000000000
172760  36.781  19.508  60.319 0.0000000000
89187  37.377  19.820  60.223 0.0000000000
89188  36.543  19.750  59.708 0.0000000000
148123  6.963  1.958  87.068 0.0000000000
69426  7.546  2.253  86.822 0.0000000000
68261  7.275  0.964  86.030 0.0000000000
68245  6.733  1.116  86.723 0.0000000000
67134  6.404  0.446  86.676 0.0000000000
75427  35.462  7.044  84.901 0.0000000000
76449  34.990  7.337  84.594 0.0000000000
75433  35.053  6.340  84.334 0.0000000000
74324  35.129  5.550  83.614 0.0000000000
74323  35.146  5.431  83.973 0.0000000000
74257  28.875  6.186  91.459 0.0000000000
74267  28.656  5.787  91.001 0.0000000000
69520  29.504  2.578  80.279 0.0000000000
69537  29.814  1.855  79.664 0.0000000000
75559  28.459  6.895  73.357 0.0000000000
74486  28.330  6.668  72.675 0.0000000000
161434  47.916  25.823  51.080 0.0000000000
96329  48.370  26.519  51.589 0.0000000000
97334  48.113  27.417  51.441 0.0000000000
97335  47.372  27.594  50.819 0.0000000000
97343  46.890  26.923  50.514 0.0000000000
86113  34.995  17.497  64.053 0.0000000000
86094  34.450  17.456  64.658 0.0000000000
83907  29.854  15.516  65.045 0.0000000000
172221  29.981  16.020  64.343 0.0000000000
83908  29.054  14.800  64.538 0.0000000000
82786  28.816  13.795  65.026 0.0000000000
86071  35.903  17.456  65.415 0.0000000000
86092  36.221  17.425  64.751 0.0000000000
86112  35.859  17.417  64.118 0.0000000000
157302  16.767  -0.103  76.553 0.0000000000
152626  16.042  -0.214  76.860 0.0000000000
76434  25.751  7.946  85.998 0.0000000000
159357  25.975  6.752  85.556 0.0000000000
76452  25.050  7.109  84.095 0.0000000000
75499  24.497  6.315  77.995 0.0000000000
74368  25.456  6.413  79.387 0.0000000000
74386  25.281  6.205  78.440 0.0000000000
74402  25.779  5.681  77.969 0.0000000000
172804  25.617  5.596  77.355 0.0000000000
74422  25.338  5.501  76.643 0.0000000000
73224  34.203  3.988  76.791 0.0000000000
92232  44.138  23.059  55.280 0.0000000000
93202  44.826  23.391  56.032 0.0000000000
92276  46.721  22.438  51.511 0.0000000000
76445  21.410  7.258  84.445 0.0000000000
75429  20.925  6.694  84.098 0.0000000000
75422  21.011  6.529  84.889 0.0000000000
76455  21.459  7.319  83.591 0.0000000000
152720  41.089  22.202  60.005 0.0000000000
92195  41.953  23.076  59.438 0.0000000000
93167  42.617  23.572  59.214 0.0000000000
163588  19.287  1.877  82.032 0.0000000000
69508  19.035  1.299  81.459 0.0000000000
148344  18.552  0.651  81.805 0.0000000000
69509  14.645  2.035  81.870 0.0000000000
69510  13.718  2.639  81.262 0.0000000000
71872  11.709  3.588  86.954 0.0000000000
69487  9.063  1.839  83.029 0.0000000000
69486  9.684  2.555  83.158 0.0000000000
69499  9.312  1.643  82.025 0.0000000000
76485  31.342  8.093  80.358 0.0000000000
77570  31.294  8.654  79.897 0.0000000000
168511  30.995  8.227  79.607 0.0000000000
76497  30.732  8.095  79.103 0.0000000000
76496  31.093  7.649  79.557 0.0000000000
75482  31.128  6.990  78.948 0.0000000000
75470  31.640  6.990  79.651 0.0000000000
71928  35.527  3.845  80.799 0.0000000000
172756  35.395  3.256  80.211 0.0000000000
70654  28.460  4.366  85.038 0.0000000000
70637  28.807  3.763  86.236 0.0000000000
70670  28.710  3.915  84.617 0.0000000000
67166  32.118  1.370  83.494 0.0000000000
68287  31.635  1.893  84.312 0.0000000000
68286  32.107  1.641  84.229 0.0000000000
159440  33.197  1.806  84.483 0.0000000000
68285  33.116  1.633  83.799 0.0000000000
145781  33.580  1.681  83.365 0.0000000000
156183  33.056  1.388  83.166 0.0000000000
80692  31.542  11.820  69.833 0.0000000000
81668  30.896  12.344  69.373 0.0000000000
80699  31.049  11.451  69.413 0.0000000000
86053  35.201  17.430  66.536 0.0000000000
86073  34.199  17.415  65.752 0.0000000000
154954  34.003  17.407  66.314 0.0000000000
86036  32.811  17.050  67.281 0.0000000000
86054  32.278  16.963  66.706 0.0000000000
86055  31.547  16.312  66.901 0.0000000000
84944  31.119  16.161  66.306 0.0000000000
86034  35.224  17.455  67.218 0.0000000000
86033  36.015  17.475  67.371 0.0000000000
163613  35.571  17.444  66.033 0.0000000000
69582  18.398  1.409  77.776 0.0000000000
76477  22.747  7.606  81.436 0.0000000000
76476  23.663  7.581  81.465 0.0000000000
76487  22.664  7.368  80.673 0.0000000000
75486  21.914  6.676  78.137 0.0000000000
75485  22.717  6.963  78.614 0.0000000000
75484  23.682  6.758  78.299 0.0000000000
75501  22.805  6.608  77.677 0.0000000000
75538  22.497  5.945  76.048 0.0000000000
75522  21.921  6.141  76.546 0.0000000000
73247  20.534  4.382  75.535 0.0000000000
73246  21.142  4.918  74.971 0.0000000000
89171  38.873  19.106  62.067 0.0000000000
89177  39.393  19.803  61.610 0.0000000000
90198  38.980  20.521  59.972 0.0000000000
90197  39.631  20.606  60.561 0.0000000000
90206  39.778  21.007  60.002 0.0000000000
90207  39.199  21.080  59.292 0.0000000000
90214  38.799  21.159  58.667 0.0000000000
90227  37.251  20.820  57.611 0.0000000000
149525  18.120  0.501  84.174 0.0000000000
155617  17.911  0.264  83.212 0.0000000000
68311  15.985  0.954  83.468 0.0000000000
69483  15.466  1.392  84.090 0.0000000000
69484  14.828  1.912  83.746 0.0000000000
71863  10.032  3.539  87.220 0.0000000000
173508  8.090  2.107  85.824 0.0000000000
70646  8.582  2.551  85.909 0.0000000000
69469  8.615  1.973  84.600 0.0000000000
155992  8.107  1.291  84.767 0.0000000000
68314  7.977  0.510  83.722 0.0000000000
68295  7.824  0.678  84.434 0.0000000000
67160  7.000  -0.384  85.208 0.0000000000
67172  7.236  -0.586  84.483 0.0000000000
64773  6.032  -1.047  86.041 0.0000000000
146606  5.646  -1.865  85.777 0.0000000000
65997  5.336  -1.473  86.568 0.0000000000
76460  33.179  8.143  83.017 0.0000000000
77543  32.966  8.788  82.717 0.0000000000
76461  32.730  8.317  82.321 0.0000000000
76473  32.185  8.101  81.554 0.0000000000
76472  32.881  7.631  82.090 0.0000000000
75447  33.109  6.974  81.439 0.0000000000
75441  33.648  6.894  82.031 0.0000000000
74329  35.379  5.178  82.622 0.0000000000
74339  35.679  4.751  82.041 0.0000000000
73172  35.624  4.542  81.130 0.0000000000
73162  35.627  4.247  81.686 0.0000000000
159217  28.522  3.788  82.073 0.0000000000
70699  28.992  3.517  82.588 0.0000000000
70713  29.063  3.340  81.750 0.0000000000
69506  30.130  2.388  81.791 0.0000000000
68325  30.696  1.891  82.152 0.0000000000
68324  31.221  1.623  82.716 0.0000000000
152443  31.265  1.289  81.927 0.0000000000
154686  31.339  1.004  81.011 0.0000000000
76606  30.701  8.697  70.097 0.0000000000
76595  30.237  8.055  69.999 0.0000000000
148211  28.229  5.907  71.101 0.0000000000
75581  28.686  6.710  69.820 0.0000000000
75589  28.295  6.026  69.319 0.0000000000
98356  47.390  28.603  49.726 0.0000000000
150418  48.236  29.678  49.658 0.0000000000
99324  47.728  29.113  49.325 0.0000000000
99334  47.831  28.938  48.549 0.0000000000
98385  47.717  28.240  48.312 0.0000000000
87175  35.908  18.182  61.951 0.0000000000
87176  34.986  18.212  61.765 0.0000000000
86135  33.642  17.493  63.100 0.0000000000
87168  33.468  17.715  62.139 0.0000000000
86136  32.777  17.474  62.593 0.0000000000
86151  31.941  17.289  62.141 0.0000000000
154237  33.079  17.423  65.169 0.0000000000
149439  32.709  17.390  64.426 0.0000000000
86096  31.852  17.223  64.213 0.0000000000
84977  30.219  16.220  63.642 0.0000000000
84993  30.199  16.043  62.623 0.0000000000
84992  30.683  16.463  62.220 0.0000000000
87120  38.052  17.576  66.584 0.0000000000
87119  38.766  18.038  66.919 0.0000000000
87140  37.890  17.686  64.831 0.0000000000
87139  38.631  18.031  65.119 0.0000000000
88106  38.545  18.183  64.245 0.0000000000
88105  39.304  18.501  64.531 0.0000000000
88121  39.047  18.867  62.851 0.0000000000
88116  38.444  18.355  63.395 0.0000000000
87165  36.220  17.724  62.708 0.0000000000
88124  36.786  18.229  62.178 0.0000000000
88132  36.486  18.708  61.363 0.0000000000
75390  26.584  6.366  88.914 0.0000000000
74291  26.952  6.033  89.227 0.0000000000
74299  27.014  5.848  88.593 0.0000000000
74319  26.686  5.683  85.096 0.0000000000
74311  27.018  5.492  86.023 0.0000000000
73135  26.956  5.372  84.543 0.0000000000
71879  27.753  5.195  84.873 0.0000000000
73141  26.752  5.444  83.781 0.0000000000
158371  25.150  6.965  81.754 0.0000000000
165775  25.477  6.632  82.745 0.0000000000
75449  25.575  6.591  81.287 0.0000000000
74342  26.351  5.830  81.968 0.0000000000
170192  26.760  5.426  81.740 0.0000000000
73163  27.195  4.976  81.822 0.0000000000
71919  27.495  4.492  81.758 0.0000000000
73174  27.318  4.804  81.156 0.0000000000
73186  27.062  4.629  78.486 0.0000000000
71941  27.636  4.047  78.729 0.0000000000
70737  28.190  3.477  79.000 0.0000000000
71952  27.976  3.480  78.167 0.0000000000
74468  22.721  5.437  74.293 0.0000000000
148416  23.273  5.661  74.850 0.0000000000
73276  23.083  4.997  73.794 0.0000000000
93164  45.820  24.490  58.211 0.0000000000
93188  46.601  23.822  56.384 0.0000000000
93200  46.484  23.513  55.424 0.0000000000
93199  47.454  23.665  55.533 0.0000000000
93214  46.794  23.363  54.668 0.0000000000
92260  44.098  22.437  53.224 0.0000000000
168342  44.768  22.731  53.494 0.0000000000
92258  46.395  22.905  53.133 0.0000000000
93224  48.840  23.565  53.231 0.0000000000
93238  48.027  23.350  51.630 0.0000000000
74356  20.091  5.878  80.671 0.0000000000
73176  19.826  5.290  80.324 0.0000000000
74344  19.913  5.838  81.525 0.0000000000
73153  19.906  4.974  82.690 0.0000000000
71908  19.604  3.595  82.416 0.0000000000
71907  19.793  4.279  82.964 0.0000000000
74315  20.795  5.854  85.337 0.0000000000
71886  20.076  3.903  84.763 0.0000000000
70689  19.714  3.187  84.204 0.0000000000
70673  19.523  2.088  84.574 0.0000000000
69482  19.224  1.421  83.815 0.0000000000
75376  26.588  7.236  90.754 0.0000000000
76426  25.725  8.195  87.047 0.0000000000
78566  23.438  9.115  85.667 0.0000000000
78565  23.991  9.400  85.396 0.0000000000
78564  24.544  9.227  85.212 0.0000000000
78578  24.089  9.078  84.696 0.0000000000
77531  23.444  8.348  83.341 0.0000000000
77512  23.439  8.615  84.255 0.0000000000
75444  20.865  6.848  82.316 0.0000000000
74355  20.491  6.381  81.048 0.0000000000
87187  33.937  18.191  60.564 0.0000000000
92215  42.973  23.427  57.426 0.0000000000
93180  43.659  23.780  58.039 0.0000000000
91228  40.101  21.949  57.608 0.0000000000
91236  40.900  22.262  56.387 0.0000000000
91245  41.082  22.207  55.461 0.0000000000
91257  41.290  22.014  54.486 0.0000000000
71942  19.426  3.834  79.589 0.0000000000
69523  18.510  0.913  80.183 0.0000000000
68402  18.197  0.521  79.334 0.0000000000
172244  18.003  0.365  78.741 0.0000000000
67253  17.798  0.181  78.965 0.0000000000
150633  16.857  0.146  81.622 0.0000000000
68356  17.679  0.022  81.288 0.0000000000
68357  16.096  0.065  81.215 0.0000000000
68380  16.239  0.124  80.378 0.0000000000
147801  15.905  0.483  79.700 0.0000000000
68404  15.366  0.964  78.899 0.0000000000
68421  15.263  0.650  77.970 0.0000000000
69546  13.108  2.189  79.523 0.0000000000
69564  13.398  1.564  78.785 0.0000000000
69565  12.604  1.467  78.995 0.0000000000
174863  12.903  3.351  85.984 0.0000000000
70675  12.710  3.306  84.322 0.0000000000
145319  10.391  3.388  85.978 0.0000000000
70659  11.003  3.454  85.441 0.0000000000
147107  10.510  2.937  82.938 0.0000000000
70693  11.544  3.347  83.160 0.0000000000
70717  11.919  3.275  81.633 0.0000000000
70718  11.039  2.613  81.579 0.0000000000
64756  4.658  -1.903  87.076 0.0000000000
65985  4.292  -1.460  87.740 0.0000000000
168971  3.293  -2.802  87.487 0.0000000000
63477  3.682  -3.060  86.959 0.0000000000
82694  31.505  13.181  70.381 0.0000000000
162768  32.352  10.179  71.043 0.0000000000
77692  31.623  9.505  70.753 0.0000000000
77680  31.855  9.110  71.409 0.0000000000
76568  31.000  7.784  72.947 0.0000000000
149135  31.432  7.825  72.231 0.0000000000
76557  29.719  8.065  73.387 0.0000000000
77651  29.461  8.242  74.267 0.0000000000
77589  32.492  9.262  77.880 0.0000000000
77629  32.296  8.584  75.825 0.0000000000
77620  29.939  8.130  76.315 0.0000000000
76526  30.093  7.701  76.902 0.0000000000
158898  30.124  6.838  76.747 0.0000000000
74382  32.446  6.105  78.304 0.0000000000
74399  31.914  5.895  77.502 0.0000000000
74398  32.972  5.545  77.693 0.0000000000
73209  33.348  5.014  77.275 0.0000000000
73199  33.911  5.122  77.849 0.0000000000
74353  33.830  6.138  80.120 0.0000000000
75468  32.975  6.415  79.809 0.0000000000
74364  34.500  5.430  79.606 0.0000000000
73198  35.300  4.244  78.819 0.0000000000
73185  34.942  4.891  79.090 0.0000000000
71965  35.549  3.405  77.833 0.0000000000
68390  35.837  1.310  78.306 0.0000000000
71838  28.135  4.867  88.578 0.0000000000
71824  28.697  4.908  89.340 0.0000000000
71837  28.502  4.743  88.799 0.0000000000
70613  29.574  3.512  87.456 0.0000000000
70598  29.632  3.835  88.502 0.0000000000
70611  30.408  3.282  88.142 0.0000000000
70595  31.345  3.394  88.869 0.0000000000
69391  31.020  3.211  88.275 0.0000000000
69464  29.710  3.001  84.437 0.0000000000
69448  29.738  2.996  85.284 0.0000000000
69463  30.208  2.646  84.721 0.0000000000
152446  31.769  2.093  85.819 0.0000000000
68253  31.196  2.349  85.868 0.0000000000
69415  32.302  2.444  87.205 0.0000000000
146468  32.811  2.822  88.008 0.0000000000
69414  33.354  2.489  87.275 0.0000000000
148993  34.439  3.204  87.766 0.0000000000
149037  34.032  2.466  86.625 0.0000000000
69444  34.645  2.636  85.166 0.0000000000
70635  35.136  3.101  85.730 0.0000000000
70650  35.384  3.585  85.333 0.0000000000
71876  35.528  4.626  85.234 0.0000000000
156920  35.225  3.540  84.635 0.0000000000
71892  35.221  4.174  83.622 0.0000000000
173173  34.933  3.455  83.697 0.0000000000
69479  34.321  2.153  82.814 0.0000000000
69491  34.731  2.549  82.579 0.0000000000
69504  35.045  2.598  81.843 0.0000000000
151708  32.170  0.426  81.993 0.0000000000
67192  32.630  0.513  82.044 0.0000000000
68345  34.118  0.655  80.803 0.0000000000
68344  34.850  1.047  80.711 0.0000000000
85990  32.176  16.076  69.508 0.0000000000
86022  31.812  15.922  68.930 0.0000000000
84914  31.243  15.105  68.960 0.0000000000
82743  30.287  13.400  68.285 0.0000000000
83868  30.598  14.221  68.418 0.0000000000
83869  30.328  14.247  67.732 0.0000000000
83880  30.075  14.346  67.082 0.0000000000
82755  29.826  13.519  67.477 0.0000000000
77719  29.469  8.813  68.478 0.0000000000
78767  30.148  10.038  68.605 0.0000000000
78768  29.425  9.315  68.180 0.0000000000
79780  28.678  9.939  66.954 0.0000000000
157018  28.873  10.894  67.295 0.0000000000
79792  28.411  10.857  66.538 0.0000000000
81695  28.890  12.656  66.467 0.0000000000
80734  28.204  11.764  65.927 0.0000000000
101149  50.748  31.404  46.680 0.0000000000
100253  51.030  31.034  45.895 0.0000000000
101148  51.496  31.691  46.328 0.0000000000
94244  46.830  25.102  49.612 0.0000000000
95274  47.030  25.204  48.856 0.0000000000
86035  34.341  17.429  67.484 0.0000000000
71985  19.912  3.860  76.147 0.0000000000
71999  19.645  3.024  75.795 0.0000000000
71986  19.369  3.314  76.770 0.0000000000
70756  18.937  2.780  77.421 0.0000000000
75463  21.265  6.755  80.598 0.0000000000
75462  22.157  7.055  80.248 0.0000000000
75474  21.534  6.687  79.675 0.0000000000
74387  21.382  6.406  78.853 0.0000000000
74404  21.397  5.968  77.189 0.0000000000
74425  21.465  5.678  76.267 0.0000000000
74426  20.810  5.242  76.857 0.0000000000
73229  20.253  4.616  76.489 0.0000000000
90228  36.568  20.356  57.873 0.0000000000
89179  37.816  19.353  61.061 0.0000000000
89196  38.029  20.408  59.715 0.0000000000
90208  37.786  20.728  59.049 0.0000000000
90216  37.237  20.587  58.529 0.0000000000
68292  17.516  0.568  84.926 0.0000000000
68293  16.808  0.706  84.699 0.0000000000
68278  16.206  1.043  85.360 0.0000000000
69439  7.979  2.284  86.317 0.0000000000
68260  7.748  1.635  85.854 0.0000000000
68279  7.672  0.968  85.261 0.0000000000
152915  7.158  0.308  85.564 0.0000000000
159178  6.776  -0.139  85.771 0.0000000000
67149  6.339  -0.218  86.279 0.0000000000
67135  5.845  0.138  87.003 0.0000000000
77528  34.118  8.698  83.727 0.0000000000
76451  33.702  8.210  83.549 0.0000000000
76459  33.836  7.519  83.437 0.0000000000
75440  34.265  6.648  82.844 0.0000000000
75439  34.981  5.929  83.368 0.0000000000
70725  29.052  3.158  80.877 0.0000000000
68373  30.329  1.746  80.215 0.0000000000
76570  28.992  7.570  72.153 0.0000000000
76596  29.427  7.381  70.236 0.0000000000
76585  28.583  7.083  71.718 0.0000000000
75574  28.223  6.438  71.839 0.0000000000
169705  48.895  24.842  51.782 0.0000000000
95253  49.290  25.318  52.395 0.0000000000
96324  48.992  26.317  52.244 0.0000000000
99317  48.922  30.084  50.837 0.0000000000
99310  48.442  29.374  51.062 0.0000000000
98342  47.311  28.256  50.373 0.0000000000
97350  46.924  27.882  49.613 0.0000000000
86134  34.658  17.502  63.268 0.0000000000
168447  32.849  17.425  63.259 0.0000000000
169615  31.399  16.814  64.668 0.0000000000
84967  30.608  16.328  64.693 0.0000000000
83919  29.387  15.664  62.985 0.0000000000
87130  37.958  17.613  65.702 0.0000000000
87141  37.065  17.488  64.587 0.0000000000
87163  37.742  18.044  63.130 0.0000000000
87155  37.136  17.674  63.679 0.0000000000
87156  36.416  17.533  63.478 0.0000000000
167665  17.886  0.146  75.974 0.0000000000
67297  15.484  -0.907  76.648 0.0000000000
76419  26.077  7.350  87.809 0.0000000000
75408  26.630  6.435  87.261 0.0000000000
161999  24.839  7.050  79.745 0.0000000000
75459  25.575  6.495  80.353 0.0000000000
74367  26.181  5.704  80.094 0.0000000000
73188  27.055  5.115  80.275 0.0000000000
74384  26.644  5.209  79.256 0.0000000000
74401  26.392  5.195  78.242 0.0000000000
73211  26.817  4.576  77.506 0.0000000000
150674  26.631  4.510  76.655 0.0000000000
73228  26.144  4.757  76.125 0.0000000000
73225  32.429  4.593  76.271 0.0000000000
93190  44.652  23.655  56.981 0.0000000000
93189  45.528  23.778  56.693 0.0000000000
92259  45.494  22.804  53.305 0.0000000000
92275  47.170  22.655  51.065 0.0000000000
74332  20.471  6.152  82.797 0.0000000000
73152  20.296  5.464  83.205 0.0000000000
73142  20.414  5.420  84.097 0.0000000000
77495  22.981  8.524  85.060 0.0000000000
167742  22.712  8.228  83.610 0.0000000000
76454  22.011  7.786  84.015 0.0000000000
92202  42.813  23.592  58.268 0.0000000000
92216  42.182  23.068  57.662 0.0000000000
91237  40.080  22.001  56.677 0.0000000000
69542  19.295  2.451  80.558 0.0000000000
70738  19.131  2.276  79.866 0.0000000000
69522  18.990  1.580  80.571 0.0000000000
68378  18.143  0.295  80.331 0.0000000000
173443  15.795  0.470  82.087 0.0000000000
68358  15.731  0.428  81.624 0.0000000000
68359  15.179  1.330  81.295 0.0000000000
68382  14.868  1.571  80.409 0.0000000000
168805  14.498  1.788  79.610 0.0000000000
69524  14.022  2.327  80.133 0.0000000000
70739  12.347  2.501  80.139 0.0000000000
158564  12.032  3.450  85.661 0.0000000000
146934  9.454  2.843  84.845 0.0000000000
146123  10.484  3.293  84.746 0.0000000000
70677  9.965  3.016  84.189 0.0000000000
161973  10.014  2.898  83.591 0.0000000000
70705  10.526  2.683  82.147 0.0000000000
77679  32.351  9.168  71.882 0.0000000000
77667  32.759  8.907  72.537 0.0000000000
76567  32.144  7.902  72.825 0.0000000000
165523  31.699  7.848  73.441 0.0000000000
78634  32.254  9.373  80.567 0.0000000000
78664  32.688  9.337  79.243 0.0000000000
78649  32.075  9.392  79.707 0.0000000000
78665  32.030  9.446  78.748 0.0000000000
78678  31.219  9.063  77.915 0.0000000000
77605  30.891  8.813  77.367 0.0000000000
77590  30.831  8.683  78.160 0.0000000000
77591  30.608  8.200  78.413 0.0000000000
76514  30.394  7.625  77.790 0.0000000000
75498  30.470  6.903  77.499 0.0000000000
75483  30.726  6.995  78.207 0.0000000000
74366  32.810  6.270  79.033 0.0000000000
73173  35.474  4.568  80.440 0.0000000000
172267  35.049  4.959  79.588 0.0000000000
73197  35.594  3.839  79.333 0.0000000000
150747  35.704  3.264  78.965 0.0000000000
71858  28.142  4.415  87.027 0.0000000000
71857  28.561  4.232  87.296 0.0000000000
70625  28.487  4.136  86.597 0.0000000000
70636  29.184  3.542  86.481 0.0000000000
69434  29.626  3.280  86.412 0.0000000000
68289  30.684  2.380  84.089 0.0000000000
68273  30.611  2.464  84.973 0.0000000000
68288  31.151  2.208  84.272 0.0000000000
68271  31.634  2.087  85.088 0.0000000000
68251  32.481  1.918  85.833 0.0000000000
69431  33.371  2.006  85.977 0.0000000000
69446  33.605  1.975  85.071 0.0000000000
69445  34.139  2.181  84.943 0.0000000000
146932  34.268  2.343  84.438 0.0000000000
69462  34.594  2.718  84.247 0.0000000000
152743  34.147  2.188  83.612 0.0000000000
68301  33.929  1.669  82.823 0.0000000000
68371  32.633  0.563  80.019 0.0000000000
68370  33.368  0.524  79.570 0.0000000000
83852  31.099  14.273  69.481 0.0000000000
82708  30.939  13.444  69.479 0.0000000000
82725  30.672  13.298  69.014 0.0000000000
81681  30.428  12.508  68.758 0.0000000000
157773  28.903  8.098  67.445 0.0000000000
78769  28.989  8.921  67.553 0.0000000000
77728  28.834  8.331  67.021 0.0000000000
100242  49.393  30.685  47.693 0.0000000000
101134  50.024  31.313  47.796 0.0000000000
86072  35.265  17.463  65.550 0.0000000000
162866  34.671  17.462  65.352 0.0000000000
86075  32.617  17.323  65.912 0.0000000000
171458  33.144  17.358  66.510 0.0000000000
84956  30.598  15.875  65.726 0.0000000000
83892  30.148  14.934  66.250 0.0000000000
87105  38.120  17.586  67.489 0.0000000000
87106  37.319  17.514  67.125 0.0000000000
86017  36.704  17.507  67.655 0.0000000000
86032  36.564  17.519  66.824 0.0000000000
167472  36.395  17.500  65.985 0.0000000000
68457  18.807  0.594  74.706 0.0000000000
70782  19.294  2.279  75.361 0.0000000000
69598  18.807  1.727  75.824 0.0000000000
69608  18.547  0.979  75.648 0.0000000000
68450  18.182  0.582  76.342 0.0000000000
67282  17.802  0.477  76.895 0.0000000000
67283  17.356  0.351  77.298 0.0000000000
155889  24.385  8.385  83.975 0.0000000000
76453  24.612  7.751  83.517 0.0000000000
76462  24.423  7.575  82.691 0.0000000000
76475  24.363  7.416  81.903 0.0000000000
75461  24.157  7.352  80.201 0.0000000000
76498  23.106  7.388  80.049 0.0000000000
75500  23.773  6.283  77.494 0.0000000000
74424  23.869  5.933  76.704 0.0000000000
75537  23.212  5.945  76.315 0.0000000000
74446  23.067  5.836  75.580 0.0000000000
74469  21.863  5.298  74.569 0.0000000000
92261  43.403  22.476  53.660 0.0000000000
153117  21.430  7.348  85.735 0.0000000000
76427  21.411  7.238  86.531 0.0000000000
90178  40.858  20.380  62.061 0.0000000000
90185  40.687  20.622  61.369 0.0000000000
89185  39.145  20.128  60.851 0.0000000000
91209  40.579  21.526  60.173 0.0000000000
91208  40.471  22.093  59.257 0.0000000000
91215  39.959  21.841  58.486 0.0000000000
91229  39.556  21.637  57.842 0.0000000000
91230  38.859  21.391  57.871 0.0000000000
91239  38.742  21.547  56.932 0.0000000000
68329  18.765  0.803  82.652 0.0000000000
174340  18.074  0.198  81.783 0.0000000000
68330  18.240  0.369  82.495 0.0000000000
168221  16.774  0.341  82.340 0.0000000000
68332  16.334  0.553  82.831 0.0000000000
68310  16.626  0.711  83.733 0.0000000000
166036  15.866  0.721  82.603 0.0000000000
69496  14.757  1.973  82.814 0.0000000000
70644  9.817  3.344  86.449 0.0000000000
147056  9.431  3.044  85.740 0.0000000000
70645  9.118  3.067  86.290 0.0000000000
151619  8.670  1.674  83.820 0.0000000000
68313  8.401  1.083  83.373 0.0000000000
78620  33.283  9.454  81.876 0.0000000000
78633  33.047  9.488  80.902 0.0000000000
77558  31.963  8.760  81.276 0.0000000000
76474  31.677  8.274  81.001 0.0000000000
76484  31.726  7.806  80.941 0.0000000000
160613  32.223  6.862  80.253 0.0000000000
151622  34.364  6.268  81.906 0.0000000000
74341  34.838  5.643  81.390 0.0000000000
74351  35.371  5.025  80.864 0.0000000000
70687  28.563  4.141  83.652 0.0000000000
170223  28.886  3.686  83.294 0.0000000000
69481  29.567  3.084  83.354 0.0000000000
68304  30.724  2.171  83.178 0.0000000000
67181  31.611  1.423  83.038 0.0000000000
67180  32.046  0.999  82.887 0.0000000000
67194  31.982  0.589  82.258 0.0000000000
67210  31.835  0.667  81.251 0.0000000000
78759  31.117  10.180  69.544 0.0000000000
153717  30.683  10.322  69.122 0.0000000000
78760  30.473  9.736  69.091 0.0000000000
77707  30.114  9.019  69.068 0.0000000000
76619  29.505  8.365  68.684 0.0000000000
76608  29.510  7.562  69.377 0.0000000000
76620  29.325  7.757  68.733 0.0000000000
154069  29.088  7.872  68.230 0.0000000000
75607  28.769  7.135  68.127 0.0000000000
101113  49.697  31.147  49.175 0.0000000000
100211  48.785  30.235  50.034 0.0000000000
100219  49.279  30.714  49.596 0.0000000000
100227  49.193  30.699  48.708 0.0000000000
99333  48.244  29.315  48.136 0.0000000000
88142  36.226  19.206  60.469 0.0000000000
88143  35.341  19.018  60.226 0.0000000000
87186  34.761  18.511  60.870 0.0000000000
87178  33.338  17.803  61.184 0.0000000000
86095  33.609  17.405  64.529 0.0000000000
86115  33.237  17.404  63.826 0.0000000000
86117  31.615  17.109  63.429 0.0000000000
86138  31.386  16.982  62.625 0.0000000000
89161  39.773  19.202  63.122 0.0000000000
88123  37.582  18.365  62.390 0.0000000000
88130  38.146  18.853  61.816 0.0000000000
74269  27.584  6.146  90.385 0.0000000000
73080  28.065  5.714  90.206 0.0000000000
74279  27.411  5.976  89.801 0.0000000000
163460  27.751  5.254  88.967 0.0000000000
73113  27.837  5.065  88.374 0.0000000000
168975  27.030  5.771  86.847 0.0000000000
73119  27.452  5.151  87.019 0.0000000000
73124  27.830  4.636  86.787 0.0000000000
71869  27.880  4.898  85.614 0.0000000000
71884  28.077  4.951  84.468 0.0000000000
71894  27.707  4.927  83.563 0.0000000000
75435  25.127  6.909  83.224 0.0000000000
75428  25.767  6.440  83.838 0.0000000000
74325  26.337  5.866  83.515 0.0000000000
74331  26.387  5.784  82.778 0.0000000000
73151  26.810  5.405  83.112 0.0000000000
174501  27.205  5.100  82.787 0.0000000000
158089  27.451  4.814  82.871 0.0000000000
70688  27.947  4.570  83.147 0.0000000000
71905  27.649  4.491  82.435 0.0000000000
71918  28.030  4.213  81.906 0.0000000000
71929  28.024  4.193  81.046 0.0000000000
71930  27.601  4.449  80.410 0.0000000000
152418  28.152  3.880  80.049 0.0000000000
70726  28.555  3.547  80.511 0.0000000000
170446  28.564  3.344  79.673 0.0000000000
73245  24.834  5.149  74.980 0.0000000000
74444  29.584  6.031  75.061 0.0000000000
93198  48.498  23.746  55.131 0.0000000000
92246  44.268  22.889  54.162 0.0000000000
92244  46.144  23.080  53.983 0.0000000000
93212  48.722  23.528  54.155 0.0000000000
93237  48.800  23.759  52.370 0.0000000000
95260  48.251  24.921  51.207 0.0000000000
95266  47.356  25.155  50.569 0.0000000000
96335  47.074  26.047  50.588 0.0000000000
73189  19.901  5.238  79.411 0.0000000000
73202  19.568  4.520  79.006 0.0000000000
175642  19.615  4.744  80.708 0.0000000000
71931  19.501  4.012  80.499 0.0000000000
73164  19.725  5.107  81.894 0.0000000000
166508  19.608  4.381  81.340 0.0000000000
70727  19.442  3.269  81.058 0.0000000000
71921  19.569  3.744  81.752 0.0000000000
70715  19.425  2.883  81.851 0.0000000000
73137  20.220  4.763  84.439 0.0000000000
73131  20.698  5.101  85.670 0.0000000000
71896  19.851  4.149  83.872 0.0000000000
71897  19.645  3.413  83.268 0.0000000000
69495  19.230  1.514  82.879 0.0000000000
168028  18.918  0.940  83.324 0.0000000000
68309  18.746  0.812  83.985 0.0000000000
161974  18.508  0.822  84.655 0.0000000000
69450  18.642  1.174  85.373 0.0000000000
147057  18.083  0.690  85.137 0.0000000000
75363  28.428  6.908  91.613 0.0000000000
74259  27.576  6.501  91.099 0.0000000000
75375  27.056  6.755  90.951 0.0000000000
161109  26.566  7.042  90.107 0.0000000000
158789  26.035  7.119  88.810 0.0000000000
76411  25.556  7.986  88.940 0.0000000000
172190  25.745  7.685  88.446 0.0000000000
77494  25.307  8.680  85.478 0.0000000000
78531  24.887  9.395  86.618 0.0000000000
78547  25.015  9.225  85.722 0.0000000000
77511  24.573  8.828  84.610 0.0000000000
150475  22.143  7.811  83.149 0.0000000000
76478  21.769  7.272  81.832 0.0000000000
93165  44.309  24.053  58.620 0.0000000000
93179  44.464  23.883  57.842 0.0000000000
92233  43.318  22.923  55.586 0.0000000000
92217  41.408  22.598  57.959 0.0000000000
92225  41.525  22.597  57.029 0.0000000000
92234  42.504  22.745  55.869 0.0000000000
92248  42.648  22.637  54.906 0.0000000000
91256  42.088  22.221  54.227 0.0000000000
71953  19.338  3.690  78.648 0.0000000000
70749  19.075  2.901  78.354 0.0000000000
70757  18.690  2.165  78.080 0.0000000000
68419  18.160  0.707  78.382 0.0000000000
67270  17.803  0.449  78.105 0.0000000000
68379  17.725  -0.025  80.494 0.0000000000
67232  17.428  -0.109  79.947 0.0000000000
67254  17.418  -0.042  79.244 0.0000000000
67272  16.895  0.138  78.594 0.0000000000
68420  16.111  0.303  77.694 0.0000000000
68422  14.334  0.760  78.033 0.0000000000
69563  14.144  1.390  78.604 0.0000000000
68439  13.716  -0.046  77.720 0.0000000000
69453  14.348  2.336  85.274 0.0000000000
69468  14.221  2.395  84.289 0.0000000000
70702  13.205  2.976  82.947 0.0000000000
70676  11.702  3.443  84.729 0.0000000000
70692  12.513  3.304  83.453 0.0000000000
70716  12.927  3.136  81.951 0.0000000000
70728  12.607  3.036  80.968 0.0000000000
69511  10.754  2.134  80.953 0.0000000000
69526  11.623  2.049  79.983 0.0000000000
65984  4.953  -1.114  87.365 0.0000000000
64757  3.911  -2.301  87.470 0.0000000000
86004  33.921  17.316  69.106 0.0000000000
81657  31.640  12.444  70.154 0.0000000000
79759  31.671  10.505  70.045 0.0000000000
78751  31.412  9.838  70.086 0.0000000000
77681  31.269  8.967  70.804 0.0000000000
76594  30.923  8.364  70.725 0.0000000000
76582  31.019  7.970  71.482 0.0000000000
76583  29.906  7.684  71.509 0.0000000000
169874  29.154  7.844  72.943 0.0000000000
76558  28.987  7.950  73.670 0.0000000000
75550  28.915  7.341  74.589 0.0000000000
76547  31.832  7.982  74.158 0.0000000000
159966  30.863  8.479  74.872 0.0000000000
77619  30.512  8.563  76.539 0.0000000000
77631  30.038  8.482  75.587 0.0000000000
77641  29.942  8.496  74.768 0.0000000000
77642  29.380  8.263  75.030 0.0000000000
76537  29.171  7.820  75.187 0.0000000000
75536  29.235  7.025  75.277 0.0000000000
75535  29.813  6.416  75.866 0.0000000000
74421  30.648  5.802  76.276 0.0000000000
175254  31.040  6.441  77.737 0.0000000000
74420  31.666  5.318  76.544 0.0000000000
74380  34.210  5.340  78.732 0.0000000000
73208  34.530  4.353  77.562 0.0000000000
70746  35.800  2.471  78.482 0.0000000000
74318  35.260  6.288  84.930 0.0000000000
73092  28.951  5.163  89.904 0.0000000000
71804  29.537  4.960  89.961 0.0000000000
71803  30.245  4.773  90.046 0.0000000000
71836  29.177  4.394  88.755 0.0000000000
70584  29.729  4.092  89.038 0.0000000000
71821  30.619  4.260  89.725 0.0000000000
172329  33.428  3.942  88.932 0.0000000000
70669  29.213  3.380  85.024 0.0000000000
158922  29.796  3.051  85.892 0.0000000000
160014  30.115  2.943  86.254 0.0000000000
68255  30.542  2.584  85.733 0.0000000000
69433  30.514  2.748  86.360 0.0000000000
69417  30.602  2.934  86.976 0.0000000000
69401  32.023  2.831  87.927 0.0000000000
70610  33.066  3.262  88.603 0.0000000000
71835  33.788  4.222  88.791 0.0000000000
152650  34.842  4.076  88.170 0.0000000000
69429  34.722  2.752  86.148 0.0000000000
70634  35.400  3.648  86.265 0.0000000000
71866  35.662  4.720  86.510 0.0000000000
162711  35.668  5.039  85.928 0.0000000000
73129  35.534  5.410  85.413 0.0000000000
74322  35.279  5.387  84.613 0.0000000000
73140  35.250  4.643  83.394 0.0000000000
73149  35.363  4.263  82.687 0.0000000000
70685  34.842  3.108  83.258 0.0000000000
71904  35.275  3.870  82.608 0.0000000000
71916  35.557  4.051  82.173 0.0000000000
70711  35.406  3.610  82.103 0.0000000000
70712  35.301  3.151  81.667 0.0000000000
149734  35.251  2.602  81.055 0.0000000000
67178  32.726  1.004  82.681 0.0000000000
68322  33.910  1.091  82.274 0.0000000000
163494  33.859  0.683  81.721 0.0000000000
69505  34.808  1.661  81.583 0.0000000000
152512  35.099  2.099  81.276 0.0000000000
69517  35.431  2.050  80.397 0.0000000000
69536  35.476  1.510  79.423 0.0000000000
84935  31.299  15.682  67.671 0.0000000000
84924  31.009  15.019  68.389 0.0000000000
84945  30.497  14.939  67.104 0.0000000000
79771  30.529  10.955  68.940 0.0000000000
80709  30.157  11.674  68.518 0.0000000000
80719  29.462  11.517  67.809 0.0000000000
78776  29.075  9.564  67.656 0.0000000000
81694  29.366  12.573  67.328 0.0000000000
82756  29.364  13.285  66.825 0.0000000000
82772  29.126  13.522  66.015 0.0000000000
96336  46.651  26.315  50.062 0.0000000000
96343  46.605  26.660  49.421 0.0000000000
97351  46.696  27.195  49.250 0.0000000000
95285  47.030  25.967  48.483 0.0000000000
67165  32.517  1.386  83.434 0.0000000000
68240  31.502  2.414  86.608 0.0000000000
68241  30.903  2.598  86.456 0.0000000000
68252  32.111  2.149  86.418 0.0000000000
68254  30.797  2.511  85.925 0.0000000000
68269  32.895  1.836  85.102 0.0000000000
68303  31.205  1.949  83.459 0.0000000000
68355  18.135  0.183  81.121 0.0000000000
68438  14.503  0.132  77.534 0.0000000000
69390  31.711  3.122  88.383 0.0000000000
69402  31.354  2.964  87.809 0.0000000000
69403  30.760  3.085  87.641 0.0000000000
69405  29.966  3.310  87.321 0.0000000000
69413  34.099  2.847  87.388 0.0000000000
69416  31.083  2.771  87.140 0.0000000000
69418  30.229  3.116  86.868 0.0000000000
69419  29.849  3.299  86.884 0.0000000000
69492  34.569  2.074  82.227 0.0000000000
70581  31.723  3.783  89.295 0.0000000000
70583  30.304  3.867  89.228 0.0000000000
70592  33.573  3.652  88.679 0.0000000000
70593  33.092  3.749  89.034 0.0000000000
70594  32.399  3.106  88.475 0.0000000000
70596  30.648  3.444  88.785 0.0000000000
70597  30.059  3.553  88.653 0.0000000000
70599  29.366  3.860  88.079 0.0000000000
70608  34.859  3.496  87.763 0.0000000000
70609  34.290  3.730  88.297 0.0000000000
70612  29.865  3.428  87.962 0.0000000000
70622  34.735  3.010  87.088 0.0000000000
70623  29.356  3.532  86.949 0.0000000000
70624  28.881  3.835  86.851 0.0000000000
70653  28.777  3.760  85.511 0.0000000000
70668  34.865  3.201  84.060 0.0000000000
71802  30.962  4.654  90.098 0.0000000000
71822  29.946  4.418  89.596 0.0000000000
71848  28.572  4.455  88.066 0.0000000000
71868  28.091  4.482  86.235 0.0000000000
71877  35.488  4.003  84.877 0.0000000000
71878  28.213  4.704  85.394 0.0000000000
71883  35.183  3.797  84.083 0.0000000000
71895  27.197  5.165  83.304 0.0000000000
73068  30.079  5.682  90.640 0.0000000000
73077  29.779  5.283  90.377 0.0000000000
73078  29.090  5.385  90.460 0.0000000000
73079  28.513  5.533  90.365 0.0000000000
73093  28.350  5.339  89.804 0.0000000000
73094  27.858  5.628  89.786 0.0000000000
73105  27.692  5.495  89.362 0.0000000000
73106  27.400  5.517  88.912 0.0000000000
73118  27.840  4.800  87.525 0.0000000000
73130  27.370  5.278  85.354 0.0000000000
73132  20.409  4.563  85.252 0.0000000000
74268  28.070  5.958  90.762 0.0000000000
74270  27.065  6.549  90.293 0.0000000000
74290  27.308  5.801  89.389 0.0000000000
74307  27.089  5.766  87.700 0.0000000000
74326  20.595  6.052  83.706 0.0000000000
74363  35.167  5.006  80.082 0.0000000000
74369  20.742  6.322  80.196 0.0000000000
74423  24.490  5.675  76.433 0.0000000000
74447  22.393  5.753  75.182 0.0000000000
74448  21.600  5.510  75.419 0.0000000000
74466  24.065  5.266  74.565 0.0000000000
74467  23.428  5.291  74.182 0.0000000000
75364  27.734  7.026  91.521 0.0000000000
75365  27.170  7.137  91.374 0.0000000000
75381  26.494  6.688  89.448 0.0000000000
75450  24.532  7.274  81.077 0.0000000000
75469  32.300  6.595  79.552 0.0000000000
75473  22.504  7.083  79.452 0.0000000000
75521  22.599  6.237  76.803 0.0000000000
75551  28.740  7.447  73.835 0.0000000000
75558  28.742  6.626  73.997 0.0000000000
76443  25.396  7.699  84.976 0.0000000000
76450  34.306  7.801  84.037 0.0000000000
76464  22.414  7.763  82.334 0.0000000000
76566  32.517  8.300  72.658 0.0000000000
76571  28.464  7.099  72.290 0.0000000000
76584  29.190  7.375  71.228 0.0000000000
76635  28.749  7.547  67.531 0.0000000000
77510  25.061  8.595  84.886 0.0000000000
77513  22.572  8.218  84.388 0.0000000000
77529  33.462  8.791  83.285 0.0000000000
77530  24.083  8.197  83.239 0.0000000000
77544  32.524  8.762  81.949 0.0000000000
77578  33.548  9.227  79.269 0.0000000000
77668  32.185  8.667  72.016 0.0000000000
77694  30.532  8.996  69.651 0.0000000000
77706  30.788  9.512  69.590 0.0000000000
77720  29.034  8.592  67.831 0.0000000000
78563  25.000  9.042  85.136 0.0000000000
78590  34.623  9.188  83.442 0.0000000000
78605  33.499  9.346  82.810 0.0000000000
78621  32.479  9.275  81.424 0.0000000000
78622  31.877  9.150  80.904 0.0000000000
78635  31.682  9.119  80.240 0.0000000000
78650  31.453  9.141  79.383 0.0000000000
78666  31.266  9.126  78.562 0.0000000000
78677  31.713  9.289  78.074 0.0000000000
78684  31.789  9.118  77.340 0.0000000000
78741  32.225  9.653  71.333 0.0000000000
78750  31.938  10.049  70.625 0.0000000000
79765  31.066  10.763  69.411 0.0000000000
79772  29.889  10.737  68.316 0.0000000000
79779  29.237  10.409  67.775 0.0000000000
96353  46.770  26.675  48.821 0.0000000000
97344  46.642  27.128  49.901 0.0000000000
98355  47.830  29.103  50.291 0.0000000000
98384  48.163  28.779  47.889 0.0000000000
99323  48.180  29.554  48.792 0.0000000000
146442  32.625  1.678  84.294 0.0000000000
148252  21.265  6.174  78.067 0.0000000000
149054  33.298  4.200  89.172 0.0000000000
149237  19.248  2.980  79.263 0.0000000000
151328  32.661  3.419  88.890 0.0000000000
152565  30.966  15.612  67.072 0.0000000000
153766  35.122  3.133  86.493 0.0000000000
155391  25.160  5.903  77.606 0.0000000000
155999  25.878  6.308  83.083 0.0000000000
156785  28.289  5.923  70.275 0.0000000000
159772  26.440  6.015  85.566 0.0000000000
163728  39.288  21.619  57.315 0.0000000000
165389  27.987  5.101  89.022 0.0000000000
166677  31.413  8.861  76.582 0.0000000000
167441  26.186  6.182  84.984 0.0000000000
168400  14.622  1.499  78.988 0.0000000000
171123  32.512  16.476  68.939 0.0000000000
171233  29.255  6.813  91.616 0.0000000000
171796  31.357  10.633  69.682 0.0000000000
171839  28.953  4.304  88.264 0.0000000000
172338  35.553  4.194  86.375 0.0000000000
172641  30.894  12.928  69.455 0.0000000000
173038  21.641  6.359  77.649 0.0000000000
173695  41.516  22.243  60.396 0.0000000000
174399  27.524  5.527  89.189 0.0000000000
174866  35.205  4.182  83.076 0.0000000000
174984  27.931  10.765  65.749 0.0000000000
175474  33.421  2.215  86.647 0.0000000000
