#!ascii label  , from subject sub-v2s12x28885_ses-1 vox2ras=TkReg
1186
81363  16.534  11.235  3.190 0.2500000000
80414  17.290  10.677  2.540 0.2500000000
79433  17.291  9.958  2.920 0.7500000000
84604  16.586  15.071  1.599 0.2500000000
84588  16.760  14.190  1.746 0.1250000000
84603  17.289  14.654  0.970 0.3750000000
83481  17.051  13.259  1.896 0.2500000000
81362  16.670  11.956  2.652 0.2500000000
172480  18.142  11.700  1.369 0.7500000000
81374  17.326  11.449  2.230 0.3750000000
79449  18.702  9.997  1.945 0.8750000000
80413  18.021  10.289  2.155 0.8750000000
79448  19.394  9.929  1.368 0.8750000000
83494  17.602  13.732  1.130 0.3750000000
82379  17.889  12.737  1.239 0.3750000000
82394  18.650  12.274  0.560 0.8750000000
162271  20.421  11.172  0.252 1.0000000000
81394  19.906  11.642  0.128 1.0000000000
79447  20.064  9.831  0.873 1.0000000000
81385  19.047  11.212  0.600 0.8750000000
80427  20.793  10.009  0.888 1.0000000000
171891  17.009  15.668  0.812 0.2500000000
155272  18.640  14.529  -0.174 0.7500000000
84613  19.300  14.182  -0.637 0.8750000000
83503  19.655  13.508  -0.515 0.8750000000
83493  18.400  13.243  0.518 0.7500000000
81392  21.168  12.125  -0.026 1.0000000000
81393  20.608  11.955  -0.000 1.0000000000
82403  20.107  12.696  -0.344 1.0000000000
81383  22.214  11.629  0.600 1.0000000000
81384  21.023  11.410  0.246 1.0000000000
80438  21.116  10.662  0.581 1.0000000000
80439  20.337  10.418  0.513 1.0000000000
84615  17.942  15.049  0.317 0.6250000000
84626  19.550  14.641  -1.108 1.0000000000
174585  18.971  14.753  -0.738 0.8750000000
83515  19.990  14.024  -1.008 1.0000000000
82391  22.419  12.442  0.104 1.0000000000
82401  21.645  12.589  -0.251 1.0000000000
82402  20.985  12.652  -0.388 1.0000000000
83502  20.837  13.346  -0.762 1.0000000000
81382  23.045  11.908  0.710 1.0000000000
82392  21.635  11.953  0.224 1.0000000000
81371  24.404  11.505  1.338 1.0000000000
81373  22.761  11.177  1.075 1.0000000000
90818  17.005  20.232  -0.512 0.2500000000
86796  17.022  16.728  0.401 0.2500000000
86809  17.778  16.690  -0.446 0.3750000000
85705  17.789  15.905  0.028 0.5000000000
150847  19.071  16.053  -1.361 1.0000000000
86819  18.426  16.695  -1.180 0.6250000000
85715  19.784  15.353  -1.469 1.0000000000
163326  21.472  14.854  -1.984 1.0000000000
85714  20.730  15.239  -1.953 1.0000000000
83491  23.764  13.299  -0.113 1.0000000000
171216  22.583  13.555  -0.755 1.0000000000
84622  22.812  14.708  -1.548 1.0000000000
84601  24.098  14.063  -0.494 1.0000000000
82377  24.254  12.816  0.585 1.0000000000
83489  25.343  13.835  0.600 1.0000000000
82376  25.129  13.088  1.107 1.0000000000
89842  17.615  19.856  -1.117 0.5000000000
89831  17.075  19.388  -0.403 0.3750000000
88793  17.679  18.952  -1.073 0.3750000000
87825  17.775  18.049  -1.009 0.5000000000
88792  18.445  18.521  -1.577 0.5000000000
87823  19.582  17.300  -1.862 0.8750000000
86818  19.958  16.307  -1.778 1.0000000000
87835  20.087  17.898  -2.231 1.0000000000
85713  22.215  15.116  -1.960 1.0000000000
86829  20.873  16.268  -2.207 1.0000000000
85712  23.484  14.953  -1.433 1.0000000000
162942  23.129  15.562  -1.808 1.0000000000
84599  25.544  14.644  0.252 1.0000000000
173478  24.886  14.114  -0.053 1.0000000000
83480  25.777  13.492  1.142 0.8750000000
90829  17.528  20.743  -1.235 0.5000000000
89841  18.289  19.468  -1.613 0.5000000000
89853  18.853  19.993  -2.154 0.6250000000
89852  19.693  19.635  -2.439 0.6250000000
155425  19.885  18.752  -2.294 1.0000000000
88791  19.268  18.173  -1.947 0.7500000000
87834  20.860  17.673  -2.407 1.0000000000
87810  24.919  17.503  -0.747 1.0000000000
173190  24.002  17.168  -1.442 1.0000000000
86815  23.814  16.475  -1.561 1.0000000000
86827  22.293  16.951  -2.266 1.0000000000
86807  24.884  16.729  -0.734 1.0000000000
86808  24.482  16.198  -1.092 1.0000000000
162944  23.965  15.524  -1.380 1.0000000000
166450  26.061  16.290  0.143 0.8750000000
85693  25.598  16.048  -0.128 1.0000000000
84598  26.465  14.803  0.675 0.8750000000
90828  18.187  20.377  -1.686 0.5000000000
90840  19.491  20.556  -2.602 0.8750000000
156512  22.626  19.880  -2.474 1.0000000000
161161  21.570  19.223  -2.818 1.0000000000
157682  24.875  18.543  -0.738 1.0000000000
148743  23.349  18.988  -1.736 1.0000000000
87832  22.229  17.808  -2.412 1.0000000000
89828  25.189  19.440  -0.459 1.0000000000
86795  26.481  16.861  0.328 1.0000000000
86806  25.602  16.903  -0.267 1.0000000000
88777  25.548  18.845  -0.355 1.0000000000
87801  26.322  17.684  0.100 1.0000000000
91806  18.096  21.256  -1.799 0.5000000000
90841  18.719  20.907  -2.255 0.8750000000
91816  20.121  21.089  -3.084 1.0000000000
167302  22.524  21.927  -2.626 1.0000000000
90838  22.305  20.355  -3.015 1.0000000000
90850  21.706  20.525  -3.252 1.0000000000
91776  24.974  21.665  0.303 1.0000000000
90816  24.508  21.067  -0.421 1.0000000000
90800  25.945  20.518  0.370 1.0000000000
90801  25.230  20.815  0.020 1.0000000000
90815  24.782  20.189  -0.502 1.0000000000
89812  26.783  19.204  0.559 1.0000000000
166584  25.444  20.103  -0.184 1.0000000000
88767  26.926  18.297  0.540 0.8750000000
96861  21.284  26.710  -2.723 1.0000000000
95850  18.835  26.133  -3.193 0.3750000000
95847  21.156  25.838  -3.268 0.8750000000
93729  22.557  23.343  -2.174 1.0000000000
92716  24.785  22.577  0.424 1.0000000000
92738  23.643  22.333  -0.702 1.0000000000
162958  22.060  27.906  -2.153 0.8750000000
96841  22.098  26.662  -2.124 1.0000000000
95816  21.803  25.943  -2.509 1.0000000000
95832  22.169  25.298  -2.208 1.0000000000
96822  22.641  26.244  -1.134 1.0000000000
93705  22.796  23.870  -1.414 1.0000000000
93684  24.595  23.477  0.421 1.0000000000
93703  23.816  23.752  -0.096 1.0000000000
93683  25.503  23.210  0.853 1.0000000000
98833  22.111  28.645  -2.108 0.7500000000
97835  22.688  27.118  -0.967 1.0000000000
158693  23.319  26.375  -0.513 1.0000000000
94702  24.568  24.986  0.469 1.0000000000
95790  23.920  25.680  -0.031 1.0000000000
97834  23.122  27.804  -0.677 1.0000000000
96803  23.508  27.117  -0.295 1.0000000000
96802  24.054  26.484  0.150 1.0000000000
106929  23.036  37.101  -2.146 0.1250000000
107834  22.451  37.291  -2.793 0.1250000000
106928  24.104  37.180  -2.246 0.2500000000
169956  23.079  37.307  -3.009 0.1250000000
106927  25.259  37.192  -2.251 0.3750000000
107869  23.172  38.366  -4.100 0.2500000000
107868  24.794  38.813  -4.146 0.2500000000
106951  25.535  38.349  -3.647 0.3750000000
108743  22.065  38.359  -4.879 0.2500000000
108742  23.729  39.019  -4.763 0.2500000000
108758  22.548  38.905  -5.638 0.2500000000
109731  21.642  39.231  -6.382 0.2500000000
158417  24.219  39.604  -5.302 0.2500000000
109730  23.653  39.996  -5.948 0.2500000000
107886  25.345  39.454  -4.935 0.3750000000
108756  26.026  39.662  -5.763 0.3750000000
109740  24.596  40.577  -6.497 0.2500000000
82380  17.276  12.300  2.007 0.2500000000
83482  16.168  13.690  2.529 0.1250000000
151274  22.503  10.474  1.381 1.0000000000
90839  20.349  20.207  -2.846 0.8750000000
168659  23.690  20.156  -1.289 1.0000000000
80402  16.234  10.515  4.157 0.1250000000
78349  17.532  9.361  3.232 0.6250000000
78335  18.663  8.211  3.413 0.7500000000
78347  19.468  8.198  3.067 1.0000000000
82367  16.097  12.190  3.430 0.1250000000
162472  20.543  9.623  1.523 1.0000000000
79445  22.286  9.842  1.817 1.0000000000
159857  24.092  10.044  1.671 1.0000000000
88779  16.536  19.022  0.431 0.2500000000
88778  17.154  18.537  -0.321 0.2500000000
166563  25.885  12.937  1.337 0.8750000000
85692  26.811  15.442  0.655 0.8750000000
84586  27.048  14.100  1.002 0.8750000000
86794  27.304  16.693  0.780 0.8750000000
95834  18.355  26.462  -2.679 0.1250000000
94764  18.527  25.411  -2.757 0.1250000000
91818  18.026  22.138  -1.991 0.3750000000
92768  19.666  22.583  -3.090 0.6250000000
90799  26.727  20.140  0.712 1.0000000000
87800  27.087  17.476  0.638 0.8750000000
96882  20.448  26.507  -3.414 0.5000000000
97848  21.842  27.226  -2.247 0.8750000000
94779  19.277  25.242  -3.265 0.3750000000
93759  20.488  24.222  -3.492 0.8750000000
92715  25.601  22.264  0.819 1.0000000000
93682  26.478  22.841  1.202 1.0000000000
94700  26.540  23.863  1.244 1.0000000000
166581  22.652  27.866  -1.403 1.0000000000
94701  25.302  24.228  0.772 1.0000000000
163620  22.570  29.054  -1.635 0.8750000000
160166  24.096  29.225  0.264 1.0000000000
97821  24.444  28.148  0.470 1.0000000000
95767  24.834  25.909  0.623 1.0000000000
161783  22.301  37.047  -1.630 0.1250000000
105229  22.900  35.597  -1.849 0.1250000000
104334  24.523  34.341  -0.821 0.6250000000
105227  25.274  36.288  -1.454 0.6250000000
168220  26.787  36.755  -2.394 0.5000000000
107849  22.631  37.657  -3.599 0.2500000000
106938  26.891  37.629  -3.499 0.5000000000
108760  21.051  38.844  -5.439 0.2500000000
108759  21.397  38.707  -5.603 0.2500000000
107867  26.070  38.810  -4.366 0.5000000000
107866  26.990  38.410  -4.697 0.5000000000
109742  21.000  39.783  -7.099 0.1250000000
109741  22.412  40.112  -6.982 0.2500000000
110666  24.007  41.176  -7.464 0.2500000000
109739  24.950  40.695  -8.333 0.2500000000
110667  21.810  40.723  -7.533 0.1250000000
80407  16.193  10.589  4.021 0.1250000000
80415  16.768  10.456  3.271 0.3750000000
172491  17.095  9.642  3.449 0.5000000000
82366  16.407  12.743  2.640 0.1250000000
78348  18.323  8.982  2.975 0.7500000000
80429  18.743  10.501  1.305 0.8750000000
79431  19.190  9.378  2.269 1.0000000000
167036  19.871  9.609  1.544 1.0000000000
82393  19.422  12.159  0.194 1.0000000000
145381  19.823  10.866  0.384 1.0000000000
80426  21.630  10.290  1.151 1.0000000000
80425  21.925  10.920  0.886 1.0000000000
85716  18.978  15.299  -1.081 0.8750000000
84624  21.063  14.399  -1.712 1.0000000000
82390  23.395  12.612  0.286 1.0000000000
83512  22.014  13.719  -0.991 1.0000000000
84623  21.922  14.372  -1.541 1.0000000000
82378  23.894  12.101  0.918 1.0000000000
81372  23.598  11.381  1.214 1.0000000000
87811  17.270  17.589  -0.182 0.3750000000
86820  17.920  17.297  -0.909 0.5000000000
175797  19.134  16.783  -1.544 0.8750000000
85721  21.547  15.600  -2.165 1.0000000000
83490  24.590  13.524  0.208 1.0000000000
83500  23.241  13.732  -0.681 1.0000000000
84612  22.644  14.083  -1.107 1.0000000000
84611  23.392  14.375  -1.095 1.0000000000
152668  24.066  14.803  -1.044 1.0000000000
87824  18.625  17.528  -1.501 0.6250000000
88806  19.030  19.078  -2.058 0.6250000000
86830  20.395  17.076  -2.172 1.0000000000
167698  21.079  18.801  -2.652 1.0000000000
86817  22.336  16.034  -2.131 1.0000000000
87833  21.592  17.370  -2.405 1.0000000000
84610  24.577  15.466  -0.779 1.0000000000
151132  26.037  15.537  0.276 0.8750000000
83479  26.578  13.297  1.244 0.8750000000
89851  20.638  19.284  -2.659 1.0000000000
88803  22.198  18.696  -2.581 1.0000000000
87809  25.562  18.024  -0.374 1.0000000000
86814  24.421  16.973  -1.180 1.0000000000
87821  23.508  17.429  -1.749 1.0000000000
88790  23.675  18.351  -1.585 1.0000000000
163153  26.683  16.114  0.527 0.8750000000
90827  22.788  20.579  -2.254 1.0000000000
174871  21.859  19.901  -3.150 1.0000000000
166598  23.164  19.844  -1.795 1.0000000000
89840  22.735  19.173  -2.285 1.0000000000
88789  24.195  18.745  -1.212 1.0000000000
159086  22.927  18.237  -2.142 1.0000000000
89839  23.857  19.438  -1.307 1.0000000000
89813  25.990  19.566  0.005 1.0000000000
88768  26.193  18.617  -0.013 1.0000000000
166905  18.563  21.700  -2.296 0.6250000000
91827  20.079  21.877  -3.172 0.7500000000
91826  20.787  21.591  -3.327 1.0000000000
90849  22.134  21.007  -3.196 1.0000000000
92777  21.478  22.116  -3.301 1.0000000000
91805  22.971  21.532  -1.986 1.0000000000
92767  22.077  22.733  -2.782 1.0000000000
92756  23.202  22.513  -1.368 1.0000000000
91804  23.371  21.886  -1.313 1.0000000000
91775  25.768  21.383  0.649 1.0000000000
91793  23.839  21.546  -0.782 1.0000000000
175635  23.473  21.288  -1.320 1.0000000000
95848  20.295  25.765  -3.528 0.7500000000
95833  21.714  25.167  -3.020 1.0000000000
94778  19.998  25.070  -3.565 0.7500000000
93728  22.925  23.083  -1.571 1.0000000000
93747  21.633  23.575  -3.216 1.0000000000
164246  22.453  24.053  -2.215 1.0000000000
93704  23.326  23.196  -0.776 1.0000000000
98832  22.544  28.227  -1.805 0.8750000000
94761  22.104  24.559  -2.581 1.0000000000
95792  22.543  25.432  -1.411 1.0000000000
94723  23.710  24.720  -0.238 1.0000000000
157890  23.253  24.041  -0.655 1.0000000000
94725  22.474  24.657  -1.813 1.0000000000
97822  23.684  27.741  -0.031 1.0000000000
95791  23.133  25.545  -0.705 1.0000000000
156583  24.236  27.238  0.315 1.0000000000
98822  23.496  28.452  -0.280 1.0000000000
98823  22.812  28.448  -1.133 1.0000000000
106058  22.322  36.473  -1.721 0.1250000000
106057  23.526  36.148  -1.717 0.1250000000
105230  21.927  35.845  -1.667 0.1250000000
107871  21.534  37.739  -3.863 0.2500000000
107848  24.084  38.061  -3.525 0.2500000000
170104  23.677  35.411  -1.572 0.3750000000
106068  24.835  36.810  -1.791 0.5000000000
156331  26.106  37.924  -3.289 0.5000000000
105239  25.972  36.766  -1.861 0.7500000000
108777  25.599  40.235  -6.440 0.2500000000
79434  16.738  9.957  3.658 0.2500000000
79401  17.377  10.105  5.480 0.1250000000
79411  16.588  9.762  4.236 0.1250000000
79418  17.003  9.323  3.862 0.6250000000
78336  17.722  8.704  3.642 0.7500000000
159965  19.801  8.687  2.640 1.0000000000
161396  18.330  24.505  -2.597 0.5000000000
92769  18.722  22.603  -2.606 0.6250000000
92779  20.117  23.432  -3.349 0.7500000000
92778  20.664  22.536  -3.371 0.8750000000
94763  18.958  24.448  -2.938 0.7500000000
93748  19.266  23.502  -3.024 0.8750000000
94762  21.692  24.378  -3.174 1.0000000000
99704  23.164  29.177  -0.771 1.0000000000
99702  25.145  29.632  0.539 1.0000000000
98808  25.672  28.175  0.894 1.0000000000
104343  23.245  34.698  -1.689 0.3750000000
105214  25.962  34.947  -0.724 0.7500000000
168586  25.582  35.619  -1.119 0.7500000000
105228  24.542  35.710  -1.325 0.5000000000
173516  26.111  36.128  -1.432 0.7500000000
165461  25.687  40.108  -7.535 0.2500000000
107899  26.708  38.724  -6.309 0.3750000000
72957  17.792  3.342  5.847 0.7500000000
149515  19.361  3.259  5.748 0.7500000000
74144  18.088  4.096  5.706 0.7500000000
153793  17.789  4.939  6.103 0.7500000000
72955  19.352  3.779  5.296 0.7500000000
74143  18.793  4.226  5.301 0.7500000000
74157  19.122  4.940  4.934 0.7500000000
75247  18.342  5.121  5.452 0.7500000000
171324  19.978  4.040  4.949 0.7500000000
166811  19.697  4.751  4.488 0.7500000000
76263  18.518  7.130  4.328 0.7500000000
77321  18.062  7.946  4.010 0.6250000000
74156  19.401  5.403  4.362 0.7500000000
76280  19.153  6.849  3.810 0.8750000000
74166  20.716  4.680  3.635 0.7500000000
74167  20.045  4.945  3.943 0.7500000000
147314  20.459  5.818  3.259 0.7500000000
77319  19.524  7.425  3.408 0.8750000000
77339  20.231  7.899  2.988 0.8750000000
75289  21.699  5.484  2.690 0.7500000000
75290  21.109  5.795  2.857 0.7500000000
77338  21.137  7.551  2.748 0.8750000000
78346  20.652  8.544  2.573 0.8750000000
77336  22.934  7.286  2.291 0.7500000000
78344  22.428  8.310  2.454 0.8750000000
79428  21.944  9.217  2.320 0.8750000000
79443  24.417  9.095  1.696 0.8750000000
79444  23.392  9.675  1.851 0.8750000000
80422  24.898  9.957  1.463 0.8750000000
80423  24.206  10.764  1.505 0.8750000000
80437  26.735  9.696  0.212 0.3750000000
80420  26.925  10.556  0.608 0.6250000000
81369  26.257  11.217  1.213 0.7500000000
81370  25.260  11.444  1.436 0.7500000000
80436  27.272  9.870  -0.177 0.5000000000
81381  27.757  10.797  0.396 0.5000000000
82389  28.019  11.730  0.680 0.7500000000
82375  26.489  12.296  1.290 0.7500000000
81379  29.222  11.536  -0.118 0.1250000000
82388  28.924  11.909  0.508 0.3750000000
82373  28.241  12.579  0.883 0.6250000000
82374  27.349  12.477  1.109 0.6250000000
83478  27.618  13.328  1.128 0.6250000000
81390  29.854  11.455  -1.938 0.1250000000
81378  29.809  11.938  -0.512 0.1250000000
83487  30.049  13.049  0.497 0.1250000000
171113  30.614  13.855  0.349 0.1250000000
166592  28.464  15.064  1.072 0.6250000000
85690  28.717  15.909  1.074 0.6250000000
85691  27.613  15.823  0.951 0.7500000000
158929  31.045  13.796  -0.385 0.1250000000
85700  31.410  15.322  -1.189 0.1250000000
86805  30.606  16.238  0.292 0.1250000000
165034  29.668  16.078  0.780 0.5000000000
86793  28.195  16.585  1.132 0.6250000000
87799  27.895  17.311  1.094 0.7500000000
83498  30.764  13.015  -1.270 0.1250000000
154700  30.710  17.070  -0.011 0.5000000000
87797  30.134  17.753  0.355 0.5000000000
88765  29.065  18.353  0.998 0.6250000000
88766  27.693  18.064  0.958 0.7500000000
99723  21.878  29.328  -2.088 0.6250000000
100639  22.254  30.722  -1.346 0.5000000000
99714  22.807  29.888  -1.128 0.7500000000
89809  29.687  19.357  0.401 0.6250000000
149316  27.653  20.699  1.073 0.6250000000
90814  29.975  20.543  -0.310 0.5000000000
90796  29.589  20.133  0.374 0.6250000000
150500  28.624  21.287  0.876 0.6250000000
91773  27.671  21.593  1.179 0.7500000000
100630  23.061  30.695  -0.771 0.7500000000
171699  27.046  21.788  1.230 0.8750000000
159182  26.198  24.687  1.193 0.8750000000
95765  26.636  25.492  1.240 0.8750000000
92713  27.445  22.386  1.230 0.7500000000
150356  27.783  24.091  1.238 0.8750000000
156606  27.179  24.711  1.275 0.8750000000
95764  27.783  25.385  1.062 0.8750000000
96799  27.503  26.201  0.985 0.8750000000
90825  30.098  20.848  -1.103 0.3750000000
91790  29.711  21.373  -0.312 0.5000000000
91791  29.281  21.834  0.373 0.5000000000
93680  28.435  22.931  0.979 0.6250000000
90837  29.929  21.103  -2.106 0.2500000000
91803  29.755  21.680  -1.170 0.3750000000
92736  29.151  22.775  0.397 0.5000000000
101554  23.374  31.500  -0.583 0.6250000000
166291  24.036  31.556  -0.193 0.7500000000
159015  23.523  29.978  -0.407 0.8750000000
100629  23.823  30.833  -0.213 0.7500000000
99703  24.351  30.213  0.228 0.8750000000
172236  24.737  26.692  0.595 0.8750000000
153955  26.831  27.869  0.808 0.7500000000
150088  27.168  27.037  0.901 0.8750000000
171489  28.474  23.606  0.936 0.6250000000
94699  28.568  24.295  0.726 0.7500000000
92755  29.555  22.499  -1.282 0.3750000000
93701  29.409  23.093  -0.458 0.5000000000
95789  28.838  25.412  -0.286 0.7500000000
91815  29.618  21.928  -2.142 0.2500000000
161517  23.528  32.998  -0.899 0.6250000000
100628  24.655  31.125  0.122 0.8750000000
100615  25.099  30.450  0.357 0.8750000000
99701  26.286  29.502  0.531 0.8750000000
101550  27.171  31.588  -0.336 0.7500000000
98807  26.600  28.729  0.694 0.8750000000
98805  28.235  27.814  0.098 0.7500000000
94722  29.011  24.554  -0.054 0.5000000000
93757  28.792  23.445  -3.458 0.2500000000
94741  29.304  24.183  -1.800 0.5000000000
94721  29.298  23.955  -0.711 0.5000000000
145858  29.394  22.152  -2.909 0.2500000000
103457  24.049  33.693  -0.802 0.5000000000
103456  24.863  33.676  -0.516 0.5000000000
104333  25.397  34.306  -0.598 0.6250000000
103454  26.496  33.327  -0.481 0.7500000000
102524  26.645  32.395  -0.395 0.7500000000
102523  27.352  33.021  -0.675 0.7500000000
153653  27.522  32.265  -0.579 0.7500000000
164342  28.347  31.035  -0.733 0.7500000000
101549  27.991  31.694  -0.610 0.7500000000
103463  27.879  33.542  -1.219 0.7500000000
100624  28.292  30.284  -0.516 0.7500000000
156902  28.456  29.000  -0.509 0.7500000000
171439  28.600  30.493  -0.982 0.7500000000
155989  28.645  26.996  -1.826 0.5000000000
97859  28.602  27.567  -2.162 0.3750000000
153846  28.646  28.110  -1.498 0.6250000000
93745  28.986  24.385  -2.984 0.2500000000
153455  28.896  25.739  -2.307 0.3750000000
159052  28.583  26.868  -2.546 0.3750000000
105226  26.520  35.523  -1.186 0.6250000000
157503  26.267  34.157  -0.573 0.7500000000
104341  27.613  34.423  -1.382 0.7500000000
102531  28.558  33.128  -1.931 0.7500000000
101567  28.632  31.674  -1.955 0.7500000000
100646  28.678  30.926  -2.314 0.6250000000
98855  28.558  28.534  -3.340 0.3750000000
99734  28.673  29.330  -2.886 0.3750000000
94788  27.989  24.684  -4.448 0.1250000000
96897  27.900  26.237  -4.745 0.1250000000
96896  28.189  26.976  -4.274 0.2500000000
105225  27.379  35.291  -1.537 0.6250000000
104350  28.147  34.947  -2.009 0.7500000000
103462  28.328  34.087  -1.934 0.6250000000
102538  28.793  32.365  -2.467 0.7500000000
161476  28.692  30.130  -2.593 0.3750000000
101569  28.793  31.623  -2.881 0.3750000000
100638  28.589  31.049  -1.389 0.7500000000
98868  28.326  28.499  -4.257 0.2500000000
99736  28.459  29.299  -3.773 0.3750000000
99729  28.729  29.483  -1.927 0.6250000000
96913  26.722  25.829  -6.651 0.1250000000
151679  27.602  26.595  -5.405 0.1250000000
95864  27.769  25.357  -4.975 0.1250000000
105238  26.956  36.178  -1.791 0.6250000000
106067  27.554  36.365  -2.672 0.6250000000
164031  28.585  34.523  -3.463 0.3750000000
105236  28.340  35.268  -2.653 0.3750000000
102543  28.534  33.154  -3.782 0.3750000000
100654  27.706  30.714  -4.803 0.2500000000
100649  28.579  30.783  -3.333 0.3750000000
102541  28.791  32.411  -3.215 0.3750000000
97908  27.285  28.015  -6.029 0.1250000000
99737  28.136  29.255  -4.616 0.3750000000
100653  28.231  30.149  -4.141 0.3750000000
95878  26.387  25.158  -7.157 0.1250000000
159968  27.732  27.867  -5.380 0.1250000000
159767  27.763  37.296  -4.732 0.3750000000
106079  27.217  37.001  -3.091 0.3750000000
105243  28.204  35.841  -3.141 0.3750000000
104356  28.369  34.894  -4.150 0.3750000000
105246  28.352  35.547  -3.824 0.3750000000
158450  27.485  33.084  -5.317 0.3750000000
103476  28.086  33.543  -4.657 0.3750000000
103475  28.454  34.061  -3.981 0.3750000000
101574  27.511  31.424  -5.025 0.3750000000
174405  27.793  31.255  -4.599 0.3750000000
173017  28.317  32.335  -3.933 0.3750000000
158165  25.854  28.936  -7.627 0.1250000000
99743  27.164  29.284  -5.892 0.1250000000
100657  27.336  30.147  -5.500 0.2500000000
160671  26.188  26.832  -7.556 0.1250000000
106105  27.222  36.608  -6.192 0.2500000000
104360  27.351  34.963  -5.813 0.2500000000
105250  27.763  35.555  -5.430 0.3750000000
105247  28.216  35.738  -4.604 0.3750000000
157060  26.228  33.097  -6.660 0.1250000000
160774  27.568  34.089  -5.427 0.3750000000
169826  28.199  34.296  -4.700 0.3750000000
102549  26.319  32.086  -6.645 0.1250000000
102547  26.861  32.593  -5.902 0.2500000000
155588  24.365  30.141  -8.576 0.1250000000
100658  26.832  30.767  -5.927 0.1250000000
106979  27.129  37.913  -6.259 0.3750000000
106096  27.782  36.418  -5.365 0.3750000000
105257  27.152  35.776  -6.176 0.2500000000
103479  26.032  34.002  -6.793 0.1250000000
102550  25.701  32.777  -7.153 0.1250000000
103480  25.410  33.581  -7.294 0.1250000000
99772  23.728  29.918  -9.092 0.1250000000
101583  23.011  31.981  -8.780 0.1250000000
104377  24.780  35.368  -8.140 0.1250000000
102560  22.667  33.254  -8.881 0.1250000000
103487  23.654  34.481  -8.604 0.1250000000
100682  22.224  31.006  -9.757 0.1250000000
78345  21.543  8.433  2.547 0.8750000000
79442  25.198  8.744  1.220 0.6250000000
88764  29.719  18.498  0.522 0.6250000000
93681  27.527  23.288  1.242 0.8750000000
92766  29.407  22.687  -2.266 0.3750000000
102526  24.421  32.905  -0.414 0.6250000000
102525  25.185  32.472  -0.225 0.8750000000
100627  25.643  30.985  0.114 0.8750000000
175809  25.835  32.189  -0.248 0.7500000000
100614  25.967  30.241  0.307 0.8750000000
175533  27.329  30.426  0.075 0.7500000000
99712  28.283  29.626  -0.352 0.7500000000
98806  27.649  28.433  0.397 0.7500000000
95815  28.987  25.791  -1.296 0.5000000000
96860  28.788  26.374  -2.033 0.5000000000
96821  28.621  26.327  -0.362 0.7500000000
94760  29.157  25.070  -2.092 0.5000000000
99762  25.684  29.686  -7.501 0.1250000000
104361  26.744  34.419  -6.276 0.2500000000
102554  23.601  33.619  -8.387 0.1250000000
101587  22.305  31.809  -9.284 0.1250000000
83488  29.046  13.488  0.836 0.5000000000
84596  28.207  14.087  1.101 0.6250000000
84597  27.416  14.895  0.913 0.7500000000
88776  30.733  18.454  -0.686 0.3750000000
89827  30.194  19.743  -0.250 0.3750000000
90824  30.342  20.248  -2.035 0.2500000000
148442  28.320  25.893  0.429 0.7500000000
101578  26.046  31.244  -7.003 0.1250000000
90836  30.103  20.489  -3.057 0.1250000000
70471  17.616  2.117  6.235 0.7500000000
157273  17.231  2.332  6.281 0.7500000000
74129  17.458  4.046  6.351 0.7500000000
71671  18.761  2.335  6.875 0.7500000000
72956  18.474  3.354  5.606 0.7500000000
72936  19.550  2.899  6.574 0.7500000000
76264  18.163  7.010  5.064 0.6250000000
168936  18.530  6.472  4.769 0.7500000000
74141  20.569  4.131  4.843 0.6250000000
74165  21.247  4.724  3.409 0.7500000000
75288  22.326  5.418  2.669 0.6250000000
77335  23.696  7.264  1.858 0.6250000000
78362  24.599  7.818  1.219 0.5000000000
78360  25.896  7.235  -0.142 0.3750000000
79441  25.955  8.605  0.672 0.5000000000
79455  26.710  8.863  -0.785 0.1250000000
80434  28.628  10.765  -0.882 0.1250000000
81391  29.260  11.194  -1.332 0.1250000000
81400  30.426  10.759  -2.831 0.1250000000
82409  30.834  12.023  -3.285 0.1250000000
149740  30.922  13.434  -3.157 0.1250000000
162994  31.227  14.391  -2.006 0.1250000000
163364  22.043  29.959  -1.788 0.3750000000
85711  31.329  15.059  -2.452 0.1250000000
86803  31.473  16.063  -1.649 0.1250000000
88775  31.160  17.897  -1.101 0.1250000000
89826  30.610  19.191  -0.923 0.2500000000
90813  30.400  20.022  -1.034 0.2500000000
102527  23.006  32.243  -1.046 0.5000000000
145623  29.239  21.272  -4.146 0.1250000000
90848  29.578  21.365  -3.146 0.2500000000
92784  28.341  22.725  -4.702 0.1250000000
94789  27.615  24.519  -5.246 0.1250000000
94795  27.121  24.476  -5.840 0.1250000000
104335  23.822  34.302  -1.239 0.3750000000
95877  26.799  24.964  -6.376 0.1250000000
149837  26.128  25.870  -7.592 0.1250000000
95885  25.864  24.740  -8.063 0.1250000000
98900  24.991  28.389  -8.725 0.1250000000
98910  23.151  28.450  -10.697 0.1250000000
108734  21.528  38.084  -3.696 0.1250000000
161618  26.059  37.145  -7.692 0.2500000000
106989  24.910  37.190  -9.094 0.1250000000
161730  22.731  33.903  -9.004 0.1250000000
104387  23.607  34.939  -9.014 0.1250000000
101584  22.144  32.724  -9.348 0.1250000000
99783  22.221  30.085  -10.633 0.1250000000
102571  21.314  32.362  -10.330 0.1250000000
147624  24.709  12.260  1.246 0.7500000000
90798  27.603  19.752  0.944 0.7500000000
89811  27.595  18.870  0.894 0.7500000000
97860  21.057  27.664  -2.537 0.3750000000
154179  25.771  25.890  1.056 0.8750000000
77320  18.733  7.503  3.792 0.7500000000
79429  21.074  9.211  2.215 0.8750000000
159544  25.612  12.239  1.406 0.7500000000
92714  26.463  21.974  1.147 0.8750000000
98809  24.981  28.835  0.654 0.8750000000
164066  25.709  28.973  0.705 0.8750000000
97819  26.128  27.236  1.103 0.8750000000
106949  27.307  37.833  -4.265 0.3750000000
107884  27.175  38.272  -5.505 0.3750000000
108791  25.887  39.224  -8.148 0.1250000000
106980  26.570  37.835  -7.104 0.2500000000
72938  17.295  2.973  6.212 0.7500000000
72937  17.806  2.719  5.933 0.7500000000
71684  18.486  2.695  5.912 0.7500000000
72954  20.073  3.737  5.416 0.7500000000
175665  17.609  5.468  6.318 0.7500000000
75248  17.793  5.722  5.876 0.7500000000
75263  18.747  5.739  4.851 0.7500000000
77312  17.986  7.789  4.641 0.6250000000
75281  19.047  6.246  4.223 0.7500000000
76279  19.815  6.484  3.514 0.8750000000
75279  21.050  5.099  3.041 0.7500000000
76278  20.607  6.766  3.121 0.8750000000
164541  21.655  6.370  2.630 0.7500000000
159072  22.593  6.367  2.341 0.7500000000
78363  23.866  8.308  1.939 0.7500000000
79427  22.893  8.979  2.240 0.8750000000
77354  24.247  7.231  1.342 0.6250000000
148577  25.612  10.490  1.304 0.7500000000
78376  26.340  8.014  -0.489 0.2500000000
79456  26.435  9.051  0.249 0.5000000000
165796  25.689  9.550  1.186 0.6250000000
81368  27.157  11.527  0.952 0.7500000000
81380  28.518  11.131  0.151 0.5000000000
80435  27.997  10.227  -0.462 0.1250000000
82387  29.692  12.229  0.267 0.2500000000
155358  29.122  12.724  0.695 0.3750000000
83477  28.414  13.274  0.980 0.6250000000
82399  30.262  12.316  -1.134 0.1250000000
82410  30.486  11.549  -2.759 0.1250000000
83499  30.616  13.091  -0.151 0.1250000000
84609  30.285  14.657  0.577 0.5000000000
84608  30.970  14.583  0.124 0.1250000000
148339  31.285  14.554  -0.764 0.1250000000
85689  29.515  15.243  0.846 0.5000000000
84607  31.044  13.694  -1.615 0.1250000000
85701  31.149  15.411  -0.209 0.1250000000
86804  31.241  16.248  -0.567 0.1250000000
87798  28.768  17.181  1.102 0.6250000000
87808  30.751  17.794  -0.382 0.1250000000
150501  29.109  18.982  0.878 0.6250000000
163818  29.133  19.659  0.759 0.6250000000
92712  28.541  22.166  0.906 0.6250000000
95763  28.494  25.056  0.525 0.7500000000
161581  28.147  26.888  0.367 0.7500000000
93702  29.071  23.668  0.264 0.5000000000
167909  25.206  33.107  -0.358 0.6250000000
97818  27.701  27.610  0.516 0.7500000000
93744  29.227  23.471  -2.580 0.3750000000
99700  27.272  29.321  0.401 0.7500000000
97846  28.658  27.461  -1.257 0.6250000000
98820  28.265  28.516  -0.047 0.7500000000
94742  29.235  24.850  -1.008 0.5000000000
145357  28.350  24.075  -3.902 0.1250000000
166942  28.388  23.320  -4.140 0.1250000000
92775  29.129  22.747  -3.162 0.2500000000
92776  28.682  22.684  -3.900 0.1250000000
104331  27.089  33.889  -0.789 0.7500000000
154070  28.516  32.327  -1.624 0.7500000000
98831  28.686  28.842  -1.262 0.6250000000
175267  28.552  27.265  -2.779 0.3750000000
98841  28.666  28.525  -2.284 0.3750000000
95846  28.396  25.631  -3.550 0.1250000000
160230  28.245  26.224  -3.854 0.3750000000
173136  28.773  33.764  -2.558 0.3750000000
97896  28.404  27.727  -3.844 0.3750000000
95863  28.047  25.513  -4.184 0.1250000000
97897  27.884  27.098  -5.056 0.1250000000
96906  27.475  25.930  -5.449 0.1250000000
101570  28.424  31.665  -3.656 0.3750000000
98878  27.497  28.597  -5.647 0.2500000000
160772  26.643  26.678  -6.882 0.1250000000
96912  27.070  25.689  -5.990 0.1250000000
97907  27.472  27.239  -5.733 0.1250000000
106078  27.954  36.555  -3.495 0.3750000000
161901  27.827  29.921  -4.886 0.2500000000
97919  26.433  27.523  -7.118 0.1250000000
98887  26.666  28.304  -6.637 0.1250000000
99751  26.655  29.161  -6.455 0.1250000000
106089  28.109  36.608  -4.322 0.3750000000
162547  26.829  33.540  -6.071 0.3750000000
101572  27.913  31.800  -4.438 0.3750000000
98893  26.140  28.309  -7.400 0.1250000000
99761  26.198  29.033  -7.048 0.1250000000
99763  24.994  29.913  -8.123 0.1250000000
99771  24.488  29.238  -8.790 0.1250000000
99752  26.235  29.791  -6.831 0.1250000000
100660  26.377  30.579  -6.592 0.1250000000
96918  25.639  26.417  -8.341 0.1250000000
164164  25.327  27.774  -8.599 0.1250000000
106106  26.399  36.363  -7.008 0.2500000000
164274  26.873  37.198  -6.621 0.2500000000
104367  26.700  35.112  -6.417 0.2500000000
160947  25.409  32.060  -7.386 0.1250000000
157538  24.038  31.522  -8.396 0.1250000000
100666  25.232  30.563  -7.699 0.1250000000
100675  22.954  30.852  -9.150 0.1250000000
105258  26.359  35.577  -6.838 0.1250000000
104368  25.904  34.940  -7.082 0.1250000000
104378  25.096  34.475  -7.583 0.1250000000
162765  24.439  32.572  -7.864 0.1250000000
99782  22.924  29.695  -9.930 0.1250000000
101580  24.718  31.578  -7.872 0.1250000000
105266  24.527  36.133  -8.796 0.1250000000
105265  25.562  35.831  -7.685 0.1250000000
171926  17.147  1.663  6.527 0.7500000000
70456  17.965  1.678  7.084 0.7500000000
72939  16.748  2.467  6.576 0.7500000000
76257  17.724  6.629  5.735 0.5000000000
76256  18.179  6.142  5.317 0.6250000000
76295  22.873  5.796  2.384 0.6250000000
164681  24.292  6.708  1.407 0.5000000000
87819  31.515  16.650  -2.081 0.1250000000
86837  30.812  15.653  -3.938 0.1250000000
87807  31.343  17.094  -1.024 0.1250000000
93765  27.995  23.690  -4.829 0.1250000000
98901  24.205  28.161  -9.498 0.1250000000
99781  23.718  28.887  -9.700 0.1250000000
72922  16.838  3.417  6.786 0.7500000000
75239  17.379  5.133  6.704 0.5000000000
70441  17.697  1.015  7.667 0.6250000000
71650  19.746  1.952  8.242 0.3750000000
70455  19.079  2.017  7.623 0.6250000000
71669  20.738  2.832  7.998 0.2500000000
72921  20.490  3.151  7.267 0.3750000000
78361  25.165  7.418  0.435 0.3750000000
101555  22.548  31.481  -1.088 0.3750000000
102532  22.696  33.093  -1.506 0.2500000000
104342  24.130  34.919  -1.294 0.2500000000
72953  20.953  3.915  5.597 0.5000000000
75262  21.799  4.739  3.745 0.5000000000
75277  22.535  5.177  3.409 0.3750000000
150825  19.669  1.346  8.777 0.5000000000
152210  23.528  6.442  2.066 0.5000000000
68094  17.625  -0.903  9.354 0.6250000000
166897  17.166  4.994  7.192 0.3750000000
74112  16.748  3.736  7.768 0.3750000000
69244  17.344  0.329  8.085 0.6250000000
70457  16.682  1.239  6.861 0.6250000000
71673  16.304  1.970  6.828 0.6250000000
69211  19.980  -0.103  10.178 0.3750000000
69227  19.313  0.261  9.551 0.5000000000
69228  18.164  -0.061  9.069 0.6250000000
158262  17.418  5.683  6.745 0.2500000000
70428  20.396  1.178  9.353 0.3750000000
147117  21.091  3.540  7.075 0.2500000000
175464  20.932  2.559  8.385 0.2500000000
154794  17.504  8.590  4.211 0.3750000000
72934  21.449  3.832  6.466 0.2500000000
75261  22.483  4.912  4.311 0.3750000000
75276  23.373  5.496  3.444 0.2500000000
76294  24.258  6.393  1.786 0.2500000000
77334  24.623  6.597  1.122 0.2500000000
87803  16.209  18.785  1.054 0.1250000000
91807  17.443  21.635  -1.402 0.2500000000
93749  18.488  23.686  -2.628 0.3750000000
92758  17.389  22.560  -1.558 0.2500000000
96862  20.469  27.215  -3.226 0.2500000000
103464  23.291  33.786  -1.487 0.2500000000
89832  16.468  19.761  0.359 0.1250000000
166921  16.640  17.600  0.571 0.2500000000
92770  17.957  23.087  -2.159 0.3750000000
74154  21.083  4.365  4.105 0.5000000000
74111  17.018  4.381  7.146 0.5000000000
70440  18.851  1.505  8.087 0.6250000000
71670  19.852  2.533  7.592 0.5000000000
72935  20.421  3.483  6.317 0.5000000000
77352  25.369  6.822  0.145 0.2500000000
170999  17.564  5.911  6.375 0.3750000000
164852  17.738  8.235  4.761 0.2500000000
76277  23.646  5.884  2.554 0.2500000000
69243  18.726  0.767  8.690 0.6250000000
71649  20.468  2.341  8.322 0.2500000000
70439  20.449  1.771  8.821 0.2500000000
71648  21.466  2.742  8.423 0.2500000000
74153  21.933  4.556  4.707 0.3750000000
70429  19.691  0.835  9.263 0.5000000000
69226  20.229  0.545  9.776 0.3750000000
70442  16.581  0.629  7.313 0.6250000000
66971  19.252  -1.331  10.497 0.3750000000
68077  18.928  -0.579  10.030 0.5000000000
74140  21.968  4.297  5.747 0.2500000000
87791  16.198  18.551  1.099 0.1250000000
68110  15.937  -0.671  8.033 0.5000000000
164167  18.546  -3.112  10.257 0.3750000000
66972  18.288  -1.485  10.068 0.5000000000
66989  16.367  -1.230  8.625 0.5000000000
68111  15.776  -0.854  8.279 0.3750000000
148466  15.818  0.924  7.526 0.5000000000
69245  16.158  0.029  7.585 0.5000000000
69246  15.865  -0.121  7.778 0.5000000000
71651  16.020  1.960  7.393 0.3750000000
150791  16.166  1.350  6.957 0.5000000000
169247  15.674  -1.022  9.892 0.1250000000
67003  15.524  -1.429  8.821 0.3750000000
72897  16.436  2.947  7.952 0.2500000000
66957  15.438  -2.096  10.317 0.1250000000
68079  15.357  -1.780  9.760 0.2500000000
64510  15.066  -4.384  9.371 0.3750000000
172160  19.255  -2.870  10.506 0.2500000000
162527  17.352  -4.782  9.740 0.3750000000
65752  16.488  -2.722  9.302 0.5000000000
68060  15.938  -1.092  10.776 0.1250000000
66991  15.201  -2.108  9.263 0.3750000000
163602  15.628  -3.666  9.214 0.3750000000
70416  16.591  1.490  10.312 0.1250000000
72875  16.796  2.950  9.560 0.1250000000
89838  30.697  19.353  -1.935 0.1250000000
72923  16.430  2.745  7.148 0.3750000000
69229  16.797  -0.435  8.327 0.5000000000
66973  17.121  -1.777  9.394 0.5000000000
158232  16.985  4.425  7.737 0.2500000000
66970  20.044  -1.742  10.898 0.2500000000
151518  15.919  -2.015  8.926 0.5000000000
65750  19.022  -2.205  10.492 0.3750000000
65751  17.816  -2.457  9.892 0.3750000000
64494  17.254  -3.659  9.635 0.3750000000
66990  15.317  -2.263  9.124 0.3750000000
69230  15.771  0.284  8.530 0.2500000000
70430  15.903  1.166  8.464 0.1250000000
147509  15.946  1.676  8.142 0.1250000000
145835  16.144  -0.371  10.464 0.1250000000
68095  15.460  -1.305  9.161 0.2500000000
69212  16.284  0.487  10.078 0.1250000000
69204  16.527  0.286  11.042 0.1250000000
68078  15.732  -0.461  9.369 0.1250000000
148411  16.419  2.543  8.589 0.1250000000
64511  14.830  -4.454  9.689 0.3750000000
63191  18.087  -5.403  10.128 0.2500000000
147791  16.194  1.079  9.366 0.1250000000
71634  16.442  1.930  9.320 0.1250000000
63194  14.900  -5.303  10.029 0.2500000000
171165  16.099  -7.206  10.108 0.2500000000
77306  17.794  7.599  5.244 0.2500000000
64493  18.370  -4.176  10.153 0.2500000000
168379  14.932  -2.889  10.098 0.1250000000
66974  14.935  -2.621  9.671 0.1250000000
63212  15.979  -4.904  9.471 0.2500000000
63213  15.080  -5.307  9.772 0.2500000000
61997  15.592  -7.437  10.372 0.1250000000
77294  17.671  7.283  5.666 0.1250000000
98842  21.215  29.027  -2.342 0.1250000000
98843  20.520  28.546  -2.643 0.1250000000
99724  20.991  29.953  -2.246 0.1250000000
174016  19.752  30.138  -2.153 0.1250000000
100641  20.060  30.863  -1.912 0.1250000000
160913  21.955  32.365  -1.430 0.1250000000
100640  21.344  30.796  -1.990 0.1250000000
100642  19.100  31.285  -1.473 0.1250000000
101562  20.754  31.659  -2.012 0.1250000000
103465  22.296  34.091  -1.743 0.1250000000
98844  19.325  28.794  -2.823 0.1250000000
157863  21.150  32.241  -1.928 0.1250000000
102533  21.167  32.898  -1.823 0.1250000000
103468  19.651  33.108  -0.966 0.1250000000
97881  18.683  27.179  -3.162 0.1250000000
97861  19.946  27.938  -3.198 0.1250000000
76230  17.692  6.877  7.431 0.1250000000
93750  17.838  24.043  -2.273 0.1250000000
170883  18.341  27.574  -2.761 0.1250000000
98845  18.378  28.926  -2.580 0.1250000000
99731  18.728  29.736  -2.387 0.1250000000
100632  18.403  30.161  -1.127 0.1250000000
101556  19.122  31.559  -0.117 0.1250000000
171818  20.095  33.533  -0.499 0.1250000000
104345  20.845  34.258  -1.129 0.1250000000
96883  19.036  26.588  -3.389 0.1250000000
79410  17.057  9.316  4.215 0.1250000000
101561  21.656  31.535  -1.598 0.1250000000
153310  21.833  33.230  -1.627 0.1250000000
76247  17.601  6.434  6.257 0.1250000000
93730  17.366  23.549  -1.637 0.1250000000
78328  17.491  8.750  4.533 0.1250000000
78308  17.650  8.310  6.498 0.1250000000
77279  17.691  7.577  6.930 0.1250000000
99730  20.091  29.385  -2.459 0.1250000000
101563  19.728  31.792  -1.608 0.1250000000
100631  18.758  30.945  -0.955 0.1250000000
103466  21.195  33.707  -1.527 0.1250000000
102535  19.537  32.525  -1.252 0.1250000000
99706  18.052  29.631  -0.036 0.1250000000
104321  19.921  33.879  0.458 0.1250000000
161369  20.584  -0.373  10.598 0.1250000000
69225  21.034  0.869  9.876 0.1250000000
70427  21.277  1.588  9.372 0.1250000000
70438  21.068  2.214  8.750 0.1250000000
72920  21.879  3.632  7.304 0.1250000000
72933  22.361  4.050  6.741 0.1250000000
162332  22.838  4.447  6.269 0.1250000000
74139  22.957  4.829  5.350 0.1250000000
75246  24.806  5.426  5.464 0.1250000000
155681  23.881  5.309  5.148 0.1250000000
165753  23.817  5.493  4.251 0.1250000000
76261  25.814  6.338  3.798 0.1250000000
76293  24.787  6.445  1.499 0.1250000000
168338  26.437  6.616  2.367 0.1250000000
76292  25.683  6.668  1.467 0.1250000000
77332  25.766  6.741  0.361 0.1250000000
63190  19.167  -4.883  10.298 0.1250000000
63192  16.723  -5.953  9.892 0.1250000000
64492  19.430  -3.617  10.479 0.1250000000
65736  20.565  -2.544  11.146 0.1250000000
68074  21.377  -0.244  10.841 0.1250000000
68075  20.758  -0.986  11.027 0.1250000000
70415  21.845  1.168  9.983 0.1250000000
71632  22.643  2.183  9.103 0.1250000000
148541  22.790  3.705  7.539 0.1250000000
74110  23.252  4.195  7.012 0.1250000000
74128  24.487  4.680  6.566 0.1250000000
75258  25.855  5.959  4.750 0.1250000000
166966  26.639  6.731  -0.610 0.1250000000
167286  27.591  6.677  1.344 0.1250000000
78375  26.908  7.789  -1.297 0.1250000000
68076  19.940  -0.826  10.574 0.1250000000
69210  20.800  0.228  10.314 0.1250000000
77333  24.934  6.628  0.651 0.1250000000
71647  22.231  2.617  8.699 0.1250000000
75275  24.161  5.774  3.632 0.1250000000
65749  19.803  -2.702  10.735 0.1250000000
159265  18.815  -5.993  10.317 0.1250000000
66955  21.008  -1.786  11.311 0.1250000000
70426  22.241  1.695  9.529 0.1250000000
72896  22.242  3.236  8.163 0.1250000000
175082  23.697  5.070  5.776 0.1250000000
76262  25.048  5.993  4.170 0.1250000000
148826  23.656  4.722  6.363 0.1250000000
162384  25.192  5.704  4.956 0.1250000000
76276  24.721  6.216  2.812 0.1250000000
77331  26.622  6.628  0.178 0.1250000000
75274  26.647  6.319  3.279 0.1250000000
63189  20.120  -4.529  10.478 0.1250000000
164092  22.421  0.763  10.446 0.1250000000
157157  27.572  6.677  -0.069 0.1250000000
60870  15.311  -8.163  10.886 0.1250000000
61995  19.058  -7.018  10.465 0.1250000000
64491  20.348  -3.411  10.811 0.1250000000
64495  14.767  -4.555  10.047 0.1250000000
65767  15.451  -2.825  9.045 0.3750000000
65768  14.998  -3.452  9.308 0.3750000000
65769  14.714  -3.514  9.736 0.1250000000
67002  15.711  -1.375  8.596 0.3750000000
69247  15.624  -0.703  8.520 0.2500000000
69266  16.075  0.656  7.219 0.5000000000
71633  21.834  2.177  9.015 0.1250000000
71668  21.299  3.260  7.749 0.2500000000
71672  16.763  1.803  6.578 0.7500000000
74142  19.603  4.316  4.936 0.7500000000
74155  20.291  4.387  4.354 0.7500000000
75238  24.295  5.160  6.014 0.1250000000
75259  24.476  5.616  4.623 0.1250000000
75260  23.174  5.233  4.335 0.1250000000
75278  21.742  4.996  2.999 0.7500000000
75280  19.765  5.754  3.746 0.8750000000
75287  22.921  5.516  2.746 0.3750000000
76275  25.700  6.532  2.611 0.1250000000
76296  22.255  5.778  2.464 0.7500000000
77337  22.063  7.408  2.563 0.7500000000
77351  26.121  6.834  -0.255 0.1250000000
77353  24.742  6.792  0.749 0.5000000000
78343  23.179  8.064  2.247 0.7500000000
78359  26.450  7.038  -0.856 0.1250000000
79419  16.591  9.989  4.319 0.2500000000
79430  20.198  9.214  2.159 1.0000000000
79432  18.124  9.642  2.533 0.8750000000
79446  21.384  9.768  1.660 0.8750000000
80421  26.267  9.917  0.860 0.6250000000
80424  23.395  10.618  1.477 1.0000000000
80428  19.571  10.350  0.723 1.0000000000
82386  30.230  12.502  -0.009 0.1250000000
82400  22.188  13.100  -0.550 1.0000000000
82404  19.195  12.930  -0.001 0.8750000000
83492  22.942  13.108  -0.338 1.0000000000
83501  21.512  13.238  -0.701 1.0000000000
83504  18.907  13.763  -0.084 0.7500000000
83511  30.683  12.761  -2.775 0.1250000000
83513  21.330  13.865  -1.182 1.0000000000
83514  20.677  13.958  -1.193 1.0000000000
84587  26.077  14.093  0.965 0.8750000000
84595  29.454  14.240  0.809 0.5000000000
84600  24.715  14.754  -0.386 1.0000000000
84602  18.175  14.189  0.469 0.7500000000
84614  18.452  15.245  -0.396 0.6250000000
84625  20.325  14.548  -1.460 1.0000000000
85694  25.243  15.428  -0.230 1.0000000000
85702  30.460  15.384  0.474 0.1250000000
85703  25.043  16.127  -0.518 1.0000000000
85704  18.364  15.959  -0.782 0.8750000000
86791  29.753  16.966  0.703 0.5000000000
86792  29.001  16.554  1.062 0.6250000000
86816  23.037  16.617  -2.033 1.0000000000
86826  31.363  15.789  -2.885 0.1250000000
86828  21.630  16.525  -2.288 1.0000000000
87796  30.342  18.300  -0.022 0.3750000000
87802  16.301  18.110  1.059 0.1250000000
87812  16.603  18.284  0.473 0.2500000000
87820  24.257  17.819  -1.264 1.0000000000
87822  22.813  17.397  -2.175 1.0000000000
88804  21.464  18.282  -2.559 1.0000000000
88805  20.656  18.446  -2.479 1.0000000000
89808  30.282  18.945  -0.114 0.3750000000
89810  28.435  19.371  0.994 0.6250000000
89829  24.521  19.399  -0.837 1.0000000000
89830  24.193  20.060  -0.905 1.0000000000
89849  22.217  19.532  -2.823 1.0000000000
89850  21.218  19.963  -3.098 1.0000000000
90797  28.689  20.296  0.866 0.6250000000
90817  23.904  20.760  -0.980 1.0000000000
90826  23.322  20.696  -1.585 1.0000000000
90851  20.939  20.757  -3.233 1.0000000000
91772  29.423  20.959  0.375 0.6250000000
91774  26.708  21.145  1.004 0.8750000000
91792  24.303  22.016  -0.207 1.0000000000
91817  19.318  21.613  -2.737 0.6250000000
91824  29.116  22.025  -3.627 0.2500000000
91825  21.555  21.288  -3.301 1.0000000000
92735  29.527  22.229  -0.336 0.5000000000
92737  24.004  22.886  -0.063 1.0000000000
92757  22.793  22.470  -2.088 1.0000000000
93727  29.412  23.319  -1.500 0.3750000000
93746  22.079  23.794  -2.714 1.0000000000
93758  20.955  23.438  -3.467 1.0000000000
93760  19.697  24.332  -3.331 0.7500000000
94724  22.871  24.712  -0.941 1.0000000000
94777  28.401  24.943  -3.679 0.1250000000
95766  25.534  25.182  0.890 0.8750000000
95831  28.772  25.324  -2.963 0.1250000000
95835  17.804  25.934  -2.285 0.1250000000
95849  19.463  25.883  -3.470 0.3750000000
95872  27.307  25.173  -5.619 0.1250000000
96800  26.459  26.394  1.168 0.8750000000
96801  25.505  26.563  0.934 1.0000000000
96839  28.740  26.703  -1.166 0.7500000000
96840  22.475  26.751  -1.682 1.0000000000
96863  18.305  27.108  -2.689 0.1250000000
96881  28.569  26.143  -2.969 0.3750000000
96884  18.621  26.758  -3.077 0.1250000000
97820  25.118  27.340  0.794 1.0000000000
97833  28.531  27.229  -0.444 0.6250000000
97847  22.462  27.432  -1.843 1.0000000000
97879  28.446  26.966  -3.352 0.3750000000
97880  19.572  27.121  -3.433 0.1250000000
97914  27.161  26.488  -6.062 0.1250000000
97915  26.974  27.385  -6.411 0.1250000000
97920  25.851  27.500  -7.988 0.1250000000
97928  24.656  27.459  -9.350 0.1250000000
98821  28.018  29.154  0.067 0.7500000000
98869  27.980  28.527  -5.029 0.2500000000
98879  27.056  28.665  -6.141 0.1250000000
98894  25.666  28.388  -8.102 0.1250000000
99713  27.751  29.966  0.026 0.7500000000
99722  28.658  29.731  -0.972 0.7500000000
99742  27.685  29.273  -5.297 0.1250000000
99770  25.383  29.132  -8.182 0.1250000000
100613  26.935  30.063  0.305 0.7500000000
100617  18.410  30.126  -0.281 0.1250000000
100625  27.724  30.834  -0.252 0.7500000000
100626  26.736  30.825  0.036 0.8750000000
100650  28.133  31.063  -4.172 0.3750000000
100661  25.845  30.471  -7.184 0.1250000000
100667  24.574  30.762  -8.234 0.1250000000
100674  23.822  30.846  -8.670 0.1250000000
100696  21.516  30.489  -11.092 0.1250000000
101551  26.215  31.590  -0.188 0.8750000000
101552  25.321  31.723  -0.051 0.7500000000
101553  24.545  32.014  -0.143 0.8750000000
101560  28.413  31.764  -1.077 0.7500000000
101575  26.948  31.613  -5.744 0.3750000000
101577  26.504  31.262  -6.368 0.1250000000
101582  23.730  32.461  -8.343 0.1250000000
101588  21.577  32.116  -9.769 0.1250000000
102522  28.146  32.580  -0.989 0.7500000000
102528  19.333  32.343  -0.458 0.1250000000
102534  20.451  32.478  -1.722 0.1250000000
102539  20.078  33.002  -1.349 0.1250000000
102544  27.950  32.670  -4.553 0.3750000000
102546  27.458  32.188  -5.175 0.3750000000
102553  24.787  33.121  -7.594 0.1250000000
103447  18.943  33.237  1.190 0.1250000000
103455  25.692  33.585  -0.425 0.6250000000
103458  19.671  32.957  0.166 0.1250000000
103467  20.340  33.623  -1.204 0.1250000000
103471  29.031  33.126  -2.900 0.3750000000
103473  28.828  33.883  -3.218 0.3750000000
103486  24.349  34.072  -7.910 0.1250000000
104332  26.833  34.749  -0.908 0.6250000000
104349  28.622  34.560  -2.703 0.3750000000
104353  28.488  35.135  -3.307 0.3750000000
104357  28.048  34.926  -5.087 0.3750000000
104379  24.110  34.907  -8.432 0.1250000000
105215  25.029  34.998  -0.901 0.6250000000
105237  27.824  35.681  -2.269 0.6250000000
106056  24.426  36.374  -1.577 0.5000000000
106077  28.253  36.083  -3.884 0.3750000000
106080  26.219  37.363  -2.682 0.5000000000
106114  25.375  36.560  -8.314 0.1250000000
106115  24.615  36.689  -9.415 0.1250000000
106920  23.776  36.729  -1.837 0.1250000000
106921  22.867  36.648  -1.871 0.1250000000
106930  22.632  37.072  -1.810 0.1250000000
106937  27.678  37.229  -3.869 0.3750000000
106939  24.944  37.657  -2.899 0.3750000000
106950  26.562  38.220  -3.931 0.5000000000
106966  27.455  37.400  -5.678 0.3750000000
107850  22.000  37.490  -3.482 0.2500000000
107870  21.807  37.727  -4.062 0.2500000000
107885  26.529  39.038  -5.162 0.5000000000
107904  26.260  38.555  -7.577 0.1250000000
108744  21.414  38.325  -4.574 0.2500000000
108757  25.035  40.048  -5.711 0.2500000000
108776  26.229  39.523  -6.880 0.2500000000
109732  20.888  39.228  -6.265 0.2500000000
147840  28.407  18.589  1.076 0.7500000000
147873  28.528  17.879  1.124 0.7500000000
148943  20.634  33.159  -1.579 0.1250000000
149206  21.059  16.984  -2.337 1.0000000000
149832  24.372  24.232  0.322 1.0000000000
150564  28.559  28.141  -0.647 0.6250000000
150829  24.882  10.858  1.459 0.8750000000
150966  21.282  4.254  4.989 0.5000000000
151489  22.502  21.190  -2.794 1.0000000000
152354  23.790  32.227  -0.436 0.6250000000
153300  22.487  35.009  -1.828 0.1250000000
153986  20.402  5.195  3.468 0.7500000000
154192  29.351  17.776  0.872 0.6250000000
156750  26.767  29.965  -6.207 0.1250000000
157233  22.338  26.057  -1.880 1.0000000000
159620  25.849  32.856  -0.318 0.7500000000
160032  22.126  21.707  -3.077 1.0000000000
160435  28.561  27.767  -2.967 0.3750000000
160503  21.202  24.112  -3.442 1.0000000000
161352  28.554  29.946  -3.352 0.3750000000
162002  28.669  30.307  -1.664 0.6250000000
162845  27.259  30.948  -5.387 0.2500000000
163173  20.293  13.535  -0.760 1.0000000000
163406  15.621  -6.318  9.875 0.2500000000
163965  14.917  -2.825  9.371 0.3750000000
164169  27.459  37.909  -4.963 0.3750000000
164350  26.611  6.720  1.414 0.1250000000
164625  28.129  27.759  -4.672 0.3750000000
164878  19.054  8.682  2.849 1.0000000000
165424  20.990  24.948  -3.467 1.0000000000
166183  21.554  11.317  0.498 1.0000000000
166224  28.037  24.720  1.113 0.8750000000
167378  18.006  10.907  1.760 0.2500000000
168855  21.388  22.869  -3.317 1.0000000000
168862  25.473  31.166  -7.437 0.1250000000
169581  19.421  6.336  3.799 0.8750000000
169633  15.261  -6.514  10.352 0.1250000000
170802  19.725  26.364  -3.511 0.5000000000
172881  18.487  11.014  1.181 0.8750000000
172990  23.780  18.884  -1.447 1.0000000000
173160  23.126  22.114  -1.737 1.0000000000
173319  28.854  23.262  0.641 0.6250000000
173384  30.470  12.265  -2.490 0.1250000000
173625  24.361  20.503  -0.686 1.0000000000
174249  25.144  40.839  -7.012 0.2500000000
175242  21.412  28.331  -2.344 0.7500000000
175339  20.726  10.890  0.374 1.0000000000
