#!ascii label  , from subject sub-v2s12x28885_ses-1 vox2ras=TkReg
1429
4524  27.331  -65.167  5.339 0.5000000000
10169  17.527  -56.566  15.881 0.6000000238
10870  17.455  -55.478  15.645 0.6000000238
11648  17.067  -54.622  15.040 0.6000000238
11636  17.289  -54.458  16.014 0.6999999881
12435  15.695  -53.377  15.760 0.6000000238
10848  17.497  -54.324  16.811 0.6999999881
11625  16.757  -53.662  16.586 0.6000000238
158447  19.475  -62.217  8.813 0.5000000000
6359  23.224  -62.780  7.476 0.6000000238
6342  22.812  -62.750  8.097 0.6000000238
172948  19.642  -62.310  8.342 0.5000000000
158132  25.476  -62.506  5.825 0.5000000000
6374  24.531  -62.724  6.614 0.4000000060
6360  22.463  -62.731  7.465 0.5000000000
158439  21.058  -62.614  7.841 0.6000000238
10210  16.697  -56.193  11.150 0.5000000000
5773  30.126  -62.523  2.634 0.4000000060
10203  16.724  -56.175  11.965 0.5000000000
10908  16.522  -55.256  11.427 0.5000000000
10896  16.799  -56.120  12.805 0.6000000238
162856  17.080  -57.014  14.124 0.6000000238
9459  17.519  -57.475  15.546 0.6000000238
9448  17.839  -57.312  16.296 0.6999999881
10178  17.312  -56.118  15.041 0.6000000238
161860  17.803  -55.903  16.365 0.6999999881
10166  19.783  -56.516  17.138 0.6000000238
10859  18.419  -55.665  16.947 0.6999999881
10856  21.317  -55.828  16.537 0.6000000238
10858  19.444  -55.798  17.237 0.6000000238
10844  21.164  -55.320  17.248 0.6999999881
12425  15.396  -53.307  16.527 0.6000000238
6985  17.884  -61.914  9.734 0.5000000000
6325  20.749  -62.410  9.080 0.6000000238
6326  19.432  -62.179  9.567 0.5000000000
6357  25.359  -62.643  6.758 0.6000000238
6358  24.034  -62.828  7.467 0.6999999881
174772  21.273  -62.558  8.511 0.6000000238
6411  27.634  -61.600  4.618 0.4000000060
8823  17.232  -58.569  12.788 0.5000000000
9505  16.730  -57.606  11.768 0.5000000000
5184  28.136  -64.731  5.022 0.5000000000
9490  16.760  -57.026  12.441 0.5000000000
173721  18.101  -59.166  15.037 0.6999999881
150455  16.925  -57.665  13.053 0.6000000238
8786  18.271  -58.894  16.120 0.6999999881
8798  17.637  -58.209  15.254 0.6000000238
9479  17.042  -57.476  13.722 0.6000000238
8770  17.893  -58.167  16.145 0.6999999881
159856  17.254  -56.845  14.894 0.6000000238
8769  18.612  -58.511  16.695 0.6999999881
9445  20.170  -57.262  17.112 0.6000000238
9447  18.482  -57.525  16.858 0.6000000238
10165  20.671  -56.527  16.783 0.6000000238
10167  18.821  -56.594  17.097 0.6000000238
10868  22.249  -55.501  15.194 0.6000000238
10855  22.082  -55.304  16.070 0.6999999881
11601  16.944  -53.811  18.286 0.6999999881
11626  15.443  -53.464  17.158 0.5000000000
10845  20.266  -55.375  17.505 0.6999999881
10847  18.198  -54.770  17.238 0.6999999881
11614  15.938  -53.189  17.142 0.6000000238
155659  21.103  -62.428  9.966 0.5000000000
162566  20.200  -62.316  9.823 0.5000000000
6308  18.707  -62.044  10.110 0.5000000000
6323  22.632  -62.658  9.371 0.6999999881
174557  25.786  -62.603  7.215 0.5000000000
148221  25.004  -62.733  7.509 0.6999999881
6340  24.367  -62.804  8.171 0.6999999881
158476  22.465  -62.705  8.687 0.6000000238
6324  21.766  -62.610  9.138 0.6000000238
150347  28.489  -61.448  5.277 0.4000000060
6392  27.494  -61.950  5.675 0.4000000060
6373  26.129  -62.479  6.508 0.5000000000
7607  17.691  -59.612  12.896 0.5000000000
8181  18.238  -59.634  14.550 0.5000000000
8191  18.202  -60.078  13.651 0.5000000000
8192  17.695  -59.150  13.645 0.5000000000
8166  19.164  -59.870  16.093 0.6000000238
151209  17.263  -58.229  13.676 0.5000000000
8152  19.550  -59.449  16.800 0.6999999881
8766  21.308  -58.590  16.917 0.6000000238
8140  19.922  -58.898  17.190 0.6999999881
8768  19.251  -58.868  16.957 0.6999999881
8785  21.821  -58.156  16.139 0.6000000238
175027  21.284  -57.864  16.665 0.6000000238
9446  19.548  -58.095  17.179 0.6999999881
148833  22.165  -56.169  13.703 0.6999999881
9458  21.439  -57.350  16.070 0.6000000238
9444  20.961  -57.271  16.715 0.6000000238
11647  22.924  -54.858  14.004 0.6000000238
10875  22.347  -55.654  14.321 0.6999999881
10869  21.626  -56.059  15.614 0.6999999881
12460  23.514  -53.421  13.200 0.6000000238
11660  23.299  -54.169  13.607 0.6000000238
11603  15.507  -53.753  18.476 0.6000000238
11635  22.894  -54.794  14.824 0.6999999881
11612  18.999  -54.695  17.952 0.6999999881
11615  15.687  -53.348  17.774 0.6000000238
13238  23.529  -52.771  13.594 0.6999999881
12451  23.509  -53.410  13.985 0.6000000238
11634  23.308  -54.003  15.276 0.8000000119
163884  22.563  -54.445  16.521 0.6999999881
11610  20.967  -54.833  17.862 0.6999999881
11611  20.077  -54.877  17.980 0.6999999881
6306  20.417  -62.256  10.655 0.6000000238
157523  23.903  -62.788  8.814 0.6999999881
154849  22.941  -62.604  10.055 0.6999999881
6338  26.004  -62.590  7.992 0.5000000000
6339  25.126  -62.694  8.287 0.6999999881
6372  27.022  -62.271  6.416 0.5000000000
7606  18.236  -60.642  12.893 0.5000000000
7619  17.649  -60.102  12.289 0.5000000000
170489  18.661  -60.772  13.615 0.5000000000
7593  19.439  -60.824  14.856 0.6000000238
7577  21.218  -60.824  16.204 0.6000000238
7578  19.649  -60.482  15.733 0.6999999881
7579  18.901  -60.182  15.217 0.6999999881
7561  21.549  -60.203  16.732 0.6999999881
7563  19.927  -60.101  16.559 0.6999999881
8797  22.173  -58.073  15.058 0.6000000238
8765  21.989  -59.094  16.573 0.6000000238
8150  21.284  -59.496  16.964 0.6999999881
10895  22.372  -56.164  11.588 0.6999999881
10194  22.141  -56.704  13.201 0.6999999881
9467  21.919  -57.493  14.340 0.6999999881
11562  16.448  -53.950  19.988 0.6000000238
11675  22.743  -55.026  12.412 0.6000000238
10885  22.362  -55.813  12.912 0.6999999881
173979  21.627  -56.996  14.632 0.6999999881
14158  22.254  -51.727  10.733 0.6000000238
13254  23.346  -52.358  11.370 0.6000000238
12468  23.488  -53.324  11.387 0.6000000238
11687  23.228  -54.260  11.906 0.6000000238
157123  22.494  -55.511  13.649 0.6999999881
11580  16.840  -53.978  19.184 0.6000000238
14141  23.318  -51.953  12.139 0.6000000238
162778  23.512  -53.385  12.358 0.6000000238
11598  20.763  -54.381  18.589 0.6999999881
11578  19.488  -54.101  19.589 0.6000000238
11600  18.768  -54.436  18.758 0.6999999881
151113  17.770  -54.218  18.891 0.6000000238
14143  21.754  -51.337  11.636 0.5000000000
14130  22.670  -51.490  12.311 0.6000000238
14111  22.808  -51.597  13.671 0.8000000119
13223  23.293  -52.467  15.019 0.8000000119
12422  23.137  -52.976  16.456 0.8000000119
11608  22.326  -54.208  17.313 0.8000000119
11597  21.487  -54.187  18.298 0.6999999881
11599  19.839  -54.511  18.739 0.6999999881
12443  23.478  -53.308  14.784 0.8000000119
11622  23.128  -53.836  16.122 0.8000000119
154848  22.096  -62.575  10.215 0.6999999881
151500  21.290  -62.386  10.882 0.6999999881
6288  20.614  -62.186  11.559 0.6999999881
6290  18.880  -61.991  11.011 0.6000000238
145846  25.712  -62.583  8.910 0.6999999881
6955  19.165  -61.889  11.814 0.6000000238
6318  26.690  -62.405  8.793 0.6000000238
6946  18.735  -61.459  12.387 0.5000000000
15833  14.588  -49.895  21.223 0.6000000238
6930  18.978  -61.332  13.194 0.5000000000
168416  14.974  -50.423  21.801 0.5000000000
6913  19.979  -61.352  14.408 0.5000000000
148546  16.174  -51.160  22.083 0.6000000238
151539  21.289  -61.381  15.365 0.6999999881
7560  22.766  -60.211  16.172 0.6999999881
6895  20.346  -61.052  15.380 0.6999999881
13151  16.619  -52.662  21.865 0.6000000238
8784  22.538  -58.758  15.911 0.6999999881
8149  22.676  -59.556  16.202 0.6000000238
10202  22.245  -56.725  12.193 0.6999999881
148305  22.255  -57.299  12.806 0.6999999881
8796  22.542  -58.037  14.070 0.6999999881
12367  17.646  -53.666  20.893 0.6000000238
12350  16.992  -53.401  21.374 0.6000000238
11688  22.714  -55.256  11.488 0.6000000238
9478  22.160  -57.426  13.532 0.6999999881
12366  18.422  -53.410  20.879 0.6000000238
12368  16.234  -53.742  20.863 0.6000000238
12484  22.885  -53.907  9.365 0.6000000238
162043  23.310  -53.618  10.628 0.6000000238
12364  19.943  -53.282  20.200 0.6999999881
11560  18.144  -53.943  20.278 0.6000000238
13265  22.608  -52.328  10.191 0.6000000238
14064  22.298  -51.652  16.258 0.6000000238
13195  22.481  -52.381  17.577 0.6000000238
12404  21.896  -53.350  18.522 0.6999999881
11577  20.445  -53.894  19.382 0.6000000238
11579  18.506  -54.199  19.603 0.6000000238
170471  21.817  -51.319  14.431 0.6000000238
13202  22.712  -52.234  16.772 0.8000000119
162595  22.448  -51.510  14.271 0.6000000238
13212  22.987  -52.212  15.796 0.6999999881
12413  22.054  -54.006  17.965 0.8000000119
154850  23.737  -62.594  10.415 0.6999999881
6304  22.893  -62.543  10.866 0.6999999881
6287  21.432  -62.335  11.590 0.6999999881
171407  25.295  -62.524  9.792 0.6999999881
6321  24.262  -62.656  9.613 0.6999999881
6275  21.195  -62.192  12.220 0.6000000238
6945  19.548  -61.795  12.624 0.6000000238
152146  16.938  -48.006  20.901 0.6000000238
16839  15.314  -48.067  20.743 0.6000000238
16825  16.639  -48.650  21.177 0.6000000238
15845  14.805  -48.951  20.899 0.6000000238
6944  20.229  -61.878  13.068 0.6000000238
15831  16.432  -49.568  21.498 0.5000000000
6910  22.807  -61.624  14.954 0.6999999881
6927  21.399  -61.741  14.561 0.6999999881
14903  16.872  -50.658  21.813 0.4000000060
155532  15.853  -50.406  21.861 0.5000000000
7576  23.411  -60.549  15.692 0.6999999881
175851  22.581  -61.312  15.503 0.8000000119
160058  17.470  -51.367  21.793 0.5000000000
7559  23.394  -59.866  15.825 0.6000000238
6894  22.027  -61.175  15.864 0.6999999881
170031  18.282  -51.665  21.552 0.6000000238
151450  23.313  -58.546  14.436 0.6999999881
13169  20.039  -51.715  20.492 0.6999999881
13149  18.128  -52.570  21.490 0.6000000238
10218  22.347  -56.820  10.356 0.6999999881
9504  22.461  -57.477  11.498 0.6999999881
14038  20.604  -51.696  19.906 0.5000000000
12348  18.533  -52.932  21.204 0.6000000238
11720  22.599  -54.822  8.806 0.6000000238
11710  22.794  -54.960  9.664 0.6000000238
10907  22.416  -56.029  10.876 0.6999999881
13184  20.451  -52.428  20.126 0.6999999881
12495  22.354  -53.870  8.512 0.6000000238
11699  23.130  -54.225  10.165 0.6000000238
14045  22.069  -51.930  18.162 0.5000000000
14037  21.165  -52.240  19.450 0.6000000238
12476  22.829  -53.026  9.779 0.6000000238
150452  21.185  -51.269  14.944 0.6000000238
168530  21.613  -51.335  16.572 0.5000000000
13190  21.788  -52.458  18.762 0.6999999881
14095  20.869  -51.280  14.120 0.6000000238
6285  23.755  -62.497  11.455 0.6999999881
6286  22.802  -62.475  11.773 0.6999999881
153199  21.983  -62.398  12.045 0.6000000238
6262  20.966  -62.037  13.006 0.6000000238
17849  16.746  -47.302  20.715 0.4000000060
17850  15.774  -47.216  20.472 0.5000000000
6261  21.562  -62.022  13.702 0.6000000238
16837  17.383  -48.553  20.935 0.5000000000
16840  14.654  -48.214  20.218 0.6000000238
6260  22.433  -62.181  13.500 0.6999999881
6246  23.076  -61.932  14.191 0.6999999881
6928  20.625  -61.785  13.876 0.6000000238
15830  17.391  -49.894  21.380 0.5000000000
7575  24.098  -60.220  15.376 0.6999999881
14914  18.806  -50.228  20.665 0.4000000060
156061  23.714  -58.044  12.048 0.6999999881
149110  23.765  -58.214  12.839 0.6999999881
8807  24.203  -58.475  13.515 0.6999999881
14901  18.648  -50.869  21.194 0.6000000238
9533  22.481  -57.534  9.714 0.6999999881
8866  22.754  -58.030  10.209 0.6999999881
8808  23.249  -58.247  13.456 0.6999999881
145745  24.041  -58.786  14.256 0.6999999881
14921  20.033  -50.951  19.914 0.5000000000
167034  19.029  -51.552  21.236 0.5000000000
166723  22.294  -56.488  8.876 0.6000000238
10228  22.361  -56.682  9.538 0.6999999881
8850  22.754  -57.962  11.001 0.6999999881
9489  22.489  -57.621  12.234 0.6999999881
12496  21.696  -53.783  7.838 0.5000000000
10936  22.262  -55.799  8.404 0.6000000238
10928  22.453  -55.772  9.239 0.6000000238
166209  24.349  -62.313  12.186 0.6999999881
6272  23.526  -62.387  12.403 0.6999999881
18910  17.360  -46.612  20.526 0.4000000060
175232  24.734  -62.113  12.579 0.6999999881
6273  22.637  -62.367  12.631 0.6999999881
18912  15.781  -46.453  19.963 0.4000000060
6259  23.344  -62.212  13.310 0.6999999881
17869  14.688  -47.593  19.617 0.6000000238
6908  24.512  -61.247  14.642 0.8000000119
6926  24.004  -61.850  14.032 0.6999999881
8179  25.277  -59.557  14.375 0.6000000238
7592  24.704  -60.571  14.881 0.6000000238
17909  14.673  -47.220  16.931 0.6000000238
8821  24.491  -58.089  12.655 0.6999999881
8820  25.042  -58.420  13.354 0.6999999881
8180  24.755  -59.868  14.924 0.6000000238
8865  23.034  -58.245  9.813 0.6000000238
9545  22.554  -57.708  8.883 0.6000000238
17957  13.979  -47.337  15.047 0.5000000000
10937  21.728  -55.863  7.415 0.6000000238
148479  22.329  -57.171  8.889 0.6999999881
10941  21.230  -55.121  6.762 0.5000000000
6925  24.875  -61.579  13.841 0.6999999881
18930  16.252  -45.886  19.763 0.4000000060
6907  25.241  -60.938  14.333 0.8000000119
155320  14.799  -47.078  19.140 0.5000000000
8190  25.939  -59.777  13.991 0.8000000119
18945  15.397  -46.276  18.187 0.4000000060
18931  15.608  -46.062  19.173 0.4000000060
7591  25.358  -60.224  14.485 0.6999999881
18961  15.035  -46.380  16.673 0.4000000060
17889  14.852  -46.918  18.419 0.5000000000
164025  23.033  -58.201  9.092 0.6000000238
8834  23.731  -57.994  11.193 0.6000000238
9503  24.734  -57.776  11.873 0.6999999881
19974  15.342  -45.533  16.895 0.4000000060
9544  22.777  -57.944  8.422 0.6000000238
8881  22.791  -58.043  9.371 0.6000000238
18992  13.192  -46.377  15.140 0.4000000060
17929  14.587  -47.107  16.158 0.6000000238
10259  21.754  -56.995  7.400 0.6000000238
175598  21.509  -56.492  6.962 0.5000000000
10953  20.513  -55.065  6.159 0.5000000000
163681  16.772  -45.345  19.644 0.4000000060
6923  26.215  -60.921  13.278 0.8000000119
19937  15.872  -45.572  18.077 0.4000000060
7604  25.852  -60.547  13.895 0.6999999881
163468  15.533  -45.964  17.361 0.4000000060
164135  25.694  -57.557  12.163 0.6000000238
9488  25.401  -57.957  12.713 0.6999999881
8864  23.745  -58.019  9.300 0.6000000238
9517  24.649  -57.656  10.884 0.6000000238
21026  14.819  -44.998  16.746 0.4000000060
161126  14.197  -45.466  16.185 0.4000000060
10258  22.280  -57.494  8.034 0.6000000238
19989  12.775  -45.762  15.633 0.4000000060
10270  21.374  -56.963  6.494 0.4000000060
20967  16.898  -44.617  19.096 0.4000000060
8819  26.602  -58.523  13.049 0.6999999881
19936  16.259  -44.742  18.086 0.4000000060
9501  26.369  -57.368  11.869 0.6999999881
9487  26.351  -57.878  12.632 0.6000000238
21025  15.436  -44.929  17.141 0.4000000060
152371  24.756  -57.635  9.194 0.6000000238
21027  13.886  -44.821  16.652 0.4000000060
9560  22.518  -57.731  7.388 0.6000000238
21039  12.207  -45.142  16.202 0.3000000119
9561  21.946  -57.495  6.992 0.4000000060
10271  20.651  -56.629  5.846 0.4000000060
9580  21.645  -57.467  5.956 0.4000000060
22005  15.447  -43.888  17.781 0.4000000060
21007  14.340  -44.380  17.183 0.4000000060
9558  24.153  -57.814  7.318 0.6000000238
9578  22.970  -57.854  6.584 0.6000000238
170916  24.324  -57.906  6.196 0.6000000238
9601  22.187  -57.699  5.634 0.4000000060
160203  22.657  -57.674  4.758 0.5000000000
9617  20.726  -57.160  4.630 0.4000000060
23089  9.782  -42.306  14.979 0.3000000119
9615  22.216  -57.425  4.200 0.4000000060
23990  17.065  -41.813  19.421 0.4000000060
23073  11.098  -42.286  16.316 0.3000000119
23119  9.725  -41.695  11.670 0.4000000060
23989  17.855  -41.711  19.490 0.4000000060
24855  15.757  -40.969  19.340 0.4000000060
24018  12.141  -41.507  17.182 0.3000000119
24017  12.740  -41.505  17.927 0.3000000119
24043  9.538  -41.566  14.481 0.3000000119
23074  10.451  -42.282  15.682 0.3000000119
24044  9.279  -41.267  13.576 0.3000000119
25735  17.059  -40.478  19.419 0.4000000060
24870  16.333  -40.341  19.303 0.4000000060
24872  14.869  -40.764  19.033 0.4000000060
24025  11.556  -41.423  16.474 0.3000000119
24035  10.134  -41.358  15.167 0.3000000119
25835  9.146  -39.400  10.265 0.4000000060
26720  7.972  -38.623  12.359 0.3000000119
27692  8.152  -37.807  12.510 0.3000000119
153181  9.620  -40.837  14.264 0.3000000119
25753  16.291  -39.651  19.000 0.4000000060
24873  14.065  -40.694  18.545 0.4000000060
24882  13.337  -40.610  17.796 0.3000000119
24890  12.218  -40.568  16.564 0.3000000119
24896  11.403  -40.653  16.068 0.3000000119
24954  10.192  -40.038  9.936 0.3000000119
24897  10.642  -40.678  15.517 0.3000000119
26725  9.279  -38.675  10.410 0.3000000119
24902  9.719  -40.070  14.161 0.3000000119
27699  10.613  -37.798  10.139 0.4000000060
26719  8.525  -38.188  11.365 0.3000000119
28731  9.621  -37.017  10.585 0.3000000119
27691  8.642  -37.325  11.446 0.3000000119
25755  14.760  -39.902  18.460 0.4000000060
25764  13.732  -39.750  17.159 0.4000000060
166814  12.671  -39.761  16.488 0.3000000119
25834  10.520  -39.206  10.156 0.4000000060
24895  11.902  -39.985  16.190 0.3000000119
25825  10.395  -39.649  11.657 0.3000000119
26724  10.368  -38.590  10.073 0.4000000060
25824  10.748  -39.059  10.872 0.4000000060
28720  9.878  -36.016  10.667 0.3000000119
25762  15.199  -39.100  17.780 0.4000000060
25770  14.055  -39.059  16.895 0.4000000060
25772  12.972  -39.193  16.473 0.4000000060
25780  11.407  -39.390  16.024 0.4000000060
159955  10.230  -40.009  15.071 0.3000000119
25788  9.915  -39.166  14.341 0.3000000119
146773  10.730  -38.969  11.964 0.3000000119
26701  11.027  -38.182  12.460 0.3000000119
27675  11.669  -37.453  12.314 0.5000000000
26718  11.170  -38.341  11.088 0.4000000060
27698  11.232  -37.690  10.511 0.4000000060
29714  9.163  -35.541  11.906 0.3000000119
26667  14.232  -38.331  16.921 0.4000000060
26669  12.650  -38.650  16.529 0.4000000060
26670  11.700  -38.621  16.311 0.3000000119
27650  10.615  -37.541  15.537 0.3000000119
170240  10.864  -36.701  15.298 0.3000000119
28674  11.387  -36.036  14.780 0.3000000119
25781  10.479  -39.295  15.421 0.3000000119
26678  10.195  -38.370  15.031 0.3000000119
27660  10.919  -37.515  13.505 0.3000000119
28704  11.807  -36.861  12.921 0.3000000119
28682  11.992  -36.090  13.527 0.3000000119
26685  10.171  -38.226  13.952 0.3000000119
28719  12.138  -36.866  11.602 0.3000000119
28729  11.620  -36.799  10.644 0.3000000119
30660  9.411  -34.814  12.322 0.3000000119
27622  17.830  -37.749  18.212 0.3000000119
26657  16.280  -38.046  17.632 0.3000000119
26666  14.942  -37.964  17.127 0.3000000119
28665  13.538  -37.289  17.187 0.3000000119
28655  13.201  -36.239  17.542 0.3000000119
29657  12.050  -35.292  16.548 0.3000000119
167328  13.811  -38.006  16.841 0.3000000119
28666  12.590  -37.021  17.170 0.3000000119
28667  11.230  -36.967  16.254 0.3000000119
29658  11.651  -36.118  16.433 0.3000000119
29664  11.709  -35.380  15.445 0.3000000119
29697  12.376  -35.292  12.690 0.3000000119
28703  12.465  -36.112  12.119 0.3000000119
29711  12.202  -35.165  11.627 0.3000000119
29725  11.068  -35.821  10.347 0.3000000119
29713  10.234  -35.004  11.108 0.3000000119
165534  18.585  -37.296  18.259 0.3000000119
27632  16.599  -37.201  17.500 0.3000000119
27634  15.048  -37.175  17.237 0.3000000119
28654  14.237  -36.733  17.392 0.3000000119
28656  12.277  -36.157  17.156 0.3000000119
30630  12.163  -34.491  14.474 0.3000000119
149860  12.161  -34.614  13.197 0.3000000119
30657  11.601  -34.360  11.821 0.3000000119
30648  9.591  -34.327  12.688 0.3000000119
29648  12.661  -35.340  17.368 0.3000000119
29663  12.102  -34.617  15.714 0.3000000119
169120  11.890  -34.000  12.859 0.3000000119
31567  10.894  -33.957  12.389 0.3000000119
30659  10.034  -34.528  11.936 0.3000000119
31568  10.130  -34.135  12.486 0.3000000119
30614  12.496  -34.409  16.646 0.3000000119
30621  12.400  -33.917  15.407 0.3000000119
30629  12.135  -34.115  13.606 0.3000000119
146726  13.835  -34.635  18.052 0.3000000119
30613  12.935  -33.852  17.066 0.3000000119
31515  12.710  -33.483  16.243 0.3000000119
151750  12.291  -33.745  14.375 0.3000000119
31555  11.877  -33.229  13.560 0.3000000119
31557  10.899  -33.338  13.049 0.3000000119
31558  10.309  -33.348  13.244 0.3000000119
5194  28.242  -63.904  3.272 0.5000000000
5769  29.300  -63.510  3.161 0.4000000060
10860  17.793  -55.088  16.487 0.6999999881
172919  17.681  -54.279  17.329 0.6999999881
153633  28.666  -61.155  4.176 0.4000000060
5183  28.849  -64.417  4.934 0.5000000000
10177  21.247  -56.584  16.189 0.6000000238
7594  18.749  -60.469  14.304 0.5000000000
10186  21.512  -56.794  15.341 0.6000000238
6909  23.654  -61.510  14.835 0.8000000119
6247  22.215  -61.906  14.372 0.6999999881
8795  23.856  -59.340  15.127 0.6000000238
11734  21.540  -54.554  7.294 0.5000000000
8822  22.995  -58.051  12.323 0.6999999881
168797  14.437  -46.307  15.897 0.4000000060
11735  20.854  -54.346  6.802 0.5000000000
8880  23.419  -58.036  8.380 0.6000000238
169059  20.341  -55.998  5.845 0.4000000060
9516  25.518  -57.259  10.551 0.6000000238
9543  24.427  -57.756  8.404 0.6000000238
21008  13.383  -44.304  17.309 0.3000000119
9579  22.262  -57.706  6.432 0.4000000060
167880  22.897  -57.798  5.577 0.4000000060
157003  17.389  -41.084  19.484 0.4000000060
26659  14.719  -38.684  17.219 0.3000000119
27630  18.036  -37.049  17.860 0.3000000119
9514  27.805  -57.173  11.024 0.5000000000
9500  27.748  -57.682  11.662 0.5000000000
8201  27.484  -59.302  12.562 0.6999999881
7617  27.170  -60.123  12.661 0.6999999881
6942  25.896  -61.558  12.618 0.6000000238
145279  27.088  -57.242  11.454 0.5000000000
9486  27.106  -57.716  12.143 0.6000000238
8202  26.971  -59.545  13.048 0.6000000238
6302  25.361  -62.387  10.675 0.6000000238
154551  24.640  -62.525  10.427 0.6000000238
8200  28.142  -59.403  11.941 0.6999999881
147129  27.135  -61.198  11.818 0.6000000238
6301  26.079  -62.088  11.084 0.6000000238
6940  27.314  -60.625  12.171 0.6999999881
6953  26.438  -61.614  11.842 0.6000000238
164942  25.295  -62.247  11.370 0.6000000238
10227  27.120  -56.722  9.819 0.5000000000
146267  28.266  -61.240  11.299 0.6999999881
157019  27.561  -61.390  11.366 0.6999999881
6968  27.723  -61.864  10.692 0.6000000238
6969  26.740  -62.091  10.407 0.6000000238
8213  28.778  -59.540  11.609 0.6000000238
6952  27.749  -60.812  11.725 0.6999999881
154316  29.324  -59.240  11.368 0.6000000238
10243  26.919  -56.930  8.260 0.5000000000
148381  26.328  -56.904  10.190 0.5000000000
159986  29.317  -60.092  11.429 0.6999999881
6967  28.731  -61.674  10.712 0.6000000238
6319  26.314  -62.400  9.643 0.6000000238
10257  27.498  -56.984  7.586 0.5000000000
9530  26.334  -56.940  9.094 0.5000000000
9575  26.551  -58.110  5.019 0.5000000000
9556  26.704  -57.376  7.224 0.5000000000
9597  26.300  -58.105  3.900 0.4000000060
163528  15.231  -53.467  15.007 0.4000000060
11649  16.642  -54.308  14.338 0.4000000060
11662  16.861  -55.095  14.160 0.5000000000
10187  17.074  -56.338  14.264 0.5000000000
11663  16.525  -54.525  13.590 0.5000000000
172098  26.030  -57.495  7.337 0.5000000000
10887  16.692  -55.321  13.117 0.5000000000
10899  13.436  -55.222  11.924 0.6000000238
148744  26.018  -57.786  6.380 0.4000000060
10195  16.887  -56.788  13.417 0.5000000000
10897  16.608  -55.310  12.294 0.5000000000
11690  15.111  -54.031  11.595 0.5000000000
12444  14.869  -53.532  14.358 0.5000000000
11650  15.940  -53.612  14.085 0.5000000000
11651  13.765  -54.144  14.343 0.5000000000
11664  14.970  -53.651  13.543 0.5000000000
11652  13.542  -54.520  13.677 0.5000000000
11676  16.357  -54.442  12.716 0.5000000000
159592  14.431  -53.829  12.974 0.5000000000
11679  13.564  -54.629  12.443 0.5000000000
9577  25.057  -57.909  6.254 0.5000000000
11677  15.416  -53.826  12.536 0.5000000000
10296  26.216  -57.655  3.437 0.4000000060
9598  24.832  -58.082  5.053 0.4000000060
164875  25.426  -58.085  3.915 0.4000000060
11616  15.295  -53.914  17.938 0.5000000000
10878  13.602  -54.889  14.344 0.5000000000
9557  25.306  -57.616  7.511 0.5000000000
154024  23.834  -57.924  5.467 0.4000000060
11582  15.071  -54.054  19.430 0.5000000000
10813  14.285  -54.646  19.631 0.5000000000
11583  13.433  -54.679  19.807 0.5000000000
11604  14.950  -54.356  18.894 0.5000000000
9599  24.513  -57.999  4.055 0.4000000060
153905  14.877  -54.011  20.272 0.5000000000
11564  14.114  -54.182  20.268 0.5000000000
12370  14.564  -53.652  20.928 0.5000000000
12371  13.742  -53.578  20.816 0.5000000000
11584  12.537  -54.449  19.767 0.5000000000
10816  12.256  -55.059  19.275 0.4000000060
12353  14.217  -53.122  21.422 0.5000000000
12393  11.848  -53.730  19.703 0.6000000238
11585  11.772  -54.439  19.269 0.6000000238
12351  15.998  -53.321  21.509 0.5000000000
13154  13.930  -52.362  21.672 0.5000000000
12372  13.014  -53.392  20.645 0.5000000000
173683  11.924  -53.107  20.063 0.6000000238
12406  11.328  -53.660  19.041 0.6000000238
11617  10.887  -54.271  17.988 0.6000000238
10851  10.906  -55.331  17.162 0.5000000000
11639  10.719  -54.786  15.688 0.5000000000
155454  10.670  -54.802  14.900 0.5000000000
13152  15.606  -52.680  21.967 0.5000000000
156916  15.229  -52.032  22.209 0.5000000000
14013  13.725  -51.545  21.486 0.5000000000
154485  12.877  -52.219  20.862 0.5000000000
14030  12.447  -51.796  20.309 0.6000000238
13191  11.169  -52.729  18.593 0.6000000238
12415  10.746  -53.724  17.455 0.6000000238
12426  10.692  -53.967  16.674 0.6000000238
150189  10.723  -54.021  15.256 0.5000000000
14147  12.046  -51.758  11.558 0.5000000000
11680  10.177  -54.038  12.650 0.5000000000
14010  16.776  -51.665  22.016 0.5000000000
175787  14.739  -50.977  21.966 0.5000000000
14905  13.509  -50.879  20.903 0.6000000238
14917  12.908  -50.975  20.330 0.6000000238
14048  11.815  -51.246  18.924 0.6000000238
171648  11.375  -51.859  18.531 0.6000000238
161624  11.428  -51.217  18.034 0.6000000238
13196  10.822  -52.893  17.636 0.6000000238
13203  10.857  -52.197  16.806 0.6000000238
154309  10.757  -53.525  15.995 0.6000000238
154715  10.546  -53.453  14.507 0.5000000000
11653  10.630  -54.218  14.475 0.5000000000
12445  10.262  -52.821  13.772 0.5000000000
13239  10.251  -52.164  13.051 0.5000000000
12461  9.875  -53.261  11.974 0.5000000000
13248  10.063  -52.387  12.182 0.5000000000
14915  13.949  -50.191  20.734 0.6000000238
14923  12.944  -50.348  19.705 0.6000000238
15854  12.424  -50.432  18.949 0.6000000238
14939  12.097  -50.094  17.612 0.6000000238
14930  11.917  -50.532  18.217 0.6000000238
14059  11.170  -51.290  17.140 0.6000000238
163419  11.549  -50.608  16.430 0.6000000238
168491  10.865  -51.996  15.971 0.5000000000
14077  11.008  -51.524  15.431 0.5000000000
13224  10.590  -52.527  14.558 0.5000000000
159223  11.171  -51.410  13.963 0.5000000000
14115  12.283  -50.964  13.895 0.6000000238
14116  10.886  -51.555  13.176 0.5000000000
14133  11.926  -51.470  12.578 0.5000000000
14114  12.783  -51.120  12.917 0.5000000000
169693  13.136  -50.677  11.291 0.5000000000
15866  12.472  -49.877  18.174 0.6000000238
15880  12.552  -49.588  17.314 0.6000000238
152017  12.218  -50.001  15.974 0.6000000238
170260  11.795  -50.646  15.181 0.6000000238
14989  12.885  -50.414  14.139 0.6000000238
15022  13.283  -50.772  12.495 0.5000000000
15865  13.016  -49.195  17.891 0.6000000238
14970  12.440  -50.183  15.061 0.6000000238
14988  13.300  -50.098  13.689 0.6000000238
15021  13.286  -50.468  12.309 0.5000000000
16889  14.136  -47.877  17.212 0.6000000238
16890  13.608  -48.547  17.510 0.6000000238
16906  13.847  -48.349  16.421 0.6000000238
15913  13.276  -48.961  15.913 0.6000000238
15931  13.101  -49.825  14.532 0.6000000238
15947  13.341  -49.672  13.460 0.5000000000
16905  14.332  -47.692  16.461 0.6000000238
16925  13.738  -48.472  15.452 0.6000000238
16942  13.944  -48.039  15.066 0.6000000238
15930  13.341  -49.435  14.208 0.6000000238
17958  13.630  -47.721  14.583 0.6000000238
17971  12.694  -47.753  13.677 0.5000000000
165569  13.084  -47.384  14.239 0.4000000060
6271  25.124  -62.096  12.147 0.6000000238
6941  26.752  -60.927  12.577 0.6999999881
9531  25.500  -57.260  9.619 0.5000000000
9541  26.101  -57.265  8.038 0.5000000000
9555  27.622  -57.453  6.498 0.5000000000
146661  26.871  -57.745  6.078 0.5000000000
169890  13.410  -54.821  13.113 0.6000000238
13185  11.904  -52.415  19.934 0.6000000238
169404  11.984  -51.715  19.635 0.6000000238
13204  10.795  -52.714  16.022 0.6000000238
14097  10.851  -51.732  14.639 0.5000000000
15895  13.174  -49.011  16.894 0.6000000238
15896  12.685  -49.487  16.396 0.6000000238
163407  13.558  -48.730  14.736 0.6000000238
16971  13.286  -49.045  13.411 0.6000000238
3873  27.240  -66.153  7.049 0.4000000060
3821  25.874  -66.895  10.037 0.5000000000
148642  26.849  -66.550  9.658 0.5000000000
3230  26.657  -67.174  8.916 0.4000000060
3861  27.503  -66.642  7.901 0.4000000060
3872  28.038  -66.068  7.192 0.4000000060
145294  27.662  -65.648  6.334 0.4000000060
4460  26.013  -65.320  11.097 0.5000000000
4481  25.608  -65.963  10.614 0.5000000000
3860  28.380  -66.278  7.992 0.5000000000
4508  28.834  -65.758  7.351 0.5000000000
166216  28.041  -65.238  5.756 0.4000000060
4459  27.039  -65.347  10.935 0.5000000000
3819  28.533  -65.915  9.447 0.5000000000
3859  29.179  -65.882  8.271 0.5000000000
4515  29.345  -65.133  6.534 0.5000000000
4523  28.707  -64.914  5.695 0.4000000060
5182  29.615  -64.416  5.381 0.4000000060
4478  29.080  -65.613  10.115 0.5000000000
3835  29.355  -65.681  9.615 0.5000000000
147996  30.232  -65.576  9.267 0.5000000000
4507  29.674  -65.529  7.620 0.5000000000
5179  30.082  -64.610  6.183 0.5000000000
5187  29.458  -63.865  4.288 0.4000000060
6337  27.065  -62.374  7.938 0.5000000000
6355  27.472  -62.211  7.129 0.4000000060
167796  28.714  -61.574  6.159 0.4000000060
154238  29.736  -60.997  5.421 0.4000000060
162753  29.630  -60.844  4.205 0.4000000060
4506  30.480  -65.333  7.955 0.5000000000
7032  31.457  -60.946  3.341 0.4000000060
7045  30.784  -60.959  2.787 0.4000000060
6427  30.616  -61.484  2.544 0.4000000060
5174  31.054  -64.753  7.303 0.4000000060
5178  30.835  -64.358  6.400 0.5000000000
5768  30.315  -63.065  3.411 0.4000000060
5762  30.403  -63.547  4.519 0.4000000060
152344  28.337  -61.810  6.984 0.4000000060
174929  31.025  -60.644  5.105 0.4000000060
7023  30.835  -60.722  4.193 0.4000000060
4496  31.394  -65.256  9.192 0.4000000060
175303  31.813  -61.286  3.541 0.4000000060
5767  31.227  -62.311  3.747 0.4000000060
5173  31.977  -64.486  7.506 0.4000000060
5761  31.325  -63.060  4.818 0.4000000060
5181  30.605  -64.002  5.505 0.4000000060
6997  27.628  -62.262  8.627 0.5000000000
6996  28.458  -62.118  8.407 0.4000000060
7006  29.825  -61.470  7.231 0.4000000060
7005  31.026  -61.187  6.753 0.4000000060
7014  31.676  -60.773  5.577 0.4000000060
7022  31.962  -60.862  4.405 0.4000000060
6391  32.731  -61.638  5.182 0.4000000060
7031  31.960  -61.025  3.761 0.4000000060
5172  32.718  -64.012  7.691 0.4000000060
5755  32.557  -62.810  5.961 0.4000000060
166731  32.135  -62.602  5.154 0.4000000060
6984  27.371  -62.213  9.621 0.5000000000
174563  28.136  -62.224  9.152 0.5000000000
6983  28.360  -62.168  9.966 0.6000000238
6995  29.353  -61.995  8.246 0.5000000000
7004  32.306  -61.011  6.248 0.4000000060
145347  33.187  -61.454  6.210 0.4000000060
6354  33.769  -61.912  6.763 0.4000000060
5751  33.676  -62.964  7.433 0.4000000060
6981  30.033  -62.225  9.286 0.4000000060
6982  29.266  -62.063  10.120 0.5000000000
156058  31.347  -61.990  8.766 0.4000000060
175737  32.724  -61.303  6.895 0.4000000060
164808  30.896  -62.104  9.850 0.5000000000
6980  31.882  -61.951  9.793 0.4000000060
153656  32.616  -61.722  8.663 0.4000000060
6993  34.003  -61.691  8.291 0.4000000060
6966  30.165  -61.253  10.964 0.6000000238
6951  29.218  -60.985  11.185 0.6000000238
6964  32.281  -61.351  10.256 0.5000000000
173383  33.075  -61.197  9.982 0.4000000060
8818  27.791  -58.432  12.098 0.5000000000
166523  14.251  -49.563  20.573 0.5000000000
15852  13.723  -49.089  19.335 0.5000000000
17890  14.447  -47.560  18.750 0.5000000000
15846  14.180  -48.977  20.071 0.5000000000
16858  14.149  -48.332  19.238 0.5000000000
15847  13.615  -49.727  19.951 0.5000000000
3820  27.720  -66.218  9.451 0.5000000000
165582  27.229  -66.758  8.845 0.5000000000
148352  29.281  -61.455  6.624 0.4000000060
7015  30.405  -61.029  6.127 0.4000000060
5177  31.818  -64.077  6.572 0.4000000060
147458  30.454  -61.780  7.961 0.4000000060
147459  31.658  -61.479  7.447 0.4000000060
6390  32.925  -61.230  5.359 0.4000000060
168014  33.347  -62.445  6.547 0.4000000060
161667  28.890  -62.155  9.172 0.5000000000
7003  33.954  -61.938  7.219 0.4000000060
152447  30.184  -61.915  10.387 0.5000000000
6965  31.158  -61.486  10.507 0.6000000238
145947  34.007  -61.370  9.436 0.5000000000
7636  30.845  -60.514  11.017 0.5000000000
155869  30.897  -54.116  4.817 0.3000000119
10961  31.274  -55.096  3.961 0.3000000119
10962  30.530  -55.889  3.190 0.3000000119
11761  30.370  -54.946  3.900 0.3000000119
11762  29.114  -54.965  4.458 0.3000000119
169811  29.487  -53.687  6.267 0.3000000119
11746  28.622  -54.342  6.022 0.3000000119
10948  31.631  -55.773  4.301 0.3000000119
10267  31.904  -56.445  4.671 0.4000000060
10256  30.620  -57.041  6.125 0.4000000060
10960  31.759  -55.165  4.702 0.3000000119
147533  29.690  -57.190  5.821 0.4000000060
10268  30.886  -56.895  4.177 0.4000000060
10242  27.873  -56.658  8.465 0.4000000060
10226  27.717  -56.631  9.390 0.4000000060
12519  30.939  -53.658  5.836 0.3000000119
10269  29.700  -57.306  3.915 0.3000000119
9573  28.671  -57.533  5.418 0.4000000060
160867  28.112  -55.833  3.849 0.3000000119
10293  28.745  -57.022  2.768 0.3000000119
9554  32.174  -57.343  6.395 0.4000000060
9526  31.738  -58.235  8.163 0.4000000060
9511  30.126  -58.042  9.657 0.4000000060
8847  29.694  -58.256  10.442 0.4000000060
10947  32.308  -55.957  5.196 0.4000000060
10255  31.781  -57.061  5.773 0.4000000060
10239  30.844  -57.130  7.058 0.4000000060
9528  29.686  -57.358  9.230 0.4000000060
9529  28.867  -57.064  9.827 0.4000000060
11728  31.989  -54.948  5.513 0.3000000119
10224  29.207  -56.850  8.771 0.4000000060
9499  28.440  -57.796  11.248 0.4000000060
11729  31.486  -54.028  6.076 0.3000000119
10241  28.821  -56.648  8.184 0.4000000060
9513  28.406  -57.228  10.601 0.4000000060
12503  30.730  -53.403  6.896 0.3000000119
146239  28.517  -56.939  7.193 0.4000000060
9574  27.554  -57.981  4.896 0.4000000060
175551  33.415  -58.721  8.330 0.4000000060
8845  31.568  -59.115  10.007 0.4000000060
8878  33.957  -58.219  7.738 0.4000000060
8879  33.046  -58.386  7.748 0.4000000060
8862  32.274  -58.773  8.813 0.4000000060
8227  30.795  -59.480  10.831 0.4000000060
10934  32.480  -55.423  7.191 0.3000000119
9572  33.296  -56.988  6.229 0.4000000060
10935  31.076  -54.636  8.372 0.3000000119
151506  31.700  -54.830  7.599 0.3000000119
9498  29.017  -57.701  10.558 0.4000000060
11719  31.176  -54.084  7.359 0.3000000119
7635  31.967  -60.754  10.621 0.4000000060
8240  33.021  -59.363  9.408 0.4000000060
167457  26.969  -58.137  3.992 0.3000000119
10295  27.217  -57.444  2.960 0.3000000119
9610  28.280  -57.400  2.903 0.3000000119
8833  28.563  -58.680  11.626 0.4000000060
8831  29.974  -58.951  11.037 0.4000000060
8212  30.061  -59.813  11.264 0.4000000060
8225  32.943  -60.239  10.117 0.4000000060
10279  31.221  -56.107  3.664 0.3000000119
10963  29.496  -55.809  3.219 0.3000000119
11763  28.043  -55.037  5.293 0.3000000119
10254  32.648  -56.716  5.738 0.4000000060
165965  29.431  -56.845  7.209 0.4000000060
10225  28.385  -56.671  9.180 0.4000000060
9595  28.558  -57.675  3.702 0.4000000060
9538  32.715  -57.808  7.033 0.4000000060
8863  31.051  -58.475  9.278 0.4000000060
9527  30.574  -57.757  8.730 0.4000000060
10940  32.652  -55.681  6.072 0.3000000119
9540  30.110  -57.112  8.252 0.4000000060
11718  32.004  -54.773  6.554 0.3000000119
10252  33.941  -57.162  6.951 0.4000000060
10237  33.765  -56.787  7.231 0.3000000119
149501  31.774  -55.306  8.351 0.3000000119
2058  23.672  -69.957  13.164 0.3000000119
146294  23.384  -71.102  11.842 0.3000000119
2601  24.019  -69.146  13.685 0.3000000119
1572  23.655  -71.260  13.434 0.3000000119
2614  23.578  -69.204  12.606 0.3000000119
2068  23.539  -70.346  12.178 0.3000000119
2589  25.534  -68.670  14.251 0.3000000119
151340  25.767  -69.265  14.503 0.3000000119
2057  24.059  -70.185  13.860 0.3000000119
162445  24.717  -68.450  13.990 0.3000000119
2602  23.732  -68.882  13.210 0.3000000119
2624  23.582  -69.479  11.634 0.3000000119
3217  26.284  -67.339  9.279 0.3000000119
165106  28.281  -69.381  14.513 0.3000000119
2035  27.504  -69.405  14.732 0.3000000119
2588  26.495  -68.471  14.427 0.3000000119
2047  26.931  -69.101  14.638 0.3000000119
2048  25.725  -69.925  14.920 0.3000000119
3809  23.753  -67.478  11.621 0.3000000119
4462  24.286  -65.820  11.622 0.3000000119
3822  25.066  -67.505  10.170 0.3000000119
3181  25.657  -67.754  14.287 0.3000000119
3191  24.037  -68.082  13.550 0.3000000119
3182  24.711  -67.561  13.977 0.3000000119
145913  24.334  -66.807  13.694 0.3000000119
4442  24.154  -65.544  12.650 0.3000000119
170011  24.085  -66.688  11.305 0.3000000119
4441  24.681  -65.024  12.105 0.3000000119
5142  27.973  -64.627  11.946 0.4000000060
5144  26.485  -64.757  11.693 0.4000000060
1112  25.037  -71.907  17.553 0.3000000119
1520  23.869  -71.176  17.016 0.3000000119
1571  24.079  -71.176  14.215 0.3000000119
1563  23.420  -71.904  14.078 0.3000000119
1128  28.206  -71.121  17.066 0.3000000119
167076  27.306  -71.397  17.033 0.3000000119
1129  26.448  -72.009  17.579 0.3000000119
1132  24.012  -71.887  16.732 0.3000000119
1536  23.405  -71.596  16.555 0.3000000119
1532  30.158  -70.385  16.279 0.3000000119
1534  27.869  -70.672  16.247 0.3000000119
1130  25.760  -71.807  16.915 0.3000000119
1141  22.540  -71.970  15.548 0.3000000119
1133  23.282  -71.881  16.225 0.3000000119
1549  27.387  -70.186  15.420 0.3000000119
1551  25.537  -70.804  15.463 0.3000000119
1552  24.599  -71.545  15.585 0.3000000119
1151  23.118  -72.113  14.725 0.3000000119
1562  24.779  -70.973  14.821 0.3000000119
3200  23.575  -68.349  12.090 0.3000000119
3210  23.762  -68.530  11.190 0.3000000119
1548  28.517  -69.949  15.164 0.3000000119
3788  23.844  -66.524  12.993 0.3000000119
147979  25.812  -72.191  18.139 0.3000000119
1152  22.447  -72.186  14.214 0.3000000119
1533  28.961  -70.526  16.146 0.3000000119
1117  27.409  -71.836  17.741 0.3000000119
1550  26.211  -70.912  15.980 0.3000000119
171148  24.418  -71.862  16.353 0.3000000119
1564  21.920  -72.067  14.961 0.3000000119
5145  25.532  -64.800  11.849 0.3000000119
5707  31.197  -63.162  13.784 0.3000000119
168070  31.020  -63.830  13.241 0.3000000119
5126  30.805  -64.402  12.465 0.3000000119
5139  31.388  -64.637  11.587 0.4000000060
4455  31.209  -65.054  10.936 0.4000000060
4476  30.852  -65.335  10.294 0.3000000119
4497  30.695  -65.471  8.880 0.3000000119
5714  32.411  -63.152  12.542 0.3000000119
5721  32.537  -63.834  11.757 0.4000000060
5153  32.393  -64.515  10.632 0.4000000060
157900  32.608  -64.467  9.923 0.4000000060
5169  32.169  -64.714  8.524 0.3000000119
153355  34.132  -63.227  8.936 0.4000000060
166316  33.651  -63.551  8.474 0.4000000060
5752  32.689  -63.521  6.923 0.3000000119
5750  34.264  -62.119  7.582 0.3000000119
6232  28.678  -62.597  16.788 0.3000000119
6239  29.871  -62.748  15.668 0.3000000119
5098  29.838  -64.051  14.023 0.4000000060
5112  30.073  -64.384  13.034 0.4000000060
155091  30.287  -64.642  12.146 0.3000000119
4456  30.493  -65.252  10.857 0.3000000119
4457  29.556  -65.304  10.875 0.3000000119
6238  30.329  -62.383  15.204 0.3000000119
6244  31.298  -62.320  13.956 0.3000000119
6257  31.823  -62.707  13.308 0.3000000119
174861  33.008  -62.638  12.399 0.3000000119
146541  33.132  -63.273  11.814 0.3000000119
166879  33.148  -63.989  10.857 0.4000000060
6270  33.172  -61.881  12.565 0.3000000119
6938  33.963  -61.407  12.109 0.3000000119
6269  33.796  -62.465  11.804 0.3000000119
5727  33.783  -63.354  11.124 0.4000000060
5734  33.871  -63.442  10.492 0.4000000060
153705  35.317  -61.845  10.710 0.3000000119
6300  35.044  -62.300  10.359 0.4000000060
5738  34.636  -62.526  9.098 0.4000000060
7645  34.994  -60.521  9.589 0.3000000119
7644  35.482  -60.811  9.838 0.4000000060
6335  34.889  -61.960  9.273 0.4000000060
6336  34.584  -62.108  8.319 0.4000000060
8238  35.100  -59.587  9.594 0.3000000119
6963  33.935  -61.012  9.895 0.4000000060
8224  34.021  -60.389  9.877 0.3000000119
5022  30.846  -64.417  20.071 0.3000000119
5011  29.439  -64.237  20.379 0.3000000119
5023  29.141  -64.957  20.106 0.3000000119
5025  27.761  -64.664  19.291 0.3000000119
170670  27.578  -62.224  18.412 0.3000000119
159307  27.504  -62.864  18.939 0.3000000119
5680  27.418  -63.812  18.081 0.3000000119
5058  26.982  -64.502  17.737 0.3000000119
149739  28.348  -61.025  16.753 0.3000000119
6874  28.092  -61.844  17.360 0.3000000119
5689  28.380  -63.152  16.988 0.3000000119
157052  28.631  -63.406  16.368 0.3000000119
5703  28.318  -63.653  15.693 0.3000000119
5099  28.915  -63.893  14.599 0.3000000119
5128  28.512  -64.384  12.748 0.3000000119
4440  29.020  -64.847  11.712 0.3000000119
170963  27.590  -64.282  12.702 0.3000000119
5130  26.006  -64.347  12.585 0.3000000119
6882  29.375  -61.747  16.007 0.3000000119
7624  35.407  -60.359  11.039 0.3000000119
6962  35.508  -61.655  10.189 0.3000000119
8210  35.297  -59.511  10.699 0.3000000119
7633  35.738  -60.514  10.138 0.3000000119
8860  34.937  -58.675  9.304 0.3000000119
8861  34.253  -58.643  8.597 0.3000000119
8239  34.276  -59.506  9.416 0.3000000119
5642  32.072  -63.703  19.781 0.3000000119
5629  30.449  -63.205  20.480 0.3000000119
5631  28.768  -63.664  20.414 0.3000000119
5012  28.657  -64.374  20.193 0.3000000119
6187  27.852  -62.402  20.090 0.3000000119
152525  27.627  -63.998  19.312 0.3000000119
5116  25.272  -64.448  13.262 0.3000000119
5641  32.923  -63.757  19.283 0.3000000119
5643  31.777  -63.039  20.145 0.3000000119
6185  31.046  -62.635  20.381 0.3000000119
5630  29.665  -63.379  20.538 0.3000000119
5632  28.117  -63.113  20.246 0.3000000119
6868  27.405  -61.423  19.106 0.3000000119
6199  32.471  -62.988  19.734 0.3000000119
6200  31.947  -62.249  20.055 0.3000000119
163458  30.030  -62.417  20.609 0.3000000119
156595  28.955  -62.758  20.574 0.3000000119
5143  27.373  -64.840  11.541 0.3000000119
4477  29.991  -65.498  10.241 0.3000000119
4489  31.411  -65.191  9.978 0.3000000119
156847  32.824  -64.351  9.039 0.4000000060
6992  34.665  -61.952  8.742 0.4000000060
8877  34.602  -58.013  8.198 0.3000000119
6245  30.761  -62.818  14.559 0.3000000119
5715  31.652  -63.451  12.915 0.3000000119
5701  30.123  -63.208  15.217 0.3000000119
5124  32.016  -64.328  11.660 0.4000000060
5154  31.864  -64.688  11.036 0.4000000060
4474  31.924  -64.839  10.206 0.4000000060
5733  34.606  -62.761  10.000 0.4000000060
6883  28.863  -61.841  16.509 0.3000000119
165644  28.975  -63.022  16.439 0.3000000119
161110  29.235  -63.561  15.488 0.3000000119
5113  29.265  -64.259  13.438 0.4000000060
5127  29.557  -64.589  12.427 0.3000000119
6889  30.215  -61.348  15.050 0.3000000119
6905  31.314  -61.372  13.930 0.3000000119
6921  32.525  -61.402  13.066 0.3000000119
6283  34.636  -62.550  11.026 0.4000000060
8859  35.379  -59.350  9.819 0.3000000119
5040  27.418  -64.491  18.580 0.3000000119
5690  27.640  -63.664  17.209 0.3000000119
5704  27.703  -63.716  16.463 0.3000000119
8844  34.861  -58.496  9.808 0.3000000119
11689  16.178  -54.357  11.829 0.4000000060
1119  24.409  -71.894  17.131 0.3000000119
1120  23.909  -71.821  16.828 0.3000000119
1131  24.790  -72.014  17.083 0.3000000119
1138  25.156  -71.616  16.280 0.3000000119
1139  23.840  -71.948  15.891 0.3000000119
1140  23.138  -72.102  15.441 0.3000000119
1150  23.922  -71.835  14.869 0.3000000119
1153  21.407  -71.987  13.995 0.3000000119
1164  22.156  -72.250  13.204 0.3000000119
1518  29.238  -70.960  17.196 0.3000000119
1535  26.809  -71.189  16.518 0.3000000119
2024  23.350  -70.545  16.631 0.3000000119
2036  26.560  -69.967  15.192 0.3000000119
2049  24.816  -70.201  14.407 0.3000000119
2590  24.745  -69.361  14.140 0.3000000119
3192  23.635  -68.200  12.944 0.3000000119
3240  27.010  -66.909  8.567 0.4000000060
3789  23.838  -67.393  13.213 0.3000000119
3797  23.818  -66.497  12.068 0.3000000119
3798  23.669  -67.375  12.492 0.3000000119
3807  24.819  -66.493  10.738 0.3000000119
3834  29.478  -65.769  9.097 0.5000000000
3836  27.838  -66.412  9.047 0.5000000000
3837  27.080  -66.778  9.105 0.4000000060
3846  28.625  -66.053  9.099 0.5000000000
3847  27.864  -66.481  8.609 0.5000000000
4359  28.782  -65.501  19.590 0.3000000119
4458  28.295  -65.281  10.859 0.5000000000
4461  25.080  -65.464  11.282 0.5000000000
4475  31.581  -64.939  10.522 0.4000000060
4479  27.470  -65.841  10.119 0.5000000000
4480  26.480  -65.982  10.356 0.5000000000
4490  30.801  -65.435  9.633 0.3000000119
4498  29.966  -65.646  8.570 0.5000000000
4505  31.287  -65.094  8.256 0.4000000060
4514  30.209  -64.974  7.021 0.5000000000
4516  28.431  -65.493  6.464 0.4000000060
5009  31.169  -63.629  20.222 0.3000000119
5010  30.291  -63.977  20.388 0.3000000119
5024  28.363  -64.824  19.759 0.3000000119
5111  30.426  -64.079  13.426 0.4000000060
5125  31.508  -64.124  12.366 0.3000000119
5129  27.027  -64.423  12.261 0.3000000119
5131  25.188  -64.632  12.561 0.3000000119
5140  30.781  -64.881  11.509 0.3000000119
5141  30.011  -64.944  11.530 0.3000000119
5152  33.246  -64.004  10.289 0.4000000060
5160  33.431  -63.874  9.425 0.4000000060
5161  31.993  -64.887  9.572 0.4000000060
5168  33.037  -63.991  8.196 0.4000000060
5188  28.556  -64.183  4.154 0.5000000000
5644  28.017  -63.999  19.925 0.3000000119
5645  27.684  -63.193  19.651 0.3000000119
5661  27.500  -63.591  18.861 0.3000000119
5679  27.722  -63.290  17.624 0.3000000119
5702  29.477  -63.174  15.836 0.3000000119
5708  30.498  -63.613  14.242 0.3000000119
5709  29.771  -63.722  14.919 0.3000000119
5722  32.042  -63.827  12.277 0.3000000119
5726  34.415  -62.917  10.600 0.4000000060
5728  32.534  -64.301  11.150 0.4000000060
5739  34.039  -63.354  9.719 0.4000000060
5743  34.326  -62.643  8.211 0.3000000119
5754  33.166  -61.691  5.977 0.4000000060
5756  31.555  -63.600  5.697 0.4000000060
5760  32.028  -61.756  4.380 0.4000000060
5772  31.004  -62.025  2.794 0.4000000060
6186  28.298  -62.457  20.368 0.3000000119
6198  33.381  -62.908  19.227 0.3000000119
6216  27.572  -62.269  19.453 0.3000000119
6225  27.967  -62.717  17.503 0.3000000119
6231  29.356  -62.535  16.150 0.3000000119
6256  32.463  -62.277  12.927 0.3000000119
6258  24.324  -62.128  13.068 0.6999999881
6274  21.789  -62.261  12.841 0.6999999881
6276  19.845  -62.060  11.944 0.6000000238
6284  24.612  -62.381  11.522 0.6000000238
6289  19.743  -62.098  11.231 0.6999999881
6303  24.322  -62.512  10.979 0.6000000238
6305  22.076  -62.497  11.241 0.6999999881
6307  19.558  -62.161  10.408 0.6000000238
6317  35.214  -62.095  9.782 0.4000000060
6320  24.741  -62.677  8.905 0.6999999881
6322  23.422  -62.678  9.478 0.6999999881
6341  23.579  -62.812  8.117 0.6999999881
6343  21.951  -62.700  8.149 0.6000000238
6356  26.583  -62.466  7.215 0.5000000000
6361  21.675  -62.684  7.314 0.5000000000
6376  22.824  -62.744  6.845 0.5000000000
6393  26.613  -62.183  5.521 0.5000000000
6410  31.480  -61.179  3.011 0.4000000060
6884  22.120  -60.543  16.371 0.6999999881
6890  29.839  -62.018  15.669 0.3000000119
6891  24.030  -60.942  15.271 0.8000000119
6892  23.269  -61.154  15.461 0.8000000119
6893  22.727  -60.840  15.913 0.6999999881
6906  30.816  -61.858  14.541 0.3000000119
6911  22.055  -61.590  15.167 0.6999999881
6912  20.704  -61.515  14.738 0.6999999881
6922  31.903  -61.841  13.499 0.3000000119
6924  25.609  -61.256  13.571 0.8000000119
6929  19.725  -61.585  13.529 0.5000000000
6937  34.783  -61.788  11.414 0.3000000119
6943  25.125  -61.830  12.985 0.6999999881
6950  35.669  -60.767  10.385 0.3000000119
6954  25.761  -61.939  11.800 0.6000000238
6976  35.705  -61.022  10.154 0.3000000119
6977  35.527  -61.394  9.928 0.4000000060
6978  35.032  -61.378  9.505 0.4000000060
6979  32.957  -61.530  9.505 0.4000000060
6994  32.323  -61.612  7.875 0.4000000060
7002  34.453  -62.001  7.922 0.4000000060
7007  28.840  -61.824  7.562 0.4000000060
7008  27.968  -62.086  7.798 0.4000000060
7013  32.654  -61.018  5.234 0.4000000060
7016  27.893  -61.923  6.308 0.4000000060
7021  32.490  -61.072  4.702 0.4000000060
7033  30.542  -60.667  3.127 0.4000000060
7562  20.799  -60.171  16.794 0.6999999881
7603  26.545  -60.152  13.343 0.6000000238
7605  19.218  -61.128  13.997 0.5000000000
7618  18.020  -60.998  12.113 0.5000000000
7625  29.943  -60.576  11.248 0.4000000060
7626  28.450  -60.323  11.590 0.6000000238
7627  27.716  -60.103  12.097 0.6999999881
7634  32.899  -60.884  10.187 0.4000000060
7643  35.736  -60.630  10.094 0.3000000119
8151  20.379  -59.508  17.051 0.6999999881
8153  18.813  -59.231  16.414 0.6999999881
8167  18.464  -59.446  15.599 0.6000000238
8168  18.003  -58.790  15.466 0.6999999881
8182  17.734  -58.718  14.573 0.6999999881
8189  26.456  -59.167  13.449 0.6999999881
8209  35.671  -60.136  10.296 0.3000000119
8222  35.747  -60.092  10.112 0.3000000119
8223  35.621  -59.700  10.145 0.3000000119
8226  31.827  -59.897  10.527 0.4000000060
8237  35.545  -60.047  9.856 0.3000000119
8767  20.623  -58.853  17.179 0.6999999881
8783  23.127  -59.253  15.703 0.6000000238
8794  24.860  -58.922  14.035 0.6999999881
8806  25.674  -59.009  13.831 0.6000000238
8809  22.610  -57.817  13.004 0.6999999881
8832  29.166  -58.439  11.072 0.6000000238
8835  23.032  -58.118  11.437 0.6999999881
8836  22.773  -57.897  11.661 0.6999999881
8842  35.613  -59.643  10.024 0.3000000119
8843  35.369  -59.158  9.984 0.3000000119
8846  30.503  -58.707  10.255 0.4000000060
8848  23.715  -58.044  10.294 0.6000000238
8849  23.023  -58.193  10.636 0.6999999881
8891  33.970  -57.585  7.339 0.4000000060
9468  21.701  -57.463  15.173 0.6999999881
9469  17.297  -57.718  14.523 0.6000000238
9502  25.557  -57.374  11.428 0.6000000238
9512  29.466  -57.668  9.957 0.4000000060
9515  26.345  -57.051  11.087 0.6999999881
9532  24.654  -57.649  9.974 0.6000000238
9537  33.577  -57.937  7.168 0.4000000060
9539  31.235  -57.549  7.602 0.4000000060
9542  25.402  -57.409  8.651 0.5000000000
9552  33.572  -57.347  6.673 0.4000000060
9553  33.059  -57.241  6.253 0.4000000060
9559  23.128  -57.964  7.524 0.6000000238
9576  25.688  -58.128  4.999 0.4000000060
9581  21.092  -57.354  5.201 0.4000000060
9594  29.231  -57.121  2.936 0.3000000119
9596  27.627  -57.903  3.443 0.3000000119
9600  23.586  -57.815  4.358 0.5000000000
9611  27.595  -57.558  2.947 0.3000000119
9612  26.992  -57.890  3.243 0.3000000119
9616  21.325  -57.350  4.515 0.4000000060
9624  21.660  -57.104  3.816 0.4000000060
10168  18.111  -56.636  16.602 0.6999999881
10185  21.887  -56.796  14.018 0.6999999881
10209  16.723  -56.885  11.669 0.5000000000
10216  27.939  -56.779  10.151 0.4000000060
10217  27.132  -56.902  10.683 0.5000000000
10238  32.824  -56.064  8.070 0.3000000119
10240  29.746  -56.826  7.727 0.4000000060
10244  22.070  -56.747  8.195 0.6999999881
10253  33.645  -56.906  6.515 0.4000000060
10280  30.294  -56.644  3.179 0.3000000119
10815  12.867  -55.278  19.418 0.4000000060
10846  19.192  -55.196  17.509 0.6999999881
10857  20.487  -55.895  17.110 0.6000000238
10876  21.823  -56.331  14.718 0.6000000238
10877  17.133  -55.592  14.622 0.6000000238
10886  16.888  -55.835  13.706 0.5000000000
10898  13.957  -54.342  11.630 0.6000000238
10909  15.918  -54.419  10.935 0.5000000000
10918  22.506  -55.901  10.041 0.6000000238
10933  33.280  -56.243  6.691 0.3000000119
10946  33.058  -56.533  6.082 0.4000000060
10952  21.056  -56.068  6.502 0.4000000060
11561  17.302  -54.034  20.115 0.6000000238
11563  15.622  -53.937  20.084 0.5000000000
11565  13.206  -54.021  20.305 0.5000000000
11581  15.845  -53.823  19.182 0.5000000000
11602  16.052  -53.490  18.385 0.6000000238
11605  11.239  -54.382  18.616 0.6000000238
11609  21.676  -54.607  17.600 0.6999999881
11613  17.001  -53.749  17.427 0.6999999881
11618  10.776  -54.522  17.330 0.6000000238
11623  22.769  -54.647  15.681 0.8000000119
11624  21.865  -54.983  16.879 0.6999999881
11628  10.744  -54.740  16.502 0.5000000000
11637  16.626  -53.763  15.766 0.6000000238
11638  14.127  -53.765  15.028 0.5000000000
11646  23.339  -54.111  14.428 0.6000000238
11661  22.797  -54.897  13.218 0.6000000238
11665  13.958  -53.890  13.617 0.5000000000
11666  13.756  -54.226  13.012 0.5000000000
11667  10.400  -53.914  13.661 0.5000000000
11674  23.243  -54.203  12.785 0.6000000238
11678  14.289  -53.981  12.311 0.5000000000
11700  22.807  -55.118  10.526 0.6000000238
11721  22.165  -54.757  7.974 0.5000000000
11744  31.444  -54.338  5.001 0.3000000119
12349  17.883  -53.184  21.303 0.6000000238
12352  15.085  -53.243  21.517 0.5000000000
12354  13.346  -52.847  21.114 0.5000000000
12365  19.127  -53.038  20.833 0.6000000238
12369  15.394  -53.712  20.948 0.6000000238
12389  21.481  -52.988  19.155 0.6999999881
12390  20.875  -53.094  19.627 0.6999999881
12391  19.005  -53.704  20.327 0.6000000238
12392  12.447  -53.599  20.233 0.6000000238
12405  21.227  -53.668  18.999 0.6000000238
12412  22.469  -53.344  17.727 0.8000000119
12414  10.948  -53.605  18.259 0.6000000238
12423  22.817  -53.631  16.915 0.8000000119
12424  16.051  -53.253  16.381 0.6000000238
12434  23.370  -53.151  15.617 0.8000000119
12437  10.692  -53.091  15.277 0.5000000000
12452  14.204  -53.743  14.203 0.5000000000
12453  9.928  -53.073  12.906 0.5000000000
12475  23.120  -53.507  10.079 0.6000000238
12505  29.702  -53.029  6.901 0.3000000119
13150  17.436  -52.870  21.590 0.6000000238
13153  14.750  -52.576  21.908 0.5000000000
13170  12.478  -52.768  20.509 0.5000000000
13186  11.538  -52.972  19.481 0.6000000238
13197  10.712  -53.161  16.764 0.6000000238
13213  10.769  -52.242  15.316 0.5000000000
13247  23.503  -52.506  12.842 0.6000000238
13255  23.003  -52.090  10.789 0.6000000238
13264  23.258  -52.860  10.572 0.6000000238
14008  19.490  -51.828  20.979 0.5000000000
14009  17.484  -52.168  21.796 0.6000000238
14011  15.959  -51.931  22.204 0.5000000000
14012  14.514  -51.631  22.017 0.5000000000
14029  13.098  -51.571  20.881 0.6000000238
14039  11.564  -52.140  19.216 0.6000000238
14046  21.453  -51.677  18.751 0.6000000238
14047  20.790  -51.338  19.318 0.5000000000
14049  11.089  -52.022  17.803 0.6000000238
14056  22.095  -51.631  17.270 0.5000000000
14066  11.072  -51.382  16.243 0.6000000238
14074  22.382  -51.563  15.143 0.6000000238
14075  21.497  -51.304  15.805 0.5000000000
14094  23.043  -51.893  14.453 0.6000000238
14096  11.428  -51.099  14.798 0.6000000238
14110  23.324  -52.086  13.633 0.6999999881
14113  20.747  -51.174  13.268 0.6000000238
14129  23.142  -51.738  12.935 0.6000000238
14134  10.753  -51.692  12.324 0.5000000000
14142  22.870  -51.690  11.456 0.6000000238
14900  19.407  -51.049  20.738 0.6000000238
14902  17.845  -50.735  21.515 0.5000000000
14904  14.260  -50.766  21.528 0.6000000238
14916  13.375  -50.404  20.320 0.6000000238
14924  12.399  -51.066  19.655 0.6000000238
14940  11.637  -50.580  17.404 0.6000000238
14953  12.070  -50.013  16.865 0.6000000238
14971  11.384  -50.922  15.638 0.6000000238
14990  12.166  -50.637  14.617 0.6000000238
15007  13.393  -50.314  12.940 0.6000000238
15008  13.189  -50.662  13.284 0.6000000238
15029  13.203  -50.821  11.652 0.5000000000
15832  15.354  -49.623  21.481 0.6000000238
15853  13.071  -49.609  18.943 0.6000000238
15914  12.896  -49.573  15.438 0.6000000238
16826  15.750  -48.766  21.194 0.6000000238
16838  16.191  -47.977  20.923 0.6000000238
16875  13.985  -48.054  18.177 0.5000000000
16876  13.570  -48.793  18.507 0.6000000238
16924  14.213  -47.793  15.740 0.6000000238
16943  13.589  -48.357  14.519 0.6000000238
16961  13.323  -48.223  13.963 0.6000000238
16962  12.973  -48.427  13.400 0.6000000238
17851  15.041  -47.537  20.260 0.5000000000
17868  15.167  -46.885  19.750 0.5000000000
17908  15.064  -46.697  17.508 0.4000000060
17944  14.317  -47.122  15.509 0.5000000000
18911  16.489  -46.541  20.355 0.4000000060
18991  13.923  -46.637  15.261 0.4000000060
19003  13.501  -46.992  14.755 0.4000000060
19921  16.239  -45.302  19.015 0.4000000060
19954  15.741  -45.230  17.460 0.4000000060
19975  13.259  -45.305  16.186 0.4000000060
19988  13.707  -45.939  15.634 0.4000000060
21005  15.818  -44.495  17.596 0.4000000060
21006  15.166  -44.427  17.267 0.4000000060
21028  12.650  -44.570  16.915 0.3000000119
22004  16.026  -43.945  17.922 0.4000000060
22006  14.630  -43.870  17.711 0.4000000060
24006  14.349  -41.571  18.894 0.4000000060
24007  13.497  -41.484  18.457 0.3000000119
24034  10.871  -41.406  15.895 0.3000000119
24854  16.626  -41.107  19.444 0.4000000060
24871  15.551  -40.124  19.044 0.4000000060
24881  14.042  -40.069  17.932 0.4000000060
24883  12.670  -40.842  17.237 0.3000000119
24889  13.043  -40.128  16.853 0.3000000119
24942  10.535  -39.770  10.478 0.3000000119
25763  14.435  -39.423  17.511 0.4000000060
25771  13.369  -39.421  16.698 0.4000000060
25773  12.279  -39.339  16.332 0.4000000060
25826  8.402  -38.979  11.263 0.3000000119
26658  15.476  -38.343  17.454 0.3000000119
26668  13.514  -38.686  16.660 0.4000000060
26677  10.840  -38.554  15.855 0.3000000119
26723  10.853  -38.484  10.359 0.4000000060
26745  10.102  -39.327  9.913 0.4000000060
27623  17.049  -37.831  17.863 0.3000000119
27631  17.434  -37.155  17.708 0.3000000119
27633  15.717  -37.594  17.343 0.3000000119
27642  14.340  -37.622  17.091 0.3000000119
27651  10.429  -37.533  14.596 0.3000000119
27690  11.637  -37.572  11.310 0.5000000000
27700  9.418  -37.891  10.535 0.4000000060
28683  11.002  -36.801  14.322 0.3000000119
28730  10.816  -36.852  10.183 0.3000000119
29674  12.014  -35.289  14.022 0.3000000119
29712  11.377  -34.949  10.916 0.3000000119
30606  13.066  -34.571  17.546 0.3000000119
30649  8.948  -34.429  13.356 0.3000000119
30658  10.706  -34.518  11.639 0.3000000119
31566  11.456  -33.847  12.544 0.3000000119
145702  16.180  -53.329  17.807 0.6000000238
146271  26.928  -61.692  11.183 0.6000000238
146414  16.818  -57.864  12.397 0.5000000000
146463  33.374  -61.557  7.348 0.4000000060
146667  23.665  -57.872  6.671 0.6000000238
146716  26.852  -66.670  7.536 0.4000000060
146879  26.991  -58.960  13.036 0.6999999881
147896  25.975  -62.346  10.327 0.6000000238
148051  20.362  -60.577  16.178 0.6000000238
148321  17.927  -54.220  17.939 0.6999999881
148542  23.509  -52.651  12.016 0.6000000238
149632  10.162  -38.804  13.219 0.3000000119
150219  22.541  -72.132  15.076 0.3000000119
150673  19.274  -57.216  17.192 0.6000000238
151624  22.109  -59.884  16.637 0.6999999881
152253  22.950  -58.652  15.111 0.6999999881
152332  22.477  -57.530  10.677 0.6999999881
153445  13.441  -48.940  14.053 0.6000000238
153786  25.981  -58.409  13.266 0.6999999881
153953  15.088  -46.594  18.992 0.5000000000
154382  11.837  -50.447  15.672 0.6000000238
154918  10.640  -54.830  14.082 0.5000000000
155053  29.523  -61.596  10.758 0.5000000000
155856  14.489  -47.388  17.830 0.5000000000
156011  24.367  -58.277  13.094 0.6999999881
156118  12.135  -34.661  12.297 0.3000000119
156398  27.180  -56.733  9.029 0.5000000000
156401  10.570  -51.928  13.842 0.5000000000
156625  11.050  -40.048  15.775 0.3000000119
156830  22.817  -52.888  17.128 0.8000000119
156954  13.352  -52.125  21.294 0.5000000000
157740  20.389  -62.048  12.397 0.6000000238
157741  22.291  -56.833  11.212 0.6999999881
158251  21.003  -57.151  5.724 0.4000000060
158912  35.461  -61.205  10.990 0.3000000119
159079  29.246  -62.072  20.629 0.3000000119
159159  27.586  -63.088  18.268 0.3000000119
159466  23.135  -62.734  8.740 0.6999999881
159803  30.160  -65.545  9.733 0.3000000119
159983  13.508  -55.300  13.594 0.6000000238
161198  23.213  -54.303  11.005 0.6000000238
161455  23.547  -70.979  12.631 0.3000000119
161642  20.599  -58.056  17.108 0.6000000238
161865  23.435  -52.598  14.258 0.8000000119
162114  28.698  -62.131  20.529 0.3000000119
163841  12.077  -35.935  10.943 0.3000000119
163845  16.304  -53.750  14.974 0.4000000060
164189  13.384  -49.155  15.006 0.6000000238
164591  27.116  -58.385  12.683 0.6000000238
164793  15.993  -53.811  13.234 0.5000000000
164938  21.785  -57.581  5.101 0.4000000060
165716  19.977  -62.298  9.179 0.6000000238
165831  19.683  -52.461  20.688 0.6999999881
165862  22.244  -52.657  18.224 0.6999999881
166374  33.040  -63.831  11.259 0.3000000119
166923  20.654  -62.478  8.361 0.5000000000
167310  14.814  -45.707  16.418 0.4000000060
167930  24.848  -62.434  11.004 0.6000000238
168170  11.886  -36.797  16.869 0.3000000119
168239  15.338  -51.210  22.128 0.5000000000
168346  10.744  -54.196  16.014 0.5000000000
168747  17.722  -54.160  19.609 0.6000000238
168812  28.473  -64.102  13.714 0.3000000119
168929  11.764  -51.307  13.344 0.5000000000
170836  10.040  -40.599  14.898 0.3000000119
170898  16.937  -53.817  20.748 0.6000000238
171390  11.281  -36.207  15.708 0.3000000119
171468  18.955  -52.329  21.238 0.6000000238
171627  17.558  -40.578  19.468 0.4000000060
171820  20.073  -62.355  8.594 0.6000000238
172045  28.695  -66.095  8.654 0.5000000000
172779  22.975  -51.980  15.109 0.6000000238
172940  20.182  -58.480  17.215 0.6999999881
173088  32.697  -62.334  19.596 0.3000000119
173290  22.028  -56.282  14.184 0.6999999881
173545  29.715  -63.451  15.401 0.3000000119
173568  14.583  -54.262  19.937 0.5000000000
173864  28.282  -65.756  9.904 0.5000000000
174456  10.565  -37.073  14.991 0.3000000119
174556  14.143  -47.579  15.335 0.6000000238
175101  16.752  -55.270  13.638 0.5000000000
175382  28.152  -58.114  11.700 0.4000000060
175423  22.435  -55.795  12.132 0.6999999881
175426  30.677  -62.122  20.478 0.3000000119
175523  24.619  -59.321  14.597 0.6000000238
175580  35.592  -61.315  10.387 0.3000000119
175873  12.140  -33.771  13.813 0.3000000119
