#!ascii label  , from subject sub-v2s12x28889_ses-1 vox2ras=TkReg
526
85812  -28.375  11.448  -21.578 0.0000000000
81277  -21.853  7.254  -17.515 0.0000000000
81312  -30.120  6.436  -20.294 0.0000000000
77486  -23.494  2.737  -15.640 0.0000000000
97854  -28.610  25.687  -24.502 0.0000000000
94615  -31.944  21.338  -23.274 0.0000000000
156514  -25.149  16.162  -23.127 0.0000000000
73735  -22.460  -1.550  -13.824 0.0000000000
80273  -23.438  5.114  -16.912 0.0000000000
77471  -21.321  2.845  -14.494 0.0000000000
96346  -30.677  23.558  -23.442 0.0000000000
93729  -27.180  20.342  -22.588 0.0000000000
85809  -24.546  11.728  -21.437 0.0000000000
87514  -23.051  13.567  -21.624 0.0000000000
87531  -26.878  13.276  -23.213 0.0000000000
90061  -30.179  16.323  -21.505 0.0000000000
87521  -31.937  13.228  -21.728 0.0000000000
84964  -33.202  10.628  -21.990 0.0000000000
84046  -21.235  9.593  -18.427 0.0000000000
84071  -25.404  9.925  -20.321 0.0000000000
148876  -29.672  8.954  -20.869 0.0000000000
82247  -26.371  7.225  -18.871 0.0000000000
80289  -26.448  4.696  -18.206 0.0000000000
77508  -27.298  2.500  -16.697 0.0000000000
91925  -23.311  18.097  -23.028 0.0000000000
91927  -28.349  18.473  -22.623 0.0000000000
91960  -33.206  18.474  -24.152 0.0000000000
75524  -20.337  0.623  -13.534 0.0000000000
75540  -22.583  0.635  -14.631 0.0000000000
138490  -20.227  4.007  -14.109 0.0000000000
77460  -19.691  2.594  -13.424 0.0000000000
94610  -26.771  21.172  -22.636 0.0000000000
93746  -23.504  20.451  -23.259 0.0000000000
85811  -25.587  11.579  -21.728 0.0000000000
147404  -25.666  12.491  -22.609 0.0000000000
86699  -28.189  12.726  -22.370 0.0000000000
87518  -29.286  13.930  -21.898 0.0000000000
86684  -30.467  12.275  -21.510 0.0000000000
151771  -33.119  12.011  -21.870 0.0000000000
85814  -30.954  11.444  -21.438 0.0000000000
83164  -21.511  8.902  -18.210 0.0000000000
84059  -22.771  9.687  -19.145 0.0000000000
83176  -24.005  8.859  -19.099 0.0000000000
82255  -25.886  8.395  -19.403 0.0000000000
82232  -24.045  7.373  -18.020 0.0000000000
79320  -23.181  4.070  -16.227 0.0000000000
79346  -25.045  4.652  -17.328 0.0000000000
79334  -25.435  3.741  -17.285 0.0000000000
78455  -26.966  3.005  -17.606 0.0000000000
77506  -25.704  2.499  -16.588 0.0000000000
97102  -27.822  25.242  -23.430 0.0000000000
97847  -26.903  25.791  -23.472 0.0000000000
98652  -27.429  26.533  -25.560 0.0000000000
99380  -24.493  26.783  -28.233 0.0000000000
97867  -28.244  25.414  -26.602 0.0000000000
153236  -31.735  22.387  -23.439 0.0000000000
88379  -23.813  14.710  -22.580 0.0000000000
90069  -23.233  16.221  -22.637 0.0000000000
90082  -24.577  17.278  -22.893 0.0000000000
91944  -25.236  18.147  -22.739 0.0000000000
90084  -26.267  16.915  -23.114 0.0000000000
89235  -32.619  15.901  -22.365 0.0000000000
90945  -32.267  17.413  -22.441 0.0000000000
90958  -33.373  17.299  -23.926 0.0000000000
82263  -29.881  7.443  -20.381 0.0000000000
83199  -31.721  8.457  -21.545 0.0000000000
73727  -20.975  -1.665  -12.901 0.0000000000
131766  -21.279  -0.410  -13.703 0.0000000000
75525  -21.048  0.360  -13.889 0.0000000000
74639  -22.186  -0.756  -14.077 0.0000000000
80271  -21.077  6.132  -16.428 0.0000000000
80285  -22.868  6.284  -17.216 0.0000000000
80253  -21.397  5.253  -15.981 0.0000000000
78420  -22.066  4.020  -15.503 0.0000000000
77485  -22.746  2.839  -15.332 0.0000000000
135968  -27.979  24.020  -22.832 0.0000000000
140750  -29.946  24.685  -24.040 0.0000000000
96335  -29.366  23.369  -22.754 0.0000000000
143178  -29.045  21.855  -22.459 0.0000000000
93732  -29.908  20.364  -22.261 0.0000000000
85798  -21.996  11.836  -20.083 0.0000000000
86678  -23.634  12.898  -21.649 0.0000000000
87528  -24.671  13.639  -22.605 0.0000000000
88392  -26.259  14.498  -23.570 0.0000000000
147193  -27.936  16.021  -23.390 0.0000000000
88381  -28.581  14.769  -22.973 0.0000000000
140861  -31.534  14.968  -21.672 0.0000000000
88385  -33.332  14.539  -22.862 0.0000000000
87548  -34.053  13.321  -23.582 0.0000000000
131399  -23.640  -2.619  -13.731 0.0000000000
73736  -23.368  -1.847  -13.995 0.0000000000
84931  -22.103  10.948  -19.537 0.0000000000
84940  -24.311  10.711  -20.582 0.0000000000
84942  -26.650  10.314  -20.902 0.0000000000
84087  -29.071  9.797  -21.078 0.0000000000
84073  -26.982  9.568  -20.344 0.0000000000
144190  -27.782  8.413  -20.133 0.0000000000
81300  -28.022  6.998  -19.312 0.0000000000
81280  -24.418  6.142  -17.564 0.0000000000
80297  -26.206  5.716  -18.392 0.0000000000
80300  -28.581  4.623  -19.078 0.0000000000
79363  -28.839  3.991  -18.978 0.0000000000
79335  -28.996  3.958  -17.461 0.0000000000
97125  -29.489  24.518  -26.692 0.0000000000
149183  -24.483  18.893  -22.804 0.0000000000
92881  -27.327  18.964  -22.590 0.0000000000
144818  -30.188  19.726  -22.189 0.0000000000
145647  -28.996  17.261  -22.533 0.0000000000
91930  -31.149  18.853  -21.985 0.0000000000
92882  -32.388  19.562  -23.300 0.0000000000
84089  -31.039  9.845  -21.402 0.0000000000
150204  -33.290  9.131  -22.276 0.0000000000
76522  -18.961  1.807  -12.818 0.0000000000
76532  -20.252  1.880  -13.699 0.0000000000
131322  -22.343  1.570  -14.669 0.0000000000
76534  -23.160  1.191  -15.118 0.0000000000
74654  -23.735  -0.450  -14.598 0.0000000000
75542  -24.365  0.151  -14.898 0.0000000000
76554  -24.691  1.517  -15.588 0.0000000000
94607  -22.829  21.060  -23.352 0.0000000000
147208  -26.880  11.593  -21.934 0.0000000000
85824  -26.878  12.166  -22.363 0.0000000000
86681  -27.703  11.989  -22.068 0.0000000000
86683  -29.457  12.293  -21.595 0.0000000000
151884  -29.066  11.699  -21.521 0.0000000000
85813  -29.855  11.403  -21.508 0.0000000000
82229  -21.268  7.782  -17.382 0.0000000000
82228  -20.493  8.015  -16.989 0.0000000000
83154  -21.872  8.144  -17.916 0.0000000000
83165  -22.348  8.790  -18.397 0.0000000000
82244  -22.721  8.340  -18.037 0.0000000000
83167  -24.038  8.167  -18.607 0.0000000000
82245  -23.355  8.009  -18.018 0.0000000000
78421  -23.558  3.466  -16.004 0.0000000000
78435  -24.052  3.868  -16.463 0.0000000000
78422  -24.228  3.048  -16.124 0.0000000000
78436  -24.948  3.235  -16.742 0.0000000000
77505  -24.875  2.581  -16.317 0.0000000000
98638  -28.394  25.530  -23.837 0.0000000000
98645  -27.979  26.093  -24.126 0.0000000000
98653  -28.077  26.237  -24.975 0.0000000000
98661  -27.277  26.240  -26.405 0.0000000000
97866  -27.277  25.493  -27.099 0.0000000000
97860  -28.595  25.742  -25.592 0.0000000000
95510  -31.355  21.942  -22.730 0.0000000000
95526  -31.835  22.663  -24.346 0.0000000000
94632  -32.222  21.907  -24.082 0.0000000000
94626  -32.420  21.170  -24.043 0.0000000000
89231  -24.195  15.303  -22.940 0.0000000000
89230  -23.555  15.531  -22.652 0.0000000000
145072  -23.915  16.124  -22.949 0.0000000000
139978  -23.575  16.833  -22.876 0.0000000000
90070  -24.284  16.758  -22.988 0.0000000000
143233  -25.594  17.000  -22.977 0.0000000000
90083  -25.662  16.286  -23.204 0.0000000000
89248  -33.534  15.831  -23.890 0.0000000000
90087  -33.324  16.641  -23.444 0.0000000000
82264  -30.767  7.063  -20.730 0.0000000000
152087  -31.354  6.309  -20.814 0.0000000000
72796  -21.874  -2.000  -13.231 0.0000000000
73734  -21.537  -1.225  -13.514 0.0000000000
80252  -20.654  5.706  -15.614 0.0000000000
79317  -20.990  4.938  -15.302 0.0000000000
132291  -20.830  3.556  -14.453 0.0000000000
79297  -21.341  4.197  -15.043 0.0000000000
78408  -21.707  3.436  -14.880 0.0000000000
78409  -22.318  3.284  -15.235 0.0000000000
138321  -26.888  22.784  -22.602 0.0000000000
96334  -28.416  23.390  -22.665 0.0000000000
95507  -27.788  22.602  -22.583 0.0000000000
93728  -26.202  20.527  -22.678 0.0000000000
143199  -28.085  21.803  -22.538 0.0000000000
94612  -28.525  21.019  -22.445 0.0000000000
94613  -29.481  21.133  -22.358 0.0000000000
93730  -28.063  20.145  -22.464 0.0000000000
85799  -23.181  11.635  -20.539 0.0000000000
86673  -23.447  12.329  -21.200 0.0000000000
87530  -25.814  13.084  -23.114 0.0000000000
86695  -24.737  12.988  -22.390 0.0000000000
87545  -26.215  13.698  -23.460 0.0000000000
88380  -25.071  14.167  -22.980 0.0000000000
87546  -26.825  13.986  -23.437 0.0000000000
88394  -28.043  14.622  -23.445 0.0000000000
144899  -28.270  13.952  -23.203 0.0000000000
146087  -30.370  13.943  -21.586 0.0000000000
143763  -31.417  14.057  -21.608 0.0000000000
88383  -32.338  15.128  -22.079 0.0000000000
88384  -32.811  14.372  -22.235 0.0000000000
87535  -33.428  13.814  -22.779 0.0000000000
87534  -32.899  13.393  -22.061 0.0000000000
85825  -32.822  11.346  -21.747 0.0000000000
86701  -33.644  12.106  -22.561 0.0000000000
84965  -33.681  10.580  -22.929 0.0000000000
71848  -23.026  -3.076  -13.218 0.0000000000
71849  -23.845  -3.464  -13.592 0.0000000000
84045  -20.462  9.927  -18.145 0.0000000000
84919  -21.232  10.350  -18.708 0.0000000000
84061  -24.147  9.536  -19.628 0.0000000000
152890  -23.989  10.155  -20.076 0.0000000000
84070  -24.659  10.106  -20.150 0.0000000000
84941  -25.745  10.515  -20.807 0.0000000000
84085  -27.427  9.879  -20.732 0.0000000000
84072  -26.159  9.726  -20.449 0.0000000000
82246  -25.837  7.749  -18.877 0.0000000000
83178  -26.524  8.552  -19.715 0.0000000000
83179  -27.322  7.941  -19.642 0.0000000000
83180  -28.223  7.821  -19.877 0.0000000000
82248  -27.045  7.104  -19.149 0.0000000000
80272  -22.717  5.641  -16.905 0.0000000000
81279  -23.574  6.689  -17.534 0.0000000000
80286  -23.508  5.840  -17.255 0.0000000000
80288  -25.646  5.119  -17.903 0.0000000000
152417  -26.936  5.173  -18.417 0.0000000000
80298  -27.004  5.798  -18.571 0.0000000000
80299  -27.688  5.179  -18.694 0.0000000000
80290  -27.346  4.364  -18.376 0.0000000000
136606  -27.308  2.724  -17.324 0.0000000000
78456  -27.592  3.041  -17.741 0.0000000000
78439  -27.853  2.892  -17.089 0.0000000000
78440  -28.660  3.600  -16.506 0.0000000000
97105  -30.280  24.207  -23.755 0.0000000000
97118  -29.827  24.835  -25.681 0.0000000000
97119  -30.471  24.455  -25.176 0.0000000000
87513  -22.105  13.734  -20.970 0.0000000000
91923  -21.727  18.419  -22.399 0.0000000000
139034  -22.267  19.057  -22.817 0.0000000000
92877  -23.473  19.496  -23.145 0.0000000000
91942  -23.795  18.448  -22.981 0.0000000000
91946  -27.575  18.199  -22.774 0.0000000000
91945  -26.709  18.249  -22.766 0.0000000000
91926  -28.030  18.814  -22.584 0.0000000000
143232  -29.292  19.634  -22.339 0.0000000000
92864  -29.600  19.199  -22.279 0.0000000000
90073  -29.290  16.427  -22.172 0.0000000000
90072  -28.480  16.397  -22.917 0.0000000000
90933  -29.790  17.273  -21.693 0.0000000000
91931  -32.511  18.117  -22.866 0.0000000000
140761  -31.689  18.158  -22.129 0.0000000000
91947  -32.073  18.849  -22.578 0.0000000000
92866  -31.583  19.482  -22.387 0.0000000000
92883  -33.054  19.173  -24.291 0.0000000000
84088  -30.072  9.746  -21.291 0.0000000000
83198  -30.760  8.880  -21.282 0.0000000000
157065  -32.515  8.177  -21.778 0.0000000000
74626  -19.713  -0.102  -12.779 0.0000000000
76509  -19.604  0.598  -13.029 0.0000000000
154887  -19.236  1.276  -12.975 0.0000000000
153400  -19.902  1.211  -13.352 0.0000000000
75526  -21.968  0.098  -14.159 0.0000000000
75539  -21.709  0.953  -14.233 0.0000000000
73748  -24.119  -1.344  -14.335 0.0000000000
75561  -24.990  0.767  -15.250 0.0000000000
79295  -19.915  4.644  -14.142 0.0000000000
78407  -19.620  4.033  -13.585 0.0000000000
78391  -20.053  3.379  -13.723 0.0000000000
77470  -20.544  2.662  -14.083 0.0000000000
143201  -26.395  21.917  -22.609 0.0000000000
94609  -25.341  21.035  -22.682 0.0000000000
93726  -24.437  20.614  -22.808 0.0000000000
93727  -25.354  20.330  -22.697 0.0000000000
85810  -24.982  11.698  -21.646 0.0000000000
86680  -24.678  12.314  -21.932 0.0000000000
85822  -25.296  12.124  -22.144 0.0000000000
86697  -26.397  12.578  -22.790 0.0000000000
86698  -27.378  12.667  -22.730 0.0000000000
87533  -28.522  13.509  -22.446 0.0000000000
87517  -28.936  12.995  -21.833 0.0000000000
87519  -29.904  13.103  -21.601 0.0000000000
87520  -30.952  13.139  -21.510 0.0000000000
86686  -32.553  12.593  -21.782 0.0000000000
86685  -31.580  12.288  -21.570 0.0000000000
85815  -31.912  11.395  -21.603 0.0000000000
84956  -32.387  10.651  -21.671 0.0000000000
83152  -20.038  8.786  -17.039 0.0000000000
84031  -20.666  9.181  -17.861 0.0000000000
153249  -21.666  9.885  -18.701 0.0000000000
84048  -22.782  9.199  -18.784 0.0000000000
84060  -23.398  9.296  -19.174 0.0000000000
157426  -24.620  9.066  -19.355 0.0000000000
84063  -25.805  9.114  -19.940 0.0000000000
144191  -24.722  8.544  -18.941 0.0000000000
147600  -25.358  8.297  -18.979 0.0000000000
83168  -24.971  7.734  -18.495 0.0000000000
79332  -23.499  4.495  -16.591 0.0000000000
80287  -24.252  5.286  -17.257 0.0000000000
80274  -24.173  4.583  -16.896 0.0000000000
79347  -25.923  4.193  -17.787 0.0000000000
79348  -26.916  3.718  -17.958 0.0000000000
78454  -26.260  3.371  -17.537 0.0000000000
78438  -26.574  2.635  -17.162 0.0000000000
77507  -26.552  2.164  -16.433 0.0000000000
97090  -26.462  24.504  -22.724 0.0000000000
98637  -27.232  26.276  -23.906 0.0000000000
99367  -25.859  27.003  -26.691 0.0000000000
97874  -26.828  24.710  -28.114 0.0000000000
96347  -31.393  23.224  -23.780 0.0000000000
148116  -30.892  24.073  -24.763 0.0000000000
96353  -31.365  23.448  -24.748 0.0000000000
141071  -21.430  16.423  -21.627 0.0000000000
144187  -21.908  16.969  -22.192 0.0000000000
90940  -23.105  17.496  -22.892 0.0000000000
90952  -23.906  17.537  -22.995 0.0000000000
91943  -24.526  17.918  -22.834 0.0000000000
90953  -25.128  17.438  -22.826 0.0000000000
90954  -25.967  17.653  -22.889 0.0000000000
154762  -28.072  17.903  -22.843 0.0000000000
90062  -31.089  16.510  -21.557 0.0000000000
90934  -30.536  17.132  -21.516 0.0000000000
90075  -32.855  16.677  -22.679 0.0000000000
90957  -33.008  17.403  -23.107 0.0000000000
90969  -33.109  18.016  -23.636 0.0000000000
145495  -29.608  8.219  -20.487 0.0000000000
82277  -31.162  7.828  -21.293 0.0000000000
82278  -32.097  7.577  -21.606 0.0000000000
74627  -20.506  -0.823  -13.069 0.0000000000
74638  -20.370  -0.002  -13.378 0.0000000000
74653  -22.821  -0.228  -14.524 0.0000000000
81262  -20.407  6.908  -16.329 0.0000000000
81263  -21.000  7.076  -16.991 0.0000000000
81278  -22.670  6.929  -17.456 0.0000000000
153391  -21.943  6.306  -17.140 0.0000000000
135141  -21.949  5.444  -16.572 0.0000000000
80254  -22.043  4.742  -16.061 0.0000000000
79296  -20.610  4.462  -14.648 0.0000000000
79318  -21.587  4.633  -15.608 0.0000000000
79319  -22.555  4.253  -16.006 0.0000000000
132539  -22.839  3.525  -15.700 0.0000000000
96332  -25.214  23.351  -22.376 0.0000000000
97091  -27.444  24.569  -23.015 0.0000000000
156433  -28.207  24.605  -23.186 0.0000000000
97103  -28.726  24.904  -23.500 0.0000000000
97848  -29.264  25.143  -24.083 0.0000000000
97092  -28.918  24.168  -23.030 0.0000000000
97104  -29.547  24.544  -23.565 0.0000000000
143200  -27.226  21.863  -22.632 0.0000000000
95508  -28.720  22.618  -22.553 0.0000000000
96336  -30.285  23.170  -22.850 0.0000000000
95509  -30.562  22.347  -22.571 0.0000000000
94614  -30.565  21.299  -22.363 0.0000000000
154782  -31.370  21.078  -22.626 0.0000000000
87516  -24.305  12.868  -22.035 0.0000000000
154224  -24.399  13.311  -22.316 0.0000000000
87515  -23.877  13.418  -22.058 0.0000000000
139846  -24.462  14.438  -22.793 0.0000000000
89242  -24.869  15.039  -23.118 0.0000000000
89244  -25.967  15.430  -23.492 0.0000000000
144833  -26.483  16.159  -23.350 0.0000000000
89245  -26.778  15.362  -23.477 0.0000000000
89232  -28.303  15.458  -23.241 0.0000000000
89222  -29.581  15.573  -21.811 0.0000000000
156464  -28.725  14.214  -22.519 0.0000000000
88370  -29.872  14.742  -21.689 0.0000000000
89224  -30.940  15.620  -21.513 0.0000000000
89234  -31.757  15.794  -21.886 0.0000000000
89236  -33.058  15.183  -22.565 0.0000000000
144748  -33.456  15.082  -23.392 0.0000000000
144768  -33.751  14.245  -23.611 0.0000000000
87558  -34.336  13.673  -24.642 0.0000000000
86700  -33.210  12.615  -22.101 0.0000000000
81303  -30.395  5.303  -20.147 0.0000000000
72797  -22.761  -2.308  -13.497 0.0000000000
85800  -24.082  11.322  -20.933 0.0000000000
84932  -22.784  10.252  -19.496 0.0000000000
84939  -23.429  10.706  -20.138 0.0000000000
84949  -24.713  11.255  -21.117 0.0000000000
84950  -25.302  11.166  -21.221 0.0000000000
150764  -26.015  11.020  -21.297 0.0000000000
137757  -27.602  11.150  -21.575 0.0000000000
141688  -28.432  10.605  -21.256 0.0000000000
84952  -27.505  10.447  -21.133 0.0000000000
84086  -28.152  9.844  -20.881 0.0000000000
84075  -28.723  9.158  -20.631 0.0000000000
83187  -26.522  9.169  -20.066 0.0000000000
83188  -27.168  8.846  -19.996 0.0000000000
83189  -28.456  8.488  -20.282 0.0000000000
82262  -29.099  7.864  -20.042 0.0000000000
82257  -28.712  7.215  -19.724 0.0000000000
81301  -28.856  6.341  -19.543 0.0000000000
82231  -23.269  7.384  -17.692 0.0000000000
157563  -24.230  6.787  -17.749 0.0000000000
81291  -25.764  6.871  -18.424 0.0000000000
140864  -24.980  5.482  -17.512 0.0000000000
81281  -25.332  6.043  -17.932 0.0000000000
81292  -26.654  6.505  -18.694 0.0000000000
81293  -27.462  6.273  -18.872 0.0000000000
81294  -28.292  5.802  -19.111 0.0000000000
81302  -29.584  5.798  -19.892 0.0000000000
80306  -29.739  4.779  -19.708 0.0000000000
80301  -29.255  4.276  -19.270 0.0000000000
79349  -27.887  3.520  -18.267 0.0000000000
79350  -28.655  3.837  -18.455 0.0000000000
97868  -29.102  25.218  -26.177 0.0000000000
97124  -28.563  24.680  -27.106 0.0000000000
97126  -30.280  24.187  -26.151 0.0000000000
93745  -22.939  20.237  -23.425 0.0000000000
92878  -24.118  19.838  -22.906 0.0000000000
92860  -25.868  19.702  -22.731 0.0000000000
143046  -25.954  18.364  -22.774 0.0000000000
92880  -26.360  18.957  -22.681 0.0000000000
144942  -27.514  19.668  -22.532 0.0000000000
143695  -28.610  19.646  -22.432 0.0000000000
93747  -31.743  20.305  -22.777 0.0000000000
90086  -27.777  16.688  -23.224 0.0000000000
153137  -28.251  17.289  -22.893 0.0000000000
90941  -28.686  17.994  -22.635 0.0000000000
90943  -30.573  18.032  -21.776 0.0000000000
90942  -29.504  18.075  -22.223 0.0000000000
91929  -30.065  18.778  -22.090 0.0000000000
92865  -30.625  19.346  -22.079 0.0000000000
147523  -31.077  19.841  -22.209 0.0000000000
93748  -32.379  20.479  -23.638 0.0000000000
93757  -32.728  20.588  -24.624 0.0000000000
84954  -30.473  10.594  -21.425 0.0000000000
84955  -31.438  10.654  -21.490 0.0000000000
84090  -31.957  9.906  -21.599 0.0000000000
152777  -31.572  9.242  -21.506 0.0000000000
83200  -32.480  9.039  -21.745 0.0000000000
84100  -33.459  9.876  -22.527 0.0000000000
76523  -19.328  1.828  -13.174 0.0000000000
76524  -20.714  1.111  -13.940 0.0000000000
76533  -21.270  1.931  -14.327 0.0000000000
77472  -22.151  2.594  -14.799 0.0000000000
76552  -22.922  2.083  -15.244 0.0000000000
76553  -23.778  1.790  -15.459 0.0000000000
74640  -23.097  -1.052  -14.306 0.0000000000
75541  -23.437  0.351  -14.882 0.0000000000
76535  -24.064  0.941  -15.239 0.0000000000
77487  -24.387  2.284  -15.832 0.0000000000
77488  -25.213  2.007  -16.032 0.0000000000
78437  -25.774  3.069  -17.125 0.0000000000
78457  -28.220  3.353  -17.739 0.0000000000
79331  -22.727  4.818  -16.498 0.0000000000
79333  -24.724  4.016  -16.945 0.0000000000
79362  -28.233  4.132  -18.653 0.0000000000
79375  -29.875  4.230  -19.331 0.0000000000
80305  -29.048  5.209  -19.478 0.0000000000
81290  -24.814  6.850  -18.006 0.0000000000
82230  -22.632  7.714  -17.724 0.0000000000
82256  -26.492  7.814  -19.309 0.0000000000
82258  -29.377  6.866  -19.972 0.0000000000
83153  -20.985  8.480  -17.538 0.0000000000
83166  -23.250  8.696  -18.566 0.0000000000
83177  -25.246  8.842  -19.385 0.0000000000
83190  -30.296  8.100  -20.857 0.0000000000
84047  -22.065  9.460  -18.666 0.0000000000
84062  -25.002  9.474  -19.751 0.0000000000
84074  -27.807  9.144  -20.483 0.0000000000
84099  -32.871  9.893  -21.836 0.0000000000
84920  -22.129  10.123  -18.984 0.0000000000
84933  -23.434  9.923  -19.617 0.0000000000
84951  -26.801  10.936  -21.492 0.0000000000
84953  -29.483  10.516  -21.358 0.0000000000
85794  -21.322  11.686  -19.349 0.0000000000
85808  -24.076  11.954  -21.354 0.0000000000
85823  -26.074  11.964  -22.235 0.0000000000
86679  -24.111  12.461  -21.681 0.0000000000
86682  -28.587  12.200  -21.769 0.0000000000
86696  -25.188  12.708  -22.522 0.0000000000
87527  -24.137  13.903  -22.435 0.0000000000
87529  -25.169  13.371  -22.833 0.0000000000
87532  -27.944  13.207  -23.203 0.0000000000
87544  -25.664  13.882  -23.340 0.0000000000
87547  -27.657  13.859  -23.421 0.0000000000
88371  -30.750  14.774  -21.544 0.0000000000
88372  -32.099  14.502  -21.846 0.0000000000
88373  -32.274  13.932  -21.847 0.0000000000
88382  -29.159  14.812  -22.228 0.0000000000
88391  -25.523  14.752  -23.404 0.0000000000
88393  -27.207  14.612  -23.465 0.0000000000
89223  -30.272  15.397  -21.564 0.0000000000
89233  -28.898  15.588  -22.605 0.0000000000
89243  -25.303  15.608  -23.269 0.0000000000
89246  -27.634  15.365  -23.467 0.0000000000
89247  -33.251  15.917  -22.969 0.0000000000
90060  -22.372  16.184  -22.204 0.0000000000
90068  -22.293  17.595  -22.526 0.0000000000
90071  -24.668  15.974  -23.073 0.0000000000
90074  -31.986  16.609  -22.155 0.0000000000
90085  -27.047  16.831  -23.239 0.0000000000
90944  -31.371  17.368  -21.787 0.0000000000
90955  -26.876  17.539  -22.962 0.0000000000
90956  -27.579  17.428  -22.999 0.0000000000
90970  -33.380  17.837  -24.489 0.0000000000
91924  -22.647  18.249  -22.825 0.0000000000
91928  -29.104  18.656  -22.409 0.0000000000
91941  -23.033  18.837  -23.078 0.0000000000
91948  -32.737  18.710  -23.450 0.0000000000
92858  -22.656  19.666  -23.228 0.0000000000
92859  -24.942  19.713  -22.721 0.0000000000
92861  -26.781  19.679  -22.622 0.0000000000
92862  -28.069  19.355  -22.502 0.0000000000
92863  -28.712  19.085  -22.448 0.0000000000
92879  -25.473  18.939  -22.737 0.0000000000
92890  -33.297  19.205  -25.249 0.0000000000
93724  -22.311  20.439  -23.193 0.0000000000
93731  -28.973  20.318  -22.381 0.0000000000
93733  -30.885  20.405  -22.290 0.0000000000
94611  -27.621  21.012  -22.557 0.0000000000
95519  -31.130  22.869  -23.009 0.0000000000
95527  -32.197  22.138  -24.875 0.0000000000
96345  -29.884  23.880  -23.195 0.0000000000
96352  -30.899  23.864  -24.125 0.0000000000
97111  -29.928  24.862  -24.686 0.0000000000
97112  -30.439  24.392  -24.391 0.0000000000
97861  -29.278  25.321  -25.078 0.0000000000
98644  -27.401  26.511  -24.565 0.0000000000
98651  -26.705  26.677  -26.280 0.0000000000
136125  -25.021  10.666  -20.701 0.0000000000
138634  -29.674  22.584  -22.546 0.0000000000
138841  -27.637  23.333  -22.627 0.0000000000
144681  -33.492  17.166  -24.697 0.0000000000
144703  -29.044  11.121  -21.422 0.0000000000
145298  -24.998  16.709  -22.963 0.0000000000
146628  -27.277  16.092  -23.405 0.0000000000
148634  -29.128  8.565  -20.409 0.0000000000
150339  -33.620  12.933  -22.716 0.0000000000
150442  -21.770  13.221  -20.480 0.0000000000
150728  -26.052  21.303  -22.629 0.0000000000
151008  -26.971  25.103  -23.164 0.0000000000
151558  -22.763  16.864  -22.604 0.0000000000
152067  -30.811  6.163  -20.462 0.0000000000
152156  -22.966  15.687  -22.380 0.0000000000
152159  -29.885  21.874  -22.392 0.0000000000
154631  -27.733  25.836  -23.758 0.0000000000
156501  -26.223  11.418  -21.745 0.0000000000
156641  -32.421  11.938  -21.681 0.0000000000
