#!ascii label  , from subject sub-v2s12x28888_ses-1 vox2ras=TkReg
580
72507  21.994  8.135  -27.804 0.0000000000
78510  29.931  14.419  -31.241 0.0000000000
144308  26.652  24.472  -29.773 0.0000000000
83951  20.315  20.253  -28.102 0.0000000000
143965  24.047  3.851  -27.137 0.0000000000
70763  27.840  5.750  -29.239 0.0000000000
136866  25.872  11.546  -29.512 0.0000000000
80358  23.402  16.148  -31.151 0.0000000000
83038  27.471  19.797  -30.347 0.0000000000
125546  30.103  24.022  -34.363 0.0000000000
91393  27.185  28.966  -31.976 0.0000000000
69819  23.180  5.758  -27.409 0.0000000000
69816  25.910  4.806  -28.064 0.0000000000
71634  24.554  7.380  -28.272 0.0000000000
78479  21.657  14.152  -29.260 0.0000000000
80329  20.851  16.675  -28.517 0.0000000000
85857  22.537  22.682  -31.075 0.0000000000
83996  23.544  20.418  -31.665 0.0000000000
85853  27.051  22.153  -29.578 0.0000000000
85864  30.381  21.997  -31.606 0.0000000000
87656  30.032  24.564  -30.396 0.0000000000
92243  25.039  30.180  -30.856 0.0000000000
91373  25.070  28.519  -30.041 0.0000000000
93056  25.209  30.012  -33.919 0.0000000000
77494  27.882  13.251  -29.679 0.0000000000
74503  29.261  9.877  -30.986 0.0000000000
75573  31.497  11.294  -32.568 0.0000000000
87648  21.997  24.841  -29.902 0.0000000000
80386  30.607  16.032  -34.173 0.0000000000
74451  21.302  10.793  -27.684 0.0000000000
73454  24.006  9.478  -28.748 0.0000000000
75540  22.378  11.577  -29.211 0.0000000000
77516  24.621  13.478  -30.511 0.0000000000
79414  26.693  15.463  -29.994 0.0000000000
82127  22.032  18.538  -30.251 0.0000000000
136025  25.363  18.024  -31.628 0.0000000000
81246  29.417  17.539  -30.591 0.0000000000
83060  30.648  19.381  -32.590 0.0000000000
89518  24.061  26.335  -30.299 0.0000000000
90455  27.954  27.051  -30.682 0.0000000000
93080  26.284  30.265  -35.544 0.0000000000
92258  28.827  29.867  -33.247 0.0000000000
90464  30.168  27.506  -31.178 0.0000000000
89557  31.124  27.036  -34.183 0.0000000000
72535  27.080  8.420  -29.278 0.0000000000
143668  20.333  9.010  -27.064 0.0000000000
71621  20.737  7.936  -27.070 0.0000000000
71619  22.369  7.446  -27.737 0.0000000000
70766  23.759  7.023  -28.011 0.0000000000
71635  23.667  7.915  -28.302 0.0000000000
86783  24.213  23.271  -31.148 0.0000000000
85856  24.593  22.518  -31.033 0.0000000000
122611  26.775  22.931  -29.614 0.0000000000
86779  28.893  23.289  -29.548 0.0000000000
87658  28.805  24.349  -29.522 0.0000000000
93783  24.493  31.436  -32.353 0.0000000000
142951  24.819  30.664  -32.268 0.0000000000
93790  24.209  31.437  -33.146 0.0000000000
124926  29.021  14.107  -30.149 0.0000000000
76554  29.173  12.619  -30.563 0.0000000000
77530  30.600  13.341  -32.267 0.0000000000
86762  20.796  23.842  -28.974 0.0000000000
87635  20.820  24.750  -28.774 0.0000000000
68845  22.512  4.710  -26.617 0.0000000000
66820  23.252  2.891  -26.216 0.0000000000
66819  24.703  2.695  -26.178 0.0000000000
67839  25.470  3.174  -26.481 0.0000000000
69832  27.273  5.311  -28.729 0.0000000000
68859  27.400  4.444  -27.844 0.0000000000
75522  22.114  10.962  -28.735 0.0000000000
75541  21.712  11.998  -29.042 0.0000000000
78497  22.844  14.864  -30.428 0.0000000000
77518  22.914  13.824  -30.225 0.0000000000
78511  24.155  15.072  -31.073 0.0000000000
78494  25.579  14.486  -30.428 0.0000000000
79431  24.699  15.525  -31.214 0.0000000000
136908  20.322  18.514  -28.329 0.0000000000
83020  20.942  19.373  -29.001 0.0000000000
83040  25.862  19.703  -30.831 0.0000000000
83049  24.462  19.356  -31.951 0.0000000000
82125  26.377  18.979  -30.752 0.0000000000
81249  26.731  17.662  -30.577 0.0000000000
82123  28.164  18.727  -30.396 0.0000000000
82136  30.465  18.048  -31.643 0.0000000000
83035  30.045  19.703  -30.921 0.0000000000
130766  30.508  22.798  -33.133 0.0000000000
85879  30.445  22.066  -33.672 0.0000000000
91384  25.837  28.900  -31.260 0.0000000000
89503  23.968  27.101  -29.953 0.0000000000
90468  26.609  27.615  -30.824 0.0000000000
89517  25.472  26.564  -30.449 0.0000000000
90467  27.374  27.665  -30.993 0.0000000000
91390  29.864  29.032  -32.011 0.0000000000
91388  31.194  28.546  -32.949 0.0000000000
90477  31.140  27.618  -32.641 0.0000000000
74468  25.102  10.192  -28.840 0.0000000000
73453  25.369  9.453  -28.678 0.0000000000
74467  26.112  10.048  -28.805 0.0000000000
73486  30.858  9.196  -31.864 0.0000000000
72546  30.037  8.144  -31.242 0.0000000000
69800  21.972  5.578  -26.752 0.0000000000
68862  23.312  4.969  -27.178 0.0000000000
135078  24.653  4.071  -27.307 0.0000000000
69835  24.510  5.696  -27.663 0.0000000000
69834  25.297  5.563  -27.922 0.0000000000
70764  26.841  6.116  -28.848 0.0000000000
78463  21.014  14.458  -28.210 0.0000000000
79399  21.713  15.589  -29.399 0.0000000000
79418  22.134  16.004  -29.872 0.0000000000
84910  20.998  21.103  -28.994 0.0000000000
83984  21.769  20.593  -29.970 0.0000000000
83997  23.152  21.185  -31.487 0.0000000000
84934  24.951  20.943  -31.246 0.0000000000
83980  27.571  20.835  -29.899 0.0000000000
146616  29.158  20.810  -30.040 0.0000000000
84919  29.701  21.827  -30.163 0.0000000000
85850  30.396  22.847  -31.061 0.0000000000
128277  30.540  24.181  -32.594 0.0000000000
92229  25.139  29.067  -29.512 0.0000000000
92235  25.202  29.293  -30.305 0.0000000000
92242  25.610  29.586  -31.788 0.0000000000
92252  26.080  29.643  -32.552 0.0000000000
76536  27.263  12.086  -29.462 0.0000000000
75535  27.497  11.164  -29.416 0.0000000000
76535  28.310  11.748  -29.729 0.0000000000
75562  30.512  10.664  -32.122 0.0000000000
142597  19.735  20.846  -27.465 0.0000000000
85833  20.501  22.011  -28.399 0.0000000000
86785  22.448  23.507  -30.851 0.0000000000
145386  25.165  24.481  -30.325 0.0000000000
68843  26.797  3.930  -26.909 0.0000000000
79438  30.569  15.211  -32.805 0.0000000000
78521  30.849  14.107  -32.648 0.0000000000
143538  21.075  9.311  -27.395 0.0000000000
72525  22.499  8.735  -28.149 0.0000000000
74471  22.643  10.205  -28.611 0.0000000000
74489  23.832  10.752  -29.397 0.0000000000
75538  24.239  11.383  -29.830 0.0000000000
140722  22.589  13.042  -29.803 0.0000000000
76557  24.194  12.754  -30.426 0.0000000000
76538  25.351  12.095  -29.990 0.0000000000
77496  26.227  13.230  -29.877 0.0000000000
78492  27.346  14.756  -29.754 0.0000000000
123250  28.469  14.947  -29.947 0.0000000000
142594  21.544  17.213  -29.516 0.0000000000
80359  23.012  16.797  -30.942 0.0000000000
136115  22.398  19.329  -30.572 0.0000000000
81266  23.158  18.194  -31.239 0.0000000000
80371  24.431  16.862  -31.739 0.0000000000
80357  25.849  16.465  -30.923 0.0000000000
80354  28.189  16.755  -30.218 0.0000000000
135442  29.835  16.016  -30.866 0.0000000000
139025  30.506  17.145  -32.041 0.0000000000
127928  30.539  17.571  -33.979 0.0000000000
83993  30.443  20.693  -31.836 0.0000000000
143633  23.541  25.886  -30.300 0.0000000000
88548  25.603  25.698  -30.337 0.0000000000
131939  26.480  25.434  -30.044 0.0000000000
93065  25.958  29.774  -34.848 0.0000000000
92266  27.314  30.055  -34.075 0.0000000000
126507  27.924  30.408  -34.800 0.0000000000
92250  28.385  29.440  -32.652 0.0000000000
91381  28.511  28.395  -31.573 0.0000000000
90454  28.949  27.321  -30.576 0.0000000000
88529  28.756  25.602  -29.609 0.0000000000
133238  30.562  26.074  -31.198 0.0000000000
131622  30.942  26.063  -32.900 0.0000000000
88582  30.276  25.371  -34.857 0.0000000000
72523  23.862  8.726  -28.540 0.0000000000
131784  26.325  8.154  -28.821 0.0000000000
71645  27.273  7.523  -29.304 0.0000000000
73465  27.875  9.441  -29.543 0.0000000000
72533  28.567  7.751  -30.265 0.0000000000
72509  20.831  8.803  -27.271 0.0000000000
71620  21.461  7.580  -27.434 0.0000000000
71618  23.100  7.427  -27.997 0.0000000000
71636  22.822  8.031  -28.083 0.0000000000
127276  25.605  23.977  -30.162 0.0000000000
86782  24.916  23.226  -30.386 0.0000000000
144031  26.406  23.622  -29.799 0.0000000000
86780  27.275  23.655  -29.557 0.0000000000
87659  27.771  24.448  -29.497 0.0000000000
143149  29.563  14.053  -30.777 0.0000000000
77531  29.937  13.560  -31.468 0.0000000000
78509  30.287  14.080  -31.913 0.0000000000
68844  23.421  4.185  -26.911 0.0000000000
67842  22.751  3.691  -26.369 0.0000000000
67841  23.677  3.436  -26.704 0.0000000000
141869  23.991  2.873  -26.433 0.0000000000
67840  24.520  3.364  -26.824 0.0000000000
140694  27.598  4.837  -28.503 0.0000000000
133702  28.029  5.130  -28.970 0.0000000000
69830  29.018  5.679  -28.850 0.0000000000
76519  21.346  12.306  -28.350 0.0000000000
79417  23.494  15.413  -30.924 0.0000000000
79432  24.030  15.928  -31.531 0.0000000000
83002  20.080  19.306  -27.996 0.0000000000
83021  20.432  19.697  -28.380 0.0000000000
83039  26.737  19.684  -30.491 0.0000000000
134128  27.307  19.067  -30.473 0.0000000000
130612  28.831  19.069  -30.476 0.0000000000
82121  29.576  18.985  -30.728 0.0000000000
83036  29.234  19.690  -30.493 0.0000000000
86805  30.371  23.587  -33.582 0.0000000000
136949  30.221  22.725  -34.199 0.0000000000
91394  26.383  29.198  -31.867 0.0000000000
90469  25.892  28.021  -30.777 0.0000000000
91383  26.701  28.408  -31.313 0.0000000000
91382  27.659  28.316  -31.546 0.0000000000
92256  30.748  29.673  -33.461 0.0000000000
92265  31.338  29.561  -34.174 0.0000000000
91405  31.460  28.718  -33.796 0.0000000000
74487  25.539  10.821  -29.227 0.0000000000
74486  26.536  10.883  -29.223 0.0000000000
73474  31.321  9.320  -31.691 0.0000000000
73475  30.740  8.642  -31.409 0.0000000000
69820  22.329  6.101  -27.237 0.0000000000
69821  21.591  6.351  -26.894 0.0000000000
68863  22.674  5.420  -27.058 0.0000000000
69818  23.961  5.338  -27.458 0.0000000000
70748  23.841  6.153  -27.673 0.0000000000
70765  24.616  6.425  -27.914 0.0000000000
144921  25.618  6.575  -28.402 0.0000000000
79400  21.296  16.036  -28.886 0.0000000000
79388  20.987  15.583  -28.335 0.0000000000
80342  21.659  16.437  -29.463 0.0000000000
85843  21.441  21.655  -29.536 0.0000000000
84925  21.908  21.404  -30.097 0.0000000000
84937  22.807  21.955  -31.351 0.0000000000
85854  26.125  22.244  -29.763 0.0000000000
84923  24.987  21.750  -30.688 0.0000000000
145177  25.604  21.736  -30.042 0.0000000000
84921  26.503  21.180  -29.884 0.0000000000
84920  29.022  21.379  -29.751 0.0000000000
122847  27.924  21.610  -29.630 0.0000000000
86778  29.557  23.915  -29.971 0.0000000000
85851  29.732  22.859  -30.206 0.0000000000
86777  30.182  23.704  -30.667 0.0000000000
86791  30.440  23.699  -31.687 0.0000000000
87677  30.543  24.685  -31.679 0.0000000000
93034  25.217  30.741  -30.298 0.0000000000
93031  25.192  29.886  -29.932 0.0000000000
135516  25.066  30.422  -33.072 0.0000000000
93038  25.077  30.097  -31.660 0.0000000000
93047  25.341  30.075  -32.452 0.0000000000
126592  25.734  29.921  -33.259 0.0000000000
135718  27.836  12.545  -29.593 0.0000000000
76555  28.539  12.598  -29.903 0.0000000000
76568  30.428  11.798  -32.150 0.0000000000
75563  29.546  11.625  -31.296 0.0000000000
144468  30.974  11.058  -32.382 0.0000000000
121000  19.052  21.297  -25.638 0.0000000000
121053  19.594  21.647  -27.236 0.0000000000
85819  19.900  22.355  -27.739 0.0000000000
87649  21.393  24.361  -29.417 0.0000000000
136721  21.436  23.458  -29.527 0.0000000000
87663  22.506  24.371  -30.695 0.0000000000
87671  22.876  23.906  -31.282 0.0000000000
87662  23.061  24.621  -31.000 0.0000000000
68861  25.453  4.316  -27.553 0.0000000000
67852  25.889  3.778  -27.121 0.0000000000
68860  26.359  4.293  -27.744 0.0000000000
68842  27.749  4.164  -26.816 0.0000000000
80378  30.563  15.813  -33.481 0.0000000000
74452  20.490  10.237  -27.259 0.0000000000
73439  21.299  9.846  -27.593 0.0000000000
73456  22.125  9.530  -28.266 0.0000000000
74472  21.825  10.355  -28.284 0.0000000000
74490  22.982  10.849  -29.067 0.0000000000
75539  23.363  11.487  -29.519 0.0000000000
77480  21.310  13.905  -28.708 0.0000000000
77499  21.536  13.311  -29.137 0.0000000000
77498  22.113  13.564  -29.585 0.0000000000
77517  23.830  13.589  -30.571 0.0000000000
76558  23.354  12.917  -30.176 0.0000000000
76539  24.599  12.022  -30.178 0.0000000000
76556  24.967  12.739  -30.295 0.0000000000
77497  25.621  12.775  -30.043 0.0000000000
77515  25.436  13.531  -30.274 0.0000000000
121140  25.981  15.104  -30.413 0.0000000000
78493  26.416  14.608  -29.992 0.0000000000
79413  27.635  15.448  -29.847 0.0000000000
82128  21.304  18.647  -29.459 0.0000000000
81232  20.938  17.978  -29.097 0.0000000000
81252  21.740  17.817  -29.902 0.0000000000
81251  22.623  17.738  -30.680 0.0000000000
83983  22.399  20.244  -30.644 0.0000000000
83041  21.628  19.823  -29.860 0.0000000000
83051  23.011  19.886  -31.273 0.0000000000
82138  24.940  18.714  -31.916 0.0000000000
82139  24.298  18.655  -32.017 0.0000000000
81276  24.541  17.873  -31.977 0.0000000000
124947  23.928  17.432  -31.814 0.0000000000
81264  25.061  17.328  -31.734 0.0000000000
80370  25.209  16.664  -31.465 0.0000000000
81250  25.783  17.312  -31.142 0.0000000000
81247  28.591  17.528  -30.377 0.0000000000
132840  27.120  16.892  -30.255 0.0000000000
141259  29.029  16.993  -30.376 0.0000000000
134649  29.104  16.323  -30.367 0.0000000000
80353  29.672  16.809  -30.717 0.0000000000
80369  30.239  16.550  -31.409 0.0000000000
81263  30.162  17.387  -31.113 0.0000000000
82149  30.651  18.760  -32.149 0.0000000000
81262  30.694  17.835  -32.675 0.0000000000
82158  30.645  18.639  -33.382 0.0000000000
82163  30.587  18.203  -34.590 0.0000000000
127287  30.535  18.983  -34.371 0.0000000000
141758  30.232  21.264  -30.903 0.0000000000
83977  30.242  20.378  -31.140 0.0000000000
147070  30.390  21.350  -31.647 0.0000000000
90449  23.947  27.803  -29.369 0.0000000000
123645  24.681  26.893  -30.343 0.0000000000
89504  23.412  26.435  -29.887 0.0000000000
88532  22.032  25.826  -29.563 0.0000000000
89516  26.312  26.281  -30.351 0.0000000000
89515  27.161  26.060  -29.965 0.0000000000
93081  25.452  30.159  -35.398 0.0000000000
92267  26.456  29.813  -34.261 0.0000000000
93064  26.834  30.137  -34.855 0.0000000000
93054  29.305  30.173  -33.846 0.0000000000
93063  28.857  30.396  -34.430 0.0000000000
93055  28.318  30.191  -33.933 0.0000000000
92259  27.803  29.815  -33.322 0.0000000000
91391  28.947  29.019  -32.010 0.0000000000
91379  30.186  28.253  -31.649 0.0000000000
90465  29.613  27.785  -31.061 0.0000000000
90453  29.818  27.061  -30.651 0.0000000000
89513  29.300  26.486  -30.161 0.0000000000
89512  30.070  26.121  -30.459 0.0000000000
89532  30.392  26.853  -31.056 0.0000000000
89549  31.215  26.922  -33.179 0.0000000000
89550  30.765  26.164  -33.969 0.0000000000
88575  30.552  25.320  -33.714 0.0000000000
89558  30.478  26.250  -35.148 0.0000000000
73455  23.157  9.343  -28.504 0.0000000000
72522  26.226  9.065  -28.782 0.0000000000
144677  25.568  8.699  -28.649 0.0000000000
75534  28.451  10.664  -29.930 0.0000000000
74485  27.807  10.304  -29.510 0.0000000000
73464  28.538  9.625  -30.191 0.0000000000
71642  29.873  7.558  -30.804 0.0000000000
72547  29.330  7.890  -30.799 0.0000000000
71644  29.231  7.216  -30.485 0.0000000000
70750  21.920  6.860  -27.361 0.0000000000
70749  22.906  6.682  -27.672 0.0000000000
86792  23.592  23.195  -31.420 0.0000000000
85865  23.943  22.573  -31.492 0.0000000000
85855  25.218  22.419  -30.134 0.0000000000
122450  27.892  22.788  -29.463 0.0000000000
129052  28.153  23.692  -29.478 0.0000000000
93776  24.929  31.147  -31.151 0.0000000000
137591  24.679  31.099  -31.799 0.0000000000
93039  24.857  30.640  -31.558 0.0000000000
142277  24.587  30.933  -32.879 0.0000000000
93057  24.639  30.763  -33.578 0.0000000000
77513  28.766  13.356  -30.010 0.0000000000
77512  29.405  13.404  -30.679 0.0000000000
76569  29.746  12.657  -31.375 0.0000000000
127079  30.293  12.774  -31.996 0.0000000000
135296  20.473  24.240  -28.379 0.0000000000
68846  21.634  5.056  -26.197 0.0000000000
145521  21.277  4.684  -25.684 0.0000000000
67843  21.765  4.077  -26.066 0.0000000000
144764  22.063  3.467  -26.058 0.0000000000
66800  24.823  2.117  -25.773 0.0000000000
66818  25.493  2.448  -25.874 0.0000000000
66817  26.334  2.829  -25.964 0.0000000000
68874  26.802  4.809  -28.288 0.0000000000
144075  21.702  10.900  -28.296 0.0000000000
75523  21.577  11.456  -28.394 0.0000000000
144708  21.886  11.491  -28.915 0.0000000000
144238  22.130  12.104  -29.357 0.0000000000
78478  22.265  14.432  -29.766 0.0000000000
78496  23.613  14.504  -30.699 0.0000000000
78495  24.331  14.255  -30.744 0.0000000000
121972  24.962  14.112  -30.555 0.0000000000
79416  24.831  14.804  -30.800 0.0000000000
79415  25.374  15.275  -30.801 0.0000000000
135406  25.934  15.738  -30.646 0.0000000000
82107  20.293  19.114  -28.299 0.0000000000
137209  21.598  19.177  -29.828 0.0000000000
83995  24.575  20.194  -31.744 0.0000000000
84008  24.005  19.899  -31.995 0.0000000000
83048  25.122  19.506  -31.624 0.0000000000
82126  25.639  18.842  -31.288 0.0000000000
135735  26.062  18.188  -30.951 0.0000000000
142328  26.765  18.435  -30.619 0.0000000000
131930  28.180  18.074  -30.402 0.0000000000
82122  28.965  18.305  -30.471 0.0000000000
82137  29.919  18.198  -30.886 0.0000000000
135103  30.275  18.903  -31.298 0.0000000000
83047  30.470  19.691  -31.703 0.0000000000
122950  30.407  22.814  -32.144 0.0000000000
85871  30.522  22.092  -32.684 0.0000000000
141653  30.209  22.016  -34.662 0.0000000000
135024  25.297  28.061  -30.394 0.0000000000
90459  24.679  27.772  -30.051 0.0000000000
90458  25.340  27.395  -30.442 0.0000000000
90457  26.097  27.110  -30.589 0.0000000000
90456  27.033  26.862  -30.540 0.0000000000
92257  29.818  29.861  -33.221 0.0000000000
92249  29.390  29.495  -32.579 0.0000000000
92248  30.276  29.401  -32.693 0.0000000000
91389  30.540  28.804  -32.398 0.0000000000
136202  30.776  28.148  -32.269 0.0000000000
90478  30.664  27.429  -31.782 0.0000000000
90484  31.388  27.840  -33.460 0.0000000000
74469  24.265  10.162  -29.023 0.0000000000
141821  24.647  9.657  -28.735 0.0000000000
73466  27.011  9.276  -29.260 0.0000000000
145653  29.861  9.706  -31.614 0.0000000000
73477  29.294  8.785  -30.994 0.0000000000
73476  30.105  9.036  -31.607 0.0000000000
72545  30.395  7.947  -30.950 0.0000000000
132602  24.034  4.531  -27.301 0.0000000000
69817  24.763  4.922  -27.549 0.0000000000
147009  25.367  4.891  -27.757 0.0000000000
69833  26.275  5.495  -28.425 0.0000000000
79387  21.349  14.925  -28.876 0.0000000000
131211  21.801  14.878  -29.425 0.0000000000
79398  22.247  15.277  -29.892 0.0000000000
138800  22.741  15.891  -30.543 0.0000000000
83969  20.750  20.423  -28.700 0.0000000000
83968  21.072  20.094  -29.126 0.0000000000
84909  21.291  20.846  -29.377 0.0000000000
84924  22.472  21.142  -30.873 0.0000000000
141764  22.897  20.589  -31.285 0.0000000000
84936  23.519  21.880  -31.593 0.0000000000
123953  23.847  21.108  -31.749 0.0000000000
134143  24.337  20.887  -31.674 0.0000000000
83982  25.713  20.552  -30.567 0.0000000000
147007  26.382  20.298  -30.406 0.0000000000
131928  27.935  20.269  -30.167 0.0000000000
83979  28.808  20.292  -30.218 0.0000000000
145293  28.411  20.844  -29.903 0.0000000000
144797  30.198  22.149  -30.722 0.0000000000
85852  28.932  22.246  -29.574 0.0000000000
86799  30.499  23.418  -32.637 0.0000000000
87684  30.446  24.491  -33.541 0.0000000000
92234  25.299  29.472  -31.050 0.0000000000
91372  25.409  28.687  -30.639 0.0000000000
141701  26.771  29.397  -32.481 0.0000000000
75536  26.660  11.627  -29.403 0.0000000000
75552  29.025  11.061  -30.622 0.0000000000
75553  28.927  11.949  -30.382 0.0000000000
74502  29.710  10.433  -31.503 0.0000000000
74513  30.463  9.667  -31.925 0.0000000000
131501  19.875  20.314  -27.623 0.0000000000
84900  20.633  21.057  -28.479 0.0000000000
85844  20.980  21.843  -29.008 0.0000000000
139159  21.480  22.549  -29.562 0.0000000000
86771  20.883  22.841  -28.996 0.0000000000
86786  21.999  23.126  -30.121 0.0000000000
145773  22.273  22.919  -30.602 0.0000000000
86793  23.140  23.431  -31.439 0.0000000000
129370  24.558  24.102  -30.617 0.0000000000
67853  25.180  3.718  -27.104 0.0000000000
130170  26.238  3.422  -26.528 0.0000000000
79429  30.323  14.805  -31.869 0.0000000000
72526  21.575  8.909  -27.748 0.0000000000
74470  23.506  10.139  -28.873 0.0000000000
74488  24.649  10.778  -29.427 0.0000000000
75537  25.024  11.400  -29.835 0.0000000000
76542  21.475  12.652  -28.964 0.0000000000
76541  21.933  12.667  -29.425 0.0000000000
76540  22.819  12.280  -29.596 0.0000000000
75554  23.785  12.091  -30.050 0.0000000000
76537  26.258  12.339  -29.666 0.0000000000
77495  27.054  12.914  -29.564 0.0000000000
77514  26.106  13.941  -30.064 0.0000000000
78477  26.983  13.854  -29.690 0.0000000000
78476  28.078  14.071  -29.769 0.0000000000
78491  29.422  14.722  -30.498 0.0000000000
81233  20.575  17.671  -28.535 0.0000000000
80343  21.099  17.003  -29.002 0.0000000000
80360  22.206  16.831  -30.155 0.0000000000
82150  23.893  19.141  -31.911 0.0000000000
82140  23.246  19.000  -31.340 0.0000000000
82141  22.719  18.554  -30.807 0.0000000000
80373  23.382  17.514  -31.372 0.0000000000
80372  23.690  16.759  -31.508 0.0000000000
143293  24.710  16.170  -31.487 0.0000000000
134362  25.298  15.954  -31.168 0.0000000000
80356  26.542  16.276  -30.338 0.0000000000
134296  26.395  16.923  -30.608 0.0000000000
80355  27.386  16.133  -29.987 0.0000000000
79412  28.365  15.866  -30.066 0.0000000000
79411  29.238  15.519  -30.398 0.0000000000
79430  29.917  15.206  -31.036 0.0000000000
135111  30.276  15.678  -31.690 0.0000000000
80368  30.470  16.179  -32.439 0.0000000000
81275  30.557  16.718  -33.380 0.0000000000
83978  29.709  20.491  -30.541 0.0000000000
84944  30.572  21.365  -33.283 0.0000000000
83066  30.620  19.712  -33.483 0.0000000000
88533  21.389  25.255  -29.134 0.0000000000
88551  22.598  25.192  -30.411 0.0000000000
88549  24.763  26.033  -30.403 0.0000000000
133578  24.023  25.567  -30.468 0.0000000000
87661  23.836  24.769  -30.753 0.0000000000
87660  24.785  25.060  -30.407 0.0000000000
141636  25.737  24.840  -30.233 0.0000000000
88547  27.406  25.287  -29.627 0.0000000000
93796  24.234  31.336  -34.035 0.0000000000
93067  24.630  30.528  -34.418 0.0000000000
93066  25.272  29.908  -34.694 0.0000000000
92261  25.849  29.698  -34.125 0.0000000000
92260  26.667  29.715  -33.349 0.0000000000
92251  27.452  29.397  -32.653 0.0000000000
93079  27.201  30.477  -35.607 0.0000000000
91392  27.998  28.886  -32.106 0.0000000000
90466  28.229  27.765  -31.114 0.0000000000
91380  29.370  28.440  -31.537 0.0000000000
134989  28.959  27.976  -31.107 0.0000000000
137045  27.729  26.467  -30.206 0.0000000000
89514  28.474  26.557  -30.143 0.0000000000
88530  28.091  25.913  -29.704 0.0000000000
87647  28.319  25.147  -29.481 0.0000000000
87646  29.023  25.128  -29.552 0.0000000000
88546  29.929  25.290  -30.213 0.0000000000
88545  30.407  25.231  -30.844 0.0000000000
140803  30.713  26.639  -31.652 0.0000000000
124326  30.843  26.028  -31.999 0.0000000000
88561  30.627  25.446  -31.613 0.0000000000
88568  30.693  25.175  -32.539 0.0000000000
87691  30.150  24.616  -34.584 0.0000000000
135317  30.487  26.589  -35.713 0.0000000000
88590  29.878  25.322  -36.033 0.0000000000
87699  29.732  24.594  -35.681 0.0000000000
72524  23.225  8.553  -28.337 0.0000000000
122228  24.402  8.179  -28.489 0.0000000000
124646  24.696  8.873  -28.620 0.0000000000
122114  25.350  7.882  -28.560 0.0000000000
71633  26.491  7.137  -28.831 0.0000000000
70776  27.562  6.578  -29.322 0.0000000000
70775  28.383  6.245  -29.621 0.0000000000
146804  27.211  10.645  -29.323 0.0000000000
72534  27.899  8.571  -29.587 0.0000000000
130487  28.589  8.618  -30.307 0.0000000000
130528  27.864  7.854  -29.619 0.0000000000
138641  28.364  6.977  -29.928 0.0000000000
70762  28.587  5.787  -29.316 0.0000000000
77540  31.518  13.088  -32.699 0.0000000000
68873  28.098  4.757  -28.392 0.0000000000
69831  28.562  5.258  -28.656 0.0000000000
72508  21.247  8.228  -27.472 0.0000000000
81248  27.696  17.539  -30.365 0.0000000000
81265  23.760  18.240  -31.794 0.0000000000
82106  20.704  18.770  -28.796 0.0000000000
82124  27.461  18.258  -30.466 0.0000000000
83037  28.244  19.574  -30.342 0.0000000000
83050  23.586  19.678  -31.693 0.0000000000
83981  27.107  20.334  -30.210 0.0000000000
83994  25.244  20.183  -31.255 0.0000000000
84886  20.148  21.086  -27.822 0.0000000000
84922  25.515  21.196  -30.422 0.0000000000
84933  30.483  21.381  -32.312 0.0000000000
84935  24.360  21.694  -31.475 0.0000000000
85866  23.119  22.739  -31.522 0.0000000000
86781  25.795  23.083  -29.913 0.0000000000
86784  23.567  23.925  -31.217 0.0000000000
86794  22.819  23.290  -31.335 0.0000000000
87657  29.522  24.832  -29.806 0.0000000000
87664  21.998  23.954  -30.086 0.0000000000
87670  30.416  24.376  -30.979 0.0000000000
88528  29.401  25.653  -29.845 0.0000000000
88531  22.861  25.890  -30.106 0.0000000000
88550  23.298  25.327  -30.582 0.0000000000
89502  28.830  26.074  -29.763 0.0000000000
89541  31.017  26.772  -32.334 0.0000000000
90491  30.900  27.102  -35.180 0.0000000000
91399  31.228  29.148  -33.420 0.0000000000
91400  30.919  29.157  -32.939 0.0000000000
93082  24.690  30.487  -35.212 0.0000000000
128689  27.044  10.126  -29.263 0.0000000000
131558  22.369  21.916  -30.787 0.0000000000
132757  29.631  21.146  -30.233 0.0000000000
133383  22.041  22.328  -30.240 0.0000000000
141177  24.058  20.505  -31.876 0.0000000000
