#!ascii label  , from subject sub-v2s12x28870_ses-1 vox2ras=TkReg
761
63202  17.981  -3.125  -5.546 0.2500000000
63221  18.358  -3.071  -5.847 0.2500000000
128026  18.531  -3.702  -5.523 0.7500000000
129373  17.345  -0.430  -6.554 0.2500000000
65167  17.365  -1.199  -6.215 0.1250000000
66149  17.566  -0.280  -7.156 0.3750000000
65166  17.453  -1.511  -6.113 0.2500000000
64223  17.653  -2.269  -6.013 0.2500000000
128843  18.249  -2.401  -6.275 0.7500000000
63220  19.247  -3.391  -6.062 0.8750000000
64239  19.119  -2.632  -6.480 0.8750000000
129742  20.033  -3.669  -6.201 0.8750000000
65190  17.822  -1.016  -6.845 0.3750000000
64240  18.061  -1.709  -6.566 0.3750000000
65189  18.547  -1.235  -7.188 0.8750000000
65187  20.328  -1.472  -7.523 1.0000000000
64255  19.785  -2.074  -7.064 1.0000000000
64256  18.871  -1.900  -6.849 0.8750000000
63230  21.008  -2.778  -6.952 1.0000000000
66150  17.235  0.169  -6.840 0.2500000000
66148  18.224  -0.558  -7.487 0.7500000000
66164  18.692  -0.068  -8.073 0.8750000000
66147  19.071  -0.708  -7.730 0.8750000000
65198  20.806  -0.889  -7.916 1.0000000000
65199  19.946  -0.787  -7.845 1.0000000000
65186  21.823  -1.754  -7.570 1.0000000000
126124  21.166  -1.602  -7.574 1.0000000000
64253  21.542  -2.357  -7.297 1.0000000000
64254  20.684  -2.190  -7.215 1.0000000000
129833  17.217  0.132  -6.870 0.1250000000
66165  17.912  0.171  -7.752 0.6250000000
66163  19.529  -0.182  -8.246 1.0000000000
66160  22.084  -0.287  -8.345 1.0000000000
66161  21.216  -0.299  -8.374 1.0000000000
66162  20.371  -0.245  -8.333 1.0000000000
65197  21.731  -1.031  -7.893 1.0000000000
65195  23.549  -0.989  -8.101 1.0000000000
65185  22.405  -1.595  -7.690 1.0000000000
70082  14.973  4.278  -8.361 0.2500000000
67111  16.976  0.739  -6.990 0.2500000000
67138  17.011  1.347  -7.707 0.3750000000
67119  17.298  0.554  -7.404 0.5000000000
68122  17.927  1.247  -8.687 1.0000000000
68123  17.223  1.628  -8.386 0.6250000000
123898  18.301  0.587  -8.397 1.0000000000
67149  19.491  1.011  -9.103 1.0000000000
118496  19.106  0.424  -8.630 1.0000000000
67134  21.604  0.446  -8.740 1.0000000000
67148  20.341  1.029  -9.153 1.0000000000
67133  22.439  0.443  -8.677 1.0000000000
66159  22.963  -0.291  -8.360 1.0000000000
67145  22.785  0.987  -8.919 1.0000000000
67132  23.261  0.383  -8.653 1.0000000000
70952  14.859  4.414  -8.404 0.5000000000
70081  15.423  3.848  -8.437 0.3750000000
69109  16.114  3.055  -8.388 0.3750000000
130215  16.505  2.098  -8.123 0.5000000000
69124  16.187  3.106  -8.629 0.5000000000
69123  17.414  2.514  -9.318 0.8750000000
127485  18.299  1.592  -9.153 1.0000000000
69137  17.942  2.798  -9.763 1.0000000000
68136  19.923  1.685  -9.533 1.0000000000
125899  19.007  1.692  -9.450 1.0000000000
123102  21.401  1.793  -9.443 1.0000000000
68135  20.768  1.751  -9.515 1.0000000000
130319  22.259  2.108  -9.412 1.0000000000
67146  22.023  1.351  -9.166 1.0000000000
67144  23.476  1.059  -8.957 0.8750000000
70964  14.328  4.539  -8.661 0.5000000000
70094  15.563  3.908  -8.856 0.5000000000
70962  16.033  4.286  -9.513 0.6250000000
70107  17.055  4.017  -9.962 0.6250000000
70092  17.239  3.178  -9.609 1.0000000000
129032  16.715  2.872  -9.116 0.7500000000
69136  18.760  2.758  -10.048 1.0000000000
69133  21.077  3.275  -10.213 1.0000000000
69120  20.427  2.453  -9.918 1.0000000000
69121  19.473  2.293  -9.849 1.0000000000
130545  21.520  2.752  -9.779 1.0000000000
116772  21.196  2.379  -9.721 1.0000000000
70090  22.168  3.091  -9.700 0.8750000000
69118  22.025  2.701  -9.629 1.0000000000
68134  22.815  1.626  -9.197 0.8750000000
70963  15.090  4.622  -9.020 0.5000000000
70978  16.497  4.715  -10.100 0.8750000000
70990  18.665  4.566  -10.891 1.0000000000
114733  17.958  4.159  -10.565 1.0000000000
116063  21.265  3.605  -10.284 1.0000000000
113859  20.150  4.140  -10.735 1.0000000000
69135  19.717  2.945  -10.271 1.0000000000
71869  21.002  5.013  -10.674 1.0000000000
70961  22.535  3.331  -9.644 1.0000000000
70091  21.545  3.151  -9.935 1.0000000000
70976  20.850  4.167  -10.597 1.0000000000
70102  21.904  3.570  -9.944 1.0000000000
71859  14.417  5.080  -9.102 0.5000000000
71858  15.274  5.318  -9.493 0.8750000000
71872  16.514  5.487  -10.475 1.0000000000
118888  17.779  6.097  -11.287 1.0000000000
126213  18.100  5.267  -11.042 1.0000000000
71883  17.397  5.461  -10.851 1.0000000000
72775  20.070  6.305  -10.930 1.0000000000
72758  21.391  5.995  -10.438 1.0000000000
72759  20.692  5.900  -10.726 1.0000000000
71880  20.294  5.511  -10.859 1.0000000000
121463  21.940  5.053  -10.083 1.0000000000
133584  22.105  4.151  -9.990 0.8750000000
115255  14.546  9.986  -10.702 1.0000000000
75413  13.675  10.156  -9.359 0.3750000000
75426  15.751  9.326  -11.577 0.8750000000
73649  16.822  7.507  -11.512 1.0000000000
73647  19.927  7.289  -10.963 1.0000000000
72776  19.299  6.750  -11.279 1.0000000000
76335  14.704  11.316  -11.095 0.8750000000
75437  14.969  10.506  -11.188 1.0000000000
75436  16.328  9.893  -11.972 1.0000000000
74530  17.264  8.131  -11.820 1.0000000000
128419  19.152  7.680  -11.433 1.0000000000
74528  19.062  8.587  -11.549 1.0000000000
73646  20.589  7.925  -10.560 1.0000000000
77210  13.882  12.148  -10.666 0.7500000000
76333  16.886  10.517  -12.341 1.0000000000
75435  17.305  9.626  -12.261 1.0000000000
75425  18.908  9.440  -11.645 1.0000000000
74529  18.385  8.856  -11.938 1.0000000000
76334  15.837  10.841  -11.805 1.0000000000
76332  17.812  10.323  -12.295 1.0000000000
75434  18.121  9.501  -12.184 1.0000000000
134629  17.012  16.446  -10.584 0.1250000000
118924  15.250  16.626  -11.992 0.2500000000
81641  14.861  16.794  -12.734 0.3750000000
82495  15.561  17.082  -12.282 0.2500000000
81662  15.180  16.503  -13.508 0.5000000000
134910  15.107  16.917  -13.318 0.2500000000
123854  15.581  17.036  -13.782 0.3750000000
82494  16.933  17.382  -11.975 0.2500000000
82505  15.589  17.235  -13.178 0.2500000000
82504  16.373  17.555  -12.648 0.2500000000
83386  16.383  17.986  -13.229 0.2500000000
82513  15.761  17.822  -14.041 0.2500000000
82525  15.867  17.612  -14.644 0.3750000000
82545  16.509  17.512  -15.165 0.3750000000
82526  15.679  18.419  -15.031 0.2500000000
64209  17.753  -2.464  -4.862 0.1250000000
64241  17.697  -2.155  -6.107 0.2500000000
65156  17.531  -1.164  -5.517 0.1250000000
133518  22.860  -2.071  -7.547 1.0000000000
71871  17.211  4.766  -10.497 0.8750000000
71881  19.517  5.677  -11.092 1.0000000000
63176  18.168  -3.961  -3.502 0.1250000000
62217  20.415  -4.178  -6.039 0.7500000000
66101  17.565  -0.947  -5.484 0.1250000000
62216  21.337  -4.462  -6.189 1.0000000000
63229  21.542  -3.046  -6.974 1.0000000000
121096  22.940  -2.703  -7.309 1.0000000000
64251  23.584  -2.235  -7.520 1.0000000000
67121  16.877  1.191  -7.283 0.3750000000
69103  16.185  2.998  -7.523 0.2500000000
122874  16.622  2.152  -8.241 0.2500000000
67131  24.122  0.396  -8.735 0.8750000000
69117  22.809  2.393  -9.432 0.8750000000
70960  23.308  3.447  -9.537 0.8750000000
134568  13.568  10.384  -8.885 0.1250000000
75404  13.476  10.058  -8.731 0.1250000000
72743  14.298  5.751  -8.717 0.3750000000
72761  15.522  6.582  -10.321 0.6250000000
70974  22.656  3.778  -9.688 0.8750000000
75412  13.731  10.709  -9.738 0.5000000000
74514  14.314  9.589  -10.215 0.3750000000
73635  14.864  8.411  -10.519 0.8750000000
112922  20.540  8.828  -10.587 1.0000000000
75424  19.837  9.298  -11.106 1.0000000000
77222  15.207  11.735  -11.473 0.8750000000
123156  16.780  12.267  -12.473 1.0000000000
124514  18.363  10.943  -12.036 1.0000000000
76325  18.640  10.244  -11.820 1.0000000000
81627  17.942  16.338  -10.094 0.1250000000
80756  16.720  15.385  -10.012 0.1250000000
80765  15.218  15.445  -12.302 0.6250000000
81642  14.687  16.238  -12.960 0.6250000000
81661  16.422  16.144  -13.903 0.5000000000
81631  16.513  16.716  -11.522 0.2500000000
81685  15.917  16.832  -14.169 0.5000000000
83385  17.260  18.202  -12.484 0.2500000000
123350  16.338  17.055  -14.707 0.5000000000
83396  17.050  18.789  -13.132 0.1250000000
83398  15.755  18.661  -14.423 0.2500000000
83441  15.985  18.843  -15.396 0.2500000000
83424  16.856  18.050  -15.625 0.3750000000
83440  16.582  18.760  -15.762 0.2500000000
83397  16.155  18.625  -13.758 0.1250000000
114354  17.865  -3.944  -4.861 0.1250000000
63201  17.891  -3.572  -5.156 0.3750000000
64210  17.586  -1.667  -5.324 0.1250000000
64238  20.151  -2.881  -6.672 0.8750000000
63219  20.943  -3.522  -6.540 1.0000000000
65188  19.438  -1.365  -7.399 1.0000000000
63228  22.183  -2.957  -7.176 1.0000000000
64252  22.277  -2.241  -7.441 1.0000000000
67137  17.556  0.894  -8.069 0.8750000000
67136  19.933  0.388  -8.705 1.0000000000
65196  22.641  -0.946  -8.002 1.0000000000
65184  23.180  -1.577  -7.772 1.0000000000
68124  16.798  1.576  -7.655 0.3750000000
68138  17.629  1.887  -8.993 0.8750000000
68137  18.682  1.056  -8.949 1.0000000000
67135  20.765  0.378  -8.762 1.0000000000
67147  21.158  1.095  -9.181 1.0000000000
68139  16.895  2.341  -8.730 0.6250000000
70093  16.374  3.502  -9.315 0.6250000000
69122  18.278  2.200  -9.516 1.0000000000
70106  17.984  3.382  -10.177 1.0000000000
133098  18.901  2.237  -9.720 1.0000000000
123363  21.743  2.251  -9.540 1.0000000000
70105  18.956  3.585  -10.585 1.0000000000
69119  21.099  2.901  -10.016 1.0000000000
69134  20.581  3.133  -10.265 1.0000000000
70103  20.713  3.608  -10.451 1.0000000000
70089  22.962  2.965  -9.509 0.8750000000
71882  18.690  5.431  -11.161 1.0000000000
70991  17.884  4.835  -10.792 1.0000000000
70977  19.472  4.759  -10.972 1.0000000000
128416  19.464  4.088  -10.794 1.0000000000
70104  19.978  3.552  -10.548 1.0000000000
71870  20.240  4.835  -10.848 1.0000000000
70975  21.489  4.178  -10.355 1.0000000000
112993  15.059  5.941  -9.600 0.6250000000
71873  15.729  5.787  -10.135 0.7500000000
71884  16.897  6.228  -10.965 1.0000000000
73648  17.730  7.163  -11.599 1.0000000000
120851  18.592  7.209  -11.540 1.0000000000
72777  18.584  6.379  -11.381 1.0000000000
73634  20.805  6.869  -10.611 1.0000000000
127090  15.363  8.684  -11.113 1.0000000000
72778  16.501  6.977  -11.133 1.0000000000
73650  16.116  7.702  -11.282 1.0000000000
74531  16.380  8.334  -11.636 1.0000000000
74538  16.816  8.970  -11.991 1.0000000000
115022  18.239  8.044  -11.816 1.0000000000
74537  17.675  8.820  -12.116 1.0000000000
74527  19.825  8.266  -11.019 1.0000000000
77220  17.540  11.357  -12.374 1.0000000000
77221  16.356  11.452  -12.227 1.0000000000
81628  17.095  15.866  -9.785 0.1250000000
115415  16.495  15.948  -11.042 0.1250000000
82485  17.476  16.995  -11.109 0.2500000000
80764  15.451  15.907  -11.853 0.3750000000
80778  14.803  16.258  -12.482 0.5000000000
82514  15.690  18.268  -14.672 0.2500000000
82546  16.152  18.124  -15.278 0.2500000000
62193  17.683  -4.547  -4.421 0.2500000000
64167  18.203  -3.806  -3.545 0.1250000000
63189  17.640  -4.779  -4.268 0.1250000000
62206  18.143  -4.178  -5.013 0.6250000000
62205  19.274  -4.310  -5.548 0.7500000000
74516  13.579  9.589  -9.015 0.5000000000
72762  14.806  6.856  -9.792 0.6250000000
72760  16.210  6.397  -10.674 0.8750000000
118173  15.255  7.443  -10.472 0.7500000000
72779  15.920  7.152  -10.856 0.8750000000
73636  14.516  7.959  -9.918 0.8750000000
73651  15.568  7.834  -10.938 1.0000000000
125397  15.665  12.344  -11.959 1.0000000000
121696  17.970  12.535  -12.366 1.0000000000
79863  16.267  14.848  -10.693 0.3750000000
79902  15.171  15.367  -12.704 0.7500000000
132651  14.822  15.895  -12.803 0.7500000000
80797  14.969  15.795  -13.155 0.7500000000
83439  17.399  18.818  -15.948 0.2500000000
83423  17.807  18.247  -15.632 0.3750000000
59336  21.958  -7.649  -4.491 0.7500000000
60240  24.409  -6.963  -5.198 0.7500000000
60243  21.320  -7.007  -4.814 0.7500000000
60251  23.789  -6.400  -5.606 0.7500000000
60242  22.366  -7.096  -5.077 0.7500000000
60252  22.808  -6.427  -5.532 0.7500000000
62204  20.341  -4.887  -5.623 0.7500000000
61234  22.323  -5.693  -5.810 0.7500000000
61245  22.020  -5.039  -6.094 0.8750000000
62203  21.268  -5.481  -5.655 0.8750000000
61232  24.145  -5.774  -6.041 0.7500000000
61243  23.607  -5.169  -6.333 0.7500000000
121383  23.929  -4.627  -6.603 0.7500000000
62214  23.233  -4.506  -6.618 0.8750000000
63218  21.899  -3.665  -6.754 0.8750000000
127452  24.503  -3.579  -7.036 0.7500000000
63216  23.842  -3.968  -6.905 0.8750000000
64250  24.546  -2.358  -7.574 0.8750000000
117497  24.097  -1.671  -7.828 0.8750000000
65192  26.218  -1.369  -8.145 0.3750000000
65193  25.530  -1.231  -8.217 0.6250000000
65194  24.539  -1.088  -8.187 0.7500000000
121610  26.109  -0.668  -8.496 0.5000000000
133735  24.876  0.474  -8.867 0.7500000000
68121  27.133  0.489  -9.176 0.1250000000
67141  26.264  0.730  -9.268 0.3750000000
67142  25.303  0.988  -9.191 0.6250000000
67143  24.352  1.108  -9.058 0.6250000000
68130  27.710  1.348  -9.761 0.1250000000
68131  26.949  1.284  -9.715 0.1250000000
126386  25.619  2.192  -9.659 0.1250000000
69114  26.008  2.599  -9.995 0.1250000000
69115  24.947  2.746  -9.556 0.6250000000
70088  24.014  3.122  -9.496 0.6250000000
69132  27.092  2.386  -10.449 0.1250000000
70101  26.319  3.468  -10.532 0.1250000000
70958  25.382  3.840  -9.910 0.1250000000
119937  24.866  3.344  -9.606 0.5000000000
70959  24.319  3.687  -9.569 0.6250000000
70973  23.617  4.105  -9.586 0.7500000000
69131  28.041  2.357  -10.793 0.1250000000
70972  24.693  4.370  -9.741 0.5000000000
71868  22.827  4.559  -9.692 0.7500000000
125026  14.359  13.112  -10.851 0.5000000000
125992  14.372  12.606  -11.139 0.7500000000
72756  23.953  6.360  -9.976 0.6250000000
124448  23.159  6.650  -9.882 0.6250000000
72757  22.261  6.258  -9.938 0.8750000000
73632  22.748  7.334  -10.044 0.6250000000
78121  15.216  13.081  -11.597 0.7500000000
73633  21.754  7.033  -10.212 0.8750000000
76323  20.444  10.205  -11.007 0.8750000000
74513  22.184  8.048  -10.112 0.7500000000
74526  21.416  8.628  -10.330 0.8750000000
75423  20.794  9.601  -10.655 0.8750000000
72774  24.788  7.003  -10.547 0.3750000000
73645  23.866  7.475  -10.317 0.5000000000
73644  24.810  7.866  -10.880 0.2500000000
74512  23.222  8.289  -10.320 0.5000000000
79020  15.126  13.694  -11.396 0.6250000000
79019  15.548  13.792  -12.165 0.7500000000
78120  16.041  13.022  -12.429 0.7500000000
77209  19.240  11.127  -11.558 0.7500000000
118398  20.227  10.951  -11.243 0.8750000000
74525  22.586  8.989  -10.402 0.6250000000
117182  21.814  9.615  -10.601 0.7500000000
74524  24.122  8.452  -10.673 0.3750000000
112668  23.572  9.107  -10.670 0.5000000000
77206  21.981  11.021  -11.179 0.7500000000
74523  24.695  8.505  -11.369 0.2500000000
78118  19.031  12.598  -11.858 0.8750000000
121715  17.964  13.496  -12.555 0.7500000000
77218  19.368  11.966  -11.616 0.8750000000
77207  21.125  11.619  -11.334 0.7500000000
130710  22.258  10.343  -10.941 0.5000000000
76319  24.302  9.895  -12.076 0.2500000000
76320  23.676  10.434  -11.505 0.5000000000
75422  23.060  9.928  -10.805 0.5000000000
79875  15.426  14.230  -11.519 0.5000000000
79891  15.398  14.554  -12.107 0.5000000000
79890  15.673  14.574  -12.568 0.6250000000
79889  16.796  14.514  -12.816 0.7500000000
79888  17.893  14.231  -12.804 0.7500000000
116972  18.573  13.989  -12.546 0.7500000000
79887  19.332  14.054  -12.395 0.7500000000
79017  18.778  13.359  -12.213 0.7500000000
80776  18.761  14.764  -12.799 0.7500000000
79005  19.731  13.351  -11.861 0.7500000000
128036  20.422  13.015  -11.667 0.7500000000
79016  20.666  13.601  -11.978 0.7500000000
78103  22.492  12.482  -11.700 0.5000000000
78117  22.633  12.964  -11.997 0.3750000000
128980  21.630  12.436  -11.571 0.6250000000
76331  24.021  10.662  -12.300 0.2500000000
77204  23.393  11.372  -11.743 0.3750000000
78116  23.168  12.338  -12.058 0.3750000000
79901  15.747  15.215  -12.976 0.6250000000
80794  18.279  15.480  -13.395 0.7500000000
80775  19.997  14.863  -12.582 0.7500000000
79886  20.971  14.397  -12.377 0.6250000000
79013  22.945  13.166  -12.453 0.3750000000
79884  21.942  14.359  -12.537 0.3750000000
76342  23.922  10.289  -13.619 0.1250000000
78131  23.466  12.444  -13.016 0.1250000000
131608  16.704  15.155  -13.230 0.6250000000
80793  19.374  15.612  -13.057 0.6250000000
80792  20.446  15.792  -12.859 0.7500000000
80774  20.894  15.178  -12.637 0.3750000000
124657  20.139  14.045  -12.259 0.7500000000
79899  23.070  13.941  -13.624 0.2500000000
79030  22.627  13.864  -12.828 0.3750000000
79015  21.521  13.679  -12.121 0.6250000000
123314  22.580  10.914  -15.514 0.1250000000
78139  23.220  12.096  -14.834 0.1250000000
77231  23.620  10.639  -14.275 0.1250000000
80796  16.032  15.718  -13.446 0.6250000000
81660  17.634  16.062  -13.876 0.6250000000
81659  18.793  16.125  -13.728 0.3750000000
81657  20.936  16.385  -13.452 0.3750000000
80810  22.746  15.573  -14.603 0.2500000000
79885  21.484  14.959  -12.675 0.3750000000
79905  23.257  13.642  -14.713 0.1250000000
79906  22.953  14.656  -14.078 0.3750000000
79900  22.472  14.596  -13.177 0.3750000000
79036  23.386  13.083  -14.217 0.1250000000
82524  17.403  17.129  -14.892 0.3750000000
81682  19.289  16.785  -14.142 0.3750000000
81680  21.405  16.840  -14.231 0.3750000000
81681  20.385  16.912  -14.048 0.3750000000
81658  19.899  16.343  -13.432 0.3750000000
81679  22.237  16.571  -14.674 0.3750000000
80811  21.919  16.195  -13.799 0.3750000000
79915  22.331  13.759  -16.248 0.1250000000
78149  21.286  11.082  -16.691 0.1250000000
82543  19.228  17.889  -15.152 0.2500000000
82542  20.260  17.982  -15.178 0.2500000000
82522  19.823  17.450  -14.584 0.3750000000
82523  18.701  17.279  -14.717 0.3750000000
82540  22.168  17.481  -15.836 0.1250000000
82521  20.874  17.432  -14.676 0.3750000000
129346  22.586  16.721  -15.961 0.1250000000
133156  22.339  16.866  -15.354 0.2500000000
80830  22.390  15.264  -17.259 0.1250000000
81699  22.714  16.165  -15.480 0.1250000000
82544  18.199  17.741  -15.243 0.3750000000
83421  19.655  18.397  -15.706 0.2500000000
82559  22.198  18.055  -16.724 0.1250000000
83435  21.351  18.584  -16.635 0.1250000000
82575  22.530  17.666  -17.351 0.1250000000
83453  22.304  18.283  -17.578 0.1250000000
79923  21.473  14.089  -17.713 0.1250000000
126533  22.321  16.879  -18.702 0.1250000000
84246  21.208  19.599  -18.253 0.1250000000
82587  22.538  17.737  -18.131 0.1250000000
83461  22.225  18.481  -18.417 0.1250000000
81732  21.526  15.738  -19.297 0.1250000000
80845  21.335  15.004  -18.817 0.1250000000
63217  22.907  -3.625  -6.956 0.8750000000
118654  25.088  -1.804  -7.946 0.6250000000
71867  24.010  5.152  -9.681 0.6250000000
128332  24.238  9.043  -11.048 0.3750000000
79018  16.342  13.777  -12.594 0.8750000000
78119  17.091  13.132  -12.561 0.8750000000
130619  17.284  13.829  -12.652 0.7500000000
78105  19.883  12.547  -11.569 0.7500000000
76321  22.961  10.800  -11.211 0.5000000000
77205  22.765  11.441  -11.418 0.5000000000
129241  22.194  11.849  -11.442 0.7500000000
121435  22.386  14.651  -16.743 0.1250000000
82541  21.268  17.813  -15.409 0.2500000000
68133  24.782  1.870  -9.380 0.5000000000
124150  23.652  1.782  -9.240 0.7500000000
71866  25.145  5.130  -10.254 0.3750000000
72755  24.846  6.034  -10.325 0.3750000000
72773  25.381  7.239  -11.191 0.2500000000
119558  21.030  10.843  -11.016 0.7500000000
117542  22.802  15.908  -16.487 0.1250000000
73643  25.256  7.840  -11.734 0.1250000000
58409  23.598  -8.365  -4.106 0.7500000000
59322  22.564  -8.184  -4.031 0.7500000000
59337  20.938  -7.523  -4.166 0.7500000000
59321  24.506  -8.139  -4.147 0.7500000000
59335  22.984  -7.702  -4.629 0.7500000000
59333  24.961  -7.474  -4.676 0.7500000000
61235  20.260  -5.627  -5.255 0.6250000000
60254  20.722  -6.275  -5.089 0.7500000000
60250  24.768  -6.317  -5.707 0.6250000000
61231  25.014  -5.654  -6.106 0.7500000000
62202  25.113  -4.931  -6.356 0.6250000000
63215  25.209  -3.570  -7.048 0.6250000000
64249  25.528  -2.376  -7.646 0.5000000000
65182  26.456  -1.674  -7.879 0.3750000000
65183  25.907  -1.817  -7.981 0.5000000000
66146  26.651  -1.119  -8.179 0.1250000000
68129  28.172  1.501  -9.547 0.1250000000
69112  28.183  1.997  -10.370 0.1250000000
70100  27.441  3.010  -10.973 0.1250000000
78106  13.855  12.655  -10.423 0.3750000000
70970  27.058  3.728  -11.251 0.1250000000
70971  26.165  4.143  -10.650 0.1250000000
71865  26.097  4.962  -10.894 0.1250000000
72754  25.666  5.857  -10.835 0.2500000000
131372  25.397  6.607  -10.832 0.2500000000
79006  14.826  13.518  -10.931 0.5000000000
74536  24.851  8.300  -12.533 0.1250000000
75433  24.349  8.890  -13.225 0.1250000000
77240  22.893  10.309  -15.298 0.1250000000
80759  15.756  14.864  -11.418 0.3750000000
76353  22.180  10.148  -16.050 0.1250000000
124859  21.893  10.543  -16.421 0.1250000000
79916  21.316  13.134  -17.270 0.1250000000
79063  20.547  11.714  -18.377 0.1250000000
83437  19.176  18.895  -16.148 0.2500000000
84234  19.645  19.339  -16.768 0.1250000000
135649  19.752  20.123  -18.042 0.1250000000
83454  21.875  18.946  -17.901 0.1250000000
79932  20.797  13.754  -18.814 0.1250000000
81739  21.763  16.879  -19.757 0.1250000000
66158  23.893  -0.337  -8.430 0.7500000000
76326  13.817  11.569  -10.332 0.3750000000
76324  19.519  10.196  -11.366 0.8750000000
69116  23.826  2.511  -9.416 0.6250000000
128345  21.326  7.694  -10.334 0.8750000000
77219  18.588  11.746  -11.966 0.8750000000
81684  16.876  16.541  -14.403 0.3750000000
129721  17.273  17.654  -15.388 0.3750000000
83438  18.307  18.910  -16.044 0.2500000000
60241  23.394  -7.058  -5.146 0.7500000000
59334  24.008  -7.672  -4.699 0.7500000000
60244  20.081  -6.885  -4.317 0.7500000000
60253  21.803  -6.338  -5.361 0.7500000000
61233  23.231  -5.793  -5.982 0.7500000000
61236  19.320  -5.314  -5.048 0.6250000000
61244  22.792  -5.127  -6.262 0.8750000000
62215  22.365  -4.415  -6.495 0.8750000000
62213  24.657  -4.309  -6.708 0.7500000000
63226  24.897  -2.979  -7.315 0.7500000000
63227  23.897  -3.040  -7.159 0.8750000000
66157  24.973  -0.349  -8.551 0.7500000000
67130  25.679  0.187  -8.886 0.5000000000
67129  26.458  0.016  -8.899 0.2500000000
66156  26.871  -0.433  -8.602 0.1250000000
68132  25.915  1.536  -9.518 0.3750000000
69113  27.584  1.827  -10.269 0.1250000000
125288  26.559  1.961  -9.967 0.1250000000
70087  25.634  3.189  -9.951 0.1250000000
70086  26.479  2.933  -10.406 0.1250000000
133467  25.496  4.476  -10.260 0.1250000000
116789  22.978  5.628  -9.729 0.6250000000
76322  21.383  10.295  -10.846 0.7500000000
77208  20.083  11.776  -11.415 0.7500000000
75421  23.960  9.676  -11.226 0.3750000000
78104  20.723  12.408  -11.544 0.7500000000
76330  24.190  9.850  -13.029 0.1250000000
75420  24.556  9.158  -11.810 0.2500000000
80777  17.650  14.903  -13.169 0.7500000000
79004  21.173  13.056  -11.747 0.6250000000
79014  22.281  13.548  -12.254 0.3750000000
132024  23.729  11.412  -12.905 0.1250000000
79029  23.220  13.270  -13.241 0.3750000000
119169  23.535  12.543  -13.876 0.1250000000
119372  23.533  11.517  -14.288 0.1250000000
80790  22.272  15.369  -13.505 0.3750000000
80791  21.451  15.646  -13.014 0.3750000000
78148  22.346  11.646  -15.691 0.1250000000
79044  23.050  12.691  -15.069 0.1250000000
81683  18.108  16.565  -14.379 0.3750000000
79045  22.394  12.751  -15.767 0.1250000000
79910  23.106  14.300  -15.272 0.1250000000
81700  21.805  17.217  -14.981 0.3750000000
79053  21.212  12.077  -16.934 0.1250000000
120047  22.998  15.116  -15.829 0.1250000000
83422  18.735  18.358  -15.626 0.2500000000
83420  20.648  18.414  -15.970 0.2500000000
81712  22.654  17.036  -16.761 0.1250000000
125342  22.288  15.970  -18.353 0.1250000000
80838  21.998  15.090  -18.066 0.1250000000
130682  19.920  18.796  -16.254 0.1250000000
83455  21.224  19.086  -17.334 0.1250000000
81724  22.659  16.912  -17.797 0.1250000000
124024  22.608  16.057  -17.462 0.1250000000
84259  20.309  20.394  -18.677 0.1250000000
84247  20.278  19.625  -17.581 0.1250000000
123641  23.013  -8.582  -3.535 0.7500000000
59323  21.591  -8.029  -3.797 0.7500000000
58401  22.212  -8.514  -3.306 0.7500000000
61221  19.606  -6.076  -4.666 0.5000000000
62212  25.626  -4.272  -6.602 0.6250000000
63225  25.563  -2.944  -7.340 0.5000000000
71864  26.709  4.347  -11.373 0.1250000000
70989  27.544  4.176  -11.925 0.1250000000
79054  20.530  11.721  -17.860 0.1250000000
118160  20.647  12.637  -18.238 0.1250000000
58402  21.280  -8.204  -2.987 0.7500000000
59338  20.047  -7.445  -3.752 0.5000000000
57419  23.874  -9.274  -3.126 0.6250000000
58399  24.184  -8.788  -3.660 0.6250000000
59320  25.238  -7.680  -3.858 0.3750000000
60227  26.281  -6.462  -3.755 0.2500000000
60228  25.642  -6.956  -4.270 0.3750000000
114042  26.130  -2.097  -7.733 0.3750000000
78092  14.186  13.045  -10.523 0.3750000000
79864  15.512  14.133  -10.913 0.2500000000
58400  23.604  -8.875  -3.494 0.6250000000
60249  25.518  -6.048  -5.771 0.5000000000
61230  25.818  -5.314  -6.091 0.5000000000
59304  25.522  -7.806  -2.972 0.5000000000
58398  24.854  -8.364  -3.426 0.6250000000
63214  25.856  -3.365  -7.069 0.5000000000
57405  23.561  -9.671  -2.608 0.6250000000
59325  19.686  -7.512  -3.113 0.3750000000
58403  20.219  -7.992  -2.712 0.3750000000
58358  25.556  -8.656  -1.768 0.3750000000
58381  25.193  -8.499  -2.590 0.5000000000
57404  24.153  -9.547  -2.535 0.6250000000
60229  19.238  -7.035  -3.479 0.2500000000
59303  26.297  -7.407  -2.572 0.3750000000
133855  26.516  -5.867  -4.066 0.2500000000
60209  26.631  -6.682  -2.902 0.2500000000
62192  18.237  -4.946  -4.553 0.3750000000
61220  26.058  -5.954  -5.484 0.2500000000
62201  26.312  -4.468  -6.182 0.2500000000
63213  26.363  -3.107  -6.920 0.2500000000
64236  26.563  -2.399  -7.191 0.2500000000
69091  16.388  2.684  -7.300 0.1250000000
71853  14.192  4.849  -8.670 0.2500000000
65181  26.800  -1.773  -7.500 0.2500000000
73624  14.085  7.926  -9.214 0.3750000000
72744  14.218  6.849  -9.077 0.2500000000
75427  13.851  10.964  -10.197 0.2500000000
70057  15.767  3.729  -7.621 0.1250000000
68113  16.514  1.951  -7.090 0.2500000000
135519  14.429  7.360  -9.573 0.3750000000
59324  20.613  -7.805  -3.449 0.5000000000
60239  25.431  -6.656  -5.187 0.5000000000
64248  26.398  -2.070  -7.591 0.2500000000
60245  18.790  -6.502  -3.876 0.3750000000
62211  26.188  -3.804  -6.649 0.2500000000
58382  24.510  -8.975  -2.976 0.6250000000
59319  25.921  -7.156  -3.390 0.2500000000
60226  27.035  -5.901  -3.289 0.2500000000
60238  26.108  -6.308  -4.676 0.3750000000
58380  25.924  -8.055  -2.187 0.3750000000
58383  22.956  -9.183  -2.891 0.6250000000
57403  24.831  -9.111  -2.168 0.5000000000
61229  26.420  -5.092  -5.529 0.2500000000
63200  26.654  -3.671  -6.275 0.2500000000
68106  16.956  1.611  -6.685 0.1250000000
56380  22.352  -10.102  -1.692 0.5000000000
57388  25.219  -9.285  -1.363 0.2500000000
56378  23.942  -10.432  -1.229 0.3750000000
57390  23.678  -10.125  -2.123 0.5000000000
56391  23.008  -10.135  -2.274 0.5000000000
56381  21.573  -10.110  -1.112 0.3750000000
57392  21.703  -9.466  -1.690 0.5000000000
57391  22.414  -9.591  -2.241 0.5000000000
58384  21.800  -8.903  -2.473 0.3750000000
55318  20.371  -11.191  -0.320 0.1250000000
56364  21.423  -10.901  -0.734 0.3750000000
120150  20.855  -8.429  -2.326 0.2500000000
54237  20.939  -12.822  0.149 0.1250000000
55317  21.338  -11.771  -0.476 0.2500000000
55316  22.261  -11.429  -0.702 0.3750000000
57365  24.835  -9.863  -0.852 0.2500000000
113417  23.348  -10.880  -1.057 0.3750000000
56379  23.234  -10.566  -1.673 0.5000000000
55301  19.922  -11.801  0.103 0.1250000000
55330  22.829  -10.917  -1.152 0.3750000000
56366  19.567  -10.247  -0.102 0.1250000000
58360  19.963  -8.546  -0.767 0.1250000000
58385  19.954  -8.076  -1.777 0.2500000000
57387  26.010  -8.940  -1.061 0.2500000000
126937  22.806  -10.526  -1.646 0.5000000000
57389  24.426  -9.731  -1.732 0.3750000000
56363  22.249  -10.640  -1.117 0.3750000000
57393  20.792  -9.408  -1.047 0.1250000000
58359  20.878  -8.828  -1.663 0.1250000000
54255  20.647  -12.135  -0.143 0.1250000000
55302  19.422  -11.079  0.347 0.1250000000
56365  20.621  -10.180  -0.613 0.1250000000
54238  20.017  -12.588  0.349 0.1250000000
55314  23.816  -11.039  -0.482 0.2500000000
57366  19.856  -9.387  -0.410 0.1250000000
54253  21.994  -12.276  -0.361 0.2500000000
54252  22.805  -12.066  -0.312 0.2500000000
115458  18.053  -6.087  -3.416 0.2500000000
56362  24.589  -10.536  -0.308 0.2500000000
54254  21.331  -12.402  -0.205 0.1250000000
55315  23.121  -11.411  -0.695 0.2500000000
77197  13.678  12.243  -10.034 0.1250000000
125396  13.849  12.701  -10.014 0.1250000000
125993  14.651  12.711  -10.076 0.1250000000
78992  15.090  13.593  -10.745 0.1250000000
78077  15.819  13.373  -10.440 0.1250000000
78078  14.739  13.062  -10.440 0.1250000000
79858  16.179  14.302  -10.525 0.1250000000
77189  13.812  12.231  -9.680 0.1250000000
78982  15.849  13.891  -10.539 0.1250000000
78981  17.160  14.585  -9.179 0.1250000000
76314  13.643  11.536  -9.861 0.1250000000
72731  14.248  5.789  -8.412 0.1250000000
59305  19.493  -7.484  -2.349 0.1250000000
60230  18.419  -6.546  -3.085 0.1250000000
74505  13.539  8.943  -8.542 0.1250000000
75402  13.456  10.873  -9.186 0.1250000000
76306  14.103  12.053  -9.461 0.1250000000
77188  14.684  12.300  -9.938 0.1250000000
123994  15.723  12.940  -10.409 0.1250000000
78980  18.180  13.624  -9.236 0.1250000000
79853  17.316  15.079  -8.567 0.1250000000
79856  17.133  15.028  -8.659 0.1250000000
62194  17.222  -4.798  -3.901 0.1250000000
61222  18.507  -5.757  -4.240 0.1250000000
60210  18.416  -6.484  -2.421 0.1250000000
73625  13.685  7.810  -8.453 0.1250000000
61223  17.543  -5.450  -3.780 0.1250000000
61190  17.819  -5.959  -2.993 0.1250000000
61208  17.981  -6.043  -2.870 0.1250000000
129886  16.896  13.981  -10.235 0.1250000000
78076  16.812  13.751  -10.292 0.1250000000
124551  16.833  14.689  -9.775 0.1250000000
77186  18.012  11.965  -10.364 0.1250000000
58357  26.369  -8.355  -1.477 0.1250000000
59302  27.120  -7.064  -2.183 0.1250000000
60208  27.489  -6.377  -2.498 0.1250000000
61219  26.483  -5.556  -4.757 0.1250000000
62191  26.943  -4.763  -4.728 0.1250000000
63187  28.229  -3.194  -4.211 0.1250000000
63188  27.505  -3.846  -4.673 0.1250000000
62200  26.868  -4.249  -5.563 0.1250000000
64221  27.379  -2.558  -5.892 0.1250000000
63212  26.868  -2.886  -6.507 0.1250000000
65152  27.584  -1.818  -6.062 0.1250000000
124820  27.070  -2.162  -6.726 0.1250000000
56361  25.397  -10.126  -0.177 0.1250000000
59280  27.594  -7.472  -1.558 0.1250000000
58356  27.229  -8.121  -1.210 0.1250000000
60185  27.949  -6.797  -1.846 0.1250000000
61188  27.870  -5.682  -2.715 0.1250000000
61207  27.653  -5.190  -3.336 0.1250000000
62181  27.542  -4.571  -3.924 0.1250000000
63167  28.181  -3.945  -3.766 0.1250000000
64220  27.921  -2.141  -5.259 0.1250000000
65165  27.340  -1.497  -6.881 0.1250000000
65164  27.803  -1.216  -6.215 0.1250000000
120416  26.832  -1.361  -7.931 0.1250000000
59281  26.715  -7.701  -1.815 0.1250000000
63199  27.187  -3.392  -5.676 0.1250000000
57364  25.685  -9.533  -0.637 0.1250000000
55299  24.518  -11.299  0.289 0.1250000000
58332  26.808  -8.708  -0.833 0.1250000000
61218  26.985  -5.270  -3.981 0.1250000000
64201  27.669  -2.880  -4.969 0.1250000000
131445  28.433  -1.837  -4.772 0.1250000000
55298  25.460  -11.372  0.652 0.1250000000
125521  25.875  -10.413  0.225 0.1250000000
66113  28.296  -0.650  -5.895 0.1250000000
61242  24.401  -5.088  -6.358 0.7500000000
64222  17.788  -2.767  -5.727 0.2500000000
64237  26.085  -2.592  -7.428 0.5000000000
66123  17.438  -0.469  -5.828 0.2500000000
66135  17.441  -0.702  -6.519 0.3750000000
67112  16.896  1.147  -6.811 0.3750000000
67120  16.925  0.996  -7.210 0.2500000000
70073  15.472  3.728  -8.381 0.1250000000
70074  15.304  4.033  -7.917 0.2500000000
70953  14.397  4.533  -8.601 0.5000000000
70979  15.849  5.032  -9.779 0.8750000000
71818  13.818  6.072  -7.226 0.1250000000
74494  13.242  8.712  -7.841 0.1250000000
74504  13.953  8.735  -9.381 0.5000000000
74515  14.150  9.143  -9.770 0.3750000000
75375  13.205  9.019  -7.913 0.1250000000
75393  12.992  9.442  -7.955 0.1250000000
78102  22.917  11.947  -11.656 0.5000000000
79003  22.006  13.074  -11.825 0.3750000000
80758  16.298  15.267  -11.043 0.3750000000
80795  17.155  15.534  -13.575 0.6250000000
82560  21.563  18.119  -16.086 0.2500000000
83436  20.527  19.013  -16.710 0.1250000000
84236  17.904  19.601  -16.452 0.1250000000
84248  19.148  19.982  -17.575 0.1250000000
124012  16.574  2.004  -6.902 0.1250000000
126554  21.093  9.186  -10.449 0.8750000000
128413  17.424  -1.710  -6.123 0.1250000000
128812  17.108  6.801  -11.339 1.0000000000
129552  21.818  18.601  -17.202 0.1250000000
129619  21.977  15.063  -12.893 0.3750000000
132321  14.539  6.040  -9.254 0.3750000000
134412  22.431  2.812  -9.576 0.8750000000
135386  17.302  -5.008  -4.047 0.1250000000
