#!ascii label  , from subject sub-v2s12x28909_ses-1 vox2ras=TkReg
1708
26646  31.335  -27.018  -5.214 0.8999999762
124325  31.444  -27.819  -5.252 0.8000000119
25844  32.043  -28.261  -5.765 0.8000000119
125298  32.462  -29.128  -6.428 0.6999999881
24971  32.521  -29.422  -7.127 0.8000000119
26647  30.756  -27.429  -4.799 0.8999999762
26645  31.988  -27.239  -5.809 1.0000000000
128487  32.376  -26.996  -6.440 1.0000000000
26654  32.402  -27.824  -6.461 0.8999999762
25867  32.515  -28.607  -6.873 0.8000000119
127216  32.484  -28.061  -8.169 0.8000000119
26667  32.528  -27.320  -7.840 0.8999999762
25885  32.401  -28.842  -8.515 0.8000000119
25886  31.983  -28.931  -9.317 0.6999999881
24993  31.872  -29.832  -9.527 0.6999999881
27464  29.529  -26.495  -4.532 0.8000000119
27463  30.390  -26.602  -4.745 0.8999999762
28282  29.971  -25.941  -4.656 0.8999999762
27465  28.721  -26.355  -4.473 0.8999999762
27481  27.271  -26.188  -5.388 0.8999999762
27479  31.681  -26.398  -5.588 0.8999999762
28317  32.374  -25.652  -6.536 1.0000000000
27503  32.537  -26.567  -7.610 0.8999999762
120082  32.509  -25.235  -8.315 1.0000000000
27515  32.488  -26.806  -8.219 0.8999999762
26680  32.407  -27.391  -8.543 0.8999999762
127798  32.282  -28.116  -8.908 0.8000000119
25001  31.543  -29.315  -9.910 0.6999999881
126300  30.871  -24.914  -5.098 0.8999999762
125358  30.074  -25.208  -4.681 0.8999999762
28284  28.333  -25.517  -4.559 0.8999999762
28285  27.588  -25.437  -5.012 0.8999999762
28303  26.949  -25.338  -5.812 0.8999999762
28302  30.617  -25.796  -4.910 0.8999999762
28301  31.331  -25.689  -5.349 0.8999999762
127769  32.495  -25.002  -6.903 1.0000000000
27524  31.998  -26.608  -9.487 0.8000000119
128095  31.819  -28.072  -9.559 0.8000000119
128098  31.327  -27.980  -10.185 0.8000000119
26693  30.466  -27.283  -10.972 0.8000000119
127928  30.152  -27.967  -11.258 0.8000000119
26708  29.855  -27.233  -11.503 0.8000000119
29131  28.705  -24.739  -4.482 0.8999999762
29158  26.596  -24.455  -6.411 0.8999999762
29173  26.058  -24.452  -6.935 0.8999999762
29129  30.207  -24.365  -4.729 0.8999999762
30067  26.790  -23.560  -6.314 0.8999999762
124675  25.041  -23.123  -7.532 0.8000000119
130733  23.795  -23.756  -8.215 0.8000000119
29155  31.397  -24.229  -5.457 0.8999999762
30095  24.050  -22.672  -7.538 0.6999999881
29186  23.444  -23.258  -7.982 0.6999999881
29176  23.021  -23.494  -7.818 0.6999999881
29154  32.289  -23.970  -6.197 0.8999999762
29175  23.488  -23.397  -7.131 0.6999999881
28320  24.074  -25.504  -6.411 0.6999999881
30079  32.535  -23.501  -6.756 1.0000000000
28306  24.913  -25.497  -5.574 0.6000000238
125446  32.578  -24.582  -7.624 1.0000000000
28331  32.539  -25.643  -7.431 1.0000000000
126080  32.400  -24.939  -8.972 1.0000000000
28351  32.332  -25.778  -9.076 0.8999999762
29200  32.528  -24.388  -8.525 1.0000000000
127021  32.114  -25.031  -9.649 0.8999999762
28352  31.781  -25.826  -9.894 0.8000000119
27528  31.473  -26.613  -10.170 0.8000000119
27529  30.818  -26.603  -10.727 0.8000000119
27545  30.255  -26.568  -11.287 0.8000000119
27546  29.631  -26.499  -11.695 0.8000000119
28371  29.988  -25.803  -11.557 0.8000000119
124661  28.871  -25.764  -12.132 0.8000000119
29130  29.492  -24.624  -4.518 0.8999999762
29157  27.211  -24.556  -5.605 0.8999999762
30040  29.618  -23.763  -4.529 0.8999999762
125350  28.262  -23.913  -4.654 0.8999999762
126492  27.513  -23.755  -5.332 0.8999999762
30949  26.216  -22.434  -6.990 0.8999999762
30082  23.545  -23.018  -7.507 0.6999999881
30064  31.906  -23.545  -5.714 0.8999999762
30069  23.964  -22.579  -6.730 0.6000000238
128393  24.145  -24.456  -6.407 0.6000000238
30063  32.353  -23.286  -6.177 1.0000000000
125145  25.362  -26.169  -3.744 0.5000000000
30094  32.613  -23.812  -7.347 1.0000000000
28268  24.937  -26.280  -3.236 0.5000000000
30986  32.779  -22.848  -8.469 1.0000000000
30108  32.672  -23.705  -8.063 1.0000000000
30118  32.576  -23.597  -8.917 1.0000000000
29209  32.363  -24.292  -9.322 1.0000000000
29210  31.954  -24.291  -10.105 0.8999999762
28354  31.187  -25.866  -10.554 0.8000000119
29215  31.248  -24.274  -10.790 0.8999999762
121040  30.826  -25.116  -11.033 0.8000000119
30127  30.894  -23.446  -11.204 0.8999999762
29216  30.454  -24.235  -11.410 0.8000000119
30128  29.854  -23.326  -11.664 0.8999999762
29217  29.525  -24.288  -11.816 0.8000000119
133491  28.019  -23.979  -12.282 0.8000000119
30146  27.617  -23.337  -12.203 0.8000000119
29235  27.154  -23.990  -12.495 0.8000000119
30066  27.075  -22.708  -6.101 0.8999999762
30039  30.371  -23.548  -4.785 0.8999999762
30917  29.789  -22.783  -4.523 0.8999999762
30965  24.018  -22.203  -7.038 0.8000000119
30945  32.221  -22.723  -5.852 0.8999999762
126251  31.198  -22.070  -5.012 0.8999999762
30068  24.652  -22.342  -6.242 0.6999999881
122025  25.047  -24.544  -5.503 0.6000000238
28305  25.453  -25.402  -4.771 0.6000000238
30043  25.504  -22.662  -5.227 0.6999999881
29133  25.596  -24.696  -4.442 0.6000000238
119955  25.545  -25.128  -3.580 0.5000000000
121565  32.726  -22.974  -7.492 1.0000000000
28254  25.305  -25.033  -2.932 0.5000000000
126917  24.761  -24.894  -2.485 0.5000000000
30994  32.571  -22.815  -9.417 1.0000000000
30119  32.302  -23.550  -9.771 1.0000000000
30126  31.652  -23.510  -10.495 0.8999999762
123042  32.940  -22.046  -9.064 1.0000000000
126723  32.486  -22.058  -9.978 0.8999999762
30995  32.105  -22.788  -10.251 0.8999999762
31001  31.328  -22.727  -10.871 0.8999999762
31002  30.514  -22.640  -11.389 0.8999999762
31003  29.648  -22.394  -11.639 0.8999999762
120302  29.013  -22.806  -11.846 0.8999999762
125351  30.977  -21.977  -11.193 0.8999999762
31868  29.552  -21.606  -11.574 0.8999999762
31019  28.134  -22.746  -11.901 0.8999999762
31869  28.741  -21.174  -11.600 0.8999999762
30041  28.789  -23.168  -4.493 0.8999999762
30042  27.841  -22.991  -5.026 0.8999999762
30920  27.443  -21.895  -5.768 0.8999999762
30919  28.237  -22.394  -4.806 0.8999999762
30948  26.536  -21.713  -6.696 1.0000000000
30963  25.636  -21.675  -6.902 0.8000000119
30916  30.405  -22.047  -4.645 0.8999999762
30951  24.376  -22.091  -6.735 0.6999999881
30962  32.601  -22.668  -6.628 0.8999999762
128014  31.947  -22.044  -5.500 0.8999999762
30950  25.018  -21.807  -6.224 0.6999999881
115868  25.714  -23.700  -4.317 0.6999999881
29108  25.632  -24.464  -3.486 0.5000000000
134923  32.845  -22.367  -7.252 1.0000000000
29090  24.636  -24.124  -2.225 0.5000000000
29091  23.691  -24.593  -2.179 0.5000000000
31836  33.128  -21.935  -7.948 1.0000000000
31849  33.296  -21.196  -8.829 1.0000000000
32749  33.526  -20.386  -8.635 1.0000000000
31859  32.846  -21.297  -9.677 1.0000000000
32758  33.224  -20.522  -9.422 1.0000000000
31860  32.202  -21.305  -10.389 0.8999999762
31866  31.384  -21.263  -10.950 0.8999999762
32768  30.191  -20.456  -11.432 0.8999999762
117727  29.614  -20.008  -13.549 0.6999999881
33834  28.272  -19.247  -13.581 0.8000000119
127069  27.977  -20.081  -13.559 0.8000000119
33835  27.280  -19.479  -13.537 0.8000000119
31801  31.617  -21.390  -5.177 0.8999999762
31775  30.042  -21.311  -4.540 1.0000000000
31776  29.025  -21.232  -4.600 1.0000000000
31802  27.528  -21.036  -5.786 1.0000000000
31820  26.060  -21.122  -6.653 0.6999999881
115992  25.453  -21.257  -6.427 0.6999999881
31800  32.531  -21.969  -6.123 0.8999999762
30921  25.780  -21.849  -5.111 0.6999999881
129241  25.344  -24.180  -2.661 0.6000000238
31835  33.317  -21.092  -7.304 1.0000000000
114147  32.923  -21.873  -6.941 0.8999999762
133745  32.316  -21.313  -5.707 0.8999999762
30001  22.817  -23.806  -2.010 0.4000000060
31848  33.452  -20.960  -8.098 1.0000000000
33778  32.908  -19.833  -9.883 1.0000000000
33779  32.156  -19.831  -10.468 1.0000000000
137533  32.527  -19.239  -10.247 1.0000000000
32799  25.080  -19.947  -12.988 0.8999999762
33831  30.979  -19.518  -13.066 0.6000000238
33833  29.212  -19.057  -13.536 0.8000000119
34760  27.644  -18.621  -13.606 0.8000000119
32814  26.755  -20.459  -13.386 0.8999999762
32798  25.498  -20.578  -12.898 0.8999999762
126745  31.972  -20.799  -5.373 0.8999999762
32682  31.343  -20.708  -4.881 0.8999999762
32723  26.267  -20.621  -6.351 0.8000000119
31779  25.447  -21.133  -5.949 0.6999999881
30896  26.116  -21.941  -3.985 0.6999999881
30878  25.591  -22.615  -2.491 0.6000000238
30868  23.691  -22.523  -1.678 0.4000000060
32736  33.590  -20.161  -7.693 1.0000000000
31818  32.889  -21.181  -6.431 0.8999999762
33768  33.680  -19.701  -8.441 1.0000000000
33769  33.490  -19.755  -9.185 1.0000000000
34701  33.248  -18.975  -9.641 1.0000000000
34702  32.487  -18.512  -10.281 1.0000000000
35625  31.652  -17.920  -10.734 1.0000000000
128664  25.844  -20.128  -12.003 0.8999999762
33803  25.645  -19.283  -12.242 0.8999999762
32783  25.362  -19.849  -12.523 0.8999999762
130750  25.202  -18.881  -13.294 0.8999999762
32816  24.968  -19.981  -12.977 0.8999999762
35651  32.635  -17.779  -12.578 0.6000000238
34745  31.455  -18.769  -12.810 0.6000000238
125994  30.150  -19.283  -13.414 0.6000000238
34757  29.894  -18.357  -13.466 0.8000000119
34759  28.466  -18.402  -13.589 0.8000000119
33836  26.151  -19.644  -13.392 0.8999999762
32684  29.622  -20.537  -4.586 0.8999999762
32685  28.727  -20.221  -4.885 0.8999999762
32706  27.060  -20.238  -6.165 0.6999999881
33703  29.299  -19.702  -4.697 0.8999999762
31778  25.978  -21.055  -5.047 0.6000000238
128418  32.637  -20.445  -5.887 1.0000000000
33721  32.512  -19.447  -5.677 1.0000000000
128100  31.868  -20.096  -5.258 1.0000000000
31752  26.172  -21.039  -3.864 0.6000000238
31753  26.027  -21.920  -3.019 0.6000000238
30879  25.007  -22.469  -1.953 0.5000000000
31817  33.297  -20.364  -6.717 1.0000000000
32722  33.098  -19.787  -6.262 1.0000000000
116566  33.552  -19.406  -6.899 1.0000000000
34682  33.857  -19.181  -7.852 1.0000000000
34691  33.749  -19.012  -8.740 1.0000000000
134253  33.105  -18.179  -9.810 1.0000000000
35616  32.501  -17.703  -10.266 1.0000000000
116598  31.283  -17.060  -11.048 1.0000000000
137355  31.035  -18.377  -11.158 1.0000000000
35627  29.829  -17.425  -11.501 1.0000000000
136565  29.585  -18.674  -11.517 1.0000000000
119678  29.122  -18.124  -11.629 1.0000000000
124492  28.168  -18.622  -11.720 0.8999999762
127075  29.128  -19.032  -11.614 0.8999999762
122709  26.499  -18.891  -11.920 0.8999999762
34746  24.576  -18.836  -13.022 0.8999999762
34773  25.982  -18.368  -13.533 0.8999999762
35662  33.602  -16.634  -13.051 0.6000000238
35663  32.503  -16.943  -12.869 0.6000000238
117187  31.439  -16.969  -13.191 0.6000000238
34756  30.748  -18.555  -13.182 0.6000000238
35667  28.641  -17.591  -13.644 0.8000000119
35668  27.860  -17.789  -13.677 0.8000000119
127662  30.922  -19.048  -4.692 0.8999999762
122330  28.384  -19.338  -5.270 0.6999999881
32707  26.527  -20.047  -6.000 0.6000000238
32686  26.404  -19.914  -5.445 0.6000000238
34648  32.068  -18.584  -5.390 0.8999999762
32662  26.110  -20.444  -3.345 0.6000000238
32648  25.928  -21.131  -2.774 0.5000000000
33744  33.151  -19.188  -6.194 1.0000000000
122566  33.818  -18.462  -7.251 1.0000000000
34666  33.382  -18.578  -6.457 0.8999999762
117489  34.089  -18.222  -8.177 1.0000000000
118716  33.983  -17.703  -8.580 1.0000000000
34700  33.688  -18.130  -9.087 1.0000000000
35615  33.223  -17.464  -9.717 1.0000000000
35624  32.534  -16.917  -10.281 1.0000000000
36569  31.801  -16.548  -10.782 1.0000000000
124724  31.932  -17.224  -10.602 1.0000000000
36570  30.464  -16.717  -11.427 1.0000000000
35639  27.953  -16.960  -12.208 1.0000000000
136926  26.779  -16.993  -12.309 0.8999999762
34728  25.932  -18.388  -12.173 0.8999999762
34729  25.046  -18.664  -12.623 0.8999999762
35669  24.222  -17.267  -12.972 0.8999999762
36601  32.926  -16.043  -13.400 0.6000000238
36602  31.927  -16.247  -13.385 0.6000000238
35665  30.535  -17.465  -13.389 0.6000000238
36604  29.809  -16.631  -13.704 0.6999999881
36605  28.905  -16.782  -13.779 0.6999999881
35679  28.092  -16.978  -13.818 0.6999999881
35681  26.464  -17.658  -13.648 0.8000000119
36618  25.615  -16.742  -13.611 0.8999999762
36600  33.725  -15.925  -13.853 0.6000000238
36616  27.583  -16.481  -13.884 0.6999999881
35680  27.192  -17.196  -13.727 0.8000000119
36617  26.701  -16.401  -13.810 0.8999999762
33724  26.823  -19.408  -5.554 0.6999999881
127561  26.488  -19.338  -4.790 0.6000000238
34635  31.301  -18.483  -4.885 0.8999999762
33702  30.046  -19.175  -4.641 0.8000000119
131792  29.508  -18.279  -4.689 0.6999999881
34647  32.837  -18.637  -5.855 0.8999999762
35587  33.097  -18.018  -6.041 0.8000000119
136118  34.164  -16.835  -7.528 0.8999999762
35586  33.562  -17.674  -6.605 0.8000000119
131185  34.213  -17.209  -8.194 1.0000000000
35614  33.822  -17.141  -9.020 1.0000000000
36564  33.271  -16.602  -9.783 1.0000000000
36568  32.522  -15.996  -10.470 1.0000000000
37517  31.522  -15.757  -11.201 1.0000000000
37518  30.657  -15.902  -11.529 1.0000000000
36571  29.635  -16.661  -11.683 1.0000000000
36572  28.858  -17.033  -11.852 1.0000000000
36583  27.312  -16.522  -12.335 0.8999999762
35641  26.314  -17.509  -12.255 0.8999999762
35642  25.339  -17.861  -12.457 0.8999999762
36593  24.005  -16.531  -12.990 0.8999999762
36603  30.843  -16.289  -13.603 0.6000000238
36614  29.230  -15.979  -14.070 0.6999999881
133768  24.591  -17.081  -13.272 0.8999999762
37558  33.328  -15.212  -15.032 0.6000000238
36612  32.903  -15.346  -14.106 0.6000000238
36615  28.329  -16.079  -14.051 0.6999999881
115633  27.462  -15.777  -14.065 0.6999999881
33704  28.045  -18.679  -5.382 0.6999999881
33706  26.861  -18.804  -5.016 0.6000000238
122039  30.882  -17.865  -4.746 0.8000000119
34636  30.466  -18.415  -4.676 0.8000000119
34638  28.514  -18.118  -4.915 0.6999999881
34639  27.832  -18.170  -5.121 0.6999999881
134992  32.219  -17.247  -5.479 0.6999999881
35573  31.637  -17.703  -5.156 0.8000000119
127109  33.430  -16.868  -6.351 0.6999999881
122338  33.865  -16.898  -6.914 0.6999999881
36554  34.323  -16.206  -7.971 0.8000000119
37507  34.188  -15.659  -8.788 0.8000000119
36559  34.113  -16.503  -8.632 0.8000000119
37510  34.188  -14.925  -9.142 0.8000000119
36563  33.800  -16.174  -9.290 0.8999999762
37515  33.067  -15.196  -10.400 0.8999999762
37516  32.216  -15.167  -11.016 1.0000000000
37526  30.875  -15.206  -11.728 1.0000000000
36581  29.127  -16.159  -12.085 1.0000000000
37529  28.636  -15.530  -12.356 1.0000000000
126897  30.338  -14.642  -12.195 1.0000000000
37528  29.411  -15.445  -12.230 1.0000000000
36582  28.274  -16.298  -12.279 1.0000000000
37531  26.883  -15.821  -12.392 1.0000000000
125835  25.857  -15.927  -12.433 0.8999999762
36585  25.258  -16.657  -12.471 0.8999999762
36586  24.365  -16.660  -12.717 0.8999999762
37559  32.110  -14.992  -14.247 0.6000000238
37549  31.579  -15.552  -13.773 0.6000000238
37562  29.582  -15.323  -14.286 0.6999999881
131559  23.804  -15.907  -13.089 0.8999999762
131433  25.864  -16.037  -13.715 0.8999999762
38416  28.386  -14.572  -14.417 0.6999999881
115642  27.383  -14.818  -14.269 0.6999999881
37563  26.560  -15.519  -13.946 0.8999999762
38418  24.908  -14.609  -13.622 0.8999999762
35562  30.816  -17.077  -4.727 0.6999999881
35563  30.075  -17.654  -4.644 0.6000000238
35565  28.190  -17.494  -4.729 0.6000000238
34614  26.791  -18.394  -4.407 0.6000000238
36530  32.394  -16.591  -5.505 0.6999999881
36513  30.317  -16.283  -4.497 0.6000000238
36529  33.079  -16.354  -5.889 0.6999999881
36545  33.624  -16.192  -6.449 0.6999999881
36555  34.081  -16.165  -7.124 0.6999999881
38372  34.347  -14.293  -8.817 0.8000000119
37511  33.780  -15.234  -9.660 0.8000000119
38379  33.543  -14.453  -10.267 0.8000000119
38380  32.740  -14.465  -10.877 0.8000000119
37525  31.512  -15.026  -11.474 1.0000000000
38385  31.895  -14.453  -11.446 0.8000000119
38387  29.693  -14.856  -12.319 1.0000000000
38388  29.044  -14.814  -12.402 1.0000000000
37530  27.793  -15.668  -12.403 1.0000000000
136779  29.118  -13.693  -12.418 1.0000000000
123088  28.254  -14.883  -12.436 1.0000000000
121075  27.414  -15.013  -12.421 1.0000000000
38390  25.927  -14.227  -12.476 1.0000000000
37532  25.267  -15.179  -12.492 1.0000000000
37550  30.796  -15.331  -14.014 0.6000000238
37542  23.564  -15.396  -12.991 0.8999999762
37573  32.623  -14.606  -15.109 0.6000000238
132449  31.401  -14.906  -14.255 0.6000000238
37561  30.185  -14.964  -14.360 0.6999999881
37551  23.567  -15.425  -13.000 0.8999999762
38415  29.647  -14.617  -14.476 0.6999999881
118909  27.912  -13.903  -14.452 0.6999999881
39163  25.847  -13.886  -14.099 0.8999999762
36516  27.904  -16.970  -4.321 0.5000000000
36512  31.242  -16.283  -4.781 0.6000000238
37482  32.502  -15.730  -5.419 0.6999999881
136790  31.900  -16.210  -5.164 0.6999999881
37481  33.265  -15.552  -5.930 0.6999999881
129661  33.803  -15.308  -6.612 0.6999999881
39103  34.302  -13.847  -7.931 0.6999999881
38376  34.065  -14.397  -9.610 0.8000000119
39114  33.995  -13.627  -10.117 0.8000000119
39987  33.624  -13.048  -10.570 0.8000000119
39988  32.731  -12.892  -11.162 0.8000000119
39118  32.339  -13.741  -11.353 0.8000000119
39993  30.922  -12.980  -11.953 0.8999999762
39124  30.603  -13.841  -12.231 1.0000000000
39992  31.828  -13.153  -11.604 0.8000000119
39125  30.119  -13.262  -12.248 0.8999999762
39126  29.435  -13.078  -12.315 1.0000000000
39127  28.690  -13.452  -12.426 1.0000000000
38389  27.903  -14.117  -12.468 1.0000000000
38391  24.472  -14.451  -12.619 0.8999999762
37533  24.055  -15.319  -12.748 0.8999999762
38399  23.595  -14.605  -12.881 0.8999999762
39131  23.679  -13.715  -12.757 0.8999999762
39149  23.407  -13.792  -12.975 0.8999999762
38412  31.829  -14.213  -14.933 0.6000000238
37560  30.911  -14.513  -14.496 0.6000000238
118910  28.846  -13.790  -14.527 0.6999999881
118908  26.901  -13.948  -14.378 0.8000000119
39164  24.647  -13.660  -13.604 0.8999999762
39172  32.597  -13.887  -15.708 0.6000000238
119885  29.729  -13.729  -14.675 0.6999999881
39162  28.430  -13.159  -14.525 0.6999999881
130395  25.640  -13.220  -14.096 0.8000000119
40045  23.781  -12.976  -13.262 0.8999999762
127931  27.461  -13.189  -14.466 0.6999999881
127675  24.999  -12.761  -13.798 0.8999999762
37466  30.910  -15.623  -4.493 0.5000000000
37467  29.985  -15.573  -4.159 0.5000000000
37483  32.209  -14.832  -5.016 0.6999999881
134586  30.672  -15.003  -4.194 0.5000000000
135439  32.858  -15.028  -5.534 0.6999999881
38358  33.757  -14.264  -6.571 0.6999999881
38350  33.344  -14.727  -5.947 0.6999999881
39104  34.060  -13.562  -7.071 0.6999999881
39109  34.457  -13.269  -8.764 0.6999999881
39113  34.303  -13.772  -9.423 0.6999999881
39983  34.188  -12.738  -10.112 0.8000000119
40923  33.522  -12.211  -10.541 0.8000000119
39989  31.651  -12.446  -11.432 0.8000000119
39990  30.730  -12.137  -11.529 0.8000000119
39995  29.509  -12.294  -11.910 0.8999999762
129589  27.987  -13.094  -12.439 1.0000000000
39128  27.054  -13.631  -12.436 1.0000000000
40925  31.431  -11.696  -11.180 0.8000000119
40934  29.946  -11.770  -11.527 0.8000000119
39997  28.020  -12.190  -12.162 0.8999999762
118900  27.130  -12.658  -12.388 1.0000000000
39129  26.082  -13.171  -12.460 1.0000000000
39998  25.217  -12.795  -12.473 1.0000000000
39130  24.888  -13.554  -12.526 1.0000000000
39999  23.707  -12.132  -12.624 1.0000000000
40026  23.286  -12.937  -12.886 0.8999999762
38414  30.354  -14.120  -14.668 0.6999999881
40009  23.244  -12.122  -12.906 0.8999999762
39159  31.555  -13.485  -14.929 0.6000000238
125321  31.035  -13.271  -14.856 0.6000000238
120253  24.297  -12.124  -13.527 0.8999999762
40039  30.493  -12.890  -14.758 0.6999999881
40041  28.893  -12.580  -14.461 0.6999999881
40042  27.947  -12.520  -14.391 0.6999999881
40043  26.995  -12.516  -14.335 0.6999999881
123813  25.443  -11.958  -13.887 0.8000000119
40985  27.410  -11.851  -14.129 0.6999999881
40987  24.743  -11.252  -13.649 0.8000000119
40988  23.587  -11.424  -13.279 0.8999999762
40986  26.456  -11.849  -14.054 0.6999999881
37465  31.708  -15.608  -4.884 0.6000000238
38334  31.384  -14.921  -4.508 0.5000000000
123881  32.809  -14.320  -5.438 0.6999999881
39974  33.945  -12.730  -6.907 0.6999999881
39092  33.594  -13.358  -6.388 0.6999999881
115209  34.281  -12.988  -7.760 0.6999999881
39961  33.803  -11.895  -6.695 0.6999999881
134016  34.482  -12.470  -8.423 0.6999999881
39980  34.583  -11.705  -8.624 0.6999999881
39982  34.508  -12.358  -9.335 0.6999999881
40919  34.457  -11.322  -9.520 0.6999999881
120567  34.268  -11.972  -10.012 0.6999999881
40924  32.437  -11.982  -10.990 0.8000000119
40921  33.060  -11.491  -10.614 0.8000000119
41941  32.190  -11.226  -10.742 0.8000000119
132603  30.641  -11.522  -11.285 0.8000000119
132492  32.066  -10.557  -10.574 0.8000000119
41943  30.469  -10.404  -10.850 0.8000000119
40927  29.469  -11.147  -11.364 0.8000000119
40937  28.066  -11.404  -11.789 0.8999999762
115537  27.200  -11.702  -12.158 0.8999999762
117001  26.079  -12.134  -12.412 1.0000000000
133327  29.989  -10.017  -10.871 0.8000000119
118328  24.816  -12.178  -12.454 1.0000000000
40939  25.410  -11.535  -12.381 1.0000000000
40038  31.374  -12.995  -14.822 0.6000000238
40941  23.373  -11.248  -12.664 1.0000000000
40040  29.721  -12.718  -14.610 0.6999999881
40973  22.909  -11.435  -12.884 0.8999999762
40952  22.998  -11.289  -12.952 1.0000000000
40971  27.830  -11.203  -13.819 0.6999999881
40972  26.831  -10.996  -13.803 0.8000000119
118892  25.817  -11.131  -13.808 0.8000000119
39973  34.319  -12.023  -7.623 0.6999999881
40914  34.504  -11.109  -7.993 0.6999999881
40916  34.629  -10.981  -8.778 0.6999999881
41934  34.521  -10.448  -9.245 0.6999999881
41935  34.063  -10.582  -9.984 0.6999999881
43060  34.198  -9.822  -9.612 0.6999999881
41936  33.103  -10.698  -10.441 0.8000000119
41937  31.392  -10.096  -10.576 0.8000000119
43063  31.607  -9.194  -10.510 0.8000000119
43064  30.664  -9.673  -10.686 0.8000000119
40929  28.226  -10.733  -11.542 0.8999999762
40930  27.371  -10.874  -11.796 0.8999999762
41945  28.990  -10.525  -11.319 0.8000000119
41947  27.634  -10.205  -11.581 0.8999999762
40938  26.272  -11.058  -12.192 0.8999999762
40025  30.853  -12.358  -14.154 0.6000000238
43072  27.028  -9.585  -11.807 0.8999999762
43076  26.121  -9.746  -12.132 0.8999999762
134209  24.156  -10.844  -12.470 1.0000000000
40024  31.759  -12.392  -13.980 0.6000000238
41954  23.453  -10.330  -12.579 0.8999999762
40970  28.724  -11.336  -13.787 0.6999999881
43091  22.767  -9.689  -12.911 0.8999999762
41993  26.061  -10.252  -13.768 0.8000000119
41994  25.076  -10.360  -13.746 0.8999999762
43119  23.240  -9.566  -13.310 0.8000000119
40903  34.200  -11.175  -7.137 0.6999999881
41928  34.367  -10.401  -7.502 0.6999999881
43057  34.561  -9.693  -8.899 0.6999999881
125480  33.545  -9.996  -10.138 0.6999999881
43069  29.414  -9.956  -11.110 0.8000000119
43071  28.001  -9.663  -11.500 0.8000000119
43070  28.770  -9.823  -11.313 0.8000000119
44158  28.467  -9.148  -11.452 0.8000000119
119469  25.146  -10.885  -12.364 0.8999999762
40982  30.019  -12.243  -14.270 0.6000000238
44159  27.644  -9.061  -11.715 0.8000000119
131790  26.878  -8.980  -12.005 0.8999999762
43077  24.947  -9.484  -12.392 0.8999999762
43078  23.713  -9.616  -12.525 0.8999999762
40968  30.410  -11.547  -13.592 0.6000000238
40969  29.573  -11.457  -13.707 0.6999999881
44167  23.295  -9.236  -12.648 0.8999999762
41980  27.474  -10.359  -13.650 0.6999999881
44213  23.019  -8.827  -13.131 0.8000000119
43116  26.391  -9.338  -13.827 0.6999999881
43118  24.286  -9.571  -13.709 0.8000000119
43054  34.474  -9.622  -7.936 0.6999999881
43058  34.344  -9.043  -9.319 0.6999999881
43068  29.950  -9.443  -10.913 0.8000000119
122007  29.239  -9.282  -11.226 0.8000000119
45211  28.992  -8.513  -11.478 0.8000000119
45217  27.757  -7.990  -12.208 0.8000000119
120675  26.061  -9.167  -12.220 0.8999999762
44165  24.945  -8.682  -12.496 0.8999999762
44166  23.586  -8.928  -12.650 0.8999999762
41978  29.160  -10.628  -13.452 0.6999999881
41979  28.318  -10.494  -13.570 0.6999999881
44178  23.821  -8.215  -12.879 0.8999999762
44194  27.218  -8.945  -13.769 0.6999999881
123166  25.546  -8.616  -14.160 0.8000000119
44195  23.415  -8.097  -13.210 0.8000000119
44210  26.575  -8.395  -14.194 0.6999999881
44211  24.510  -7.923  -14.271 0.8000000119
123196  23.565  -8.863  -13.493 0.8000000119
45256  25.714  -7.790  -14.499 0.8000000119
127303  34.482  -8.941  -8.495 0.6000000238
134153  30.792  -10.735  -13.112 0.6000000238
45218  26.711  -7.809  -12.517 0.8000000119
45228  25.648  -7.249  -13.055 0.8999999762
45229  24.226  -7.475  -13.225 0.8999999762
124807  29.977  -10.710  -13.282 0.6000000238
133159  23.699  -6.970  -13.609 0.8999999762
43107  27.919  -9.568  -13.549 0.8000000119
45230  23.514  -7.774  -13.288 0.8999999762
44225  23.712  -7.200  -14.100 0.8000000119
45267  24.658  -7.143  -14.576 0.8000000119
45268  23.980  -6.610  -14.399 0.8000000119
43106  28.800  -9.814  -13.376 0.6999999881
46262  26.773  -7.059  -12.888 0.8000000119
134479  29.218  -8.535  -13.396 0.5000000000
44193  28.567  -9.005  -13.443 0.6000000238
44208  28.370  -8.100  -13.781 0.6000000238
128051  27.888  -8.726  -13.667 0.6999999881
46271  23.713  -6.161  -13.856 0.8000000119
45254  27.843  -7.454  -14.325 0.6000000238
45255  26.829  -7.497  -14.570 0.6000000238
45266  25.751  -6.962  -14.844 0.6999999881
46321  24.559  -6.281  -14.965 0.8000000119
45241  23.609  -6.996  -13.740 0.8000000119
46304  26.647  -6.742  -14.956 0.6000000238
46269  26.082  -6.442  -13.321 0.8000000119
47335  25.186  -5.557  -13.681 0.8000000119
47336  24.131  -5.597  -13.923 0.8999999762
45240  29.169  -7.698  -13.701 0.6000000238
122659  24.104  -5.490  -14.946 0.8000000119
46284  23.717  -6.026  -14.177 0.8000000119
47348  23.988  -5.427  -14.359 0.8000000119
46320  25.837  -6.103  -15.284 0.6000000238
47334  26.537  -5.621  -13.494 0.8000000119
47347  24.513  -4.770  -14.310 0.8000000119
45253  28.558  -7.388  -14.101 0.6000000238
46303  27.430  -6.802  -14.727 0.6000000238
47361  24.145  -4.727  -14.769 0.8000000119
46319  27.066  -6.181  -15.199 0.6000000238
47380  24.282  -4.762  -15.157 0.6999999881
48403  26.831  -4.587  -15.772 0.6000000238
47396  24.766  -4.232  -15.374 0.6000000238
49409  24.814  -3.721  -15.529 0.6999999881
46318  27.828  -6.196  -14.865 0.6000000238
132490  28.160  -4.352  -13.773 0.8000000119
47346  25.655  -4.719  -13.935 0.8000000119
45252  29.111  -6.972  -14.123 0.6000000238
48381  26.877  -4.826  -13.703 0.8000000119
46283  29.794  -6.391  -14.232 0.5000000000
49391  24.878  -3.503  -14.941 0.8000000119
48382  25.044  -3.929  -14.498 0.8000000119
47359  29.318  -5.766  -14.719 0.6000000238
46302  28.328  -6.720  -14.483 0.6000000238
49403  24.829  -3.576  -15.107 0.6000000238
47358  30.185  -5.597  -14.659 0.5000000000
136677  28.813  -5.464  -15.179 0.6000000238
47377  27.816  -5.388  -15.361 0.6000000238
129106  26.065  -3.895  -15.781 0.6000000238
47376  28.760  -4.941  -15.704 0.6000000238
48402  27.825  -4.469  -15.897 0.6000000238
48417  26.754  -3.752  -16.202 0.6000000238
49408  25.854  -3.067  -16.266 0.6000000238
48380  27.087  -4.121  -14.078 0.8000000119
131768  26.042  -4.138  -14.188 0.8000000119
49388  28.392  -3.403  -14.637 0.8000000119
50365  27.352  -2.801  -15.268 0.6999999881
115788  27.068  -3.169  -14.795 0.6999999881
47375  29.631  -5.194  -15.319 0.6000000238
133085  26.081  -2.808  -15.841 0.6000000238
49401  25.899  -2.944  -15.653 0.6000000238
48401  29.565  -4.671  -16.065 0.5000000000
134705  26.392  -2.313  -16.557 0.6000000238
130780  28.689  -3.923  -16.831 0.5000000000
48416  27.786  -3.872  -16.554 0.6000000238
49407  26.817  -3.112  -16.678 0.6000000238
49415  29.201  -3.514  -17.206 0.5000000000
50364  28.583  -2.780  -15.314 0.6999999881
132360  26.620  -1.764  -16.286 0.6000000238
49389  26.434  -2.851  -15.316 0.6000000238
51317  26.404  -0.979  -16.678 0.6000000238
51316  27.239  -1.198  -16.337 0.6000000238
50390  27.571  -2.003  -17.374 0.6000000238
50391  26.960  -1.479  -17.358 0.6000000238
132734  26.543  -1.843  -17.120 0.6000000238
50376  26.472  -1.958  -16.444 0.6000000238
50384  28.335  -2.714  -17.356 0.6000000238
51335  27.834  -1.206  -17.487 0.6000000238
50383  29.478  -2.603  -17.431 0.5000000000
50389  28.799  -1.706  -17.508 0.5000000000
119880  29.547  -0.974  -17.566 0.4000000060
51315  28.321  -1.416  -16.256 0.6000000238
132369  26.650  -1.179  -17.314 0.6000000238
51321  26.126  -0.756  -16.990 0.6000000238
52238  27.855  -0.368  -16.442 0.6000000238
51336  27.043  -0.936  -17.435 0.6000000238
53133  26.458  0.453  -17.265 0.6000000238
52248  28.684  -0.492  -17.601 0.5000000000
121999  27.977  0.333  -17.601 0.6000000238
53131  28.874  0.462  -17.727 0.5000000000
52247  29.792  -0.140  -17.634 0.4000000060
53130  29.608  0.642  -17.780 0.4000000060
53116  26.100  0.495  -16.982 0.6000000238
53115  26.919  0.495  -16.574 0.5000000000
52237  28.778  0.042  -16.433 0.5000000000
127270  29.019  -0.700  -16.364 0.5000000000
52244  26.122  -0.158  -17.098 0.6000000238
53977  26.380  1.035  -16.875 0.5000000000
126569  27.129  0.261  -17.511 0.6000000238
130593  28.126  1.001  -17.716 0.5000000000
118918  28.853  1.312  -17.919 0.4000000060
129772  29.471  -0.064  -16.431 0.4000000060
53990  26.430  1.175  -17.135 0.6000000238
53986  26.311  1.168  -17.005 0.5000000000
54001  27.699  1.772  -17.710 0.4000000060
54002  26.912  1.666  -17.346 0.6000000238
53989  26.682  1.757  -17.088 0.6000000238
53985  26.727  1.876  -16.959 0.4000000060
137529  28.454  2.112  -18.049 0.4000000060
115975  28.014  2.610  -17.925 0.4000000060
55003  27.599  2.224  -16.761 0.4000000060
55028  27.194  2.173  -17.412 0.4000000060
55019  27.552  2.713  -17.206 0.4000000060
54000  29.376  1.948  -18.180 0.4000000060
55027  27.682  2.670  -17.575 0.4000000060
130886  30.547  1.730  -16.373 0.4000000060
53975  28.903  1.758  -16.490 0.4000000060
55010  27.875  3.055  -17.221 0.4000000060
56064  28.793  4.493  -18.991 0.4000000060
56050  28.298  3.522  -17.895 0.4000000060
55001  29.766  2.158  -16.472 0.4000000060
56037  29.696  3.096  -16.581 0.4000000060
55002  28.677  2.625  -16.673 0.4000000060
56062  28.592  4.723  -18.681 0.3000000119
56042  28.612  3.940  -17.637 0.4000000060
56038  28.536  3.278  -16.954 0.4000000060
56036  30.863  3.246  -16.327 0.4000000060
56041  29.256  3.740  -16.948 0.4000000060
114270  25.945  -21.072  -13.052 0.8999999762
131697  25.840  -21.194  -12.555 0.8999999762
31893  25.855  -21.372  -12.851 0.8999999762
31021  26.214  -22.683  -12.663 0.8999999762
32766  31.771  -20.542  -10.676 0.8999999762
33787  31.341  -19.784  -10.971 1.0000000000
34710  31.687  -18.963  -10.700 1.0000000000
31004  28.690  -22.048  -11.693 0.8999999762
31867  30.437  -21.230  -11.402 0.8999999762
33789  29.495  -19.915  -11.528 0.8999999762
34712  30.156  -18.352  -11.398 1.0000000000
31870  27.873  -21.510  -11.622 0.8999999762
32769  29.542  -20.808  -11.544 0.8999999762
131082  28.817  -20.440  -11.591 0.8999999762
124695  29.949  -19.153  -11.445 1.0000000000
31871  26.896  -21.221  -11.676 0.8999999762
126832  28.331  -19.659  -11.594 0.8999999762
53114  28.033  0.617  -16.486 0.4000000060
53976  27.113  1.393  -16.674 0.4000000060
53113  29.129  0.745  -16.442 0.4000000060
53112  30.220  0.253  -16.427 0.4000000060
27480  31.070  -26.391  -5.076 0.8999999762
27466  27.924  -26.273  -4.686 0.8999999762
122876  32.238  -24.840  -6.214 1.0000000000
26689  31.660  -27.337  -9.834 0.8000000119
30946  31.522  -22.775  -5.384 0.8999999762
126353  31.544  -25.068  -10.359 0.8000000119
28356  30.108  -25.009  -11.531 0.8000000119
28372  29.292  -25.210  -11.920 0.8000000119
30145  28.721  -23.544  -12.055 0.8000000119
31882  27.116  -21.869  -11.756 0.8999999762
30147  26.651  -23.332  -12.530 0.8000000119
126925  31.740  -22.020  -10.583 0.8999999762
32770  27.848  -20.616  -11.545 0.8999999762
30918  28.929  -22.199  -4.503 0.8999999762
120263  28.225  -21.596  -4.968 1.0000000000
30897  25.936  -22.575  -3.207 0.6000000238
30000  23.893  -23.476  -1.867 0.4000000060
29999  25.043  -23.328  -2.161 0.4000000060
32759  32.589  -20.572  -10.149 1.0000000000
33788  30.492  -19.811  -11.344 0.8999999762
32813  28.018  -21.001  -13.488 0.6999999881
34761  26.690  -18.868  -13.545 0.8000000119
32683  30.540  -20.653  -4.611 0.8999999762
123012  26.009  -20.927  -11.949 0.8999999762
33832  30.365  -20.147  -13.412 0.6000000238
32815  25.588  -20.249  -13.119 0.8999999762
33723  27.150  -19.563  -5.835 0.6999999881
30867  24.352  -22.268  -1.702 0.4000000060
32771  26.722  -20.413  -11.694 0.8999999762
34762  24.566  -18.843  -13.033 0.8999999762
34774  25.057  -18.387  -13.297 0.8999999762
35666  29.482  -17.504  -13.576 0.6999999881
33722  31.624  -19.265  -5.080 0.8999999762
120600  31.148  -16.396  -11.236 1.0000000000
35640  27.247  -17.300  -12.212 0.8999999762
34713  27.078  -18.197  -12.009 0.8999999762
128615  27.381  -19.879  -11.615 0.8999999762
34763  24.450  -18.082  -12.994 0.8999999762
35572  32.477  -17.907  -5.635 0.8000000119
33680  26.172  -19.575  -3.541 0.5000000000
35600  34.051  -17.580  -7.457 1.0000000000
35643  24.836  -17.317  -12.610 0.8999999762
35571  32.944  -17.234  -5.888 0.6999999881
115552  28.913  -15.205  -14.354 0.6999999881
37565  24.236  -15.422  -13.345 0.8999999762
35566  27.609  -17.646  -4.610 0.6000000238
123695  31.685  -16.848  -5.160 0.8000000119
122435  29.754  -16.909  -4.544 0.6000000238
37502  34.211  -15.443  -7.433 0.6999999881
37501  34.332  -15.418  -8.134 0.6999999881
38386  31.110  -14.490  -11.899 1.0000000000
121962  26.460  -15.113  -12.432 1.0000000000
38419  23.863  -14.356  -13.218 0.8999999762
36514  29.385  -16.342  -4.306 0.6000000238
126154  34.116  -14.792  -7.085 0.6999999881
39123  31.464  -13.772  -11.833 0.8999999762
36490  28.827  -16.205  -4.083 0.5000000000
127677  34.363  -13.162  -9.603 0.8000000119
39139  23.324  -13.469  -12.924 0.8999999762
114920  30.981  -14.210  -4.083 0.5000000000
39082  33.292  -13.891  -5.876 0.6999999881
40935  29.228  -11.764  -11.685 0.8999999762
41942  31.153  -10.944  -10.892 0.8000000119
40926  30.191  -11.058  -11.183 0.8000000119
125565  22.816  -10.170  -13.050 0.8999999762
123774  31.694  -14.282  -4.562 0.5000000000
39950  33.211  -13.173  -5.820 0.6999999881
124532  32.564  -9.804  -10.392 0.8000000119
40928  28.812  -11.222  -11.521 0.8999999762
41951  26.704  -10.269  -11.893 0.8999999762
41981  26.777  -10.133  -13.691 0.8000000119
43117  25.354  -9.473  -13.872 0.8000000119
41931  34.562  -10.370  -8.394 0.6999999881
121071  30.697  -8.933  -10.718 0.8000000119
44196  22.942  -9.008  -12.933 0.8999999762
44164  26.216  -8.535  -12.333 0.8999999762
127626  34.290  -8.729  -7.488 0.6000000238
46270  24.519  -6.459  -13.529 0.8999999762
118058  24.700  -5.569  -15.273 0.6999999881
47378  26.520  -5.365  -15.497 0.6000000238
47379  25.283  -5.099  -15.490 0.6000000238
48390  24.436  -4.025  -14.905 0.8000000119
125753  26.097  -3.008  -14.773 0.6999999881
116466  26.314  -1.338  -17.068 0.6000000238
49406  27.943  -3.371  -17.077 0.6000000238
52240  26.141  -0.171  -16.871 0.6000000238
53974  29.960  1.254  -16.457 0.4000000060
137269  28.160  1.382  -16.520 0.4000000060
55000  30.654  2.451  -16.339 0.4000000060
120772  28.975  4.940  -17.946 0.4000000060
31883  26.295  -21.811  -12.136 0.8999999762
19915  30.046  -35.258  -4.754 0.4000000060
126752  28.959  -34.288  -4.476 0.4000000060
20742  28.288  -34.665  -4.330 0.4000000060
126668  30.675  -34.908  -5.185 0.4000000060
21557  28.915  -33.613  -4.520 0.4000000060
21558  27.833  -33.483  -4.471 0.4000000060
21571  31.904  -33.626  -5.801 0.3000000119
21556  29.556  -33.856  -4.627 0.4000000060
21599  32.405  -33.509  -7.194 0.4000000060
21610  32.473  -33.578  -8.126 0.4000000060
22429  32.255  -32.849  -9.362 0.4000000060
22442  31.923  -32.408  -9.930 0.4000000060
122660  28.442  -33.088  -4.518 0.5000000000
123837  27.690  -32.843  -4.596 0.4000000060
21572  31.190  -33.141  -5.349 0.4000000060
22371  29.303  -33.011  -4.614 0.4000000060
115319  32.414  -32.850  -6.859 0.5000000000
22412  32.495  -32.791  -7.601 0.4000000060
121907  32.436  -31.865  -8.550 0.4000000060
23225  31.976  -31.639  -9.727 0.5000000000
123469  31.749  -30.784  -9.842 0.5000000000
117446  31.141  -30.764  -10.690 0.6000000238
127222  30.790  -31.519  -11.344 0.5000000000
23244  30.162  -30.910  -11.889 0.6000000238
24137  29.518  -30.305  -12.191 0.4000000060
116271  29.170  -32.132  -4.560 0.5000000000
22373  27.416  -32.019  -4.884 0.5000000000
22386  26.649  -32.371  -5.353 0.5000000000
22400  26.112  -31.953  -6.158 0.5000000000
22385  30.661  -32.605  -5.079 0.6000000238
22370  29.989  -32.440  -4.733 0.6000000238
22384  31.333  -32.318  -5.373 0.5000000000
23175  31.503  -31.511  -5.385 0.6000000238
134397  32.328  -31.846  -6.178 0.5000000000
23197  32.511  -31.509  -7.383 0.5000000000
23208  32.496  -31.294  -8.085 0.4000000060
23224  32.304  -31.204  -8.993 0.6000000238
24127  31.373  -29.965  -10.236 0.6000000238
25905  30.491  -28.614  -10.916 0.6000000238
25906  29.870  -28.703  -11.541 0.6000000238
126960  29.337  -27.944  -11.891 0.6000000238
23238  30.622  -30.652  -11.270 0.6000000238
25014  29.670  -29.491  -11.878 0.6000000238
25907  29.061  -28.828  -12.209 0.6000000238
137670  28.475  -28.235  -12.361 0.6000000238
23165  28.665  -31.576  -4.530 0.5000000000
23166  28.024  -31.363  -4.607 0.5000000000
23177  26.741  -31.516  -5.526 0.5000000000
136505  25.781  -31.395  -6.677 0.5000000000
23176  30.617  -31.804  -4.986 0.6000000238
23164  29.295  -31.282  -4.538 0.6000000238
23174  32.224  -31.169  -5.832 0.6000000238
24083  31.598  -30.679  -5.366 0.6000000238
116469  32.470  -31.332  -6.635 0.5000000000
24082  32.207  -30.212  -5.789 0.6000000238
24103  32.518  -30.755  -7.332 0.6000000238
24992  32.295  -29.656  -8.815 0.6000000238
132729  30.981  -28.491  -10.476 0.6000000238
124712  28.502  -27.502  -12.329 0.6000000238
26711  27.730  -26.987  -12.533 0.6999999881
119377  27.405  -31.026  -5.073 0.6000000238
24086  26.758  -30.617  -5.656 0.5000000000
132847  25.781  -30.767  -6.842 0.5000000000
23163  30.157  -30.952  -4.683 0.6000000238
24071  29.353  -30.420  -4.512 0.6000000238
24072  28.603  -30.842  -4.522 0.6000000238
24095  25.772  -30.044  -7.045 0.5000000000
24972  25.280  -29.975  -7.499 0.5000000000
24070  30.132  -29.973  -4.607 0.6000000238
116560  32.490  -30.049  -7.559 0.6000000238
27548  28.152  -26.138  -12.379 0.6999999881
24941  28.573  -29.924  -4.518 0.6000000238
24085  27.360  -30.101  -5.178 0.6000000238
24094  26.265  -30.261  -6.429 0.6000000238
24940  29.364  -29.494  -4.494 0.6000000238
24952  27.304  -29.206  -5.238 0.6000000238
24961  26.204  -29.312  -6.634 0.6000000238
133235  25.549  -29.356  -7.302 0.6000000238
24973  24.790  -29.485  -7.896 0.6000000238
25834  29.486  -28.722  -4.496 0.6000000238
24983  24.005  -29.236  -8.605 0.5000000000
24951  30.823  -29.468  -4.822 0.6000000238
25879  22.856  -27.757  -9.477 0.6000000238
27549  27.018  -26.324  -12.702 0.6999999881
24942  27.872  -29.536  -4.708 0.6000000238
25855  26.268  -28.463  -6.574 0.6000000238
25835  28.554  -28.768  -4.511 0.6000000238
25836  27.765  -28.762  -4.782 0.6000000238
25848  26.710  -28.701  -5.838 0.6000000238
25868  25.148  -28.647  -7.595 0.6000000238
25869  24.411  -28.577  -8.258 0.6000000238
24939  30.124  -29.114  -4.573 0.6000000238
26681  23.715  -27.567  -8.700 0.6000000238
117122  30.708  -28.765  -4.753 0.6000000238
25854  32.384  -28.607  -6.198 0.6000000238
29236  26.562  -24.762  -12.737 0.6999999881
29246  25.998  -24.383  -13.046 0.6999999881
26655  26.493  -27.830  -6.267 0.6999999881
26656  25.985  -27.825  -6.840 0.6999999881
25846  30.941  -28.203  -4.833 0.6000000238
31034  25.966  -22.847  -12.965 0.6999999881
26648  27.329  -27.670  -5.255 0.6999999881
26636  29.851  -27.318  -4.572 0.6999999881
26638  28.587  -27.786  -4.500 0.6999999881
128248  26.184  -27.061  -6.614 0.6999999881
127950  25.581  -27.006  -7.163 0.6999999881
133024  24.999  -27.234  -7.613 0.6000000238
121090  24.827  -26.406  -7.715 0.6999999881
27505  23.753  -25.675  -8.436 0.6000000238
126577  23.109  -26.380  -8.928 0.5000000000
120928  26.764  -21.557  -13.322 0.8000000119
122760  28.273  -27.089  -4.562 0.6999999881
126034  27.577  -27.030  -4.967 0.6999999881
27491  26.238  -26.143  -6.638 0.6999999881
27492  25.484  -25.937  -7.308 0.6999999881
118444  22.027  -25.435  -9.075 0.5000000000
28319  24.825  -24.638  -7.707 0.6999999881
28332  23.768  -24.544  -8.326 0.6000000238
28334  22.435  -25.202  -8.492 0.6000000238
45216  28.637  -7.747  -11.944 0.6999999881
43062  32.594  -8.995  -10.343 0.6999999881
44157  29.930  -8.613  -11.141 0.6999999881
43061  33.540  -9.191  -10.005 0.6000000238
44150  33.147  -8.387  -10.250 0.6000000238
45210  29.542  -7.856  -11.567 0.6999999881
45215  29.321  -7.282  -11.941 0.6999999881
46261  27.783  -7.196  -12.530 0.6999999881
44149  34.071  -8.328  -9.669 0.6000000238
44151  32.114  -8.457  -10.514 0.6000000238
129920  31.349  -8.543  -10.657 0.6999999881
120141  30.374  -7.797  -11.315 0.6999999881
45199  34.316  -7.472  -9.391 0.6000000238
46260  28.796  -6.909  -12.342 0.6999999881
46267  28.217  -6.280  -12.747 0.6999999881
47333  27.644  -5.594  -13.281 0.6999999881
45202  33.705  -7.652  -10.153 0.6000000238
114021  32.434  -7.119  -11.002 0.6000000238
46252  30.768  -7.136  -11.511 0.6999999881
46253  29.996  -7.221  -11.728 0.6999999881
47318  29.066  -6.129  -12.564 0.6999999881
47332  28.536  -5.510  -13.031 0.6999999881
48368  27.911  -4.856  -13.490 0.6999999881
46250  33.095  -6.626  -11.068 0.5000000000
46251  31.596  -7.089  -11.308 0.6000000238
47316  30.710  -5.950  -12.281 0.5000000000
47317  29.879  -6.026  -12.441 0.6999999881
48366  29.670  -4.850  -13.239 0.6999999881
48379  29.003  -4.168  -13.877 0.6999999881
56059  31.024  3.959  -18.942 0.3000000119
56060  30.241  3.527  -18.757 0.3000000119
55026  28.736  2.803  -18.255 0.3000000119
19916  29.090  -35.191  -4.427 0.4000000060
19917  28.201  -35.562  -4.152 0.3000000119
19919  26.681  -35.258  -4.064 0.4000000060
19931  30.700  -35.666  -5.332 0.3000000119
20744  26.878  -34.423  -4.354 0.4000000060
20781  32.285  -34.351  -7.603 0.4000000060
21559  27.126  -33.525  -4.583 0.4000000060
122167  32.193  -34.420  -8.568 0.4000000060
21611  32.329  -33.579  -9.057 0.4000000060
22449  31.515  -32.751  -10.595 0.4000000060
23237  31.468  -31.740  -10.477 0.5000000000
124909  30.124  -31.812  -12.186 0.4000000060
22387  26.012  -32.776  -5.756 0.4000000060
25015  28.770  -29.662  -12.412 0.5000000000
22401  25.458  -31.906  -6.815 0.5000000000
25908  27.467  -27.926  -12.646 0.6000000238
23187  25.334  -31.262  -7.147 0.5000000000
24104  25.307  -30.585  -7.356 0.5000000000
23209  24.285  -30.875  -8.288 0.5000000000
27557  26.423  -26.290  -12.976 0.6000000238
24111  24.262  -30.078  -8.420 0.5000000000
24984  23.044  -28.838  -9.456 0.4000000060
127429  26.107  -25.059  -13.006 0.6999999881
26682  22.687  -26.911  -9.355 0.5000000000
30172  26.051  -23.607  -13.117 0.6999999881
125666  22.220  -26.250  -9.321 0.5000000000
31914  26.653  -22.515  -13.304 0.8000000119
31042  27.930  -22.133  -13.503 0.6999999881
26671  21.830  -26.838  -8.740 0.5000000000
127663  22.350  -25.194  -8.100 0.6000000238
121731  33.432  -12.570  -6.185 0.6000000238
44146  34.463  -8.286  -8.988 0.6000000238
46242  34.137  -6.846  -10.015 0.5000000000
47309  33.340  -5.928  -11.244 0.5000000000
47314  32.708  -5.555  -11.854 0.5000000000
47315  31.659  -5.840  -12.096 0.5000000000
48377  30.966  -4.350  -13.440 0.5000000000
49375  30.586  -4.001  -13.905 0.5000000000
49387  29.541  -3.294  -14.849 0.5000000000
57021  30.710  4.672  -19.254 0.3000000119
57022  29.964  4.492  -19.179 0.3000000119
25845  31.417  -28.791  -5.207 0.6000000238
24949  32.201  -29.232  -5.798 0.6000000238
24960  32.454  -29.781  -6.331 0.6000000238
28318  25.797  -25.099  -7.070 0.8000000119
26709  29.189  -27.063  -11.991 0.6999999881
28374  27.342  -25.479  -12.535 0.6999999881
127000  26.304  -23.993  -12.814 0.6999999881
46268  27.259  -6.409  -13.077 0.6999999881
135879  29.209  -3.707  -14.334 0.6000000238
56061  29.103  3.647  -18.624 0.3000000119
31905  26.060  -22.115  -13.013 0.8000000119
44156  30.835  -8.252  -10.901 0.6999999881
20740  30.217  -34.346  -4.846 0.4000000060
20754  31.064  -34.141  -5.355 0.4000000060
128481  31.805  -34.897  -6.358 0.3000000119
117246  31.893  -32.818  -5.704 0.5000000000
22374  27.079  -32.775  -4.834 0.5000000000
22450  31.164  -32.336  -11.101 0.3000000119
23245  29.380  -31.155  -12.375 0.4000000060
21587  25.353  -33.127  -6.104 0.5000000000
27516  22.637  -25.660  -9.190 0.6000000238
46259  29.586  -6.704  -12.193 0.6999999881
45208  31.833  -7.544  -10.911 0.6999999881
45203  32.553  -7.753  -10.579 0.6000000238
45209  31.154  -7.649  -11.093 0.6999999881
46258  30.349  -6.588  -11.978 0.6999999881
45207  33.341  -7.085  -10.617 0.6000000238
46256  32.287  -6.421  -11.514 0.5000000000
46257  31.191  -6.501  -11.752 0.6000000238
47331  29.357  -5.430  -12.860 0.6999999881
48367  28.803  -4.857  -13.363 0.6999999881
46249  33.784  -6.300  -10.568 0.5000000000
47330  30.200  -5.366  -12.719 0.5000000000
49376  29.863  -3.873  -14.166 0.5000000000
46248  34.226  -5.988  -9.800 0.5000000000
47328  32.110  -5.104  -12.422 0.5000000000
48364  31.479  -4.670  -12.897 0.5000000000
49386  30.725  -3.454  -14.561 0.5000000000
30171  26.753  -23.703  -13.383 0.6000000238
31049  27.365  -23.006  -13.490 0.6000000238
31041  29.874  -22.359  -13.580 0.5000000000
128183  29.270  -23.173  -13.583 0.6000000238
31904  28.817  -21.596  -13.566 0.6000000238
32797  31.313  -20.811  -12.947 0.5000000000
32810  30.601  -20.883  -13.384 0.5000000000
31903  29.542  -21.644  -13.574 0.6000000238
27483  24.803  -26.443  -5.623 0.5000000000
135902  28.516  -20.450  -13.558 0.6000000238
126954  32.397  -20.068  -12.422 0.5000000000
127797  30.929  -20.300  -13.162 0.5000000000
33817  32.878  -19.197  -12.287 0.5000000000
27467  25.379  -26.338  -4.588 0.4000000060
26640  25.296  -27.152  -4.270 0.4000000060
27455  24.500  -27.045  -3.272 0.4000000060
127927  31.522  -20.084  -12.779 0.5000000000
33816  33.992  -19.061  -12.089 0.5000000000
34744  32.281  -18.547  -12.571 0.5000000000
27445  24.281  -26.327  -2.815 0.4000000060
35650  33.455  -17.452  -12.606 0.5000000000
34743  33.266  -18.329  -12.356 0.5000000000
28256  24.042  -25.576  -2.465 0.4000000060
134621  25.723  -20.241  -2.589 0.4000000060
127753  25.267  -21.044  -2.105 0.4000000060
120347  24.368  -20.846  -1.606 0.4000000060
31726  23.881  -21.711  -1.568 0.3000000119
38311  29.395  -15.228  -3.666 0.4000000060
37451  28.751  -15.744  -3.629 0.4000000060
34615  26.406  -18.301  -3.716 0.4000000060
127640  26.125  -18.845  -3.369 0.4000000060
38312  28.799  -14.977  -3.015 0.4000000060
35545  26.251  -17.642  -3.403 0.4000000060
128091  25.647  -19.214  -2.686 0.4000000060
36494  26.075  -16.902  -3.206 0.4000000060
34595  25.743  -18.275  -2.982 0.4000000060
134547  25.020  -20.350  -1.978 0.4000000060
32639  23.708  -20.261  -1.546 0.4000000060
36491  28.259  -16.330  -3.886 0.4000000060
37452  27.966  -15.658  -3.033 0.4000000060
35543  27.277  -17.191  -3.889 0.4000000060
38310  30.223  -13.774  -3.629 0.4000000060
37453  27.003  -15.973  -2.928 0.4000000060
36493  26.818  -16.716  -3.329 0.4000000060
36471  26.114  -16.145  -2.932 0.4000000060
129430  25.199  -18.597  -2.453 0.4000000060
37433  25.304  -15.411  -2.685 0.4000000060
36473  24.325  -16.602  -2.494 0.4000000060
33658  24.019  -19.001  -1.666 0.4000000060
38333  32.279  -13.934  -4.904 0.4000000060
39046  29.489  -13.369  -3.267 0.4000000060
39047  28.832  -13.961  -2.784 0.4000000060
38303  27.948  -14.489  -2.635 0.4000000060
39083  32.779  -13.496  -5.393 0.5000000000
39069  31.605  -13.576  -4.437 0.4000000060
39920  30.134  -12.823  -3.629 0.4000000060
136253  28.163  -13.539  -2.641 0.4000000060
39048  27.413  -13.601  -2.522 0.4000000060
37431  27.139  -15.084  -2.600 0.4000000060
37432  26.256  -15.317  -2.669 0.4000000060
38305  25.626  -14.559  -2.637 0.4000000060
129861  24.642  -15.889  -2.662 0.4000000060
40890  33.242  -11.745  -5.952 0.5000000000
39951  32.804  -12.547  -5.469 0.5000000000
40877  32.068  -12.188  -4.827 0.5000000000
39937  31.485  -12.717  -4.414 0.4000000060
39938  30.717  -12.334  -4.093 0.4000000060
39921  29.347  -12.442  -3.445 0.4000000060
127049  28.657  -12.854  -2.975 0.4000000060
39034  26.618  -13.671  -2.496 0.4000000060
40891  32.560  -11.589  -5.373 0.5000000000
40865  29.096  -11.595  -3.679 0.4000000060
128359  28.687  -12.064  -3.378 0.4000000060
40892  31.846  -11.337  -4.859 0.4000000060
41891  31.073  -11.002  -4.592 0.4000000060
40879  30.471  -11.484  -4.267 0.4000000060
39939  29.909  -11.923  -3.809 0.4000000060
40881  28.725  -10.856  -3.953 0.4000000060
43027  31.651  -9.594  -5.234 0.4000000060
43028  30.649  -9.281  -4.916 0.4000000060
43015  29.970  -9.841  -4.621 0.4000000060
43016  29.170  -9.482  -4.630 0.4000000060
40904  33.665  -11.063  -6.444 0.5000000000
43025  33.058  -9.819  -5.832 0.5000000000
44116  30.207  -8.424  -5.177 0.4000000060
43029  29.826  -9.166  -4.802 0.4000000060
44100  28.405  -9.086  -4.753 0.3000000119
41903  31.690  -10.520  -5.002 0.5000000000
41892  30.209  -10.662  -4.443 0.4000000060
40880  29.588  -11.112  -4.104 0.4000000060
41904  30.884  -10.140  -4.725 0.4000000060
41893  29.205  -10.285  -4.361 0.4000000060
43045  33.574  -9.303  -6.326 0.5000000000
43026  32.495  -9.481  -5.571 0.5000000000
44115  31.328  -8.615  -5.328 0.4000000060
122732  29.261  -8.769  -4.918 0.3000000119
44135  33.949  -8.808  -6.760 0.5000000000
132271  32.986  -8.981  -5.847 0.5000000000
44114  32.244  -8.781  -5.550 0.4000000060
45166  29.985  -7.455  -5.507 0.4000000060
44117  29.401  -8.088  -5.261 0.3000000119
117275  28.654  -8.297  -5.170 0.3000000119
44118  27.854  -8.453  -5.123 0.3000000119
44143  33.886  -8.106  -6.898 0.5000000000
44145  34.402  -8.282  -8.212 0.5000000000
45185  32.560  -7.368  -6.055 0.3000000119
45164  31.997  -7.941  -5.594 0.4000000060
45165  31.054  -7.759  -5.477 0.4000000060
45167  28.956  -7.525  -5.525 0.3000000119
45168  28.102  -7.635  -5.513 0.3000000119
45169  27.312  -7.756  -5.483 0.3000000119
45184  33.306  -7.689  -6.445 0.3000000119
45195  34.173  -7.829  -7.608 0.4000000060
46233  34.321  -6.871  -8.744 0.4000000060
46200  32.159  -6.505  -6.318 0.3000000119
45186  31.677  -7.171  -5.774 0.3000000119
46178  30.178  -6.674  -5.901 0.3000000119
46179  29.253  -6.835  -5.872 0.3000000119
46180  28.386  -6.939  -5.907 0.3000000119
45170  26.601  -7.146  -5.873 0.3000000119
45197  33.072  -6.883  -6.627 0.3000000119
126868  27.951  -6.495  -6.382 0.3000000119
46181  27.481  -6.946  -6.003 0.3000000119
46205  26.138  -6.453  -6.509 0.3000000119
45196  33.721  -7.305  -7.081 0.3000000119
46234  33.921  -6.290  -8.182 0.3000000119
46241  34.290  -6.672  -9.418 0.4000000060
47308  33.958  -5.349  -10.543 0.4000000060
48352  33.077  -4.706  -12.088 0.4000000060
47329  31.099  -5.286  -12.589 0.4000000060
45188  25.724  -6.952  -6.005 0.3000000119
46226  32.826  -6.196  -6.818 0.3000000119
46225  33.480  -6.425  -7.329 0.3000000119
47294  33.848  -5.588  -8.466 0.3000000119
127497  34.077  -4.612  -10.161 0.3000000119
48343  33.873  -4.464  -10.802 0.4000000060
48363  32.462  -4.369  -12.694 0.4000000060
48376  31.899  -4.168  -13.331 0.4000000060
49374  31.353  -3.856  -13.904 0.4000000060
47270  33.516  -5.762  -7.782 0.3000000119
49347  33.827  -3.681  -10.991 0.3000000119
48362  33.241  -3.863  -12.291 0.4000000060
49366  32.756  -3.651  -13.008 0.4000000060
49373  32.258  -3.574  -13.767 0.4000000060
50361  32.398  -2.629  -14.831 0.4000000060
129007  31.426  -2.785  -15.160 0.4000000060
50362  30.382  -2.791  -15.313 0.4000000060
50363  29.522  -2.663  -15.432 0.5000000000
133143  33.765  -3.298  -10.489 0.3000000119
49358  33.560  -3.276  -11.712 0.3000000119
49365  33.358  -3.028  -12.577 0.3000000119
50353  33.561  -2.349  -13.061 0.4000000060
135354  33.389  -2.404  -13.623 0.4000000060
50360  33.098  -2.465  -14.165 0.4000000060
49384  32.562  -3.012  -14.158 0.4000000060
51304  33.112  -1.756  -14.922 0.3000000119
51305  32.024  -1.983  -15.503 0.4000000060
51313  30.433  -1.421  -16.166 0.3000000119
51307  29.969  -2.156  -15.844 0.3000000119
50373  28.934  -2.142  -15.820 0.4000000060
123010  30.797  -0.574  -16.297 0.3000000119
51314  29.452  -1.481  -16.201 0.3000000119
50341  33.693  -2.833  -11.128 0.3000000119
117920  33.676  -2.277  -12.052 0.3000000119
51300  33.914  -1.629  -12.911 0.3000000119
50359  33.715  -1.858  -13.831 0.3000000119
116608  33.893  -1.016  -14.401 0.3000000119
52225  33.404  -0.804  -15.109 0.3000000119
52226  32.495  -0.930  -15.663 0.3000000119
51312  31.408  -1.260  -15.993 0.3000000119
132510  31.078  0.147  -16.319 0.3000000119
53111  31.731  0.447  -16.116 0.3000000119
51288  33.698  -1.687  -11.465 0.3000000119
52221  34.188  -1.017  -13.514 0.3000000119
52220  34.371  -0.250  -13.985 0.3000000119
129544  33.891  -0.195  -14.739 0.3000000119
52233  33.196  0.012  -15.442 0.3000000119
53110  32.512  0.704  -15.729 0.3000000119
53973  30.967  0.994  -16.324 0.3000000119
53972  31.872  1.283  -15.971 0.3000000119
121268  31.304  1.865  -16.181 0.3000000119
54999  31.639  2.681  -15.958 0.3000000119
29253  26.003  -24.897  -13.014 0.6000000238
29259  27.164  -24.510  -13.542 0.5000000000
30170  27.904  -23.690  -13.569 0.5000000000
30165  29.508  -23.650  -13.601 0.5000000000
32795  33.027  -20.674  -11.961 0.5000000000
31892  31.619  -21.525  -12.746 0.5000000000
31040  30.504  -22.281  -13.451 0.5000000000
29201  23.084  -23.804  -8.313 0.6000000238
28333  22.638  -24.816  -7.858 0.6000000238
28321  23.164  -24.312  -7.384 0.6000000238
27493  24.115  -26.535  -6.383 0.5000000000
26657  24.020  -27.400  -6.417 0.5000000000
25849  25.115  -27.868  -5.087 0.5000000000
25820  24.830  -28.105  -3.883 0.5000000000
26628  24.431  -27.875  -3.515 0.4000000060
27446  23.743  -27.016  -2.877 0.4000000060
120001  23.350  -26.343  -2.571 0.4000000060
28257  22.943  -25.510  -2.351 0.4000000060
30880  22.884  -22.880  -1.819 0.3000000119
31728  22.907  -21.880  -1.780 0.3000000119
31727  23.348  -20.971  -1.641 0.4000000060
35525  23.552  -17.157  -2.309 0.4000000060
33659  23.633  -19.632  -1.603 0.4000000060
37435  23.894  -15.882  -2.666 0.4000000060
124051  27.728  -12.762  -2.709 0.4000000060
38306  24.819  -14.484  -2.845 0.4000000060
39051  24.602  -13.652  -3.392 0.4000000060
39905  26.839  -12.841  -2.589 0.4000000060
39049  26.125  -13.063  -2.618 0.4000000060
39922  27.998  -12.036  -3.183 0.4000000060
39924  26.100  -12.231  -2.991 0.4000000060
119210  28.572  -9.752  -4.498 0.4000000060
40882  27.869  -10.755  -3.885 0.4000000060
43017  27.891  -9.687  -4.518 0.4000000060
44120  26.390  -8.543  -5.111 0.3000000119
124487  33.428  -19.869  -11.980 0.5000000000
130939  23.513  -16.474  -2.541 0.4000000060
37434  24.376  -15.208  -2.816 0.4000000060
39923  27.100  -12.005  -2.975 0.4000000060
32811  29.919  -20.861  -13.560 0.5000000000
38335  30.138  -14.706  -3.820 0.4000000060
41915  34.051  -10.498  -6.852 0.5000000000
133040  34.365  -7.626  -8.471 0.5000000000
39070  30.899  -13.228  -3.972 0.4000000060
43044  34.156  -9.638  -6.958 0.5000000000
47313  33.511  -5.041  -11.380 0.4000000060
49385  31.828  -3.317  -14.487 0.4000000060
120665  29.175  -22.442  -13.581 0.6000000238
31901  30.893  -21.554  -13.287 0.5000000000
32796  32.129  -20.852  -12.502 0.5000000000
35523  25.425  -17.347  -2.807 0.4000000060
36472  25.263  -16.433  -2.739 0.4000000060
35524  24.486  -17.496  -2.335 0.4000000060
34597  23.584  -18.128  -1.924 0.4000000060
39936  32.242  -13.081  -4.837 0.5000000000
39036  25.208  -13.872  -2.825 0.4000000060
40878  31.293  -11.857  -4.477 0.4000000060
131365  32.328  -10.894  -5.291 0.5000000000
41916  33.601  -10.191  -6.353 0.5000000000
41902  32.398  -10.204  -5.443 0.5000000000
41901  33.025  -10.793  -5.770 0.5000000000
44113  33.451  -8.477  -6.333 0.5000000000
44136  32.803  -8.177  -5.883 0.4000000060
47293  34.258  -6.166  -9.031 0.3000000119
48351  33.566  -4.159  -11.527 0.4000000060
48293  33.287  -4.938  -7.878 0.3000000119
51306  30.970  -2.115  -15.738 0.4000000060
134930  33.657  -2.241  -11.372 0.3000000119
129910  33.938  -1.357  -12.171 0.3000000119
52217  34.438  -0.207  -12.996 0.3000000119
123762  32.066  2.052  -15.773 0.3000000119
25887  22.012  -27.965  -10.202 0.4000000060
26684  21.633  -27.403  -9.815 0.4000000060
25881  21.209  -27.751  -9.803 0.4000000060
25880  21.576  -27.651  -8.875 0.3000000119
27518  21.832  -26.154  -9.252 0.4000000060
24974  22.736  -28.645  -7.478 0.3000000119
25922  26.822  -27.939  -12.975 0.5000000000
26670  22.482  -26.998  -7.898 0.5000000000
25870  23.050  -28.041  -7.312 0.3000000119
26723  26.531  -27.077  -13.106 0.5000000000
27568  26.524  -26.443  -13.432 0.5000000000
126359  26.637  -27.718  -13.337 0.5000000000
27506  22.725  -26.066  -7.656 0.5000000000
26658  23.292  -27.263  -7.115 0.4000000060
28384  26.219  -25.741  -13.068 0.5000000000
27567  27.078  -26.499  -14.023 0.5000000000
28396  27.431  -25.851  -13.947 0.3000000119
121583  26.398  -25.116  -13.295 0.5000000000
126880  27.217  -25.254  -13.706 0.4000000060
123792  27.955  -25.111  -13.798 0.4000000060
28394  29.307  -25.777  -13.960 0.3000000119
28395  28.415  -25.755  -14.040 0.3000000119
28389  29.778  -25.056  -13.781 0.3000000119
29251  29.631  -24.281  -13.659 0.3000000119
29249  30.776  -24.354  -13.365 0.3000000119
29250  30.125  -24.355  -13.616 0.3000000119
30164  29.905  -23.654  -13.610 0.4000000060
29252  29.195  -24.151  -13.665 0.4000000060
127301  23.705  -28.265  -3.211 0.3000000119
31033  31.848  -22.160  -12.601 0.4000000060
126916  31.516  -22.838  -12.795 0.4000000060
30163  30.433  -23.643  -13.484 0.4000000060
27447  22.741  -27.171  -2.676 0.3000000119
29092  22.480  -24.657  -2.281 0.3000000119
33660  22.857  -20.052  -1.850 0.3000000119
34598  22.566  -18.484  -2.276 0.3000000119
35526  22.710  -17.585  -2.428 0.3000000119
36474  22.797  -16.755  -2.658 0.3000000119
38313  24.080  -14.486  -3.334 0.3000000119
39050  25.372  -13.032  -2.972 0.3000000119
39926  24.803  -12.871  -3.735 0.3000000119
39071  24.232  -13.134  -4.292 0.3000000119
39052  23.833  -13.862  -3.994 0.3000000119
38337  22.537  -14.611  -4.616 0.3000000119
40867  27.460  -11.368  -3.540 0.3000000119
120998  26.592  -11.466  -3.621 0.3000000119
40868  25.808  -11.661  -3.912 0.3000000119
39925  25.304  -12.297  -3.741 0.3000000119
39941  24.648  -12.348  -4.522 0.3000000119
41895  27.465  -10.245  -4.316 0.3000000119
40883  27.013  -10.795  -3.999 0.3000000119
116874  26.159  -10.933  -4.272 0.3000000119
40884  25.439  -11.258  -4.435 0.3000000119
40885  24.770  -11.565  -4.760 0.3000000119
41897  25.875  -10.232  -4.590 0.3000000119
136053  25.642  -10.780  -4.501 0.3000000119
41898  25.053  -10.800  -4.715 0.3000000119
44101  27.535  -9.126  -4.781 0.3000000119
43018  27.150  -9.714  -4.588 0.3000000119
43019  26.503  -9.741  -4.628 0.3000000119
114870  27.828  -28.927  -12.605 0.5000000000
126885  30.790  -22.930  -13.347 0.4000000060
119354  22.141  -26.367  -2.560 0.3000000119
38336  23.209  -14.062  -4.470 0.3000000119
24962  24.240  -28.956  -6.110 0.3000000119
25857  24.578  -28.252  -5.717 0.3000000119
25821  24.386  -28.720  -3.687 0.3000000119
21575  25.063  -33.880  -5.695 0.4000000060
21588  24.634  -33.449  -6.408 0.4000000060
21600  24.194  -33.011  -7.111 0.4000000060
22416  22.861  -32.996  -8.043 0.4000000060
23211  22.724  -31.525  -9.163 0.3000000119
22414  24.391  -32.324  -7.431 0.4000000060
22430  23.306  -32.093  -8.436 0.4000000060
23210  23.553  -31.262  -8.667 0.4000000060
22460  30.657  -32.498  -11.706 0.3000000119
23198  24.805  -31.112  -7.672 0.4000000060
24120  22.140  -29.989  -10.190 0.3000000119
24995  21.984  -28.916  -10.455 0.3000000119
24112  23.619  -30.451  -8.819 0.4000000060
24986  20.356  -28.437  -9.987 0.3000000119
25003  20.431  -28.919  -11.047 0.3000000119
24985  21.318  -28.532  -9.045 0.3000000119
24994  22.918  -29.804  -9.509 0.4000000060
25888  21.157  -28.247  -10.593 0.3000000119
25889  20.834  -28.072  -10.444 0.3000000119
21601  23.485  -33.363  -7.374 0.4000000060
22415  23.741  -32.572  -7.734 0.4000000060
21574  25.802  -33.535  -5.386 0.3000000119
123307  21.691  -30.248  -8.102 0.3000000119
19930  31.343  -35.137  -5.749 0.3000000119
20741  29.583  -34.585  -4.604 0.4000000060
20743  27.649  -34.149  -4.372 0.4000000060
20753  31.746  -34.441  -5.882 0.3000000119
20772  32.160  -34.214  -6.584 0.3000000119
20773  31.935  -34.985  -7.098 0.4000000060
21555  30.291  -33.351  -4.876 0.4000000060
21560  26.318  -33.945  -4.747 0.4000000060
21570  32.293  -32.589  -6.176 0.5000000000
21573  26.507  -33.158  -5.089 0.5000000000
21586  32.279  -33.318  -6.384 0.5000000000
21589  23.929  -33.789  -6.696 0.4000000060
21620  31.847  -33.382  -9.972 0.4000000060
22372  28.300  -32.235  -4.553 0.5000000000
22383  32.028  -32.038  -5.735 0.5000000000
22399  32.462  -32.130  -6.943 0.5000000000
22402  24.915  -32.561  -6.824 0.4000000060
22413  24.865  -31.811  -7.354 0.4000000060
22428  32.458  -32.692  -8.557 0.4000000060
22441  32.295  -32.111  -9.203 0.5000000000
23186  26.254  -31.093  -6.276 0.5000000000
23199  24.186  -31.732  -7.986 0.4000000060
24073  27.943  -30.464  -4.658 0.6000000238
24084  30.876  -30.327  -4.914 0.6000000238
24093  32.457  -30.566  -6.377 0.6000000238
24105  24.797  -30.364  -7.849 0.5000000000
24110  32.424  -30.409  -8.290 0.6000000238
24113  21.079  -29.504  -8.985 0.3000000119
24119  32.211  -30.374  -9.111 0.6000000238
24128  30.767  -30.002  -10.893 0.6000000238
24136  30.210  -30.113  -11.571 0.6000000238
24950  31.558  -29.787  -5.312 0.6000000238
24953  26.721  -29.698  -5.761 0.6000000238
24982  32.475  -29.523  -8.025 0.8000000119
24996  20.379  -28.574  -10.822 0.3000000119
25002  30.983  -29.199  -10.525 0.6000000238
25004  20.161  -28.999  -10.990 0.3000000119
25013  30.357  -29.349  -11.212 0.6000000238
25833  30.169  -28.222  -4.600 0.6000000238
25837  25.159  -27.767  -4.373 0.5000000000
25838  24.885  -28.533  -4.563 0.5000000000
25847  27.336  -28.380  -5.229 0.6000000238
25856  25.814  -28.595  -7.059 0.6000000238
25858  23.754  -28.182  -6.556 0.3000000119
25871  22.328  -27.845  -8.064 0.3000000119
25878  23.650  -28.442  -8.853 0.5000000000
25893  30.708  -27.950  -10.680 0.8000000119
25894  21.233  -28.721  -11.096 0.3000000119
25895  20.452  -28.569  -10.836 0.3000000119
26627  24.955  -27.482  -3.772 0.4000000060
26629  23.422  -27.604  -2.955 0.3000000119
26637  29.264  -27.997  -4.471 0.6999999881
26639  27.876  -27.927  -4.702 0.6999999881
26649  26.919  -27.935  -5.646 0.6999999881
26650  25.243  -27.220  -4.952 0.5000000000
26651  24.692  -27.326  -5.697 0.5000000000
26668  25.440  -27.885  -7.356 0.6000000238
26669  24.691  -27.829  -7.897 0.6000000238
26683  21.673  -27.010  -9.419 0.4000000060
26688  32.153  -27.372  -9.197 0.8000000119
26690  21.964  -27.138  -9.796 0.4000000060
26692  31.077  -27.306  -10.452 0.8000000119
26710  28.551  -26.806  -12.299 0.6999999881
26712  26.805  -27.138  -12.848 0.6000000238
26729  26.537  -27.037  -13.357 0.5000000000
26735  26.796  -26.959  -13.959 0.5000000000
27454  25.189  -26.793  -3.707 0.5000000000
27478  32.216  -26.385  -6.143 1.0000000000
27482  26.823  -26.984  -5.846 0.6999999881
27490  32.497  -26.397  -6.848 1.0000000000
27494  23.460  -26.613  -6.891 0.4000000060
27504  24.598  -25.472  -7.874 0.6000000238
27507  22.112  -26.065  -8.535 0.6000000238
27517  21.993  -25.577  -9.097 0.5000000000
27519  21.808  -26.761  -9.470 0.4000000060
27523  32.360  -26.675  -8.812 0.8999999762
27525  21.909  -26.536  -9.427 0.5000000000
27547  28.999  -26.350  -12.098 0.8000000119
27562  26.377  -26.387  -13.123 0.5000000000
28255  24.847  -25.638  -2.815 0.5000000000
28267  25.281  -25.653  -3.338 0.5000000000
28283  29.274  -25.564  -4.473 0.8999999762
28286  25.570  -25.606  -4.077 0.5000000000
28300  31.994  -25.655  -5.881 0.8999999762
28304  26.414  -25.269  -6.501 0.8000000119
28345  32.496  -26.110  -8.251 1.0000000000
28346  22.894  -24.725  -8.526 0.6000000238
28347  22.439  -25.171  -8.545 0.6000000238
28355  30.589  -25.911  -11.079 0.8000000119
28373  28.380  -25.274  -12.275 0.8000000119
28375  26.421  -25.642  -12.918 0.6999999881
28390  26.279  -25.749  -13.130 0.5000000000
28397  26.677  -25.881  -13.569 0.5000000000
29132  27.876  -24.669  -4.794 0.8999999762
29156  30.764  -24.105  -5.096 0.8999999762
29159  24.316  -23.594  -6.313 0.6000000238
29172  32.498  -24.288  -6.821 1.0000000000
29174  25.478  -24.036  -7.449 0.8999999762
29185  24.453  -23.492  -7.807 0.6999999881
29187  22.918  -23.516  -8.028 0.6999999881
29202  22.720  -24.373  -8.280 0.6000000238
29234  28.655  -24.477  -12.176 0.8000000119
29257  29.029  -24.912  -13.851 0.3000000119
29258  28.421  -24.331  -13.675 0.4000000060
29260  26.183  -24.296  -13.144 0.6000000238
29990  24.409  -22.836  -1.814 0.4000000060
29998  25.711  -23.278  -2.863 0.6000000238
30017  25.915  -22.879  -3.986 0.6999999881
30065  31.101  -23.495  -5.250 0.8999999762
30080  25.990  -23.419  -7.187 0.8000000119
30081  24.955  -22.229  -7.257 0.6999999881
30158  31.134  -23.598  -13.158 0.4000000060
30159  25.968  -23.530  -12.976 0.6999999881
30166  28.918  -23.660  -13.618 0.4000000060
30167  25.941  -24.020  -13.060 0.6999999881
30947  30.733  -22.785  -4.903 0.8999999762
30964  24.773  -21.879  -6.717 0.8000000119
31005  27.788  -22.145  -11.752 0.8999999762
31020  27.010  -22.577  -12.048 0.8999999762
31039  31.167  -22.208  -13.125 0.4000000060
31043  26.054  -23.012  -13.073 0.6999999881
31048  28.517  -23.009  -13.570 0.6999999881
31050  26.460  -23.174  -13.280 0.8000000119
31736  25.510  -21.860  -2.284 0.5000000000
31737  24.760  -21.720  -1.784 0.4000000060
31774  30.892  -21.372  -4.717 0.8999999762
31777  28.110  -20.653  -5.358 1.0000000000
31803  25.838  -20.555  -5.996 0.6999999881
31819  26.745  -21.021  -6.401 0.6999999881
31821  25.817  -20.857  -6.397 0.8000000119
31902  30.225  -21.606  -13.521 0.5000000000
32638  24.398  -19.833  -1.674 0.4000000060
32661  26.252  -20.087  -4.314 0.6000000238
32705  27.800  -19.765  -5.679 0.6999999881
32767  30.982  -20.508  -11.235 0.8999999762
32782  25.584  -20.425  -12.517 0.8999999762
32812  29.081  -20.789  -13.579 0.6000000238
33666  24.839  -19.127  -2.108 0.4000000060
33679  26.463  -18.849  -4.141 0.6000000238
33701  30.974  -19.861  -4.691 0.8999999762
33705  27.404  -18.894  -5.434 0.6999999881
33790  27.325  -19.117  -11.711 0.8999999762
33791  26.545  -19.607  -11.803 0.8999999762
33804  24.885  -19.400  -12.846 0.8999999762
33818  31.905  -19.365  -12.639 0.5000000000
33819  24.795  -19.430  -13.016 0.8999999762
33846  25.123  -19.503  -13.137 0.8999999762
34590  23.186  -19.075  -1.768 0.3000000119
34596  24.538  -18.376  -2.101 0.4000000060
34637  28.943  -18.876  -4.860 0.6999999881
34640  27.294  -18.299  -4.870 0.6000000238
34711  30.814  -19.070  -11.258 1.0000000000
34730  24.612  -18.056  -12.844 0.8999999762
34758  29.144  -18.187  -13.552 0.8000000119
34772  27.024  -18.064  -13.665 0.8000000119
34775  24.542  -17.961  -13.084 0.8999999762
35544  26.921  -17.832  -4.076 0.4000000060
35564  29.071  -17.427  -4.605 0.6000000238
35626  30.755  -17.627  -11.262 1.0000000000
35628  28.080  -17.704  -11.969 1.0000000000
35652  24.299  -17.336  -12.936 0.8999999762
35664  31.607  -17.847  -12.847 0.6000000238
35682  25.491  -17.632  -13.498 0.8999999762
36492  27.558  -16.509  -3.555 0.4000000060
36495  23.049  -16.025  -2.882 0.3000000119
36515  28.635  -16.790  -4.374 0.6000000238
36567  33.340  -15.833  -9.946 0.8999999762
36580  29.894  -16.024  -11.803 1.0000000000
36584  26.287  -16.673  -12.367 0.8999999762
36606  23.984  -16.468  -13.012 0.8999999762
36613  30.035  -15.763  -13.996 0.6999999881
36619  24.703  -16.171  -13.464 0.8999999762
37450  29.238  -15.816  -4.022 0.5000000000
37506  34.300  -15.006  -8.602 0.6999999881
37527  30.133  -15.346  -12.016 1.0000000000
37548  32.338  -15.616  -13.708 0.6000000238
37564  25.462  -15.398  -13.701 0.8999999762
37572  33.250  -14.489  -15.963 0.6000000238
38304  26.418  -14.480  -2.520 0.4000000060
38369  34.300  -14.722  -7.873 0.6999999881
38370  34.142  -14.230  -7.256 0.6999999881
38405  23.466  -14.667  -12.969 0.8999999762
38413  31.179  -13.769  -14.875 0.6000000238
38417  26.219  -14.695  -14.040 0.8999999762
38429  32.580  -14.045  -15.739 0.6000000238
38430  32.037  -13.819  -15.222 0.6000000238
39035  25.854  -13.761  -2.588 0.4000000060
39073  22.762  -13.903  -5.244 0.3000000119
39117  33.233  -13.721  -10.747 0.8000000119
39160  30.495  -13.422  -14.807 0.6999999881
39161  29.357  -13.127  -14.654 0.6999999881
39940  25.202  -11.832  -4.329 0.3000000119
39994  30.084  -12.546  -11.920 0.8999999762
39996  28.827  -12.507  -12.176 0.8999999762
40000  23.220  -11.955  -12.822 0.8999999762
40008  23.316  -12.786  -12.832 0.8999999762
40044  26.046  -12.584  -14.162 0.6999999881
40866  28.306  -11.410  -3.583 0.4000000060
40920  33.852  -11.358  -10.261 0.8000000119
40936  28.622  -11.805  -11.841 0.8999999762
40940  24.430  -11.483  -12.459 1.0000000000
40983  29.216  -12.087  -14.247 0.6999999881
40984  28.346  -11.941  -14.206 0.6999999881
40989  23.277  -12.244  -13.016 0.8999999762
41894  28.281  -10.253  -4.262 0.4000000060
41896  26.689  -10.277  -4.424 0.3000000119
41944  29.724  -10.522  -11.127 0.8000000119
41946  28.387  -10.183  -11.412 0.8000000119
41952  25.667  -10.251  -12.248 0.8999999762
41953  24.538  -10.223  -12.416 0.8999999762
41965  22.895  -10.415  -12.833 1.0000000000
41982  22.810  -10.435  -12.952 0.8999999762
41995  23.804  -10.467  -13.486 0.8999999762
41996  22.891  -10.822  -13.133 0.8999999762
43079  23.009  -9.671  -12.739 0.8999999762
43105  29.572  -9.903  -13.158 0.6999999881
43108  27.147  -9.661  -13.666 0.8000000119
43109  22.727  -9.681  -13.024 0.8000000119
44155  31.603  -8.020  -10.743 0.6999999881
44163  28.149  -8.494  -11.772 0.8000000119
44179  23.184  -8.524  -12.922 0.8999999762
44180  22.967  -9.150  -12.810 0.8999999762
44192  29.226  -9.268  -13.265 0.5000000000
44209  27.468  -8.176  -14.092 0.6000000238
44212  23.558  -8.021  -13.603 0.8000000119
45187  30.852  -7.103  -5.686 0.4000000060
45219  25.218  -8.008  -12.710 0.8999999762
45257  23.520  -6.615  -14.037 0.8000000119
46224  34.069  -7.026  -7.837 0.4000000060
46305  24.006  -5.181  -14.653 0.8000000119
46322  23.819  -5.947  -14.444 0.8000000119
47360  28.504  -5.942  -14.790 0.6000000238
48365  30.557  -4.811  -13.059 0.5000000000
48378  30.102  -4.384  -13.611 0.5000000000
48404  25.768  -4.431  -15.610 0.6000000238
48405  24.464  -4.010  -15.115 0.6999999881
49377  26.731  -3.469  -14.541 0.6999999881
49378  25.722  -3.486  -14.688 0.6999999881
49390  25.285  -3.243  -15.149 0.8000000119
49402  25.468  -3.267  -15.391 0.6000000238
50354  33.047  -2.945  -13.474 0.4000000060
50374  27.549  -2.115  -15.844 0.6000000238
50375  26.480  -2.426  -15.817 0.6000000238
50385  27.094  -2.627  -17.150 0.6000000238
50386  26.318  -1.247  -17.130 0.6000000238
51327  29.921  -1.754  -17.510 0.4000000060
51328  26.110  -0.712  -17.039 0.6000000238
51337  26.366  -0.794  -17.229 0.6000000238
52234  32.325  -0.043  -15.869 0.3000000119
52235  31.647  -0.386  -16.127 0.3000000119
52236  29.931  -0.693  -16.376 0.3000000119
52239  26.610  -0.302  -16.594 0.5000000000
52242  26.053  -0.096  -17.028 0.6000000238
52249  27.614  -0.378  -17.531 0.6000000238
52250  26.710  -0.267  -17.405 0.6000000238
53121  26.110  0.529  -17.016 0.6000000238
53132  27.162  1.016  -17.479 0.6000000238
55020  27.097  2.248  -17.143 0.6000000238
57013  28.596  4.741  -18.501 0.4000000060
57024  28.478  5.204  -18.850 0.3000000119
114753  28.397  3.614  -18.182 0.4000000060
114788  32.508  -32.044  -7.863 0.4000000060
115160  27.507  -34.975  -4.171 0.4000000060
115643  28.106  -15.299  -14.261 0.6999999881
116527  27.268  -8.507  -12.095 0.8999999762
117835  23.822  -14.920  -13.177 0.8999999762
118215  25.105  -18.004  -2.500 0.4000000060
118563  29.383  -25.928  -11.859 0.8000000119
118853  29.509  -14.380  -3.329 0.4000000060
118882  24.180  -12.889  -12.574 1.0000000000
118952  28.339  -33.873  -4.437 0.4000000060
119308  32.517  -30.116  -6.936 0.6000000238
119490  32.521  -28.737  -7.697 0.8000000119
120886  26.168  -20.418  -5.042 0.6000000238
121171  23.538  -7.299  -13.704 0.8000000119
121719  29.653  -21.929  -4.502 0.8999999762
121871  29.033  -27.171  -4.448 0.8000000119
121920  26.739  -25.998  -6.054 0.8999999762
122001  28.761  -14.179  -12.447 1.0000000000
122212  29.014  -6.359  -14.489 0.6000000238
122316  25.954  -23.425  -13.019 0.6999999881
122380  26.336  -17.113  -13.684 0.8000000119
122699  26.704  -7.923  -5.405 0.3000000119
122831  28.739  -4.416  -16.373 0.5000000000
122881  25.739  -23.754  -3.405 0.5000000000
122907  27.708  -24.652  -12.401 0.6999999881
123209  24.461  -8.739  -13.940 0.8000000119
123348  30.233  -21.972  -11.475 0.8999999762
123674  29.623  -14.036  -12.395 1.0000000000
123923  28.980  -24.051  -4.442 0.8999999762
124029  32.541  -27.952  -7.364 0.8000000119
124201  24.211  -4.465  -14.928 0.8000000119
124549  25.060  -23.401  -5.555 0.6999999881
124813  26.004  -22.031  -12.764 0.8999999762
124845  32.550  -27.169  -7.082 0.8999999762
125203  23.659  -15.943  -12.942 0.8999999762
125242  25.812  -19.071  -13.409 0.8999999762
125313  30.152  -22.992  -13.571 0.5000000000
125568  26.700  -17.289  -3.564 0.4000000060
125807  22.674  -23.973  -8.046 0.6999999881
125826  31.463  -28.668  -10.000 0.6999999881
126358  28.819  -19.928  -13.577 0.8000000119
126383  21.416  -27.745  -10.209 0.3000000119
126962  30.117  -20.000  -4.584 0.8999999762
127112  23.835  -16.008  -12.862 0.8999999762
127271  24.257  -26.859  -8.251 0.6999999881
127296  25.596  -17.211  -12.403 0.8999999762
127390  23.323  -25.642  -7.103 0.6000000238
127600  31.671  -24.951  -5.623 0.8999999762
127759  24.710  -15.979  -12.538 0.8999999762
127850  29.680  -23.059  -13.587 0.5000000000
128321  29.843  -31.726  -4.662 0.6000000238
128785  23.404  -14.062  -12.974 0.8999999762
129282  30.935  -31.060  -5.052 0.6000000238
129372  29.120  -14.375  -14.491 0.6999999881
129919  30.008  -13.102  -14.832 0.6999999881
130102  30.917  -26.856  -4.902 0.8999999762
130469  26.509  -13.216  -14.335 0.8000000119
130644  27.115  -14.294  -2.484 0.4000000060
130676  27.288  2.429  -16.949 0.4000000060
130736  27.005  -14.434  -12.419 1.0000000000
130754  27.716  -19.200  -5.623 0.6999999881
130963  22.645  -24.631  -8.312 0.6000000238
131419  22.385  -19.338  -2.312 0.3000000119
132084  31.825  -20.451  -12.644 0.5000000000
132443  27.767  -3.793  -14.264 0.8000000119
132481  26.299  0.330  -16.785 0.6000000238
133402  27.004  -28.536  -12.932 0.5000000000
133646  25.577  -32.453  -6.384 0.5000000000
133704  23.609  -29.723  -8.921 0.5000000000
134163  31.967  -24.316  -5.819 0.8999999762
134636  24.002  -27.563  -3.169 0.4000000060
134779  24.877  -16.960  -2.580 0.4000000060
135095  32.164  -33.103  -5.949 0.5000000000
135138  27.812  2.830  -16.932 0.4000000060
135751  25.163  -19.758  -2.169 0.4000000060
136008  29.164  -16.850  -4.460 0.6000000238
136211  30.399  -25.456  -11.319 0.8000000119
136854  25.865  -26.546  -6.880 0.6999999881
136940  29.585  -35.873  -4.575 0.4000000060
137318  28.796  -32.617  -4.539 0.5000000000
