#!ascii label  , from subject sub-v2s12x28876_ses-1 vox2ras=TkReg
1561
31389  41.327  -47.222  -12.211 0.6000000238
31388  42.502  -47.536  -11.956 0.5000000000
32343  42.260  -45.618  -11.480 0.6999999881
32344  41.687  -45.706  -10.993 0.6000000238
32325  42.078  -46.186  -9.376 0.6000000238
111617  42.434  -45.919  -8.449 0.6000000238
128440  42.059  -46.455  -12.841 0.6999999881
32362  41.554  -45.733  -12.157 0.6000000238
32345  40.778  -45.734  -11.647 0.5000000000
115526  41.093  -46.000  -10.277 0.5000000000
125083  41.366  -46.348  -8.942 0.6000000238
32309  41.796  -46.205  -8.257 0.6000000238
31406  43.065  -47.164  -12.682 0.5000000000
31407  42.138  -46.916  -12.784 0.5000000000
32363  40.758  -45.970  -12.245 0.6000000238
32310  40.966  -46.425  -8.001 0.6000000238
30388  42.853  -48.234  -9.351 0.5000000000
30369  43.477  -48.492  -8.392 0.5000000000
34285  43.665  -44.472  -8.107 0.6000000238
34272  43.116  -44.330  -7.441 0.6999999881
33325  43.613  -45.614  -12.093 0.6000000238
33314  43.173  -45.622  -11.108 0.6999999881
33300  43.623  -45.306  -8.806 0.6000000238
33286  42.988  -45.248  -8.056 0.6000000238
33287  42.255  -45.590  -7.649 0.6000000238
32378  42.929  -45.929  -12.696 0.6000000238
32361  42.516  -45.679  -12.195 0.6999999881
33288  41.554  -45.927  -7.296 0.6000000238
31387  43.601  -47.616  -11.671 0.5000000000
31419  43.583  -46.714  -12.870 0.5000000000
109571  41.156  -45.586  -6.478 0.6000000238
31363  43.174  -47.947  -10.511 0.5000000000
33267  40.245  -46.019  -6.405 0.6000000238
114151  43.830  -48.110  -9.277 0.5000000000
34243  39.289  -44.903  -4.949 0.6999999881
33251  39.781  -45.488  -5.581 0.6000000238
34227  38.791  -44.198  -4.579 0.6999999881
33252  38.809  -45.493  -5.529 0.6000000238
34244  38.350  -44.904  -4.901 0.6000000238
34245  37.402  -44.748  -4.987 0.6000000238
36937  33.978  -41.189  -6.165 0.5000000000
37824  34.295  -40.122  -7.441 0.6999999881
37836  34.073  -39.819  -8.370 0.8000000119
37825  33.555  -40.463  -7.893 0.6999999881
35205  43.697  -43.547  -7.539 0.6000000238
35206  43.018  -43.638  -6.949 0.6999999881
33313  44.201  -45.399  -10.556 0.6999999881
113576  43.514  -45.648  -9.769 0.6999999881
34284  44.225  -44.676  -8.816 0.6000000238
119720  42.596  -44.897  -7.345 0.6999999881
114600  42.500  -43.748  -6.547 0.6999999881
33324  44.606  -45.313  -11.662 0.6000000238
34309  45.054  -44.887  -10.830 0.6000000238
34260  42.127  -44.252  -6.435 0.8000000119
32377  45.005  -46.085  -12.707 0.5000000000
33334  44.531  -45.695  -12.407 0.5000000000
34241  41.105  -44.089  -5.475 0.8000000119
34261  41.453  -44.663  -6.035 0.6000000238
112485  44.798  -47.179  -12.183 0.5000000000
31418  44.454  -46.699  -12.635 0.5000000000
33250  40.656  -45.271  -5.790 0.6000000238
30387  44.803  -48.019  -9.319 0.5000000000
35179  40.523  -43.715  -4.904 0.8000000119
34226  39.652  -44.090  -4.671 0.8000000119
34242  40.281  -44.675  -5.205 0.6999999881
35164  38.383  -43.304  -4.459 0.6999999881
35163  39.139  -43.439  -4.447 0.6999999881
116810  37.156  -42.598  -4.558 0.6999999881
35165  37.489  -43.312  -4.516 0.6999999881
36899  36.466  -42.177  -4.718 0.6000000238
34229  36.982  -43.980  -4.663 0.6000000238
34228  37.902  -44.141  -4.595 0.6000000238
36919  35.575  -41.981  -4.980 0.6999999881
36033  35.781  -42.828  -4.788 0.6999999881
35166  36.644  -43.125  -4.598 0.6000000238
37810  35.385  -40.721  -5.950 0.6999999881
113571  34.941  -41.753  -5.356 0.6000000238
37823  35.120  -39.955  -7.124 0.8000000119
37811  34.645  -40.551  -6.526 0.8000000119
38735  34.856  -39.574  -7.934 0.8999999762
37850  34.009  -39.754  -9.450 0.6999999881
38753  34.718  -39.343  -8.926 0.8000000119
35191  43.369  -42.932  -6.918 0.6000000238
35192  42.727  -43.143  -6.499 0.6999999881
36063  43.035  -42.456  -6.407 0.6999999881
35220  44.270  -43.870  -8.262 0.6000000238
108486  42.608  -42.094  -5.829 0.6000000238
35236  45.299  -43.851  -9.248 0.4000000060
34298  44.781  -44.677  -9.645 0.6000000238
128615  42.466  -42.751  -6.094 0.6999999881
34297  45.536  -44.259  -10.174 0.6000000238
35193  41.981  -43.533  -5.996 0.8000000119
33333  45.526  -45.457  -12.312 0.4000000060
33323  45.289  -45.053  -11.841 0.5000000000
35178  41.304  -43.191  -5.281 0.8000000119
31404  45.474  -46.724  -12.200 0.5000000000
36047  40.665  -42.865  -4.682 0.8000000119
31385  45.421  -47.391  -11.444 0.4000000060
35162  39.872  -43.228  -4.480 0.8000000119
31361  45.194  -47.775  -10.441 0.5000000000
36031  38.638  -42.354  -4.351 0.8000000119
37783  37.999  -41.174  -4.688 0.8000000119
36032  37.847  -42.549  -4.490 0.6999999881
123500  38.858  -42.954  -4.382 0.8000000119
37795  36.724  -40.935  -5.394 0.8000000119
36898  37.344  -41.868  -4.668 0.6999999881
37809  37.239  -40.413  -5.908 0.8999999762
117624  35.968  -40.914  -5.576 0.8999999762
36918  36.774  -41.504  -4.915 0.6999999881
125807  36.241  -40.441  -6.124 0.8999999762
37796  35.442  -41.301  -5.445 0.6000000238
38734  35.634  -39.612  -7.574 0.8999999762
38720  35.987  -39.920  -6.905 0.8999999762
38766  35.298  -38.908  -10.770 0.8000000119
38767  34.648  -39.455  -11.355 0.8000000119
38764  34.636  -39.276  -10.061 0.8000000119
38763  35.396  -38.883  -9.557 0.8000000119
36062  43.703  -42.234  -6.805 0.6999999881
36915  42.672  -41.173  -5.430 0.6000000238
36082  44.009  -42.715  -7.349 0.6000000238
35218  45.674  -43.017  -8.887 0.4000000060
36098  45.017  -42.715  -8.191 0.5000000000
35204  44.427  -43.123  -7.887 0.6000000238
36045  41.967  -42.621  -5.598 0.6999999881
35235  45.990  -43.554  -9.783 0.5000000000
36046  41.371  -42.389  -4.963 0.6999999881
35245  46.811  -43.641  -11.015 0.5000000000
34308  45.749  -44.506  -11.142 0.6000000238
34317  47.354  -44.851  -11.691 0.4000000060
33332  46.412  -45.219  -12.058 0.4000000060
36871  39.804  -40.952  -3.683 0.8000000119
36029  40.016  -42.424  -4.188 0.8000000119
32375  47.167  -45.968  -11.851 0.4000000060
36896  39.378  -41.747  -4.019 0.8000000119
110954  46.283  -47.687  -10.521 0.3000000119
37793  38.337  -40.331  -4.747 0.8000000119
36897  38.635  -41.410  -4.258 0.8000000119
38709  38.073  -40.179  -5.574 0.8000000119
38718  37.868  -39.988  -6.467 0.8999999762
38732  37.671  -39.747  -7.271 0.8999999762
38719  36.979  -40.023  -6.695 0.8999999762
38733  36.600  -39.556  -7.579 0.8999999762
38771  35.231  -39.058  -11.909 0.8000000119
38772  34.499  -39.499  -12.191 0.8000000119
38751  36.815  -39.134  -8.450 0.8999999762
38752  35.714  -39.184  -8.422 0.8999999762
39673  36.079  -38.622  -10.257 0.8000000119
39660  36.280  -38.756  -9.239 0.8000000119
36935  44.082  -41.561  -6.728 0.6000000238
36936  43.343  -41.638  -6.197 0.6000000238
37792  43.019  -40.242  -5.252 0.6000000238
36950  44.775  -41.387  -7.199 0.6000000238
36096  46.219  -42.290  -8.786 0.4000000060
36097  45.541  -42.346  -8.377 0.4000000060
36080  45.078  -42.014  -7.790 0.4000000060
36081  44.360  -42.073  -7.261 0.5000000000
36893  41.976  -41.160  -4.853 0.6999999881
36894  41.259  -41.583  -4.528 0.6999999881
36120  47.005  -43.074  -10.433 0.5000000000
36112  46.559  -42.839  -9.628 0.4000000060
37781  40.672  -40.960  -3.889 0.6999999881
35244  47.611  -43.006  -10.899 0.5000000000
37768  39.478  -40.211  -3.664 0.8000000119
36895  40.267  -41.665  -3.969 0.8000000119
38708  38.493  -39.356  -4.809 0.8000000119
36872  39.134  -40.824  -3.882 0.8000000119
38717  38.291  -39.504  -6.026 0.8000000119
38731  38.285  -39.519  -7.107 0.8999999762
39646  38.707  -39.347  -7.905 0.8999999762
107706  37.471  -39.499  -7.939 0.8999999762
39659  37.853  -39.333  -8.628 1.0000000000
39690  35.810  -38.593  -12.160 0.8000000119
126557  37.090  -38.867  -9.110 1.0000000000
39680  35.991  -38.661  -11.474 0.8000000119
39672  36.930  -38.638  -9.894 1.0000000000
39679  36.854  -38.527  -11.008 0.8000000119
36914  43.443  -40.786  -5.791 0.6000000238
38694  42.724  -39.531  -4.706 0.6000000238
37807  44.451  -40.831  -6.618 0.6000000238
36962  45.805  -41.764  -8.234 0.4000000060
36949  45.508  -41.262  -7.662 0.4000000060
37780  41.476  -40.751  -4.335 0.6999999881
36111  47.396  -42.499  -10.062 0.5000000000
36960  47.345  -41.251  -8.927 0.4000000060
37766  40.941  -40.356  -3.856 0.8000000119
37769  38.994  -40.175  -3.864 0.8000000119
38686  39.843  -39.548  -3.537 0.8000000119
39620  38.533  -38.453  -5.431 0.8000000119
38696  38.749  -39.802  -4.152 0.8000000119
39633  38.537  -38.808  -6.431 0.8000000119
109570  38.182  -39.554  -7.904 0.8999999762
39645  39.147  -38.754  -7.858 0.8999999762
38750  38.635  -39.361  -8.524 1.0000000000
38762  38.489  -39.267  -9.136 1.0000000000
39670  38.729  -39.048  -9.980 1.0000000000
39689  36.693  -38.466  -11.973 0.8000000119
39678  37.766  -38.671  -10.526 1.0000000000
39688  37.654  -38.430  -11.580 0.8000000119
37806  44.693  -39.936  -6.384 0.6000000238
37791  44.032  -40.375  -6.072 0.6000000238
38707  43.393  -39.458  -5.225 0.6000000238
38695  42.085  -39.570  -4.247 0.6999999881
122692  41.841  -38.329  -3.799 0.6999999881
37821  46.046  -40.608  -7.644 0.4000000060
37822  45.281  -40.497  -7.042 0.5000000000
39598  41.428  -39.067  -3.742 0.8000000119
117521  41.036  -38.165  -3.537 0.8000000119
36961  46.540  -41.551  -8.581 0.4000000060
39599  40.373  -38.839  -3.514 0.8000000119
37834  47.700  -40.413  -8.624 0.4000000060
37835  46.785  -40.714  -8.221 0.4000000060
39601  38.936  -38.958  -4.012 0.8000000119
39600  39.515  -38.793  -3.655 0.8000000119
39608  38.798  -38.291  -4.421 0.8000000119
107043  38.722  -38.772  -7.212 0.8999999762
40546  38.966  -37.829  -7.239 0.8000000119
38749  39.149  -39.233  -8.473 1.0000000000
38761  39.207  -39.254  -9.195 1.0000000000
39657  39.935  -38.592  -8.888 1.0000000000
128635  39.451  -39.160  -9.838 1.0000000000
39687  39.417  -38.538  -11.345 1.0000000000
39698  37.348  -38.173  -12.182 0.8999999762
39699  36.386  -38.226  -12.362 0.8000000119
40582  37.043  -38.008  -12.441 0.8999999762
122981  38.368  -38.251  -11.795 1.0000000000
40573  39.022  -38.139  -11.774 1.0000000000
40581  37.907  -37.956  -12.261 1.0000000000
41494  40.677  -37.872  -11.525 1.0000000000
41493  41.549  -37.592  -11.457 1.0000000000
128942  40.013  -36.955  -11.569 1.0000000000
42451  39.758  -35.913  -11.416 1.0000000000
42449  41.676  -36.540  -11.684 1.0000000000
108949  40.715  -36.740  -11.569 1.0000000000
38693  43.132  -38.682  -4.728 0.6999999881
40509  42.861  -37.115  -4.408 0.6999999881
39618  44.344  -38.536  -5.686 0.6000000238
123174  43.739  -38.848  -5.325 0.6000000238
39606  42.311  -38.871  -4.200 0.6999999881
106597  46.046  -39.788  -7.232 0.5000000000
40496  40.860  -37.406  -3.524 0.8000000119
38747  47.267  -39.862  -7.979 0.4000000060
40497  40.019  -37.894  -3.512 0.8000000119
39607  39.251  -38.115  -3.861 0.8000000119
40510  39.050  -37.593  -4.165 0.8000000119
40523  38.615  -37.604  -5.764 0.8000000119
40511  38.728  -37.431  -4.795 0.8000000119
40536  38.689  -38.002  -6.543 0.6999999881
41458  38.766  -36.958  -6.420 0.8000000119
40555  39.478  -37.893  -8.059 0.8999999762
41476  39.618  -36.748  -8.094 0.8000000119
39658  39.482  -38.774  -8.406 0.8999999762
40554  40.155  -37.739  -8.797 1.0000000000
39669  40.637  -38.457  -9.589 1.0000000000
40561  40.922  -37.662  -9.473 1.0000000000
40560  41.683  -37.697  -9.999 1.0000000000
39675  40.895  -38.803  -10.434 1.0000000000
39668  41.438  -38.285  -10.201 1.0000000000
40570  42.154  -38.084  -11.052 1.0000000000
40571  41.458  -38.270  -11.220 1.0000000000
41495  38.636  -37.463  -11.882 1.0000000000
41496  37.758  -37.095  -12.158 1.0000000000
41492  42.414  -37.552  -11.349 1.0000000000
107321  39.228  -36.693  -11.557 1.0000000000
108944  41.301  -35.432  -11.757 1.0000000000
42450  40.640  -35.659  -11.565 1.0000000000
40508  43.211  -37.878  -4.648 0.6999999881
121526  41.827  -37.494  -3.763 0.6999999881
39632  45.061  -38.007  -6.187 0.5000000000
39619  43.761  -38.085  -5.220 0.6999999881
38716  44.831  -39.000  -6.223 0.6000000238
38730  46.190  -38.799  -6.932 0.5000000000
111667  45.461  -38.653  -6.524 0.5000000000
41421  40.244  -36.790  -3.578 0.8000000119
126360  39.577  -36.569  -3.860 0.8000000119
109964  39.294  -36.064  -4.382 0.6999999881
41436  38.893  -36.634  -4.719 0.8000000119
42410  38.840  -36.016  -5.764 0.8000000119
41447  38.709  -36.761  -5.380 0.8000000119
108244  39.139  -36.826  -7.330 0.6999999881
41457  38.936  -35.982  -6.691 0.6999999881
42432  39.727  -35.752  -8.154 0.8999999762
43414  39.822  -34.788  -8.244 0.8000000119
44328  40.648  -33.680  -8.968 0.8000000119
44337  41.305  -33.542  -9.466 0.8000000119
41475  40.270  -36.688  -8.810 0.8999999762
42431  40.367  -35.660  -8.837 0.8000000119
43422  41.126  -34.203  -9.392 0.8000000119
41482  41.153  -36.660  -9.505 1.0000000000
42440  41.008  -35.562  -9.368 0.8999999762
112681  41.421  -34.983  -9.614 0.8999999762
44336  41.947  -33.484  -9.945 0.8000000119
42439  41.778  -36.030  -9.876 0.8999999762
112132  42.562  -36.520  -10.363 1.0000000000
40565  42.188  -37.906  -10.675 1.0000000000
39684  41.598  -38.414  -10.828 1.0000000000
41491  43.131  -37.253  -11.413 1.0000000000
42465  42.879  -36.766  -11.819 1.0000000000
43436  39.959  -34.895  -11.287 1.0000000000
41504  43.502  -36.817  -11.674 1.0000000000
42466  42.110  -35.718  -11.996 1.0000000000
43435  40.742  -34.716  -11.617 1.0000000000
42464  43.649  -36.490  -12.001 1.0000000000
122191  42.943  -35.978  -12.178 1.0000000000
44353  41.678  -33.907  -12.265 1.0000000000
40522  44.280  -36.835  -5.509 0.6999999881
41432  43.641  -36.312  -5.104 0.6999999881
41433  42.855  -35.989  -4.552 0.6999999881
41419  42.173  -36.654  -3.995 0.6999999881
40521  44.968  -37.031  -5.984 0.6000000238
41420  41.315  -36.692  -3.670 0.6999999881
42383  40.882  -35.878  -3.753 0.6999999881
39631  45.866  -37.986  -6.606 0.5000000000
42384  39.950  -35.885  -3.810 0.8000000119
42399  39.672  -35.156  -4.327 0.6999999881
42409  39.146  -35.306  -5.057 0.6999999881
42415  39.059  -35.213  -6.091 0.6999999881
108672  39.115  -35.267  -6.895 0.6999999881
42422  39.288  -35.886  -7.448 0.6999999881
43406  39.383  -34.990  -7.505 0.6999999881
44329  39.958  -33.864  -8.344 0.8000000119
45264  40.163  -33.007  -8.416 0.8000000119
127480  41.069  -32.226  -9.168 0.8000000119
124594  40.843  -32.898  -9.060 0.8000000119
45272  41.501  -32.768  -9.548 0.8000000119
45271  42.169  -32.654  -10.040 0.8000000119
43426  42.351  -35.393  -10.225 1.0000000000
44341  42.491  -34.331  -10.300 0.8999999762
44340  42.627  -33.453  -10.382 0.8000000119
43425  43.289  -35.339  -10.576 1.0000000000
44339  43.278  -33.479  -10.662 0.8000000119
41486  42.970  -37.321  -10.790 1.0000000000
40563  43.228  -37.278  -11.141 1.0000000000
42443  43.829  -36.587  -11.303 1.0000000000
116526  44.412  -36.269  -12.092 1.0000000000
44355  40.192  -33.928  -11.311 1.0000000000
44342  39.431  -33.550  -10.789 1.0000000000
43454  43.507  -35.688  -12.355 1.0000000000
44373  43.277  -34.667  -12.609 1.0000000000
44375  42.436  -34.890  -12.350 1.0000000000
44354  40.986  -33.904  -11.806 1.0000000000
44374  43.325  -33.677  -12.981 1.0000000000
42395  43.649  -35.272  -5.020 0.6999999881
41434  41.921  -35.884  -4.036 0.6000000238
42397  41.572  -34.966  -4.220 0.6000000238
42398  40.476  -35.087  -4.048 0.6000000238
43382  40.085  -34.346  -4.405 0.6999999881
44302  39.632  -33.884  -5.281 0.6999999881
43383  39.587  -34.446  -4.835 0.6999999881
43390  39.359  -34.477  -5.594 0.6999999881
43397  39.270  -34.426  -6.620 0.6999999881
45256  39.880  -32.318  -7.704 0.8000000119
44321  39.475  -34.002  -7.539 0.6999999881
112913  39.647  -33.215  -7.758 0.8000000119
46164  41.675  -31.815  -9.559 0.8000000119
46163  42.527  -31.782  -10.185 0.8000000119
45274  43.671  -32.979  -10.885 0.8000000119
44352  44.048  -34.187  -11.021 0.8000000119
45288  44.344  -33.439  -11.233 0.8000000119
109576  43.957  -36.125  -10.952 1.0000000000
43433  44.809  -35.424  -11.481 1.0000000000
44351  44.950  -34.482  -11.456 0.6999999881
42447  45.187  -36.046  -11.922 1.0000000000
43432  45.553  -35.506  -11.882 0.8999999762
42463  44.919  -36.266  -11.976 1.0000000000
43452  45.044  -35.960  -12.227 1.0000000000
43458  45.463  -35.367  -12.486 1.0000000000
45276  39.282  -32.667  -10.642 1.0000000000
44383  44.021  -34.668  -12.742 1.0000000000
128368  41.830  -33.215  -12.508 1.0000000000
107568  40.612  -33.261  -11.592 1.0000000000
45291  40.034  -32.994  -11.169 1.0000000000
121606  42.437  -33.847  -12.607 1.0000000000
42396  42.656  -35.032  -4.592 0.6999999881
44301  39.917  -33.688  -4.855 0.6000000238
44307  39.809  -33.201  -5.463 0.6999999881
44314  39.423  -33.518  -6.788 0.6999999881
45242  39.647  -32.829  -6.261 0.6999999881
127484  39.493  -33.390  -7.300 0.6999999881
112560  39.547  -32.879  -7.112 0.8000000119
45263  40.496  -32.198  -8.546 0.6999999881
117279  41.483  -30.928  -9.170 0.6999999881
46173  43.385  -31.933  -10.697 0.6999999881
46192  44.277  -32.371  -11.229 0.6999999881
44350  45.789  -34.675  -11.778 0.8000000119
45287  45.001  -33.448  -11.495 0.6999999881
43451  45.490  -35.687  -12.120 0.8999999762
43450  46.234  -35.136  -12.583 1.0000000000
46194  39.943  -32.122  -11.133 1.0000000000
44382  44.623  -34.356  -13.035 1.0000000000
45309  41.022  -32.256  -12.140 1.0000000000
45307  42.349  -32.976  -12.905 1.0000000000
43380  42.348  -34.308  -4.474 0.6000000238
126050  41.695  -34.331  -4.424 0.6000000238
113762  41.012  -34.333  -4.327 0.6000000238
44300  41.282  -33.016  -4.669 0.6000000238
109561  40.677  -33.611  -4.619 0.6000000238
45233  40.442  -32.849  -5.051 0.6000000238
45241  40.045  -32.402  -5.654 0.6000000238
45249  39.760  -32.191  -6.814 0.6000000238
46140  40.048  -31.659  -7.194 0.6999999881
47081  41.046  -30.544  -8.406 0.6999999881
111187  42.178  -30.899  -9.692 0.6999999881
47109  43.086  -30.757  -10.367 0.6999999881
111476  44.006  -31.146  -11.000 0.6999999881
47093  49.526  -30.710  -8.592 0.3000000119
45286  45.756  -33.441  -11.751 0.6999999881
122156  45.069  -32.517  -11.534 0.6999999881
47092  50.573  -30.976  -8.741 0.3000000119
44349  46.395  -34.573  -12.135 0.8000000119
45280  35.544  -32.410  -10.469 0.8999999762
45278  37.323  -32.455  -10.098 1.0000000000
45277  38.352  -32.355  -10.215 1.0000000000
107845  45.026  -33.479  -13.493 1.0000000000
110309  42.891  -32.480  -13.440 1.0000000000
45308  41.618  -32.445  -12.646 1.0000000000
45290  40.576  -32.535  -11.643 1.0000000000
123458  42.143  -32.290  -13.187 1.0000000000
122194  42.305  -33.731  -4.377 0.6000000238
44299  41.979  -33.183  -4.328 0.6000000238
45231  41.744  -32.457  -4.312 0.6000000238
45232  41.145  -32.240  -4.776 0.6000000238
122060  41.197  -31.456  -4.871 0.6000000238
47043  40.930  -30.466  -5.644 0.6999999881
47055  40.523  -30.810  -6.193 0.6999999881
46133  40.289  -31.642  -5.856 0.6000000238
47054  40.739  -30.107  -6.900 0.6999999881
47958  44.989  -29.756  -3.886 0.3000000119
47974  44.247  -29.384  -4.497 0.3000000119
47070  40.650  -30.562  -7.593 0.6999999881
47097  41.803  -30.074  -9.115 0.6999999881
112846  48.580  -30.443  -8.532 0.3000000119
123600  48.855  -30.559  -9.297 0.4000000060
46162  51.017  -31.304  -9.781 0.4000000060
45281  34.686  -32.225  -10.665 0.6999999881
46179  34.459  -31.446  -10.307 0.6999999881
47119  53.552  -31.166  -11.623 0.3000000119
47091  51.643  -31.198  -8.973 0.3000000119
45306  47.097  -34.395  -12.476 0.6999999881
46177  36.056  -31.861  -10.088 0.8999999762
46161  52.239  -31.508  -10.194 0.3000000119
44372  46.702  -34.921  -12.672 0.8000000119
106990  36.889  -31.649  -9.881 0.8999999762
46160  53.136  -31.489  -10.743 0.3000000119
46168  52.797  -32.038  -11.503 0.3000000119
43449  47.193  -34.900  -13.026 0.8000000119
45312  46.027  -33.907  -13.506 1.0000000000
125710  39.800  -31.221  -11.187 1.0000000000
45313  44.414  -32.364  -13.826 1.0000000000
46207  41.138  -31.666  -12.573 1.0000000000
46193  40.518  -31.641  -11.834 1.0000000000
122800  43.565  -32.156  -13.760 1.0000000000
46206  41.710  -31.709  -13.183 1.0000000000
46213  42.890  -31.495  -13.919 1.0000000000
116749  42.022  -31.155  -13.697 1.0000000000
47149  42.492  -30.623  -14.166 1.0000000000
47033  41.376  -30.596  -4.993 0.6999999881
47993  41.362  -29.894  -5.571 0.6999999881
47959  44.033  -29.851  -3.741 0.3000000119
48006  41.395  -29.446  -6.404 0.6999999881
48020  41.344  -29.481  -7.357 0.6999999881
48035  41.485  -29.682  -8.230 0.6999999881
47990  44.420  -28.981  -5.364 0.4000000060
47096  42.546  -30.018  -9.714 0.6999999881
48905  44.896  -28.866  -6.028 0.3000000119
48917  44.181  -28.602  -6.236 0.5000000000
47108  43.313  -29.688  -10.125 0.6999999881
109647  43.969  -30.110  -10.678 0.6999999881
122189  45.485  -28.914  -7.184 0.5000000000
46172  44.748  -30.520  -11.128 0.6999999881
119733  47.262  -29.855  -8.131 0.4000000060
48045  47.104  -29.782  -9.053 0.6000000238
47094  47.932  -30.246  -9.482 0.5000000000
46191  44.861  -31.533  -11.403 0.6999999881
48031  47.811  -30.138  -8.568 0.3000000119
46190  45.659  -32.143  -11.734 0.6999999881
48076  51.442  -30.200  -11.663 0.4000000060
47104  48.667  -30.623  -10.182 0.4000000060
45285  46.446  -33.197  -12.070 0.6999999881
47114  34.269  -30.641  -10.079 0.6999999881
47103  49.752  -30.907  -9.685 0.4000000060
46170  50.413  -31.394  -10.471 0.4000000060
45293  33.884  -31.964  -10.815 0.6000000238
48075  52.854  -30.386  -11.962 0.3000000119
108690  53.357  -31.380  -12.070 0.3000000119
46169  51.617  -31.805  -10.901 0.4000000060
44371  47.611  -34.707  -12.976 0.6999999881
45305  47.955  -34.186  -12.716 0.6999999881
46178  35.314  -31.554  -10.099 0.6999999881
47120  52.920  -32.210  -12.507 0.4000000060
46186  50.553  -31.920  -11.383 0.4000000060
46183  53.261  -31.765  -11.849 0.3000000119
46184  52.787  -32.454  -12.594 0.4000000060
44387  47.697  -34.398  -13.545 0.8000000119
46174  39.192  -31.746  -10.576 1.0000000000
45311  46.447  -33.287  -13.875 0.8999999762
45319  45.503  -32.602  -13.930 1.0000000000
47141  41.235  -30.891  -13.164 1.0000000000
46221  43.346  -30.764  -14.332 1.0000000000
46212  43.836  -31.529  -14.120 1.0000000000
47150  41.728  -30.353  -13.831 1.0000000000
47142  40.568  -30.305  -12.663 1.0000000000
48099  42.178  -29.871  -14.298 1.0000000000
47151  41.025  -29.952  -13.403 1.0000000000
47032  42.039  -30.504  -4.384 0.6000000238
47976  41.946  -29.826  -4.900 0.6000000238
47992  41.975  -29.251  -5.623 0.6000000238
113183  42.047  -28.884  -6.324 0.6999999881
47975  43.351  -29.546  -4.342 0.5000000000
127650  43.114  -28.877  -5.365 0.6000000238
48005  41.865  -28.899  -7.029 0.6999999881
113636  43.554  -29.050  -5.014 0.5000000000
48906  43.545  -28.701  -5.700 0.4000000060
48019  41.927  -29.038  -7.845 0.6999999881
126107  42.333  -29.627  -9.263 0.6999999881
48918  43.345  -28.494  -6.531 0.6000000238
48964  42.843  -28.814  -8.837 0.6999999881
118701  44.067  -28.481  -7.164 0.6000000238
48050  42.862  -29.252  -9.413 0.6999999881
48018  45.802  -28.992  -7.924 0.6000000238
126421  45.265  -28.782  -8.322 0.6000000238
48063  44.820  -29.608  -10.595 0.6999999881
111431  45.412  -30.155  -11.067 0.6999999881
48032  46.430  -29.389  -8.534 0.5000000000
47095  46.946  -29.913  -10.042 0.6000000238
122061  45.934  -29.745  -10.515 0.6000000238
47126  45.623  -30.980  -11.510 0.6000000238
48077  50.039  -29.896  -11.355 0.4000000060
47105  47.691  -30.414  -10.563 0.5000000000
47106  46.770  -30.275  -10.931 0.6000000238
46189  46.413  -31.853  -11.916 0.6999999881
47123  48.438  -30.976  -11.121 0.5000000000
47121  52.574  -31.376  -12.462 0.4000000060
47122  50.919  -30.684  -12.256 0.5000000000
46171  49.458  -31.214  -10.734 0.4000000060
46205  47.210  -32.942  -12.271 0.6999999881
47098  36.138  -30.471  -9.700 0.8999999762
121340  34.874  -30.864  -9.875 0.6999999881
46185  51.956  -32.687  -12.099 0.4000000060
44386  48.440  -34.378  -14.019 0.6999999881
46176  37.686  -30.981  -9.851 0.8999999762
47110  39.125  -30.808  -10.594 0.8999999762
116665  40.704  -31.042  -12.460 1.0000000000
46219  44.752  -31.645  -14.224 1.0000000000
47127  40.214  -30.713  -11.893 1.0000000000
115857  39.611  -30.306  -11.258 1.0000000000
47158  42.946  -29.992  -14.470 1.0000000000
49911  42.867  -27.682  -14.489 0.8999999762
49008  43.181  -28.515  -14.508 1.0000000000
48107  42.533  -29.207  -14.472 1.0000000000
121715  40.994  -29.125  -13.553 1.0000000000
48093  40.417  -29.339  -12.790 1.0000000000
49009  42.405  -28.430  -14.490 1.0000000000
49005  41.221  -28.325  -13.800 1.0000000000
48101  40.578  -28.489  -13.114 0.8999999762
117446  41.904  -27.848  -14.402 1.0000000000
113819  41.317  -27.335  -13.813 0.8999999762
48907  42.716  -28.746  -5.864 0.6000000238
48919  42.543  -28.601  -6.786 0.6999999881
48946  42.612  -28.715  -8.183 0.6999999881
48933  43.159  -28.464  -7.557 0.6999999881
48962  44.030  -28.607  -9.125 0.6999999881
48944  44.025  -28.462  -8.158 0.6000000238
119719  44.764  -28.660  -8.631 0.6000000238
48048  44.427  -28.983  -9.908 0.6999999881
48047  45.299  -29.156  -9.862 0.6999999881
47107  46.043  -30.335  -11.181 0.6000000238
48061  48.581  -29.118  -10.726 0.3000000119
48033  45.541  -28.958  -8.901 0.6000000238
48046  46.221  -29.422  -9.516 0.6000000238
47125  46.560  -30.902  -11.572 0.6000000238
48089  49.532  -30.325  -12.157 0.4000000060
48078  48.813  -29.650  -11.431 0.4000000060
47124  47.475  -30.852  -11.426 0.6000000238
46188  48.233  -31.645  -11.911 0.5000000000
115639  47.269  -31.701  -11.992 0.6000000238
46187  49.333  -31.806  -11.664 0.4000000060
46204  48.084  -32.793  -12.327 0.6000000238
47138  50.282  -31.102  -12.940 0.5000000000
45284  52.037  -33.604  -12.997 0.4000000060
46202  50.641  -33.035  -12.359 0.4000000060
46201  52.404  -32.728  -13.265 0.5000000000
45283  52.639  -33.142  -12.946 0.4000000060
44378  49.167  -34.678  -13.944 0.6000000238
45301  52.325  -33.372  -13.216 0.4000000060
46165  36.821  -30.687  -9.753 0.8999999762
45318  47.416  -33.588  -14.120 0.8999999762
47112  37.559  -29.978  -9.866 0.8999999762
47111  38.410  -30.416  -10.174 0.8999999762
48973  38.889  -29.021  -10.760 0.8999999762
48065  39.020  -29.900  -10.664 0.8999999762
46220  44.256  -30.827  -14.386 1.0000000000
48106  43.474  -29.276  -14.510 1.0000000000
47143  39.993  -29.845  -12.015 1.0000000000
50803  41.942  -26.963  -14.336 1.0000000000
50792  41.389  -26.427  -13.814 1.0000000000
49907  40.695  -27.667  -13.248 0.8999999762
51717  40.689  -25.947  -13.339 0.8999999762
48945  43.325  -28.575  -8.525 0.6999999881
48970  48.829  -28.670  -10.192 0.3000000119
48062  48.078  -29.201  -11.177 0.3000000119
48090  48.484  -29.978  -12.488 0.5000000000
48079  47.893  -29.433  -11.945 0.4000000060
46203  49.126  -32.797  -12.309 0.5000000000
45304  48.966  -34.068  -12.892 0.5000000000
45303  50.984  -34.150  -13.402 0.5000000000
113061  49.963  -33.956  -12.936 0.5000000000
47146  49.752  -31.578  -13.707 0.5000000000
45302  51.599  -33.871  -13.610 0.5000000000
44370  48.624  -34.519  -13.333 0.6000000238
47145  51.053  -32.219  -13.488 0.5000000000
44368  51.771  -33.688  -13.518 0.5000000000
45317  48.428  -33.555  -14.426 0.6999999881
46211  50.513  -33.051  -14.208 0.5000000000
110694  46.475  -32.251  -14.330 0.8999999762
107530  45.149  -30.899  -14.428 0.8999999762
112644  45.552  -31.675  -14.317 0.8999999762
47156  44.800  -30.074  -14.476 0.8999999762
121976  43.592  -27.068  -14.535 0.8999999762
49007  43.947  -28.620  -14.501 0.8999999762
47157  43.862  -30.033  -14.471 1.0000000000
48094  39.788  -28.986  -12.054 0.8999999762
48080  39.443  -29.424  -11.329 0.8999999762
114050  40.165  -27.868  -12.660 0.8999999762
119294  42.823  -26.733  -14.519 0.8000000119
51732  42.159  -26.097  -14.344 0.6999999881
49001  39.695  -28.133  -12.060 0.8999999762
50793  40.735  -26.836  -13.282 0.8999999762
49894  40.271  -27.203  -12.820 0.8999999762
48958  48.238  -28.119  -9.812 0.3000000119
48959  47.322  -28.088  -9.943 0.3000000119
49855  46.813  -27.485  -9.564 0.4000000060
49856  45.980  -27.306  -9.755 0.3000000119
48972  46.951  -28.406  -10.735 0.3000000119
48960  46.503  -27.853  -10.181 0.4000000060
48971  47.394  -28.898  -11.426 0.4000000060
48091  47.675  -29.563  -12.916 0.4000000060
44369  50.960  -34.607  -14.028 0.5000000000
121002  49.921  -34.684  -13.768 0.5000000000
47147  48.643  -30.926  -13.991 0.5000000000
45310  51.304  -34.040  -14.082 0.5000000000
44377  49.878  -34.774  -14.092 0.5000000000
45316  49.539  -33.530  -14.435 0.5000000000
44385  49.310  -34.495  -14.260 0.5000000000
46215  49.139  -32.040  -14.344 0.5000000000
46216  48.399  -32.320  -14.493 0.5000000000
47152  48.166  -31.236  -14.347 0.5000000000
47153  47.402  -30.736  -14.368 0.6000000238
116941  47.541  -32.403  -14.472 0.6000000238
48103  46.312  -29.572  -14.295 0.6999999881
47154  46.589  -30.418  -14.407 0.6999999881
46218  46.042  -31.082  -14.446 0.6999999881
48104  45.449  -29.356  -14.416 0.8000000119
47155  45.712  -30.194  -14.446 0.8000000119
48988  39.304  -28.543  -11.381 0.8999999762
119652  44.666  -28.284  -14.430 0.8999999762
48105  44.492  -29.185  -14.480 0.8999999762
49895  39.702  -27.209  -12.249 0.8999999762
50776  40.127  -26.546  -12.791 0.8999999762
51716  41.439  -25.493  -13.968 1.0000000000
118975  45.507  -26.642  -9.383 0.3000000119
49870  45.760  -27.559  -10.568 0.4000000060
50738  44.693  -26.382  -9.677 0.3000000119
48987  46.569  -28.450  -11.794 0.4000000060
111171  45.207  -26.995  -10.097 0.3000000119
48986  47.167  -29.053  -12.356 0.4000000060
49876  46.272  -28.037  -10.960 0.4000000060
49877  45.743  -27.744  -11.673 0.4000000060
47140  48.143  -30.182  -13.423 0.4000000060
48097  47.414  -29.714  -13.693 0.4000000060
48092  46.995  -29.133  -13.250 0.4000000060
48102  47.106  -29.928  -14.205 0.5000000000
47148  47.818  -30.379  -14.086 0.5000000000
49004  45.976  -28.695  -14.161 0.6000000238
49006  45.246  -28.662  -14.368 0.8000000119
49910  43.947  -27.791  -14.510 0.6999999881
51731  43.065  -25.769  -14.618 0.6999999881
51708  39.936  -25.820  -12.891 0.8999999762
52700  41.798  -24.638  -14.355 0.8999999762
52685  40.897  -24.771  -13.901 0.8000000119
119476  40.334  -25.284  -13.407 0.8000000119
115228  41.289  -24.087  -14.363 0.6999999881
53645  41.185  -23.236  -14.638 0.8000000119
51675  44.271  -25.741  -9.328 0.3000000119
50754  44.562  -26.535  -10.532 0.3000000119
51688  43.979  -26.046  -10.082 0.4000000060
50753  45.100  -27.144  -11.029 0.4000000060
50767  44.687  -26.516  -11.487 0.4000000060
50766  45.187  -27.053  -12.039 0.5000000000
49892  46.112  -28.153  -12.693 0.5000000000
49893  45.613  -27.489  -12.783 0.5000000000
50774  45.253  -26.734  -13.032 0.5000000000
48999  46.378  -28.628  -13.518 0.5000000000
49906  45.382  -27.210  -13.502 0.5000000000
49000  45.752  -27.939  -13.631 0.5000000000
116250  45.374  -28.020  -14.202 0.6000000238
49909  44.840  -27.482  -14.293 0.6999999881
50800  44.899  -26.839  -14.138 0.6999999881
50802  43.870  -26.217  -14.578 0.6999999881
125224  43.782  -25.316  -14.562 0.6999999881
115532  43.152  -25.036  -14.639 0.6999999881
52698  43.589  -24.451  -14.515 0.6999999881
116299  43.026  -23.572  -14.646 0.6999999881
51664  44.662  -25.318  -8.637 0.3000000119
52635  43.764  -24.348  -8.848 0.3000000119
53602  43.478  -24.037  -9.512 0.4000000060
51689  43.637  -25.386  -9.846 0.3000000119
52655  43.445  -24.613  -10.160 0.4000000060
51703  44.075  -25.895  -10.985 0.4000000060
50775  44.915  -26.424  -12.392 0.4000000060
52671  44.187  -24.949  -11.801 0.3000000119
109670  44.560  -25.824  -12.095 0.5000000000
51707  44.906  -25.862  -13.161 0.6000000238
118193  44.611  -25.183  -12.720 0.3000000119
52681  44.474  -24.417  -12.837 0.4000000060
50790  45.028  -26.521  -13.758 0.6999999881
51715  44.624  -25.010  -13.480 0.6000000238
50801  44.604  -26.259  -14.228 0.6999999881
115587  44.341  -26.920  -14.422 0.6999999881
51730  44.306  -24.888  -14.172 0.6999999881
52697  44.064  -24.190  -14.181 0.6000000238
53609  43.443  -23.733  -10.412 0.3000000119
51704  43.664  -25.189  -10.693 0.3000000119
52672  43.633  -24.320  -11.086 0.3000000119
53620  43.623  -23.391  -11.382 0.3000000119
54510  43.582  -22.446  -11.734 0.3000000119
53619  44.065  -23.916  -12.082 0.3000000119
53630  43.870  -23.139  -12.257 0.4000000060
52684  44.364  -24.248  -13.655 0.5000000000
53629  44.262  -23.485  -13.073 0.5000000000
54518  43.861  -22.526  -12.844 0.5000000000
53634  44.042  -23.627  -13.891 0.6000000238
112914  43.474  -21.974  -8.341 0.4000000060
54491  43.428  -22.540  -8.936 0.3000000119
109466  43.416  -23.144  -9.670 0.3000000119
121157  43.310  -22.244  -9.903 0.3000000119
54500  43.434  -22.810  -10.661 0.3000000119
55352  43.115  -21.392  -10.167 0.3000000119
116633  43.347  -21.930  -10.857 0.3000000119
55362  43.419  -21.524  -11.706 0.3000000119
113815  43.598  -21.853  -12.404 0.4000000060
53635  43.848  -22.913  -13.628 0.6000000238
122656  43.451  -21.059  -12.607 0.4000000060
54522  43.669  -22.269  -13.502 0.5000000000
53644  43.501  -23.153  -14.260 0.6000000238
122295  41.535  -22.292  -14.894 0.6999999881
53646  40.086  -23.186  -14.447 0.8000000119
120648  43.340  -21.109  -8.283 0.4000000060
55342  43.253  -21.665  -9.161 0.3000000119
56167  42.858  -20.550  -10.632 0.3000000119
120105  43.179  -21.223  -11.000 0.3000000119
118151  43.194  -20.707  -11.677 0.4000000060
57044  43.152  -19.971  -12.610 0.4000000060
56186  43.237  -20.469  -13.406 0.4000000060
55377  43.406  -21.206  -13.368 0.4000000060
118601  43.402  -21.732  -13.765 0.5000000000
56188  42.925  -20.063  -14.078 0.4000000060
54525  42.935  -22.475  -14.609 0.6000000238
113963  43.099  -20.986  -13.918 0.4000000060
126857  42.297  -22.104  -14.819 0.6999999881
55381  42.554  -21.544  -14.681 0.4000000060
128647  42.384  -20.217  -14.661 0.4000000060
55382  41.868  -21.411  -15.017 0.6000000238
56194  41.804  -20.371  -14.986 0.5000000000
111163  40.911  -21.698  -15.047 0.6000000238
54527  40.533  -22.428  -14.793 0.6999999881
123632  40.509  -21.339  -15.148 0.6999999881
56158  42.938  -20.695  -9.437 0.3000000119
56159  42.625  -19.932  -9.983 0.3000000119
56168  42.628  -19.798  -10.707 0.3000000119
57041  42.818  -19.921  -11.478 0.3000000119
57909  42.914  -19.006  -13.168 0.3000000119
57051  43.000  -19.564  -13.651 0.3000000119
106342  42.798  -18.833  -13.856 0.3000000119
113338  42.675  -20.704  -14.407 0.4000000060
57055  42.718  -19.216  -14.195 0.3000000119
106343  42.542  -18.660  -14.203 0.3000000119
56189  42.572  -19.711  -14.417 0.3000000119
57056  42.423  -18.882  -14.446 0.3000000119
56193  42.218  -19.553  -14.714 0.3000000119
57057  41.892  -18.846  -14.785 0.4000000060
111417  41.517  -19.448  -15.047 0.5000000000
55392  41.015  -20.986  -15.152 0.5000000000
55393  40.193  -20.930  -15.244 0.5000000000
57020  42.774  -19.846  -9.193 0.3000000119
57021  42.585  -19.342  -9.631 0.3000000119
57033  42.500  -19.231  -10.287 0.3000000119
56177  42.539  -19.191  -11.135 0.3000000119
58759  42.527  -17.559  -13.081 0.3000000119
58765  42.469  -17.556  -13.968 0.3000000119
58768  42.286  -17.870  -14.273 0.3000000119
57919  41.669  -18.157  -14.854 0.3000000119
118578  41.412  -18.743  -15.077 0.4000000060
56195  40.703  -20.130  -15.260 0.5000000000
57060  40.662  -19.103  -15.292 0.5000000000
56196  39.688  -20.301  -15.371 0.5000000000
109369  42.482  -18.568  -9.666 0.3000000119
57895  42.420  -18.460  -10.635 0.3000000119
57906  42.496  -18.401  -11.596 0.3000000119
57910  42.645  -18.323  -12.610 0.3000000119
59701  42.308  -16.777  -13.485 0.3000000119
125473  42.282  -17.000  -14.051 0.3000000119
57923  41.005  -18.237  -15.222 0.4000000060
57924  40.254  -18.420  -15.362 0.4000000060
57925  39.508  -18.110  -15.476 0.4000000060
57061  39.203  -19.609  -15.457 0.5000000000
113724  38.814  -18.764  -15.538 0.4000000060
57868  42.922  -18.992  -8.130 0.3000000119
57869  42.655  -18.382  -8.712 0.3000000119
109142  42.374  -17.626  -11.078 0.3000000119
58753  42.420  -17.593  -12.069 0.3000000119
59692  42.330  -16.937  -12.558 0.3000000119
60655  42.058  -16.051  -13.471 0.3000000119
58769  41.916  -17.507  -14.516 0.3000000119
59708  41.851  -16.684  -14.383 0.3000000119
58771  41.298  -17.515  -15.023 0.3000000119
58772  40.380  -17.579  -15.314 0.3000000119
109118  42.469  -17.742  -9.249 0.3000000119
58731  42.373  -17.007  -9.633 0.3000000119
108109  42.371  -17.711  -10.128 0.3000000119
59676  42.160  -16.049  -10.750 0.3000000119
59685  42.239  -16.682  -11.573 0.3000000119
60638  41.952  -15.682  -11.571 0.3000000119
60645  42.083  -16.101  -12.595 0.3000000119
61565  41.783  -15.216  -12.361 0.3000000119
59702  42.082  -16.454  -14.061 0.3000000119
112074  42.374  -16.380  -9.120 0.3000000119
58742  42.316  -16.879  -10.515 0.3000000119
59667  42.279  -16.265  -9.941 0.3000000119
60646  41.893  -15.525  -13.113 0.3000000119
60656  41.834  -15.519  -13.844 0.3000000119
60664  41.493  -15.311  -14.397 0.3000000119
116382  42.261  -15.789  -9.455 0.3000000119
60617  42.126  -15.124  -9.407 0.3000000119
120217  41.915  -15.330  -10.821 0.3000000119
61541  41.814  -14.684  -10.297 0.4000000060
61555  41.723  -14.753  -11.414 0.3000000119
61566  41.703  -14.873  -13.156 0.3000000119
61542  41.654  -13.959  -10.927 0.4000000060
61556  41.610  -14.010  -11.679 0.4000000060
62426  41.580  -13.248  -10.671 0.4000000060
39686  40.319  -38.807  -10.977 1.0000000000
39685  40.988  -38.621  -11.127 1.0000000000
39677  38.639  -38.685  -11.078 0.8999999762
108778  42.400  -25.236  -14.457 0.6999999881
107986  42.087  -23.785  -14.585 0.8000000119
54526  42.239  -22.878  -14.726 0.8000000119
33315  42.688  -45.877  -10.208 0.6000000238
33301  42.930  -45.880  -9.082 0.6000000238
124427  42.011  -45.078  -6.800 0.6000000238
31386  44.571  -47.547  -11.515 0.5000000000
31362  44.214  -47.884  -10.442 0.5000000000
125688  35.467  -40.305  -6.524 0.8999999762
35219  44.900  -43.430  -8.529 0.5000000000
32376  46.008  -46.000  -12.361 0.4000000060
34318  45.993  -44.751  -11.860 0.5000000000
116004  46.148  -47.212  -11.445 0.4000000060
36028  40.722  -42.182  -4.474 0.6999999881
37794  37.600  -40.766  -5.221 0.8999999762
37779  42.263  -40.359  -4.674 0.6999999881
35246  46.172  -43.925  -10.644 0.5000000000
35254  47.367  -43.754  -11.338 0.5000000000
37767  40.191  -40.290  -3.588 0.8000000119
31384  47.000  -47.426  -11.081 0.4000000060
37782  38.657  -40.601  -4.236 0.8000000119
36977  46.988  -42.035  -9.268 0.4000000060
38706  44.125  -39.462  -5.740 0.6000000238
36976  47.809  -41.727  -9.691 0.4000000060
39676  39.608  -38.994  -10.541 1.0000000000
38748  46.605  -40.076  -7.656 0.5000000000
38715  45.424  -39.455  -6.687 0.5000000000
112811  39.638  -37.695  -11.689 1.0000000000
110735  44.416  -37.694  -5.645 0.6999999881
126382  40.313  -38.974  -10.430 1.0000000000
43434  41.506  -34.717  -11.974 1.0000000000
42448  44.098  -36.524  -11.750 1.0000000000
45275  42.897  -32.688  -10.510 0.8000000119
43424  44.058  -35.322  -10.961 1.0000000000
42444  43.371  -36.502  -10.711 1.0000000000
46148  40.413  -31.356  -7.930 0.6999999881
43431  46.043  -35.195  -12.261 0.8000000119
44381  45.778  -34.783  -13.062 1.0000000000
45314  43.941  -33.040  -13.438 1.0000000000
43457  46.549  -34.904  -13.084 1.0000000000
46125  40.618  -31.941  -5.283 0.6000000238
46139  40.129  -31.558  -6.518 0.6999999881
48017  46.643  -29.511  -7.666 0.4000000060
45279  36.413  -32.466  -10.250 1.0000000000
46175  38.448  -31.344  -10.160 1.0000000000
117547  46.173  -29.286  -7.092 0.4000000060
47137  51.836  -31.699  -13.030 0.4000000060
47136  52.759  -32.308  -12.884 0.4000000060
127222  41.385  -28.964  -13.947 1.0000000000
125908  40.832  -25.377  -13.621 0.8000000119
47139  49.101  -30.625  -13.101 0.5000000000
45315  50.596  -34.124  -14.315 0.5000000000
46217  46.954  -31.349  -14.480 0.6999999881
48098  46.737  -29.252  -13.919 0.5000000000
52699  42.734  -24.437  -14.621 0.6999999881
55380  43.028  -21.665  -14.312 0.6000000238
57045  42.747  -19.148  -12.104 0.3000000119
34246  36.440  -44.517  -5.145 0.5000000000
34230  36.064  -43.727  -4.830 0.5000000000
33271  36.287  -45.534  -6.405 0.5000000000
34247  35.407  -44.308  -5.348 0.5000000000
33270  37.255  -45.705  -6.439 0.5000000000
33254  36.852  -45.225  -5.638 0.5000000000
33269  38.265  -45.881  -6.396 0.5000000000
32293  38.751  -46.242  -7.260 0.4000000060
110450  39.380  -46.419  -8.168 0.4000000060
33268  39.245  -45.990  -6.299 0.5000000000
32326  40.594  -46.334  -9.310 0.5000000000
32292  39.578  -46.335  -7.033 0.5000000000
43440  34.562  -34.784  -12.292 0.6999999881
42470  33.516  -35.804  -12.141 0.6999999881
122357  35.373  -36.307  -12.468 0.8000000119
41506  36.260  -36.786  -12.473 0.8000000119
41507  35.615  -37.316  -12.589 0.8000000119
41497  36.954  -36.505  -12.172 0.8999999762
43455  33.758  -34.941  -12.225 0.6999999881
42467  35.982  -35.835  -12.294 0.8999999762
42455  35.895  -35.039  -11.914 0.8999999762
114173  36.462  -36.153  -12.225 0.8999999762
42453  37.538  -35.968  -11.703 0.8999999762
106850  34.840  -34.000  -11.810 0.6000000238
42454  36.670  -35.570  -11.796 0.8999999762
43438  37.365  -35.004  -11.212 0.8999999762
43437  38.200  -35.425  -11.265 0.8999999762
42445  39.047  -35.002  -10.982 0.8999999762
43346  43.765  -34.056  -2.979 0.5000000000
43370  43.462  -34.285  -4.089 0.5000000000
43371  42.846  -33.987  -4.305 0.5000000000
43378  43.867  -34.814  -4.790 0.6000000238
43379  43.154  -34.593  -4.658 0.5000000000
41446  44.373  -35.853  -5.418 0.6000000238
44358  34.076  -33.425  -11.733 0.6000000238
122703  35.535  -33.668  -11.215 0.8999999762
43439  36.526  -34.625  -11.292 0.8999999762
44357  35.712  -34.304  -11.524 0.8999999762
43429  37.238  -34.066  -10.660 0.8999999762
43428  38.103  -34.567  -10.794 0.8999999762
45205  42.815  -32.391  -3.014 0.5000000000
125092  42.032  -31.966  -3.864 0.5000000000
44270  42.840  -33.033  -3.099 0.5000000000
44289  42.543  -33.372  -3.925 0.5000000000
45223  42.337  -32.596  -3.698 0.5000000000
44269  43.453  -33.393  -2.591 0.5000000000
44288  43.142  -33.663  -3.535 0.5000000000
44346  35.907  -33.134  -10.687 0.8999999762
44347  34.933  -33.094  -11.119 0.6999999881
44356  36.277  -33.849  -10.895 0.8999999762
116418  38.070  -33.842  -10.506 0.8999999762
43427  38.794  -34.100  -10.628 0.8999999762
46097  42.553  -31.803  -3.388 0.5000000000
114961  41.639  -31.749  -4.340 0.5000000000
46096  43.276  -31.698  -2.721 0.5000000000
44253  43.816  -33.035  -1.853 0.5000000000
44345  36.798  -33.213  -10.422 0.8999999762
44344  37.718  -33.208  -10.312 0.8999999762
44343  38.615  -33.281  -10.448 0.8999999762
112071  42.181  -31.224  -3.930 0.5000000000
46113  42.902  -30.980  -3.413 0.5000000000
47031  42.589  -29.917  -4.321 0.5000000000
47015  43.174  -30.187  -3.747 0.4000000060
47113  34.928  -30.083  -9.813 0.6000000238
108569  34.754  -29.279  -10.217 0.6000000238
48052  35.747  -29.966  -9.705 0.8000000119
48069  35.385  -29.464  -9.930 0.6999999881
48977  35.460  -28.715  -10.295 0.6999999881
48990  35.038  -27.995  -10.902 0.6999999881
49883  34.626  -27.472  -11.638 0.6999999881
48068  36.083  -29.283  -9.848 0.8000000119
48051  36.553  -29.917  -9.729 0.8000000119
49872  35.939  -27.897  -10.647 0.6999999881
49882  35.454  -27.358  -11.415 0.6999999881
49881  36.372  -27.240  -11.175 0.6999999881
50771  35.838  -26.699  -11.871 0.6999999881
48974  38.226  -28.702  -10.424 0.8000000119
121361  37.912  -27.874  -10.577 0.8000000119
48066  38.354  -29.530  -10.296 0.8000000119
50770  36.749  -26.577  -11.646 0.6999999881
49880  37.376  -27.167  -11.032 0.6999999881
49879  38.401  -27.230  -11.202 0.8000000119
48989  38.705  -28.137  -10.873 0.8000000119
50769  37.686  -26.523  -11.544 0.6999999881
128510  38.438  -26.528  -11.668 0.8000000119
119035  37.823  -24.929  -12.972 0.6000000238
49878  39.181  -27.651  -11.507 0.8000000119
50768  39.053  -26.834  -11.765 0.8000000119
51719  38.780  -24.983  -12.988 0.6000000238
52687  38.243  -24.352  -13.412 0.6000000238
53636  38.729  -23.753  -13.865 0.6000000238
51709  39.212  -25.662  -12.624 0.8000000119
113050  39.196  -24.430  -13.495 0.6000000238
50777  39.484  -26.378  -12.383 0.8000000119
53647  39.169  -23.151  -14.314 0.6000000238
51718  39.609  -25.136  -13.154 0.6999999881
52702  39.629  -23.843  -14.000 0.6000000238
54528  39.565  -22.447  -14.656 0.6999999881
55383  39.986  -21.670  -15.000 0.6000000238
52686  40.045  -24.568  -13.652 0.6999999881
52701  40.510  -23.963  -14.196 0.6999999881
120454  40.197  -46.481  -8.389 0.5000000000
32291  40.222  -46.416  -7.411 0.5000000000
33253  37.835  -45.392  -5.568 0.5000000000
118108  38.367  -36.395  -11.649 0.8999999762
46999  43.828  -30.648  -3.034 0.3000000119
48067  36.985  -29.223  -9.886 0.8000000119
42468  35.235  -35.367  -12.330 0.8000000119
43369  44.192  -34.611  -3.679 0.5000000000
48975  37.429  -28.550  -10.241 0.8000000119
49871  36.958  -27.829  -10.528 0.6999999881
50779  37.097  -25.994  -12.115 0.6999999881
124746  37.996  -25.929  -11.957 0.6999999881
113412  47.060  -38.443  -7.357 0.4000000060
39644  47.894  -38.215  -7.576 0.4000000060
39630  46.604  -37.905  -6.916 0.4000000060
40535  45.659  -37.200  -6.393 0.5000000000
40533  47.595  -37.248  -6.731 0.4000000060
40544  48.129  -37.622  -7.207 0.4000000060
42408  45.036  -35.752  -5.580 0.5000000000
41444  46.440  -36.414  -5.873 0.5000000000
41455  47.045  -36.824  -6.312 0.4000000060
41456  46.305  -36.839  -6.389 0.4000000060
40532  48.362  -37.318  -6.617 0.4000000060
41454  47.840  -36.930  -6.113 0.4000000060
40534  46.869  -37.273  -6.717 0.4000000060
40519  48.623  -37.145  -5.846 0.4000000060
42394  44.470  -35.298  -5.186 0.5000000000
42407  45.831  -35.971  -5.384 0.5000000000
41430  47.568  -36.407  -4.692 0.4000000060
41442  48.112  -36.745  -5.282 0.4000000060
40478  50.005  -37.106  -2.947 0.4000000060
41428  49.109  -36.945  -4.061 0.4000000060
40507  48.857  -37.036  -4.939 0.4000000060
40494  50.426  -37.708  -3.356 0.4000000060
40495  49.751  -37.335  -3.718 0.4000000060
42393  45.274  -35.450  -4.958 0.5000000000
41431  46.712  -36.186  -5.045 0.4000000060
44249  52.450  -33.437  -1.398 0.3000000119
43317  52.640  -34.430  -1.555 0.3000000119
41429  48.379  -36.644  -4.364 0.4000000060
43316  53.426  -34.461  -1.753 0.3000000119
42333  52.410  -35.337  -1.631 0.3000000119
42334  51.600  -35.618  -1.595 0.3000000119
119610  50.766  -36.002  -1.716 0.3000000119
109014  50.337  -36.616  -2.280 0.4000000060
41416  49.395  -36.865  -3.356 0.4000000060
41374  52.213  -36.161  -1.746 0.3000000119
41375  51.512  -36.292  -1.778 0.3000000119
43368  45.010  -34.992  -3.168 0.4000000060
42381  45.568  -35.406  -3.871 0.4000000060
42391  47.006  -36.043  -4.111 0.4000000060
42380  46.447  -35.647  -3.510 0.4000000060
45190  51.917  -32.655  -1.110 0.3000000119
44236  50.733  -33.143  -0.732 0.3000000119
124027  51.914  -34.077  -1.374 0.3000000119
111641  51.241  -34.290  -1.230 0.3000000119
108098  50.898  -35.072  -1.423 0.3000000119
42335  50.183  -35.477  -1.564 0.4000000060
41398  49.418  -36.467  -2.649 0.4000000060
41417  48.701  -36.509  -3.410 0.4000000060
43318  51.782  -34.797  -1.474 0.3000000119
42382  44.709  -35.071  -4.391 0.4000000060
44239  48.335  -33.438  -0.537 0.3000000119
43305  48.098  -34.172  -0.850 0.3000000119
43322  47.901  -34.787  -1.376 0.4000000060
43306  47.237  -34.285  -0.968 0.4000000060
42339  47.073  -35.315  -2.052 0.4000000060
42360  46.753  -35.473  -2.643 0.4000000060
107671  50.073  -33.293  -0.656 0.3000000119
44238  49.241  -33.399  -0.582 0.3000000119
43304  48.971  -34.122  -0.790 0.3000000119
43321  48.725  -34.737  -1.236 0.4000000060
42338  47.722  -35.323  -1.895 0.4000000060
43303  49.903  -34.125  -0.867 0.3000000119
43320  49.449  -34.643  -1.142 0.3000000119
42336  49.399  -35.303  -1.546 0.4000000060
42358  48.264  -35.725  -2.339 0.4000000060
42379  47.286  -35.843  -3.255 0.4000000060
43319  50.586  -34.446  -1.158 0.3000000119
118442  50.090  -34.858  -1.280 0.3000000119
42357  49.027  -35.830  -2.154 0.4000000060
41399  48.045  -36.078  -2.975 0.4000000060
44252  44.519  -33.311  -1.411 0.4000000060
44268  44.057  -33.777  -2.016 0.4000000060
43345  44.494  -34.430  -2.507 0.4000000060
44241  46.437  -33.700  -0.766 0.3000000119
43324  45.789  -34.271  -1.368 0.4000000060
43344  45.346  -34.763  -2.144 0.4000000060
44240  47.410  -33.536  -0.567 0.4000000060
43323  46.571  -34.442  -1.270 0.4000000060
43343  46.328  -35.007  -1.899 0.4000000060
42361  45.878  -35.297  -2.807 0.4000000060
50780  36.194  -26.143  -12.384 0.6000000238
50781  35.382  -26.307  -12.641 0.6000000238
51711  36.537  -25.576  -12.772 0.5000000000
53637  37.745  -23.743  -13.812 0.5000000000
53648  38.287  -23.119  -14.203 0.5000000000
54529  38.671  -22.475  -14.543 0.5000000000
55384  38.984  -21.751  -14.895 0.5000000000
55394  39.325  -21.020  -15.221 0.4000000060
62466  41.066  -13.826  -14.370 0.3000000119
112151  40.502  -13.150  -14.775 0.3000000119
62467  40.453  -13.916  -15.014 0.3000000119
110912  41.628  -14.425  -12.338 0.3000000119
62453  41.538  -14.077  -13.119 0.3000000119
62457  41.369  -13.741  -13.728 0.3000000119
63286  41.094  -12.986  -13.939 0.3000000119
63296  39.858  -12.482  -15.271 0.3000000119
114835  39.690  -13.266  -15.425 0.3000000119
116935  39.157  -11.708  -15.800 0.3000000119
119774  41.533  -13.647  -12.326 0.3000000119
117147  41.413  -13.283  -13.097 0.3000000119
63287  40.529  -12.377  -14.499 0.3000000119
64091  40.055  -11.720  -15.007 0.3000000119
119803  37.697  -10.233  -16.591 0.3000000119
62443  41.544  -13.283  -11.471 0.3000000119
63272  41.463  -12.828  -12.298 0.3000000119
63278  41.283  -12.461  -13.105 0.3000000119
64078  41.141  -11.648  -13.115 0.3000000119
125264  40.541  -11.754  -14.285 0.3000000119
64084  40.349  -11.104  -14.490 0.3000000119
64085  39.502  -10.777  -15.516 0.3000000119
64092  38.271  -10.806  -16.441 0.3000000119
63257  41.489  -12.383  -11.456 0.3000000119
64065  41.373  -11.955  -12.350 0.3000000119
64079  40.757  -11.390  -13.748 0.3000000119
65005  40.165  -10.263  -14.603 0.3000000119
65006  39.369  -9.739  -15.532 0.3000000119
64980  41.216  -11.022  -12.478 0.3000000119
64998  40.972  -11.014  -13.225 0.3000000119
64981  40.907  -10.377  -13.064 0.3000000119
65883  40.026  -9.354  -14.584 0.3000000119
64051  41.407  -11.464  -11.620 0.3000000119
65851  41.061  -10.142  -12.272 0.3000000119
65852  40.749  -9.562  -12.924 0.3000000119
65869  40.529  -9.877  -13.756 0.3000000119
65836  40.909  -9.333  -12.050 0.3000000119
65835  41.196  -9.899  -11.470 0.3000000119
40518  49.348  -37.470  -5.499 0.4000000060
38728  47.598  -39.020  -7.794 0.4000000060
40531  49.187  -37.572  -6.493 0.4000000060
40543  48.775  -37.616  -7.076 0.4000000060
40505  50.170  -37.885  -4.149 0.4000000060
40517  50.004  -37.896  -5.076 0.4000000060
44267  53.934  -33.196  -1.894 0.3000000119
42332  53.203  -35.109  -1.764 0.3000000119
41373  52.996  -35.881  -1.845 0.3000000119
41396  51.805  -36.980  -2.097 0.3000000119
111137  50.869  -37.330  -2.583 0.3000000119
44248  53.286  -33.788  -1.642 0.3000000119
45176  51.097  -32.575  -0.714 0.3000000119
45178  49.505  -32.633  -0.473 0.3000000119
45192  44.408  -32.540  -1.458 0.4000000060
45191  44.935  -32.756  -0.995 0.4000000060
44251  45.391  -33.402  -0.935 0.4000000060
117449  46.807  -32.841  -0.413 0.3000000119
45179  47.678  -32.670  -0.340 0.3000000119
46087  43.830  -32.213  -1.986 0.4000000060
49896  35.013  -26.855  -12.167 0.6000000238
63239  41.546  -12.526  -10.594 0.3000000119
64035  41.497  -11.800  -10.826 0.3000000119
108297  41.437  -11.027  -10.919 0.3000000119
107979  41.303  -10.647  -11.643 0.3000000119
123776  41.358  -10.376  -11.021 0.3000000119
45189  52.704  -32.514  -1.390 0.3000000119
40520  45.571  -36.413  -6.005 0.5000000000
41418  47.840  -36.276  -3.783 0.4000000060
44250  51.453  -33.446  -1.055 0.3000000119
43325  44.842  -34.073  -1.605 0.4000000060
64999  40.631  -10.675  -13.788 0.3000000119
65822  41.341  -9.820  -10.662 0.3000000119
39656  48.454  -38.736  -8.078 0.3000000119
37851  33.504  -40.420  -10.077 0.6000000238
37856  34.069  -39.895  -10.702 0.6999999881
36986  33.096  -41.134  -10.705 0.6999999881
125664  48.832  -38.042  -7.625 0.3000000119
31402  47.585  -47.005  -11.345 0.3000000119
33331  48.089  -45.570  -11.473 0.3000000119
38784  33.610  -39.659  -12.594 0.6999999881
37849  48.184  -40.923  -9.313 0.3000000119
37867  33.860  -39.968  -12.418 0.6999999881
36991  33.204  -41.231  -11.968 0.6999999881
37833  48.582  -40.117  -8.947 0.3000000119
38746  48.998  -39.301  -8.609 0.3000000119
37859  34.147  -40.100  -11.951 0.6999999881
38745  50.025  -39.159  -8.716 0.3000000119
39642  50.680  -38.564  -7.482 0.3000000119
39654  50.445  -38.701  -8.151 0.3000000119
39655  49.452  -38.598  -8.186 0.3000000119
39616  51.016  -38.892  -6.089 0.3000000119
39628  50.527  -38.421  -6.552 0.3000000119
39629  49.917  -38.047  -6.938 0.3000000119
109644  47.795  -44.124  -11.507 0.3000000119
36985  48.277  -42.216  -10.526 0.4000000060
106701  34.344  -38.907  -12.545 0.6999999881
37848  49.056  -40.611  -9.617 0.3000000119
38783  34.241  -39.418  -12.414 0.6999999881
38760  49.524  -39.837  -9.199 0.3000000119
38744  51.068  -39.240  -8.681 0.3000000119
115553  49.315  -37.842  -7.184 0.3000000119
110360  51.529  -39.313  -6.488 0.3000000119
113853  33.960  -38.208  -12.541 0.6999999881
111309  49.171  -41.790  -10.663 0.3000000119
37847  50.017  -40.394  -9.803 0.3000000119
37855  49.545  -41.110  -10.257 0.3000000119
39701  35.098  -38.438  -12.475 0.6999999881
38759  50.583  -39.715  -9.290 0.3000000119
38782  34.967  -38.901  -12.294 0.6999999881
40530  49.901  -37.936  -6.042 0.3000000119
124467  50.965  -39.017  -5.166 0.3000000119
39605  50.581  -38.485  -4.628 0.3000000119
123836  34.604  -38.250  -12.558 0.6999999881
36984  50.044  -41.619  -10.805 0.3000000119
40583  35.737  -38.086  -12.577 0.6999999881
37853  51.700  -41.150  -10.377 0.3000000119
37846  51.122  -40.388  -9.829 0.3000000119
39700  35.618  -38.429  -12.368 0.6999999881
39597  50.877  -38.472  -3.728 0.3000000119
36983  51.090  -41.732  -10.862 0.3000000119
120242  36.384  -37.774  -12.572 0.6999999881
46085  45.063  -31.991  -1.091 0.3000000119
36963  32.961  -41.013  -8.422 0.5000000000
36979  32.615  -41.760  -10.060 0.6999999881
36978  32.982  -41.026  -9.506 0.6000000238
36113  32.172  -42.428  -9.490 0.6000000238
37837  33.471  -40.363  -8.914 0.6000000238
38785  32.942  -40.142  -12.815 0.6999999881
39702  33.578  -38.904  -12.596 0.6999999881
112023  48.384  -44.839  -11.507 0.3000000119
40586  33.200  -38.107  -12.240 0.6999999881
35253  48.214  -43.394  -11.350 0.4000000060
108779  33.551  -37.396  -12.270 0.6999999881
107790  48.880  -42.920  -11.318 0.4000000060
36128  48.355  -42.746  -11.060 0.4000000060
42469  34.427  -35.792  -12.411 0.6999999881
124018  49.658  -42.122  -11.075 0.3000000119
36126  50.979  -43.065  -11.529 0.3000000119
36125  52.007  -43.494  -11.506 0.3000000119
113627  48.073  -39.547  -8.389 0.3000000119
41508  34.783  -36.894  -12.513 0.6999999881
36982  52.165  -42.061  -10.789 0.3000000119
110879  50.400  -43.564  -11.575 0.3000000119
36920  34.193  -41.887  -5.586 0.5000000000
115929  33.475  -42.977  -5.639 0.5000000000
35180  35.201  -43.426  -5.098 0.4000000060
31396  29.895  -47.155  -10.367 0.4000000060
31398  28.866  -47.926  -11.086 0.5000000000
36049  34.071  -42.727  -5.464 0.4000000060
36048  34.880  -42.541  -5.174 0.5000000000
36921  33.579  -41.765  -6.015 0.5000000000
30422  27.459  -48.445  -11.550 0.4000000060
124608  25.656  -49.606  -11.881 0.4000000060
31397  29.418  -47.604  -10.749 0.5000000000
36951  33.115  -41.174  -7.473 0.4000000060
30424  25.906  -48.963  -12.158 0.4000000060
29462  24.305  -49.908  -12.378 0.4000000060
31415  27.815  -47.779  -11.877 0.4000000060
32370  29.628  -47.019  -11.085 0.5000000000
31414  28.515  -47.530  -11.721 0.4000000060
33327  30.487  -45.764  -10.742 0.5000000000
119317  31.477  -43.920  -10.040 0.4000000060
35247  31.778  -43.193  -10.034 0.4000000060
36964  32.538  -41.701  -8.961 0.4000000060
29461  24.988  -49.273  -12.383 0.4000000060
32393  23.144  -46.736  -12.069 0.4000000060
31422  28.132  -47.226  -12.140 0.4000000060
117345  25.077  -45.250  -11.681 0.4000000060
32382  29.596  -46.507  -11.785 0.5000000000
32383  28.800  -46.808  -12.222 0.4000000060
33338  25.902  -45.187  -11.829 0.4000000060
32381  30.131  -46.018  -11.559 0.5000000000
35267  27.657  -43.673  -11.999 0.4000000060
35259  26.860  -43.329  -11.736 0.4000000060
34311  30.836  -44.907  -11.168 0.5000000000
34319  31.246  -44.181  -11.565 0.5000000000
36132  27.917  -42.266  -11.595 0.4000000060
36995  27.834  -41.299  -11.454 0.4000000060
34310  31.249  -44.407  -10.566 0.5000000000
35248  31.598  -43.742  -10.875 0.6000000238
115422  22.644  -47.221  -12.221 0.4000000060
33345  24.655  -46.024  -11.906 0.4000000060
30431  25.380  -48.376  -12.459 0.4000000060
125669  25.778  -45.965  -12.087 0.4000000060
32388  29.280  -45.992  -12.448 0.5000000000
121237  28.496  -46.035  -12.533 0.4000000060
33344  26.593  -45.496  -12.134 0.4000000060
33337  29.895  -45.728  -12.197 0.5000000000
34329  27.846  -44.423  -12.254 0.4000000060
34330  27.023  -44.143  -11.993 0.4000000060
33336  30.401  -45.363  -11.791 0.5000000000
35257  31.639  -43.482  -11.825 0.5000000000
36994  28.665  -41.677  -11.457 0.4000000060
35256  31.980  -43.070  -11.244 0.6000000238
36121  32.282  -42.470  -10.656 0.6000000238
32392  24.124  -46.740  -12.174 0.4000000060
32389  27.951  -46.703  -12.391 0.4000000060
32391  25.230  -46.774  -12.267 0.4000000060
109991  26.659  -46.216  -12.317 0.4000000060
111728  28.157  -45.237  -12.474 0.4000000060
33341  30.128  -44.970  -12.444 0.5000000000
111646  28.331  -43.972  -12.273 0.4000000060
36140  28.424  -43.250  -12.039 0.4000000060
34325  31.118  -43.727  -12.336 0.5000000000
36131  29.016  -42.530  -11.850 0.4000000060
36987  32.691  -41.799  -11.251 0.6000000238
36129  32.360  -42.447  -11.798 0.6000000238
35262  32.011  -42.910  -12.082 0.6000000238
30432  24.320  -48.419  -12.584 0.4000000060
31425  25.786  -47.567  -12.431 0.4000000060
33343  27.486  -45.941  -12.411 0.4000000060
108284  27.252  -44.982  -12.217 0.4000000060
33342  29.600  -45.335  -12.506 0.5000000000
121274  29.021  -45.335  -12.621 0.5000000000
34328  28.703  -44.610  -12.526 0.5000000000
34327  29.590  -44.614  -12.602 0.5000000000
36139  29.470  -43.277  -12.433 0.5000000000
35264  31.032  -43.169  -12.628 0.5000000000
34326  30.400  -44.023  -12.560 0.5000000000
107354  30.333  -43.283  -12.619 0.5000000000
35263  31.599  -42.992  -12.442 0.6000000238
36130  29.573  -41.873  -11.737 0.5000000000
37862  29.277  -41.145  -11.249 0.4000000060
36992  32.651  -41.744  -12.330 0.6000000238
36137  31.565  -42.428  -12.655 0.6000000238
36138  30.892  -42.553  -12.656 0.5000000000
118227  30.001  -42.577  -12.395 0.5000000000
36136  32.115  -42.289  -12.576 0.6000000238
37000  31.478  -41.867  -12.735 0.6000000238
37001  30.559  -41.796  -12.320 0.5000000000
37869  32.662  -40.829  -12.848 0.6000000238
37868  33.227  -40.407  -12.669 0.6000000238
40575  32.097  -37.260  -11.078 0.5000000000
40574  32.465  -38.205  -11.580 0.6000000238
40566  31.627  -37.993  -10.781 0.5000000000
39691  32.528  -39.144  -12.208 0.6000000238
39681  31.851  -38.890  -11.300 0.6000000238
38768  31.283  -39.587  -11.125 0.5000000000
38775  30.613  -40.206  -11.024 0.5000000000
37870  32.000  -41.209  -12.929 0.6000000238
37871  31.275  -41.290  -12.525 0.5000000000
36993  30.626  -40.974  -11.721 0.5000000000
116162  29.904  -40.694  -11.009 0.5000000000
38776  29.685  -39.896  -10.662 0.5000000000
41510  33.184  -36.605  -11.959 0.5000000000
121455  32.834  -35.943  -11.756 0.5000000000
37861  31.486  -40.500  -12.173 0.6000000238
39703  33.078  -39.440  -12.665 0.6000000238
38774  32.034  -39.717  -12.182 0.6000000238
36064  33.075  -42.118  -6.294 0.4000000060
36952  32.577  -41.726  -7.959 0.4000000060
37812  33.772  -40.758  -6.977 0.5000000000
36938  33.352  -41.455  -6.640 0.4000000060
38786  32.348  -40.402  -12.775 0.6000000238
120744  34.581  -43.870  -5.383 0.5000000000
35183  33.092  -43.610  -5.708 0.5000000000
35182  33.916  -43.445  -5.488 0.5000000000
36051  32.956  -42.801  -5.942 0.5000000000
32369  30.041  -46.527  -10.940 0.5000000000
30429  27.089  -48.013  -12.132 0.4000000060
30430  26.279  -48.216  -12.297 0.4000000060
34322  25.524  -44.504  -11.593 0.4000000060
32390  27.113  -46.781  -12.420 0.4000000060
31426  24.739  -47.556  -12.456 0.4000000060
32384  23.720  -46.126  -11.756 0.3000000119
107276  26.172  -43.877  -11.617 0.3000000119
33339  24.123  -45.364  -11.535 0.3000000119
36133  26.808  -42.376  -11.568 0.3000000119
35260  25.123  -43.585  -11.356 0.3000000119
107022  25.977  -42.970  -11.464 0.3000000119
36134  25.094  -42.628  -11.212 0.3000000119
30423  26.683  -48.689  -11.800 0.4000000060
31403  46.558  -46.688  -11.801 0.4000000060
31405  44.026  -47.232  -12.441 0.5000000000
31413  29.180  -47.270  -11.523 0.4000000060
31420  43.339  -46.189  -12.909 0.5000000000
31421  42.703  -46.477  -12.972 0.5000000000
31423  27.479  -47.333  -12.272 0.4000000060
31424  26.690  -47.492  -12.372 0.4000000060
32379  42.134  -46.067  -12.665 0.6999999881
32387  44.057  -46.200  -12.834 0.5000000000
33289  40.854  -46.206  -7.028 0.5000000000
33299  44.112  -45.265  -9.454 0.6999999881
33335  43.622  -45.929  -12.687 0.5000000000
34273  42.579  -44.307  -6.897 0.6999999881
34307  46.314  -44.248  -11.291 0.5000000000
34316  48.577  -44.093  -11.519 0.4000000060
34320  30.702  -44.550  -12.101 0.5000000000
34321  26.421  -44.699  -11.863 0.4000000060
35181  34.528  -43.204  -5.302 0.5000000000
35234  46.536  -43.410  -10.303 0.5000000000
35237  31.781  -43.080  -8.892 0.4000000060
35255  46.754  -44.376  -11.580 0.4000000060
35258  27.524  -42.982  -11.760 0.4000000060
35265  29.828  -43.864  -12.656 0.5000000000
35266  29.085  -43.951  -12.509 0.5000000000
36030  39.301  -42.688  -4.307 0.8000000119
36050  33.528  -42.367  -5.775 0.5000000000
36099  32.185  -42.403  -8.454 0.4000000060
36119  48.984  -42.390  -11.046 0.3000000119
36127  49.778  -42.774  -11.415 0.3000000119
36916  41.995  -41.838  -5.242 0.6999999881
36917  37.261  -41.242  -4.955 0.8999999762
36975  48.675  -41.414  -10.017 0.3000000119
36989  51.626  -42.565  -11.294 0.3000000119
36990  50.504  -42.255  -11.224 0.3000000119
36998  32.970  -41.070  -12.665 0.6000000238
36999  32.367  -41.480  -12.792 0.6000000238
37797  34.725  -41.179  -5.781 0.6999999881
37808  43.845  -41.050  -6.318 0.6000000238
37845  52.293  -40.587  -9.752 0.3000000119
37854  50.546  -41.006  -10.373 0.3000000119
37857  33.613  -40.579  -11.349 0.6999999881
37860  33.506  -40.567  -12.331 0.6999999881
38684  41.520  -39.993  -4.062 0.6999999881
38685  40.697  -39.676  -3.640 0.8000000119
38687  39.185  -39.558  -3.771 0.8000000119
38705  51.469  -39.495  -5.673 0.3000000119
38729  46.789  -39.321  -7.484 0.4000000060
38773  32.622  -39.805  -12.659 0.6000000238
39617  50.478  -38.434  -5.594 0.3000000119
39643  49.796  -38.259  -7.608 0.3000000119
39653  51.342  -38.975  -8.134 0.3000000119
39671  37.812  -38.977  -9.523 1.0000000000
40498  39.494  -37.297  -3.786 0.8000000119
40506  49.526  -37.421  -4.559 0.4000000060
40545  47.352  -37.725  -7.142 0.4000000060
40564  42.764  -37.636  -11.070 1.0000000000
40572  40.191  -38.360  -11.404 1.0000000000
40584  35.063  -37.825  -12.616 0.6999999881
40585  34.317  -37.547  -12.514 0.6999999881
41376  49.840  -36.001  -1.916 0.4000000060
41397  51.075  -36.663  -2.037 0.3000000119
41435  39.142  -36.919  -4.241 0.6999999881
41443  47.286  -36.562  -5.590 0.4000000060
41445  44.867  -36.288  -5.754 0.6000000238
41481  42.126  -37.160  -10.233 1.0000000000
41485  43.491  -37.060  -11.040 1.0000000000
41490  43.542  -36.917  -11.378 1.0000000000
41498  32.466  -36.543  -11.459 0.5000000000
41505  37.058  -37.485  -12.436 0.8999999762
41509  33.938  -36.657  -12.378 0.6999999881
42337  48.504  -35.329  -1.727 0.4000000060
42359  47.529  -35.626  -2.523 0.4000000060
42392  46.143  -35.782  -4.490 0.5000000000
42400  38.863  -36.110  -4.996 0.8000000119
42442  44.481  -36.158  -11.580 1.0000000000
42452  38.925  -35.853  -11.324 0.8999999762
43381  41.674  -33.775  -4.492 0.6000000238
43413  40.568  -34.653  -8.974 0.8000000119
43421  41.756  -34.289  -9.832 0.8000000119
43453  44.214  -35.506  -12.487 1.0000000000
43459  44.763  -35.289  -12.600 1.0000000000
44237  50.691  -33.826  -0.892 0.3000000119
44308  39.491  -33.698  -5.968 0.6999999881
44376  50.883  -34.585  -14.114 0.5000000000
44379  48.186  -34.499  -13.421 0.6999999881
44380  46.918  -34.278  -13.500 0.8999999762
44384  50.173  -34.601  -14.209 0.5000000000
45177  50.293  -32.565  -0.565 0.3000000119
45204  43.300  -32.641  -2.480 0.5000000000
45248  39.906  -32.102  -6.186 0.6000000238
45289  41.206  -33.051  -12.053 1.0000000000
46132  40.777  -31.126  -5.447 0.6999999881
46152  40.976  -31.490  -8.859 0.6999999881
46166  36.112  -31.153  -9.808 0.8999999762
46200  52.788  -32.915  -12.983 0.4000000060
46209  52.406  -33.306  -13.254 0.4000000060
46210  51.702  -33.284  -13.636 0.5000000000
46214  42.310  -31.804  -13.514 1.0000000000
47016  42.561  -30.523  -3.918 0.5000000000
47069  40.961  -30.010  -7.699 0.6999999881
47099  35.508  -30.672  -9.756 0.6999999881
47991  42.708  -29.237  -5.000 0.6000000238
48034  42.229  -29.269  -8.725 0.6999999881
48049  43.651  -29.004  -9.755 0.6999999881
48064  44.028  -29.379  -10.301 0.6999999881
48070  34.125  -29.820  -10.171 0.6000000238
48100  41.576  -29.514  -13.988 1.0000000000
48108  41.813  -28.825  -14.314 1.0000000000
48932  44.860  -28.713  -6.778 0.5000000000
48934  42.389  -28.679  -7.482 0.6999999881
48961  44.806  -28.808  -9.331 0.6999999881
48963  43.333  -28.758  -9.160 0.6999999881
48976  36.466  -28.568  -10.190 0.8000000119
49854  47.686  -27.531  -9.506 0.3000000119
49908  45.280  -27.298  -13.963 0.6999999881
50778  38.802  -26.144  -12.113 0.8000000119
50791  44.681  -25.659  -13.917 0.6000000238
51710  37.455  -25.461  -12.553 0.6000000238
51720  36.903  -25.075  -13.127 0.5000000000
52644  43.936  -25.070  -9.031 0.3000000119
52688  37.177  -24.470  -13.468 0.5000000000
53643  43.658  -23.814  -14.350 0.6000000238
54524  43.412  -22.404  -14.083 0.5000000000
55370  43.647  -21.759  -13.091 0.5000000000
56190  42.316  -20.853  -14.795 0.6000000238
57006  42.723  -19.127  -8.978 0.3000000119
57915  42.675  -18.246  -13.563 0.3000000119
57918  42.111  -18.210  -14.499 0.3000000119
57922  42.378  -18.347  -14.278 0.3000000119
59707  42.146  -17.230  -14.248 0.3000000119
60627  42.089  -15.538  -10.114 0.3000000119
63279  40.905  -12.109  -13.765 0.3000000119
106344  42.555  -18.198  -14.042 0.3000000119
106892  43.285  -34.310  -10.612 0.8000000119
107353  27.204  -41.654  -11.507 0.3000000119
107414  38.089  -41.862  -4.496 0.6999999881
108670  36.143  -41.428  -5.116 0.6999999881
109237  44.331  -25.631  -14.323 0.6999999881
109261  41.775  -16.000  -14.273 0.3000000119
109318  53.203  -33.068  -1.562 0.3000000119
109495  48.694  -36.145  -2.703 0.4000000060
110349  40.067  -39.054  -9.685 1.0000000000
110612  39.984  -19.654  -15.394 0.5000000000
111090  38.572  -38.192  -6.050 0.8000000119
111301  37.758  -31.767  -9.953 1.0000000000
112230  46.656  -28.655  -12.764 0.4000000060
113431  40.344  -30.972  -7.042 0.6999999881
113996  40.899  -30.088  -6.132 0.6999999881
114325  39.728  -18.975  -15.435 0.5000000000
114920  47.126  -34.880  -1.551 0.4000000060
115109  32.820  -37.343  -11.734 0.6000000238
115407  34.676  -28.613  -10.598 0.6999999881
116067  44.902  -28.654  -7.740 0.6000000238
116379  41.523  -12.873  -11.035 0.3000000119
116456  42.540  -38.063  -4.208 0.6999999881
116590  41.432  -46.378  -12.622 0.6000000238
116737  40.877  -16.952  -15.156 0.4000000060
117115  47.888  -28.691  -10.504 0.3000000119
120622  43.617  -37.309  -5.050 0.6999999881
120723  26.231  -46.820  -12.370 0.4000000060
120998  38.372  -25.487  -12.483 0.6999999881
121551  44.960  -31.554  -1.439 0.3000000119
121563  29.969  -41.316  -11.503 0.5000000000
121897  44.724  -44.113  -8.842 0.5000000000
122660  39.606  -39.094  -8.897 1.0000000000
123304  46.271  -37.400  -6.617 0.4000000060
123639  47.257  -44.233  -11.542 0.5000000000
123913  43.587  -24.720  -9.458 0.4000000060
124354  46.070  -32.949  -0.579 0.3000000119
125029  51.351  -34.242  -13.963 0.5000000000
125488  44.576  -42.518  -7.680 0.5000000000
125537  46.124  -41.197  -8.071 0.4000000060
125658  50.410  -34.763  -14.100 0.5000000000
125708  32.951  -38.739  -12.383 0.6999999881
126547  41.957  -37.982  -11.233 1.0000000000
126781  43.619  -40.053  -5.597 0.6000000238
126803  42.322  -27.309  -14.452 1.0000000000
126859  40.890  -38.382  -11.330 1.0000000000
127070  47.687  -31.531  -14.467 0.6000000238
127098  35.242  -34.666  -12.066 0.8999999762
127167  40.875  -44.720  -5.586 0.6000000238
127386  39.504  -34.300  -10.937 1.0000000000
127442  43.778  -25.667  -10.363 0.4000000060
127710  41.990  -29.376  -14.342 1.0000000000
128068  41.665  -31.096  -4.463 0.5000000000
128154  44.002  -37.507  -5.376 0.6999999881
128382  37.754  -29.192  -10.101 0.8000000119
128568  31.969  -41.855  -12.887 0.6000000238
128776  40.114  -28.567  -12.543 0.8999999762
