#!ascii label  , from subject sub-v2s12x28895_ses-1 vox2ras=TkReg
983
67673  -21.201  -12.223  -13.304 0.5555555820
67688  -22.445  -12.183  -14.176 0.6666666865
68594  -23.177  -11.843  -14.650 0.7777777910
69536  -23.475  -10.194  -15.274 0.8888888955
123725  -25.896  -10.112  -15.484 0.8888888955
67672  -20.771  -12.157  -12.676 0.5555555820
68592  -21.712  -11.136  -14.201 0.6666666865
69519  -22.109  -10.610  -14.551 0.8888888955
68611  -23.775  -11.204  -15.113 0.8888888955
69537  -24.457  -10.662  -15.409 0.8888888955
70415  -25.311  -9.444  -15.541 1.0000000000
70416  -26.892  -9.862  -15.651 0.8888888955
71266  -26.686  -8.846  -15.542 1.0000000000
69518  -21.042  -10.277  -13.552 0.7777777910
136146  -22.399  -9.246  -14.852 1.0000000000
124712  -22.601  -8.605  -15.113 1.0000000000
70412  -22.920  -9.361  -15.226 1.0000000000
71283  -24.233  -8.238  -15.904 1.0000000000
118912  -23.187  -8.672  -15.501 1.0000000000
71284  -24.899  -8.031  -15.957 1.0000000000
72177  -24.151  -7.539  -16.257 1.0000000000
136334  -25.597  -7.789  -15.868 1.0000000000
72179  -26.951  -7.363  -15.826 1.0000000000
117063  -25.098  -7.335  -16.225 1.0000000000
72178  -25.980  -7.245  -15.993 1.0000000000
124724  -27.930  -7.516  -15.900 1.0000000000
73936  -26.988  -5.959  -15.995 1.0000000000
73043  -27.951  -6.264  -15.940 0.7777777910
72165  -21.914  -7.235  -15.009 0.8888888955
71262  -22.810  -7.850  -15.574 1.0000000000
72175  -22.631  -7.082  -15.892 1.0000000000
73040  -23.643  -6.797  -16.470 1.0000000000
73042  -25.480  -6.604  -16.323 1.0000000000
122929  -26.438  -6.599  -16.072 1.0000000000
73938  -28.655  -5.794  -16.084 1.0000000000
73939  -29.523  -6.028  -16.671 0.7777777910
73940  -30.052  -6.320  -17.653 0.7777777910
73032  -21.613  -6.031  -15.473 0.5555555820
138893  -22.661  -4.882  -16.708 0.7777777910
73934  -23.179  -6.076  -16.513 0.8888888955
117798  -24.041  -6.099  -16.651 1.0000000000
118046  -24.923  -5.967  -16.562 1.0000000000
73946  -23.751  -5.369  -16.753 0.8888888955
74840  -25.114  -5.120  -16.678 1.0000000000
132694  -26.677  -5.047  -16.225 1.0000000000
74842  -27.222  -4.391  -16.048 1.0000000000
131635  -28.207  -4.717  -15.771 0.8888888955
120001  -29.741  -4.327  -16.009 0.8888888955
74845  -30.891  -4.255  -16.825 0.7777777910
74856  -30.911  -4.700  -18.052 0.6666666865
74830  -21.009  -4.694  -15.499 0.4444444478
74838  -21.907  -4.811  -16.423 0.7777777910
75689  -21.807  -4.015  -16.649 0.6666666865
128004  -24.418  -4.029  -17.191 0.7777777910
74854  -25.108  -4.197  -16.905 0.8888888955
75690  -25.813  -3.518  -16.734 1.0000000000
75691  -26.767  -3.374  -16.363 1.0000000000
75692  -27.717  -3.698  -15.848 1.0000000000
75679  -28.228  -3.059  -15.735 0.8888888955
75694  -30.348  -3.716  -16.121 0.7777777910
74863  -31.834  -4.290  -19.053 0.5555555820
75695  -31.146  -3.151  -16.379 0.7777777910
75706  -32.196  -3.225  -17.307 0.6666666865
75701  -22.143  -3.261  -17.193 0.6666666865
75703  -24.083  -3.466  -17.545 0.7777777910
76584  -23.765  -2.787  -17.911 0.7777777910
75704  -24.974  -3.273  -17.332 0.8888888955
76569  -26.127  -2.716  -16.714 0.8888888955
76586  -25.553  -2.588  -17.117 1.0000000000
75678  -27.351  -2.818  -16.065 1.0000000000
76558  -29.350  -2.470  -15.610 0.8888888955
76572  -30.231  -2.677  -15.715 0.8888888955
77372  -28.271  -1.867  -15.734 0.8888888955
77385  -29.690  -1.914  -15.537 0.7777777910
76573  -31.019  -2.298  -16.030 0.7777777910
134207  -31.992  -3.046  -16.750 0.7777777910
76597  -32.923  -2.532  -18.518 0.6666666865
76568  -21.483  -2.561  -16.806 0.6666666865
75688  -21.394  -3.404  -16.441 0.5555555820
76583  -22.922  -2.618  -17.774 0.7777777910
76596  -24.239  -2.277  -18.179 0.8888888955
138689  -25.115  -2.476  -17.632 0.8888888955
123009  -25.450  -1.947  -17.537 1.0000000000
76587  -26.022  -1.959  -16.930 1.0000000000
77371  -27.599  -1.794  -15.957 1.0000000000
76556  -27.816  -2.340  -15.833 0.8888888955
77386  -30.582  -1.783  -15.659 0.7777777910
78175  -31.046  -0.956  -15.634 0.7777777910
77405  -32.751  -1.638  -17.203 0.6666666865
77415  -33.053  -1.734  -18.074 0.5555555820
76582  -22.127  -2.222  -17.480 0.7777777910
77400  -22.075  -1.294  -17.628 0.6666666865
76595  -23.553  -2.101  -18.214 0.8888888955
77402  -25.282  -1.497  -17.793 1.0000000000
77383  -26.416  -1.302  -16.907 1.0000000000
78172  -27.499  -0.635  -16.117 0.8888888955
78161  -27.917  -1.270  -15.855 0.8888888955
78173  -28.427  -0.532  -15.674 0.8888888955
78162  -28.952  -1.318  -15.574 0.8888888955
133230  -31.411  -0.164  -15.568 0.7777777910
121889  -32.106  0.353  -15.696 0.7777777910
78194  -32.712  -0.764  -16.688 0.7777777910
77416  -33.289  -1.113  -18.692 0.5555555820
123147  -30.112  0.501  -15.411 0.7777777910
79019  -32.945  0.042  -17.222 0.5555555820
77422  -33.572  -0.648  -19.405 0.5555555820
132681  -32.672  0.674  -16.925 0.6666666865
78170  -20.605  -0.665  -16.706 0.4444444478
129628  -21.422  -1.070  -17.283 0.5555555820
78202  -23.550  -0.534  -18.495 0.7777777910
122237  -25.348  -0.974  -17.782 1.0000000000
126929  -24.087  -1.022  -18.492 0.8888888955
78192  -25.711  -0.499  -17.563 1.0000000000
78991  -26.630  -0.157  -16.927 0.8888888955
78992  -27.179  0.035  -16.440 0.8888888955
78993  -27.942  0.186  -15.770 0.8888888955
78994  -28.967  0.350  -15.455 0.8888888955
78995  -31.176  0.541  -15.474 0.6666666865
135572  -33.156  0.167  -18.095 0.5555555820
79929  -23.270  1.751  -18.382 0.6666666865
79024  -22.242  0.794  -18.101 0.6666666865
79931  -24.470  1.161  -18.262 0.7777777910
138101  -26.032  0.741  -17.214 0.8888888955
130806  -25.560  1.328  -17.514 0.7777777910
122196  -26.260  1.460  -16.885 0.7777777910
79900  -26.670  0.650  -16.733 0.8888888955
79901  -27.071  1.610  -16.361 0.7777777910
128205  -27.484  0.889  -16.006 0.8888888955
120083  -27.922  1.815  -15.596 0.7777777910
79902  -28.458  1.093  -15.499 0.7777777910
79903  -29.611  1.233  -15.365 0.6666666865
80814  -28.388  2.723  -15.493 0.6666666865
120575  -30.156  1.954  -15.309 0.6666666865
79904  -30.832  1.375  -15.382 0.5555555820
81671  -30.018  3.641  -15.295 0.6666666865
140038  -31.471  2.855  -15.692 0.5555555820
80832  -32.061  2.472  -16.997 0.5555555820
126504  -32.857  0.784  -17.800 0.4444444478
81686  -21.529  3.705  -17.523 0.3333333433
80829  -22.035  2.977  -17.771 0.3333333433
80840  -23.400  2.596  -18.166 0.5555555820
81700  -23.554  3.329  -17.875 0.5555555820
128025  -24.704  2.597  -17.781 0.7777777910
80831  -25.862  2.179  -17.108 0.7777777910
81667  -26.015  3.714  -16.675 0.6666666865
80812  -26.581  2.289  -16.570 0.6666666865
81690  -26.118  2.853  -16.773 0.6666666865
81668  -26.831  3.170  -16.340 0.6666666865
81669  -27.766  3.503  -15.664 0.6666666865
140459  -28.462  4.144  -15.404 0.6666666865
81672  -31.709  3.232  -16.267 0.5555555820
81691  -31.502  4.021  -16.863 0.5555555820
133728  -31.427  3.899  -16.019 0.6666666865
82638  -21.904  4.395  -17.513 0.4444444478
82637  -20.975  4.376  -17.382 0.4444444478
81687  -22.245  3.757  -17.630 0.4444444478
83492  -22.335  4.693  -17.541 0.5555555820
82647  -23.093  3.971  -17.697 0.5555555820
81688  -24.540  3.950  -17.491 0.6666666865
137754  -24.867  3.352  -17.538 0.6666666865
127975  -25.225  3.866  -17.241 0.6666666865
124625  -26.933  4.072  -16.127 0.6666666865
82620  -27.726  4.441  -15.570 0.6666666865
82602  -29.596  5.125  -15.320 0.6666666865
82622  -30.718  4.963  -15.871 0.5555555820
124301  -31.184  4.567  -16.330 0.6666666865
83483  -22.422  5.416  -17.476 0.4444444478
82641  -24.819  4.583  -17.195 0.6666666865
83486  -25.071  5.191  -16.737 0.6666666865
82617  -25.495  4.520  -16.745 0.6666666865
82601  -28.584  4.951  -15.294 0.6666666865
68610  -22.881  -10.905  -14.872 0.8888888955
70413  -23.548  -9.352  -15.457 1.0000000000
71265  -25.679  -8.573  -15.591 1.0000000000
74837  -21.278  -4.227  -16.014 0.5555555820
126318  -21.340  -0.051  -17.480 0.5555555820
76594  -22.793  -1.800  -18.029 0.7777777910
78193  -26.257  -0.670  -17.168 1.0000000000
124238  -29.489  -0.405  -15.473 0.8888888955
78990  -20.222  -0.047  -16.522 0.2222222239
79018  -32.451  0.949  -16.136 0.6666666865
79922  -32.452  1.483  -17.157 0.4444444478
82640  -24.059  4.594  -17.435 0.6666666865
83485  -24.344  5.358  -17.075 0.6666666865
75687  -20.898  -3.502  -15.852 0.4444444478
76567  -20.921  -2.775  -16.172 0.4444444478
82650  -31.454  4.098  -17.975 0.5555555820
81702  -31.534  3.359  -18.529 0.5555555820
83481  -20.457  5.090  -17.018 0.2222222239
128440  -21.258  4.961  -17.375 0.3333333433
82642  -31.176  4.879  -17.411 0.5555555820
66671  -21.685  -13.523  -12.902 0.5555555820
66691  -22.165  -13.229  -13.399 0.5555555820
67674  -21.925  -12.561  -13.680 0.6666666865
67689  -23.060  -12.483  -14.222 0.5555555820
67690  -23.853  -12.529  -14.306 0.5555555820
69538  -25.454  -10.952  -15.440 0.7777777910
69539  -26.462  -10.733  -15.463 0.8888888955
66670  -20.757  -13.069  -11.642 0.5555555820
126743  -24.068  -11.913  -14.890 0.6666666865
68612  -24.678  -11.483  -15.189 0.6666666865
71286  -27.502  -8.279  -15.727 0.8888888955
67651  -20.618  -12.287  -11.916 0.4444444478
69500  -20.663  -11.025  -12.963 0.5555555820
130884  -20.648  -10.364  -12.886 0.2222222239
122408  -21.447  -9.734  -14.109 0.6666666865
72180  -28.846  -7.599  -16.302 0.8888888955
125730  -29.446  -7.238  -16.805 0.6666666865
71249  -21.304  -8.385  -14.057 0.5555555820
73947  -30.608  -6.435  -18.472 0.6666666865
72160  -21.520  -7.107  -14.687 0.4444444478
136957  -30.656  -5.615  -18.723 0.5555555820
74868  -31.884  -4.918  -19.729 0.5555555820
140486  -20.768  -5.351  -14.829 0.2222222239
75722  -32.378  -3.948  -19.439 0.5555555820
140626  -20.848  -4.056  -15.582 0.4444444478
75715  -32.813  -3.137  -19.063 0.5555555820
76555  -20.391  -2.831  -15.396 0.3333333433
76604  -33.659  -2.467  -19.831 0.5555555820
77398  -20.995  -1.220  -16.840 0.4444444478
77428  -34.033  -1.038  -20.009 0.4444444478
78169  -20.165  -0.858  -16.216 0.3333333433
78218  -33.722  -0.295  -20.164 0.5555555820
79029  -33.065  0.729  -18.875 0.4444444478
81685  -20.620  3.620  -17.270 0.3333333433
125972  -21.224  3.051  -17.536 0.3333333433
80828  -21.460  2.319  -17.648 0.4444444478
80833  -32.285  2.104  -17.927 0.4444444478
80842  -31.905  2.718  -18.158 0.4444444478
81709  -31.236  3.199  -19.461 0.2222222239
121579  -21.151  5.781  -17.177 0.3333333433
83484  -23.344  5.249  -17.409 0.6666666865
82618  -26.279  4.647  -16.326 0.6666666865
83464  -26.445  5.421  -15.894 0.6666666865
84253  -27.606  6.364  -15.412 0.6666666865
83449  -29.042  5.776  -15.282 0.6666666865
82603  -30.264  5.279  -15.584 0.6666666865
83466  -30.867  5.367  -16.567 0.4444444478
82658  -31.236  3.981  -19.016 0.3333333433
128716  -23.677  6.125  -16.971 0.5555555820
67687  -21.732  -11.837  -13.971 0.6666666865
66690  -21.552  -12.925  -13.229 0.5555555820
67675  -22.618  -12.800  -13.824 0.6666666865
68593  -22.303  -11.440  -14.454 0.7777777910
70414  -24.350  -9.653  -15.531 1.0000000000
69535  -22.594  -9.996  -14.891 1.0000000000
135859  -25.104  -10.218  -15.521 0.8888888955
133074  -21.067  -12.859  -12.613 0.5555555820
68571  -20.761  -11.689  -13.013 0.5555555820
134342  -21.169  -11.262  -13.626 0.6666666865
69501  -21.522  -10.456  -14.136 0.8888888955
129635  -26.095  -9.338  -15.466 1.0000000000
71264  -24.725  -8.784  -15.684 1.0000000000
131198  -27.508  -9.167  -15.660 1.0000000000
71285  -26.406  -7.971  -15.685 1.0000000000
70396  -21.907  -9.663  -14.525 0.8888888955
70411  -22.050  -8.703  -14.711 0.8888888955
71261  -22.272  -7.911  -14.990 1.0000000000
71263  -23.912  -8.804  -15.678 1.0000000000
71282  -23.547  -8.065  -15.859 1.0000000000
72176  -23.246  -7.371  -16.150 1.0000000000
73041  -24.540  -6.743  -16.476 1.0000000000
124725  -27.410  -6.775  -15.924 1.0000000000
134967  -28.197  -6.975  -16.058 0.8888888955
133997  -29.249  -6.510  -16.588 0.7777777910
72166  -22.338  -7.338  -15.403 1.0000000000
71250  -21.671  -7.943  -14.573 0.6666666865
126953  -22.995  -6.782  -16.300 1.0000000000
73935  -25.930  -5.713  -16.380 1.0000000000
73937  -27.609  -5.363  -15.888 1.0000000000
74843  -29.211  -5.040  -16.004 0.8888888955
118132  -29.980  -5.341  -16.616 0.7777777910
74855  -30.453  -5.386  -17.599 0.6666666865
73024  -21.220  -6.528  -14.683 0.5555555820
120163  -21.561  -6.577  -15.066 0.5555555820
73038  -22.040  -6.067  -15.894 0.6666666865
73033  -22.072  -6.679  -15.555 0.7777777910
73039  -22.517  -6.412  -16.119 0.7777777910
73933  -22.399  -5.616  -16.360 0.7777777910
74852  -23.509  -4.441  -17.066 0.8888888955
73945  -23.083  -5.292  -16.685 0.8888888955
74853  -24.390  -4.765  -16.894 0.8888888955
132258  -25.854  -4.627  -16.569 1.0000000000
75693  -28.747  -3.981  -15.743 0.8888888955
74844  -30.341  -4.623  -16.554 0.7777777910
75705  -31.671  -3.821  -17.057 0.6666666865
74862  -31.150  -5.169  -19.206 0.5555555820
75713  -31.628  -4.063  -18.219 0.6666666865
74829  -20.655  -4.244  -15.236 0.3333333433
73927  -20.883  -5.191  -15.115 0.3333333433
129917  -21.403  -4.939  -15.826 0.4444444478
73932  -21.731  -5.497  -15.902 0.6666666865
75702  -23.157  -3.483  -17.467 0.6666666865
74851  -22.506  -4.172  -16.954 0.7777777910
74841  -26.472  -4.197  -16.411 1.0000000000
75680  -29.327  -3.231  -15.701 0.7777777910
75714  -32.295  -3.348  -18.488 0.5555555820
76585  -24.549  -2.708  -17.844 0.8888888955
76571  -27.161  -2.098  -16.244 1.0000000000
77404  -32.257  -1.581  -16.493 0.7777777910
76588  -32.377  -2.443  -16.874 0.7777777910
76589  -32.628  -2.487  -17.683 0.6666666865
134546  -20.649  -2.967  -15.721 0.4444444478
77401  -24.910  -1.999  -18.061 0.8888888955
129853  -26.641  -1.820  -16.634 1.0000000000
77384  -27.119  -1.388  -16.373 0.8888888955
78174  -30.050  -1.120  -15.492 0.7777777910
124658  -33.626  -1.581  -19.383 0.5555555820
77399  -21.470  -1.718  -17.112 0.5555555820
77411  -22.710  -1.154  -18.140 0.6666666865
77413  -24.206  -1.666  -18.356 0.8888888955
78171  -26.839  -0.702  -16.720 1.0000000000
78195  -33.080  -0.741  -17.799 0.6666666865
78205  -33.290  -0.215  -18.751 0.5555555820
78190  -21.687  -0.583  -17.557 0.5555555820
78191  -22.363  -0.605  -17.967 0.5555555820
78203  -24.296  -0.390  -18.436 1.0000000000
79026  -23.681  0.249  -18.523 0.7777777910
79025  -22.814  0.018  -18.359 0.7777777910
79017  -26.165  0.038  -17.258 0.8888888955
78204  -25.042  -0.239  -17.996 0.7777777910
78211  -33.350  0.171  -19.592 0.5555555820
79927  -21.790  1.519  -17.837 0.5555555820
80839  -22.697  2.410  -18.163 0.4444444478
127725  -23.853  1.071  -18.464 0.6666666865
79930  -24.102  1.945  -18.231 0.6666666865
79015  -21.974  0.054  -17.833 0.7777777910
79014  -21.391  0.718  -17.587 0.6666666865
79920  -24.856  1.649  -17.928 0.7777777910
79028  -25.005  0.758  -17.999 0.7777777910
80813  -27.419  2.521  -16.014 0.6666666865
118809  -29.118  2.069  -15.353 0.6666666865
81670  -28.880  3.529  -15.334 0.6666666865
139704  -29.312  2.927  -15.329 0.6666666865
80815  -31.066  2.368  -15.422 0.5555555820
79921  -32.205  1.776  -16.114 0.5555555820
79932  -32.602  1.474  -18.380 0.4444444478
81692  -31.725  3.338  -17.466 0.5555555820
81699  -22.801  3.344  -17.889 0.5555555820
80841  -24.018  2.764  -18.006 0.6666666865
81689  -25.450  2.976  -17.297 0.7777777910
81652  -29.325  4.320  -15.271 0.6666666865
82621  -30.194  4.575  -15.412 0.6666666865
83493  -22.810  4.615  -17.580 0.5555555820
82619  -27.008  4.891  -15.710 0.6666666865
83448  -28.117  5.719  -15.371 0.6666666865
77382  -20.962  -1.971  -16.493 0.4444444478
79013  -20.749  0.154  -17.102 0.3333333433
75677  -20.619  -3.512  -15.470 0.4444444478
80848  -31.356  2.514  -19.934 0.3333333433
82649  -31.106  4.762  -18.576 0.3333333433
136825  -26.110  -11.371  -15.152 0.6666666865
71287  -28.419  -8.180  -16.015 0.7777777910
67626  -20.309  -12.429  -10.887 0.3333333433
68547  -20.541  -11.564  -12.278 0.4444444478
73045  -29.763  -6.869  -17.403 0.6666666865
70395  -21.578  -8.960  -14.337 0.7777777910
73928  -21.265  -5.384  -15.429 0.3333333433
73031  -21.220  -5.918  -15.067 0.3333333433
73918  -20.936  -5.838  -14.777 0.1111111119
74816  -20.607  -4.752  -14.800 0.1111111119
76566  -20.522  -2.226  -15.872 0.3333333433
77381  -20.528  -1.415  -16.329 0.3333333433
79919  -21.046  1.629  -17.428 0.3333333433
83450  -29.903  5.865  -15.505 0.6666666865
83451  -30.507  5.852  -15.978 0.4444444478
66675  -24.964  -13.663  -12.586 0.4444444478
66649  -26.514  -13.439  -11.699 0.2222222239
66672  -22.480  -13.887  -12.967 0.4444444478
65750  -23.236  -14.270  -12.565 0.4444444478
66692  -22.909  -13.360  -13.507 0.4444444478
66693  -23.799  -13.251  -13.545 0.4444444478
66694  -24.556  -13.354  -13.218 0.4444444478
67677  -25.263  -13.053  -13.244 0.4444444478
121640  -26.828  -12.698  -12.719 0.2222222239
67676  -24.652  -12.817  -13.832 0.4444444478
67691  -25.524  -12.488  -13.954 0.4444444478
68548  -27.842  -11.788  -13.061 0.1111111119
68549  -28.659  -11.662  -12.901 0.1111111119
68572  -27.016  -11.797  -14.208 0.3333333433
68595  -24.865  -12.188  -14.668 0.4444444478
67678  -26.370  -12.149  -14.046 0.3333333433
68574  -28.320  -11.297  -13.554 0.2222222239
68596  -25.812  -11.910  -14.630 0.4444444478
68597  -26.606  -11.626  -14.725 0.3333333433
69520  -28.314  -10.632  -14.923 0.2222222239
69521  -29.198  -10.407  -14.747 0.1111111119
69522  -29.951  -10.071  -14.513 0.1111111119
68598  -27.420  -11.255  -14.757 0.3333333433
69541  -28.377  -10.079  -15.556 0.3333333433
70417  -27.879  -9.695  -15.676 0.4444444478
71267  -28.355  -8.966  -15.933 0.6666666865
71269  -29.677  -8.846  -16.253 0.4444444478
72168  -30.781  -7.844  -16.696 0.3333333433
71288  -29.199  -8.463  -16.312 0.6666666865
72167  -30.086  -8.016  -17.105 0.5555555820
118602  -29.970  -7.476  -17.448 0.5555555820
122490  -30.336  -7.422  -17.516 0.5555555820
73047  -30.767  -6.943  -18.126 0.3333333433
73057  -31.155  -6.708  -18.831 0.4444444478
73948  -30.940  -6.171  -19.193 0.5555555820
73958  -31.644  -5.612  -19.739 0.4444444478
83463  -25.755  5.254  -16.381 0.5555555820
84267  -25.305  5.920  -16.393 0.5555555820
129778  -25.995  5.885  -16.070 0.5555555820
84269  -26.663  6.291  -15.594 0.5555555820
84254  -28.494  6.442  -15.381 0.5555555820
129342  -28.815  7.121  -15.468 0.5555555820
136988  -24.480  -14.074  -12.333 0.4444444478
66676  -26.346  -13.122  -12.364 0.2222222239
68573  -27.614  -11.531  -13.835 0.2222222239
68599  -28.065  -11.055  -14.207 0.2222222239
69502  -28.793  -10.840  -14.119 0.1111111119
70418  -29.013  -9.760  -15.737 0.4444444478
70398  -29.483  -9.929  -15.268 0.3333333433
73058  -31.892  -6.610  -18.786 0.3333333433
73066  -31.947  -6.208  -19.781 0.4444444478
74869  -32.765  -4.714  -20.216 0.4444444478
85059  -25.714  7.455  -16.075 0.5555555820
85058  -24.891  7.729  -16.409 0.5555555820
66700  -23.246  -12.897  -13.893 0.4444444478
70420  -30.115  -9.032  -15.755 0.2222222239
84255  -29.345  6.505  -15.484 0.5555555820
128074  -23.184  -14.876  -11.876 0.4444444478
138105  -23.776  -14.837  -11.655 0.4444444478
65736  -24.294  -14.792  -11.380 0.4444444478
65737  -25.547  -14.157  -11.266 0.2222222239
65738  -26.217  -13.850  -11.114 0.2222222239
66625  -27.134  -13.540  -11.055 0.1111111119
65734  -21.703  -14.514  -11.874 0.4444444478
126887  -28.210  -12.183  -12.469 0.1111111119
68575  -29.167  -11.157  -13.385 0.1111111119
69504  -30.569  -10.356  -13.647 0.1111111119
70382  -30.681  -9.743  -14.355 0.1111111119
139159  -30.739  -9.396  -14.784 0.1111111119
71271  -31.334  -8.228  -15.620 0.2222222239
72182  -31.351  -7.090  -16.995 0.1111111119
73048  -31.972  -6.676  -17.696 0.2222222239
73059  -32.930  -6.361  -18.014 0.2222222239
134955  -32.515  -6.450  -19.361 0.3333333433
73959  -32.263  -5.719  -20.120 0.4444444478
129313  -34.171  -4.419  -20.919 0.3333333433
75723  -33.137  -3.416  -19.775 0.4444444478
75730  -33.618  -4.018  -20.437 0.3333333433
79937  -32.515  1.444  -19.433 0.3333333433
84286  -22.721  6.163  -17.282 0.4444444478
84270  -30.397  6.609  -16.348 0.5555555820
84287  -24.550  6.137  -16.624 0.5555555820
85073  -24.125  7.067  -16.624 0.5555555820
85060  -26.500  7.190  -15.654 0.5555555820
85061  -27.267  7.792  -15.503 0.5555555820
85041  -28.179  7.915  -15.470 0.5555555820
65748  -21.891  -14.093  -12.531 0.4444444478
68613  -25.393  -11.614  -15.078 0.5555555820
73046  -30.233  -6.977  -17.898 0.5555555820
129673  -33.725  -3.141  -20.265 0.4444444478
80843  -32.113  2.118  -18.914 0.3333333433
68614  -26.844  -11.195  -15.230 0.3333333433
131176  -25.695  -13.231  -12.653 0.4444444478
66648  -25.743  -13.672  -11.931 0.3333333433
66677  -27.142  -13.000  -12.008 0.1111111119
65749  -22.473  -14.496  -12.317 0.4444444478
66673  -23.266  -13.766  -13.114 0.4444444478
65751  -23.993  -14.448  -12.080 0.4444444478
66674  -24.043  -13.850  -12.790 0.4444444478
67652  -26.142  -12.675  -13.171 0.4444444478
67679  -27.050  -12.207  -13.416 0.4444444478
67653  -27.469  -12.420  -12.616 0.1111111119
70397  -28.904  -10.199  -15.330 0.2222222239
70399  -30.202  -9.513  -15.116 0.1111111119
69540  -27.464  -10.540  -15.416 0.3333333433
124451  -28.554  -9.531  -15.837 0.4444444478
71268  -29.068  -9.193  -16.097 0.4444444478
71270  -30.322  -8.494  -16.294 0.3333333433
70419  -29.591  -9.370  -15.742 0.4444444478
72169  -31.890  -7.429  -15.915 0.1111111119
71289  -29.809  -8.379  -16.681 0.4444444478
72181  -29.710  -7.935  -16.844 0.5555555820
84268  -25.867  6.584  -16.004 0.5555555820
84266  -25.083  6.821  -16.328 0.5555555820
130558  -27.998  7.155  -15.423 0.5555555820
65752  -24.895  -14.263  -11.826 0.4444444478
69503  -29.609  -10.575  -13.885 0.1111111119
71251  -30.819  -8.960  -15.237 0.2222222239
64839  -23.641  -15.246  -11.272 0.4444444478
65719  -25.043  -14.623  -10.898 0.4444444478
65735  -22.409  -15.002  -11.781 0.4444444478
67627  -27.823  -12.606  -12.058 0.1111111119
60258  -24.104  -20.880  -8.429 0.1111111119
61171  -21.613  -19.163  -9.540 0.3333333433
61173  -23.507  -19.276  -9.140 0.2222222239
61156  -23.792  -20.044  -8.799 0.2222222239
61157  -24.609  -20.053  -8.579 0.1111111119
63890  -20.146  -16.852  -9.637 0.3333333433
62947  -20.402  -17.716  -9.654 0.3333333433
62011  -20.820  -18.478  -9.654 0.3333333433
62949  -22.394  -17.712  -9.838 0.3333333433
62013  -23.150  -18.393  -9.444 0.3333333433
140105  -23.845  -17.934  -9.349 0.2222222239
61174  -24.319  -19.333  -8.839 0.2222222239
62014  -24.045  -18.607  -9.150 0.2222222239
64801  -19.954  -15.245  -9.688 0.2222222239
120519  -19.899  -16.029  -9.495 0.2222222239
63891  -20.824  -17.139  -10.133 0.3333333433
62948  -21.000  -17.837  -9.968 0.3333333433
119448  -21.597  -18.234  -9.845 0.3333333433
134041  -24.503  -17.970  -9.112 0.1111111119
65703  -19.930  -14.286  -9.757 0.2222222239
64815  -20.546  -15.114  -10.430 0.3333333433
64816  -21.298  -15.764  -10.911 0.3333333433
64836  -21.137  -14.827  -11.153 0.3333333433
63910  -21.532  -16.629  -10.588 0.3333333433
137363  -21.956  -16.105  -11.168 0.3333333433
63892  -22.802  -16.804  -9.890 0.3333333433
64817  -22.395  -16.426  -10.730 0.3333333433
63893  -23.623  -16.630  -9.691 0.3333333433
63911  -23.140  -16.191  -10.057 0.3333333433
63894  -24.490  -16.520  -9.511 0.1111111119
66605  -19.821  -13.373  -9.735 0.2222222239
65718  -20.455  -14.142  -10.551 0.2222222239
65733  -20.946  -13.930  -11.394 0.3333333433
64837  -21.877  -15.393  -11.473 0.3333333433
64838  -22.706  -15.661  -11.287 0.3333333433
64818  -23.454  -15.749  -10.590 0.3333333433
63912  -23.962  -15.947  -9.923 0.3333333433
64802  -24.867  -15.701  -9.689 0.1111111119
67615  -19.571  -12.603  -9.856 0.3333333433
66624  -20.353  -13.274  -10.677 0.3333333433
66647  -21.330  -13.680  -12.181 0.3333333433
64819  -24.362  -15.261  -10.502 0.3333333433
73074  -32.801  -6.264  -20.151 0.2222222239
73960  -33.128  -5.786  -20.576 0.2222222239
73075  -33.783  -6.238  -20.732 0.2222222239
135984  -33.997  -1.763  -20.060 0.3333333433
76609  -34.180  -2.469  -20.423 0.2222222239
62012  -22.283  -18.569  -9.646 0.3333333433
61172  -22.615  -19.245  -9.371 0.3333333433
61998  -24.815  -18.673  -8.775 0.1111111119
63909  -20.553  -16.154  -10.239 0.3333333433
62961  -22.118  -17.077  -10.350 0.3333333433
62950  -23.319  -17.418  -9.582 0.3333333433
59215  -23.324  -21.413  -8.298 0.1111111119
136472  -24.054  -21.685  -8.022 0.1111111119
62010  -19.932  -18.454  -9.233 0.3333333433
61170  -20.605  -19.317  -9.342 0.3333333433
60275  -22.112  -20.019  -9.216 0.3333333433
61155  -22.959  -19.979  -9.002 0.3333333433
59216  -24.782  -21.448  -8.100 0.1111111119
60259  -25.047  -20.737  -8.354 0.1111111119
128563  -25.356  -19.996  -8.480 0.1111111119
65702  -19.337  -13.561  -9.067 0.2222222239
62952  -24.921  -17.286  -9.170 0.1111111119
63895  -25.491  -16.507  -9.267 0.1111111119
74873  -33.611  -5.075  -20.794 0.2222222239
77429  -34.476  -1.567  -20.717 0.2222222239
77434  -35.199  -1.787  -21.653 0.2222222239
68531  -20.415  -11.757  -11.429 0.2222222239
70394  -21.224  -9.301  -13.812 0.5555555820
138620  -20.442  -11.279  -11.844 0.3333333433
75731  -34.364  -3.435  -20.777 0.2222222239
60257  -23.201  -20.689  -8.650 0.1111111119
62946  -19.710  -17.458  -9.142 0.2222222239
62960  -21.554  -17.469  -10.184 0.3333333433
62951  -24.124  -17.281  -9.415 0.1111111119
138497  -22.901  -16.038  -10.715 0.3333333433
136573  -19.232  -12.867  -9.159 0.2222222239
64820  -25.320  -14.970  -10.077 0.1111111119
61997  -19.179  -18.555  -8.515 0.2222222239
60274  -21.226  -20.061  -9.220 0.3333333433
131211  -22.513  -20.550  -8.838 0.3333333433
125793  -19.463  -16.486  -8.799 0.2222222239
73966  -33.788  -5.865  -21.084 0.1111111119
73967  -34.204  -6.054  -21.193 0.1111111119
74876  -36.044  -5.367  -21.034 0.1111111119
73968  -34.942  -5.807  -21.200 0.1111111119
74881  -35.632  -4.033  -21.594 0.1111111119
74882  -36.600  -4.333  -21.266 0.1111111119
75741  -36.474  -3.605  -21.899 0.1111111119
75739  -34.990  -3.276  -21.415 0.1111111119
76615  -36.359  -2.938  -22.502 0.1111111119
78223  -33.791  0.085  -20.971 0.2222222239
76610  -34.777  -2.535  -21.105 0.1111111119
76614  -35.483  -2.713  -21.766 0.1111111119
79041  -32.724  0.862  -20.762 0.1111111119
79034  -32.925  0.870  -19.945 0.2222222239
79944  -32.160  1.393  -20.516 0.1111111119
129907  -33.807  0.484  -21.836 0.1111111119
79951  -32.203  1.100  -21.571 0.1111111119
137010  -31.710  2.312  -19.474 0.1111111119
85056  -22.395  7.741  -16.805 0.4444444478
129235  -30.672  6.431  -17.456 0.3333333433
83487  -30.830  5.752  -17.434 0.2222222239
82657  -30.833  4.527  -19.597 0.1111111119
81716  -30.938  3.001  -20.176 0.1111111119
81715  -30.474  3.206  -20.794 0.1111111119
134624  -25.540  8.289  -16.233 0.4444444478
137934  -25.368  8.992  -16.400 0.4444444478
85863  -26.109  8.854  -16.097 0.4444444478
130220  -26.350  8.048  -15.838 0.4444444478
85864  -26.938  8.667  -15.744 0.4444444478
85847  -27.772  8.568  -15.592 0.4444444478
85849  -29.237  8.497  -15.909 0.4444444478
85866  -30.136  8.553  -16.706 0.4444444478
85062  -30.301  7.857  -16.688 0.2222222239
123643  -30.599  6.856  -17.870 0.2222222239
84306  -30.496  6.364  -19.312 0.2222222239
83501  -30.728  5.471  -19.199 0.2222222239
127510  -28.108  10.048  -21.186 0.1111111119
85892  -29.394  8.630  -20.132 0.1111111119
83516  -30.006  5.413  -20.950 0.1111111119
85860  -21.778  8.698  -16.610 0.4444444478
131372  -22.668  9.279  -16.510 0.4444444478
85861  -23.042  8.383  -16.600 0.4444444478
85862  -23.798  8.969  -16.638 0.3333333433
86704  -26.703  9.521  -16.139 0.4444444478
86705  -27.638  9.836  -16.146 0.4444444478
86688  -28.209  9.248  -15.829 0.4444444478
85848  -28.589  8.564  -15.683 0.4444444478
85865  -29.639  8.731  -16.298 0.4444444478
87531  -27.985  10.715  -16.486 0.3333333433
86707  -29.794  9.305  -16.683 0.3333333433
86715  -30.153  9.344  -17.869 0.1111111119
85878  -30.389  8.606  -17.892 0.1111111119
85884  -30.258  8.228  -18.740 0.1111111119
85079  -30.523  6.935  -18.644 0.2222222239
85089  -30.275  7.096  -19.504 0.1111111119
85088  -29.892  7.907  -19.695 0.1111111119
131612  -21.627  9.560  -16.475 0.2222222239
86702  -24.662  9.599  -16.677 0.3333333433
128767  -25.314  10.411  -16.695 0.3333333433
87530  -26.940  10.411  -16.431 0.3333333433
86706  -28.579  9.997  -16.233 0.4444444478
133132  -28.508  11.107  -16.754 0.2222222239
87532  -28.918  10.734  -16.641 0.2222222239
86712  -29.757  10.020  -17.373 0.2222222239
86714  -29.745  9.834  -18.473 0.1111111119
88332  -28.861  11.371  -17.153 0.1111111119
131487  -29.360  10.882  -17.437 0.1111111119
87539  -29.491  10.709  -18.118 0.1111111119
86719  -29.458  9.384  -19.531 0.1111111119
88344  -29.106  11.423  -17.874 0.1111111119
87545  -29.269  10.348  -19.180 0.1111111119
86701  -23.451  9.915  -16.641 0.3333333433
87527  -23.012  10.778  -16.505 0.3333333433
87528  -24.216  10.714  -16.838 0.3333333433
88330  -27.099  11.238  -16.758 0.2222222239
88331  -28.001  11.485  -16.887 0.2222222239
88336  -28.541  11.943  -17.766 0.1111111119
88352  -28.566  11.731  -19.394 0.1111111119
125069  -28.719  10.863  -19.800 0.1111111119
88358  -27.402  11.645  -21.785 0.1111111119
88306  -21.628  12.112  -14.836 0.1111111119
88317  -22.381  12.122  -15.717 0.1111111119
134915  -23.058  12.139  -16.250 0.2222222239
88318  -23.888  12.353  -16.407 0.2222222239
88328  -24.326  11.591  -16.741 0.3333333433
89102  -24.714  12.266  -16.746 0.2222222239
87529  -26.082  11.015  -16.749 0.3333333433
89104  -26.064  12.597  -17.383 0.2222222239
121891  -26.753  13.085  -17.715 0.1111111119
89112  -27.766  12.820  -18.245 0.1111111119
88343  -28.617  11.981  -18.432 0.1111111119
89135  -28.191  12.268  -19.902 0.1111111119
135886  -27.444  10.201  -21.888 0.1111111119
86737  -27.612  9.525  -21.824 0.1111111119
89093  -22.416  12.984  -14.879 0.1111111119
89783  -22.177  14.005  -14.207 0.1111111119
89784  -23.059  14.138  -14.901 0.1111111119
89786  -24.521  14.471  -16.102 0.1111111119
89103  -25.128  13.065  -16.955 0.2222222239
89798  -25.044  14.103  -16.626 0.1111111119
89111  -25.528  13.774  -17.335 0.1111111119
89806  -25.777  14.315  -17.742 0.1111111119
89807  -26.592  13.767  -18.196 0.1111111119
89815  -26.872  14.089  -18.783 0.1111111119
133101  -27.727  13.253  -19.030 0.1111111119
90451  -22.590  16.224  -13.782 0.1111111119
90444  -22.360  16.532  -13.318 0.1111111119
90445  -22.566  15.676  -13.814 0.1111111119
90467  -24.220  14.934  -15.373 0.1111111119
90468  -24.924  14.560  -16.170 0.1111111119
90478  -25.500  14.462  -17.110 0.1111111119
89770  -24.326  15.154  -14.665 0.1111111119
89763  -24.869  14.482  -14.014 0.1111111119
126391  -35.746  -6.287  -20.873 0.1111111119
74874  -34.317  -5.327  -21.268 0.1111111119
74875  -35.302  -4.810  -21.323 0.1111111119
77435  -35.811  -1.592  -22.659 0.1111111119
129764  -35.887  -2.295  -22.349 0.1111111119
78225  -35.068  -0.938  -22.161 0.1111111119
85057  -23.364  7.626  -16.675 0.4444444478
85044  -30.180  7.255  -16.298 0.4444444478
117931  -30.549  7.160  -17.024 0.3333333433
84297  -30.689  6.174  -18.307 0.2222222239
83494  -30.922  5.423  -18.197 0.1111111119
82665  -30.496  4.175  -20.482 0.1111111119
80853  -30.890  2.512  -20.712 0.1111111119
84314  -30.165  6.598  -20.080 0.2222222239
85877  -30.051  9.038  -18.673 0.1111111119
137170  -29.816  8.639  -19.376 0.1111111119
85097  -29.732  7.198  -20.394 0.1111111119
132639  -26.153  10.190  -16.449 0.3333333433
86718  -28.761  9.944  -20.259 0.1111111119
89095  -24.351  13.490  -16.304 0.2222222239
90466  -23.396  15.396  -14.656 0.1111111119
89814  -25.875  14.643  -18.138 0.1111111119
90454  -25.512  14.543  -15.716 0.1111111119
89771  -25.650  14.710  -14.880 0.1111111119
74877  -38.697  -4.908  -20.682 0.1111111119
140005  -37.280  -4.819  -20.744 0.1111111119
78219  -34.249  -0.658  -20.740 0.2222222239
79042  -33.307  0.396  -20.429 0.2222222239
79950  -31.458  1.626  -21.342 0.1111111119
85072  -23.033  6.930  -16.840 0.4444444478
129100  -24.040  8.067  -16.643 0.4444444478
127848  -27.452  9.166  -15.826 0.4444444478
86703  -25.729  9.595  -16.404 0.4444444478
86689  -29.117  9.239  -16.075 0.4444444478
124039  -29.358  10.055  -16.597 0.2222222239
89769  -21.690  14.689  -13.406 0.1111111119
90435  -22.026  16.092  -12.576 0.1111111119
89762  -23.649  15.714  -13.808 0.1111111119
90452  -23.495  15.481  -14.484 0.1111111119
90453  -24.646  15.110  -15.259 0.1111111119
73969  -37.324  -5.855  -20.653 0.1111111119
116321  -33.533  -6.468  -19.915 0.1111111119
73084  -34.742  -6.406  -20.913 0.1111111119
74878  -39.343  -4.838  -20.432 0.1111111119
73970  -39.061  -6.115  -20.891 0.1111111119
75742  -38.796  -3.317  -21.532 0.1111111119
131531  -37.722  -3.587  -21.715 0.1111111119
76622  -38.147  -2.684  -23.150 0.1111111119
76621  -37.382  -2.654  -23.330 0.1111111119
78232  -35.596  -0.801  -23.165 0.1111111119
76620  -36.590  -2.256  -23.144 0.1111111119
78231  -34.805  -0.249  -22.669 0.1111111119
131486  -34.505  0.248  -23.107 0.1111111119
79052  -32.828  0.876  -23.329 0.1111111119
79958  -31.993  1.084  -22.655 0.1111111119
123974  -31.334  1.425  -22.180 0.1111111119
81723  -29.972  3.001  -21.617 0.1111111119
79957  -30.571  1.661  -22.733 0.1111111119
85055  -21.340  7.890  -16.963 0.4444444478
81722  -29.573  3.751  -22.151 0.1111111119
133255  -29.439  5.678  -21.588 0.1111111119
86699  -21.228  9.928  -16.423 0.2222222239
86700  -22.174  10.154  -16.405 0.2222222239
85105  -28.927  7.215  -21.417 0.1111111119
87506  -21.268  11.252  -14.932 0.1111111119
88326  -22.537  11.491  -16.258 0.2222222239
85902  -27.789  8.632  -21.958 0.1111111119
134251  -27.268  9.254  -22.513 0.1111111119
88303  -21.266  12.300  -13.775 0.1111111119
89761  -21.675  14.976  -12.873 0.1111111119
89751  -21.885  14.900  -12.449 0.1111111119
125247  -26.945  10.865  -22.572 0.1111111119
89062  -22.060  14.006  -12.292 0.1111111119
89735  -23.750  13.710  -12.129 0.1111111119
89816  -27.350  13.958  -19.661 0.1111111119
120187  -27.185  13.419  -21.935 0.1111111119
117144  -26.911  13.140  -23.004 0.1111111119
117898  -23.916  14.361  -13.096 0.1111111119
90479  -25.853  14.809  -16.876 0.1111111119
91134  -25.893  15.583  -17.801 0.1111111119
89787  -26.538  14.299  -15.535 0.1111111119
81708  -30.892  3.687  -19.946 0.1111111119
85042  -28.960  7.848  -15.633 0.4444444478
75732  -34.869  -4.140  -21.364 0.1111111119
129018  -24.732  8.610  -16.532 0.4444444478
75740  -35.610  -3.415  -21.711 0.1111111119
75750  -37.479  -3.164  -22.595 0.1111111119
79046  -32.937  0.806  -22.207 0.1111111119
122588  -30.958  2.086  -21.235 0.1111111119
137101  -30.002  2.465  -21.871 0.1111111119
86708  -30.208  9.026  -17.241 0.2222222239
85873  -30.431  8.173  -17.204 0.2222222239
129880  -30.522  7.641  -18.000 0.1111111119
121905  -30.337  5.888  -20.130 0.2222222239
83508  -30.486  5.046  -20.237 0.1111111119
86724  -28.355  9.313  -21.088 0.1111111119
87554  -28.361  10.606  -20.628 0.1111111119
85096  -29.257  7.951  -20.679 0.1111111119
86725  -28.944  9.174  -20.389 0.1111111119
85891  -28.693  8.611  -20.920 0.1111111119
85095  -28.536  8.023  -21.405 0.1111111119
82672  -29.558  4.782  -21.719 0.1111111119
82664  -30.138  4.663  -20.943 0.1111111119
84313  -29.706  6.346  -20.949 0.2222222239
87538  -29.050  11.221  -18.793 0.1111111119
87526  -22.042  10.877  -16.234 0.1111111119
88327  -23.534  11.487  -16.565 0.3333333433
123250  -25.070  11.302  -16.840 0.3333333433
137972  -26.393  11.742  -17.052 0.2222222239
88335  -27.954  12.126  -17.440 0.1111111119
88359  -28.200  11.493  -20.541 0.1111111119
89134  -27.662  12.547  -20.963 0.1111111119
87553  -27.737  10.784  -21.390 0.1111111119
89094  -23.311  13.104  -15.814 0.1111111119
88329  -25.570  11.952  -17.032 0.2222222239
89105  -27.121  12.040  -17.209 0.1111111119
89120  -28.261  12.561  -19.050 0.1111111119
89127  -27.864  13.023  -19.795 0.1111111119
89082  -21.507  13.242  -13.944 0.1111111119
90465  -22.426  15.456  -13.971 0.1111111119
89078  -21.326  13.652  -13.157 0.1111111119
89785  -23.901  14.475  -15.690 0.1111111119
90450  -21.837  16.305  -13.235 0.1111111119
90436  -22.771  16.352  -12.919 0.1111111119
90469  -25.844  14.487  -16.369 0.1111111119
90488  -25.651  14.971  -17.689 0.1111111119
117160  -35.697  -6.618  -20.615 0.1111111119
74883  -38.231  -4.125  -21.109 0.1111111119
78224  -34.413  -0.221  -21.672 0.1111111119
82673  -30.014  3.898  -21.266 0.1111111119
84322  -28.906  6.318  -21.938 0.1111111119
124744  -25.913  15.332  -18.434 0.1111111119
90470  -26.803  14.406  -15.970 0.1111111119
75733  -39.054  -3.914  -20.793 0.1111111119
89753  -22.618  15.117  -12.566 0.1111111119
79047  -34.302  0.283  -22.371 0.1111111119
79053  -33.825  0.594  -22.911 0.1111111119
83525  -28.879  5.532  -22.364 0.1111111119
85104  -28.046  7.731  -22.206 0.1111111119
87517  -21.648  11.212  -15.777 0.1111111119
118282  -26.834  14.776  -20.617 0.1111111119
89823  -27.389  13.651  -20.693 0.1111111119
60255  -20.871  -20.665  -8.782 0.2222222239
127158  -21.024  -8.017  -13.779 0.2222222239
72159  -21.224  -7.379  -14.272 0.2222222239
69485  -20.459  -10.832  -12.254 0.3333333433
84285  -22.061  6.262  -17.389 0.3333333433
84284  -21.445  6.666  -17.202 0.2222222239
85845  -20.162  8.476  -16.177 0.1111111119
120498  -20.883  9.389  -16.656 0.1111111119
85859  -20.850  8.678  -16.874 0.2222222239
79918  -20.412  1.711  -16.923 0.2222222239
128600  -20.741  0.988  -17.176 0.1111111119
82635  -19.818  4.634  -16.609 0.1111111119
82616  -19.686  4.972  -16.462 0.1111111119
84252  -20.668  6.929  -16.496 0.1111111119
85846  -20.353  9.064  -16.431 0.1111111119
86687  -20.837  9.816  -16.323 0.1111111119
130930  -21.782  5.889  -17.390 0.2222222239
83461  -19.687  5.296  -16.422 0.1111111119
70381  -20.776  -9.656  -13.197 0.2222222239
74828  -20.448  -3.988  -14.902 0.2222222239
83462  -20.443  5.871  -16.571 0.1111111119
75676  -20.396  -3.452  -15.120 0.3333333433
85071  -21.978  7.030  -17.231 0.3333333433
85872  -20.972  7.928  -17.019 0.3333333433
85858  -20.461  8.320  -16.622 0.1111111119
71241  -20.915  -8.785  -13.508 0.2222222239
84283  -20.940  6.666  -16.788 0.1111111119
85069  -21.057  7.343  -16.947 0.1111111119
83434  -19.817  5.245  -15.482 0.1111111119
85054  -20.750  7.518  -16.653 0.1111111119
83447  -20.118  6.103  -16.227 0.1111111119
128083  -20.643  6.283  -15.730 0.1111111119
85040  -20.535  7.718  -16.302 0.1111111119
135656  -19.503  5.883  -16.060 0.1111111119
60256  -21.781  -20.785  -8.799 0.1111111119
136480  -21.990  -21.456  -8.377 0.1111111119
60252  -18.570  -19.748  -7.819 0.1111111119
61153  -18.898  -19.233  -8.166 0.1111111119
61154  -19.780  -19.487  -8.837 0.1111111119
134595  -19.337  -17.906  -8.706 0.1111111119
62934  -19.078  -17.210  -8.371 0.1111111119
69467  -20.440  -11.114  -11.833 0.1111111119
72143  -20.982  -7.328  -13.893 0.1111111119
77380  -20.186  -1.538  -15.776 0.2222222239
77366  -19.945  -1.666  -15.405 0.2222222239
78155  -19.179  -0.486  -14.559 0.2222222239
60253  -19.353  -20.059  -8.180 0.1111111119
73012  -20.883  -6.469  -14.318 0.1111111119
60242  -18.798  -20.482  -7.647 0.1111111119
59212  -20.455  -21.119  -8.252 0.1111111119
59213  -21.276  -21.306  -8.367 0.1111111119
121171  -18.623  -17.792  -8.158 0.1111111119
63882  -18.672  -16.569  -7.985 0.1111111119
117774  -19.090  -15.970  -8.168 0.1111111119
64800  -19.504  -15.344  -8.834 0.1111111119
121648  -19.563  -14.453  -9.151 0.1111111119
68491  -20.598  -11.140  -10.123 0.1111111119
70335  -20.656  -10.202  -11.028 0.1111111119
71226  -20.703  -9.173  -13.042 0.1111111119
72122  -20.752  -6.994  -12.616 0.1111111119
77349  -19.900  -2.121  -15.114 0.2222222239
78977  -19.327  0.216  -14.961 0.2222222239
126144  -20.042  0.529  -16.440 0.1111111119
59214  -22.563  -21.167  -8.524 0.1111111119
121531  -19.961  -0.364  -16.197 0.2222222239
123352  -20.127  -2.151  -15.356 0.2222222239
68515  -20.483  -11.394  -10.385 0.1111111119
60273  -20.484  -20.047  -9.057 0.1111111119
117022  -20.851  -8.301  -13.439 0.1111111119
118978  -20.431  -10.634  -12.105 0.1111111119
71204  -20.664  -8.473  -11.872 0.1111111119
60254  -20.099  -20.415  -8.599 0.1111111119
59211  -19.655  -20.852  -7.966 0.1111111119
61140  -18.018  -19.107  -7.649 0.1111111119
69446  -20.659  -10.834  -10.496 0.1111111119
78126  -19.107  -0.952  -13.757 0.1111111119
61996  -18.314  -18.451  -7.965 0.1111111119
62933  -18.358  -17.135  -7.835 0.1111111119
69430  -20.768  -10.938  -9.987 0.1111111119
78964  -19.850  0.416  -14.779 0.1111111119
123263  -19.638  0.958  -15.334 0.1111111119
80811  -20.012  2.523  -16.715 0.1111111119
76519  -19.133  -2.186  -13.631 0.1111111119
79899  -20.007  1.672  -16.581 0.1111111119
81666  -19.877  3.303  -16.682 0.1111111119
81684  -19.974  3.916  -16.837 0.1111111119
73044  -28.739  -6.723  -16.293 0.8888888955
73065  -31.556  -6.394  -19.301 0.4444444478
73954  -31.327  -5.987  -19.575 0.4444444478
74839  -24.439  -5.464  -16.703 0.8888888955
76540  -20.129  -2.767  -15.022 0.1111111119
76557  -28.624  -2.479  -15.666 0.8888888955
76570  -26.651  -2.430  -16.511 1.0000000000
76574  -31.718  -2.330  -16.440 0.7777777910
76598  -33.269  -2.494  -19.190 0.5555555820
77365  -18.922  -0.926  -14.042 0.1111111119
77373  -28.952  -2.015  -15.620 0.8888888955
77387  -31.451  -1.609  -16.041 0.7777777910
77403  -25.778  -1.272  -17.401 1.0000000000
77412  -23.406  -1.300  -18.388 0.7777777910
77414  -24.794  -1.144  -18.169 1.0000000000
77440  -36.524  -1.512  -23.722 0.1111111119
78156  -19.950  -1.064  -15.814 0.2222222239
78176  -32.098  -0.667  -15.885 0.7777777910
78189  -21.088  -0.573  -17.191 0.5555555820
78201  -22.954  -0.724  -18.361 0.5555555820
78963  -19.492  0.281  -14.850 0.1111111119
78996  -31.891  1.182  -15.640 0.5555555820
79012  -20.310  0.849  -16.710 0.1111111119
79016  -25.593  0.331  -17.622 0.8888888955
79027  -24.421  0.431  -18.363 0.7777777910
79905  -31.651  1.863  -15.624 0.5555555820
79928  -22.519  1.586  -18.234 0.6666666865
79936  -31.850  1.941  -19.832 0.1111111119
79943  -31.418  1.994  -20.610 0.1111111119
80816  -31.845  2.473  -15.883 0.5555555820
80827  -20.646  2.590  -17.231 0.1111111119
80830  -25.291  2.153  -17.560 0.7777777910
80838  -22.110  2.160  -17.964 0.4444444478
80859  -30.392  2.405  -21.455 0.1111111119
80860  -30.757  1.868  -21.849 0.1111111119
81701  -24.264  3.324  -17.735 0.5555555820
82597  -19.767  4.773  -15.535 0.1111111119
82600  -27.727  5.130  -15.467 0.6666666865
82636  -20.255  4.434  -16.993 0.1111111119
82639  -23.406  4.467  -17.560 0.6666666865
82646  -22.551  4.131  -17.609 0.4444444478
82648  -23.810  3.938  -17.645 0.6666666865
83446  -19.775  5.556  -16.330 0.1111111119
83465  -27.233  5.635  -15.501 0.6666666865
83480  -19.999  4.877  -16.751 0.2222222239
83482  -21.821  5.175  -17.468 0.3333333433
84256  -30.084  6.564  -15.859 0.5555555820
84265  -20.375  6.647  -16.316 0.1111111119
84288  -30.640  6.204  -16.733 0.3333333433
85043  -29.755  8.010  -16.160 0.4444444478
85070  -21.284  7.411  -17.047 0.3333333433
87535  -29.340  10.681  -16.972 0.2222222239
89752  -22.139  14.954  -12.301 0.1111111119
117033  -19.782  1.214  -15.221 0.1111111119
118677  -30.142  2.714  -15.318 0.6666666865
119215  -31.064  3.292  -15.527 0.5555555820
120636  -23.052  0.907  -18.461 0.6666666865
121984  -30.153  2.091  -22.175 0.1111111119
122758  -30.547  -0.229  -15.485 0.8888888955
123962  -31.599  2.697  -19.097 0.4444444478
124731  -30.881  4.175  -15.623 0.6666666865
125119  -33.104  0.631  -21.273 0.1111111119
128135  -29.558  7.228  -15.767 0.4444444478
128211  -34.685  -1.021  -21.340 0.1111111119
129226  -20.151  3.202  -16.914 0.1111111119
130023  -32.635  0.082  -16.255 0.7777777910
130983  -27.186  6.957  -15.423 0.5555555820
135632  -24.811  5.646  -16.678 0.6666666865
136075  -28.482  7.508  -15.479 0.5555555820
138954  -33.249  -1.886  -18.754 0.5555555820
140564  -30.370  7.551  -18.908 0.1111111119
