#!ascii label  , from subject sub-v2s12x28895_ses-1 vox2ras=TkReg
920
61156  -23.792  -20.044  -8.799 0.4285714328
134041  -24.503  -17.970  -9.112 0.2857142985
62014  -24.045  -18.607  -9.150 0.4285714328
62936  -25.714  -17.387  -8.847 0.4285714328
63894  -24.490  -16.520  -9.511 0.2857142985
62952  -24.921  -17.286  -9.170 0.4285714328
63895  -25.491  -16.507  -9.267 0.4285714328
64802  -24.867  -15.701  -9.689 0.4285714328
64820  -25.320  -14.970  -10.077 0.4285714328
65719  -25.043  -14.623  -10.898 0.4285714328
65738  -26.217  -13.850  -11.114 0.4285714328
66648  -25.743  -13.672  -11.931 0.5714285970
65737  -25.547  -14.157  -11.266 0.5714285970
66625  -27.134  -13.540  -11.055 0.2857142985
66676  -26.346  -13.122  -12.364 0.7142857313
66677  -27.142  -13.000  -12.008 0.7142857313
126887  -28.210  -12.183  -12.469 0.7142857313
121640  -26.828  -12.698  -12.719 0.7142857313
67627  -27.823  -12.606  -12.058 0.5714285970
68575  -29.167  -11.157  -13.385 0.5714285970
68548  -27.842  -11.788  -13.061 0.5714285970
68574  -28.320  -11.297  -13.554 0.5714285970
68576  -30.025  -11.008  -13.142 0.4285714328
69522  -29.951  -10.071  -14.513 0.5714285970
70400  -31.301  -9.360  -14.439 0.5714285970
69521  -29.198  -10.407  -14.747 0.7142857313
70382  -30.681  -9.743  -14.355 0.7142857313
71252  -32.851  -8.674  -14.408 0.5714285970
68598  -27.420  -11.255  -14.757 0.5714285970
70399  -30.202  -9.513  -15.116 0.8571428657
131982  -31.832  -8.706  -14.678 0.7142857313
70398  -29.483  -9.929  -15.268 0.7142857313
70418  -29.013  -9.760  -15.737 0.5714285970
72170  -33.126  -7.469  -15.574 0.7142857313
71273  -33.308  -8.159  -14.871 0.5714285970
71251  -30.819  -8.960  -15.237 0.7142857313
71272  -32.373  -8.038  -15.073 0.7142857313
117957  -34.121  -7.281  -15.999 0.5714285970
71271  -31.334  -8.228  -15.620 0.7142857313
70420  -30.115  -9.032  -15.755 0.5714285970
72184  -33.383  -6.921  -16.241 0.7142857313
73060  -33.986  -6.466  -17.477 0.7142857313
72185  -34.646  -7.103  -16.836 0.7142857313
72182  -31.351  -7.090  -16.995 0.7142857313
72183  -32.492  -6.893  -16.441 0.7142857313
73049  -33.164  -6.528  -16.960 0.7142857313
73067  -34.575  -6.535  -19.223 0.7142857313
138868  -34.340  -6.467  -18.203 0.5714285970
71289  -29.809  -8.379  -16.681 0.5714285970
73076  -35.224  -6.692  -20.293 0.5714285970
117160  -35.697  -6.618  -20.615 0.5714285970
73048  -31.972  -6.676  -17.696 0.8571428657
73084  -34.742  -6.406  -20.913 0.7142857313
116321  -33.533  -6.468  -19.915 0.7142857313
73059  -32.930  -6.361  -18.014 0.8571428657
74873  -33.611  -5.075  -20.794 0.8571428657
73968  -34.942  -5.807  -21.200 0.5714285970
73075  -33.783  -6.238  -20.732 0.8571428657
73959  -32.263  -5.719  -20.120 0.8571428657
134955  -32.515  -6.450  -19.361 0.8571428657
73074  -32.801  -6.264  -20.151 0.8571428657
75730  -33.618  -4.018  -20.437 0.8571428657
75731  -34.364  -3.435  -20.777 0.8571428657
135984  -33.997  -1.763  -20.060 0.8571428657
73960  -33.128  -5.786  -20.576 0.8571428657
129673  -33.725  -3.141  -20.265 0.8571428657
76597  -32.923  -2.532  -18.518 1.0000000000
76604  -33.659  -2.467  -19.831 1.0000000000
74869  -32.765  -4.714  -20.216 0.8571428657
124658  -33.626  -1.581  -19.383 1.0000000000
75715  -32.813  -3.137  -19.063 1.0000000000
77422  -33.572  -0.648  -19.405 1.0000000000
132681  -32.672  0.674  -16.925 0.7142857313
77416  -33.289  -1.113  -18.692 1.0000000000
78205  -33.290  -0.215  -18.751 1.0000000000
81692  -31.725  3.338  -17.466 1.0000000000
81672  -31.709  3.232  -16.267 0.8571428657
82622  -30.718  4.963  -15.871 0.8571428657
124301  -31.184  4.567  -16.330 1.0000000000
85062  -30.301  7.857  -16.688 0.8571428657
84270  -30.397  6.609  -16.348 0.8571428657
83451  -30.507  5.852  -15.978 1.0000000000
86707  -29.794  9.305  -16.683 0.8571428657
86708  -30.208  9.026  -17.241 0.8571428657
124039  -29.358  10.055  -16.597 0.7142857313
86688  -28.209  9.248  -15.829 0.5714285970
133132  -28.508  11.107  -16.754 0.7142857313
131487  -29.360  10.882  -17.437 0.5714285970
87529  -26.082  11.015  -16.749 0.5714285970
87530  -26.940  10.411  -16.431 0.5714285970
123250  -25.070  11.302  -16.840 0.4285714328
89104  -26.064  12.597  -17.383 0.4285714328
121891  -26.753  13.085  -17.715 0.4285714328
89095  -24.351  13.490  -16.304 0.2857142985
89785  -23.901  14.475  -15.690 0.2857142985
90466  -23.396  15.396  -14.656 0.2857142985
62951  -24.124  -17.281  -9.415 0.2857142985
69503  -29.609  -10.575  -13.885 0.5714285970
126391  -35.746  -6.287  -20.873 0.5714285970
117713  -33.674  -6.381  -18.617 0.7142857313
134770  -34.336  -6.492  -20.376 0.7142857313
73966  -33.788  -5.865  -21.084 0.8571428657
75732  -34.869  -4.140  -21.364 0.8571428657
76609  -34.180  -2.469  -20.423 0.8571428657
126504  -32.857  0.784  -17.800 0.8571428657
89762  -23.649  15.714  -13.808 0.1428571492
62950  -23.319  -17.418  -9.582 0.2857142985
63893  -23.623  -16.630  -9.691 0.2857142985
64821  -26.225  -14.828  -9.947 0.4285714328
64819  -24.362  -15.261  -10.502 0.2857142985
65721  -26.673  -14.213  -10.456 0.4285714328
131176  -25.695  -13.231  -12.653 0.2857142985
67653  -27.469  -12.420  -12.616 0.7142857313
68549  -28.659  -11.662  -12.901 0.4285714328
68573  -27.614  -11.531  -13.835 0.5714285970
69505  -31.443  -10.504  -13.254 0.4285714328
68599  -28.065  -11.055  -14.207 0.7142857313
69504  -30.569  -10.356  -13.647 0.7142857313
70383  -31.431  -9.915  -13.776 0.4285714328
139159  -30.739  -9.396  -14.784 0.7142857313
69541  -28.377  -10.079  -15.556 0.5714285970
70397  -28.904  -10.199  -15.330 0.5714285970
72186  -35.574  -7.648  -17.226 0.5714285970
70419  -29.591  -9.370  -15.742 0.5714285970
71290  -35.063  -7.966  -16.212 0.5714285970
72169  -31.890  -7.429  -15.915 0.7142857313
72195  -35.036  -6.845  -17.964 0.5714285970
71270  -30.322  -8.494  -16.294 0.8571428657
74874  -34.317  -5.327  -21.268 0.5714285970
77428  -34.033  -1.038  -20.009 1.0000000000
79019  -32.945  0.042  -17.222 0.8571428657
79921  -32.205  1.776  -16.114 0.7142857313
79922  -32.452  1.483  -17.157 1.0000000000
79932  -32.602  1.474  -18.380 1.0000000000
140038  -31.471  2.855  -15.692 0.7142857313
80833  -32.285  2.104  -17.927 1.0000000000
80815  -31.066  2.368  -15.422 0.7142857313
81691  -31.502  4.021  -16.863 0.8571428657
85044  -30.180  7.255  -16.298 0.8571428657
83466  -30.867  5.367  -16.567 1.0000000000
82642  -31.176  4.879  -17.411 1.0000000000
86689  -29.117  9.239  -16.075 0.7142857313
88329  -25.570  11.952  -17.032 0.7142857313
86705  -27.638  9.836  -16.146 0.5714285970
87531  -27.985  10.715  -16.486 0.7142857313
88331  -28.001  11.485  -16.887 0.7142857313
88336  -28.541  11.943  -17.766 0.4285714328
89786  -24.521  14.471  -16.102 0.2857142985
89111  -25.528  13.774  -17.335 0.4285714328
67679  -27.050  -12.207  -13.416 0.4285714328
68572  -27.016  -11.797  -14.208 0.4285714328
137972  -26.393  11.742  -17.052 0.7142857313
89103  -25.128  13.065  -16.955 0.2857142985
61174  -24.319  -19.333  -8.839 0.4285714328
61998  -24.815  -18.673  -8.775 0.4285714328
140105  -23.845  -17.934  -9.349 0.2857142985
62013  -23.150  -18.393  -9.444 0.2857142985
62935  -25.257  -18.018  -8.780 0.4285714328
65720  -25.812  -14.382  -10.558 0.4285714328
65752  -24.895  -14.263  -11.826 0.4285714328
66649  -26.514  -13.439  -11.699 0.4285714328
69502  -28.793  -10.840  -14.119 0.5714285970
70401  -32.336  -9.415  -13.947 0.5714285970
69520  -28.314  -10.632  -14.923 0.7142857313
73050  -33.886  -6.752  -16.613 0.7142857313
71269  -29.677  -8.846  -16.253 0.7142857313
72168  -30.781  -7.844  -16.696 0.8571428657
73967  -34.204  -6.054  -21.193 0.8571428657
129313  -34.171  -4.419  -20.919 0.8571428657
73066  -31.947  -6.208  -19.781 0.8571428657
75723  -33.137  -3.416  -19.775 1.0000000000
78195  -33.080  -0.741  -17.799 1.0000000000
79018  -32.451  0.949  -16.136 0.8571428657
85866  -30.136  8.553  -16.706 0.8571428657
85865  -29.639  8.731  -16.298 0.8571428657
86706  -28.579  9.997  -16.233 0.7142857313
87532  -28.918  10.734  -16.641 0.7142857313
88330  -27.099  11.238  -16.758 0.5714285970
88328  -24.326  11.591  -16.741 0.4285714328
89102  -24.714  12.266  -16.746 0.4285714328
89105  -27.121  12.040  -17.209 0.4285714328
89784  -23.059  14.138  -14.901 0.2857142985
63912  -23.962  -15.947  -9.923 0.2857142985
67652  -26.142  -12.675  -13.171 0.2857142985
80832  -32.061  2.472  -16.997 1.0000000000
117567  -26.471  15.093  -19.526 0.2857142985
91142  -26.030  15.865  -18.430 0.1428571492
89815  -26.872  14.089  -18.783 0.2857142985
118282  -26.834  14.776  -20.617 0.2857142985
124744  -25.913  15.332  -18.434 0.1428571492
89798  -25.044  14.103  -16.626 0.1428571492
89807  -26.592  13.767  -18.196 0.2857142985
90478  -25.500  14.462  -17.110 0.1428571492
89823  -27.389  13.651  -20.693 0.2857142985
89816  -27.350  13.958  -19.661 0.2857142985
86737  -27.612  9.525  -21.824 0.2857142985
88359  -28.200  11.493  -20.541 0.2857142985
91134  -25.893  15.583  -17.801 0.1428571492
89112  -27.766  12.820  -18.245 0.2857142985
87545  -29.269  10.348  -19.180 0.2857142985
89127  -27.864  13.023  -19.795 0.2857142985
133101  -27.727  13.253  -19.030 0.2857142985
85096  -29.257  7.951  -20.679 0.1428571492
125069  -28.719  10.863  -19.800 0.2857142985
88352  -28.566  11.731  -19.394 0.2857142985
90488  -25.651  14.971  -17.689 0.1428571492
88343  -28.617  11.981  -18.432 0.2857142985
82681  -28.227  5.009  -23.565 0.1428571492
84322  -28.906  6.318  -21.938 0.1428571492
86725  -28.944  9.174  -20.389 0.4285714328
88344  -29.106  11.423  -17.874 0.2857142985
83508  -30.486  5.046  -20.237 0.2857142985
85884  -30.258  8.228  -18.740 0.4285714328
86714  -29.745  9.834  -18.473 0.2857142985
88335  -27.954  12.126  -17.440 0.2857142985
81731  -29.725  2.714  -22.453 0.1428571492
84313  -29.706  6.346  -20.949 0.2857142985
85079  -30.523  6.935  -18.644 0.5714285970
86715  -30.153  9.344  -17.869 0.7142857313
79957  -30.571  1.661  -22.733 0.1428571492
81723  -29.972  3.001  -21.617 0.1428571492
85878  -30.389  8.606  -17.892 0.7142857313
86712  -29.757  10.020  -17.373 0.4285714328
83501  -30.728  5.471  -19.199 0.4285714328
79969  -31.870  1.187  -23.983 0.2857142985
122588  -30.958  2.086  -21.235 0.7142857313
123643  -30.599  6.856  -17.870 0.7142857313
82650  -31.454  4.098  -17.975 0.8571428657
81708  -30.892  3.687  -19.946 0.8571428657
84297  -30.689  6.174  -18.307 0.5714285970
139362  -33.567  0.671  -23.969 0.2857142985
79052  -32.828  0.876  -23.329 0.2857142985
83494  -30.922  5.423  -18.197 0.7142857313
129342  -28.815  7.121  -15.468 0.5714285970
83487  -30.830  5.752  -17.434 0.8571428657
79061  -34.511  0.401  -24.201 0.1428571492
79950  -31.458  1.626  -21.342 0.7142857313
75695  -31.146  -3.151  -16.379 0.5714285970
77405  -32.751  -1.638  -17.203 0.8571428657
78194  -32.712  -0.764  -16.688 0.8571428657
77404  -32.257  -1.581  -16.493 0.4285714328
79042  -33.307  0.396  -20.429 0.8571428657
80842  -31.905  2.718  -18.158 0.8571428657
79054  -35.227  -0.108  -23.731 0.2857142985
79944  -32.160  1.393  -20.516 0.8571428657
137010  -31.710  2.312  -19.474 0.8571428657
82649  -31.106  4.762  -18.576 0.8571428657
78243  -37.033  -0.393  -25.302 0.4285714328
79046  -32.937  0.806  -22.207 0.7142857313
79951  -32.203  1.100  -21.571 0.7142857313
75694  -30.348  -3.716  -16.121 0.2857142985
134207  -31.992  -3.046  -16.750 0.5714285970
77415  -33.053  -1.734  -18.074 0.8571428657
78211  -33.350  0.171  -19.592 0.8571428657
79029  -33.065  0.729  -18.875 0.8571428657
79034  -32.925  0.870  -19.945 0.8571428657
79937  -32.515  1.444  -19.433 0.8571428657
78231  -34.805  -0.249  -22.669 0.4285714328
78223  -33.791  0.085  -20.971 0.8571428657
79041  -32.724  0.862  -20.762 0.8571428657
78237  -36.266  -0.671  -24.322 0.4285714328
125730  -29.446  -7.238  -16.805 0.7142857313
133997  -29.249  -6.510  -16.588 0.4285714328
118602  -29.970  -7.476  -17.448 0.7142857313
73947  -30.608  -6.435  -18.472 0.8571428657
73940  -30.052  -6.320  -17.653 0.5714285970
74844  -30.341  -4.623  -16.554 0.5714285970
120001  -29.741  -4.327  -16.009 0.4285714328
136957  -30.656  -5.615  -18.723 0.8571428657
74856  -30.911  -4.700  -18.052 0.5714285970
74868  -31.884  -4.918  -19.729 0.8571428657
75713  -31.628  -4.063  -18.219 0.7142857313
75705  -31.671  -3.821  -17.057 0.5714285970
76610  -34.777  -2.535  -21.105 0.7142857313
77434  -35.199  -1.787  -21.653 0.7142857313
78219  -34.249  -0.658  -20.740 0.7142857313
78218  -33.722  -0.295  -20.164 0.8571428657
76622  -38.147  -2.684  -23.150 0.2857142985
76620  -36.590  -2.256  -23.144 0.4285714328
77435  -35.811  -1.592  -22.659 0.5714285970
71268  -29.068  -9.193  -16.097 0.4285714328
71288  -29.199  -8.463  -16.312 0.4285714328
72180  -28.846  -7.599  -16.302 0.4285714328
73058  -31.892  -6.610  -18.786 0.7142857313
73047  -30.767  -6.943  -18.126 0.7142857313
73057  -31.155  -6.708  -18.831 0.7142857313
74862  -31.150  -5.169  -19.206 0.8571428657
75740  -35.610  -3.415  -21.711 0.7142857313
75750  -37.479  -3.164  -22.595 0.2857142985
76615  -36.359  -2.938  -22.502 0.5714285970
75739  -34.990  -3.276  -21.415 0.5714285970
124451  -28.554  -9.531  -15.837 0.4285714328
131198  -27.508  -9.167  -15.660 0.5714285970
72181  -29.710  -7.935  -16.844 0.5714285970
74876  -36.044  -5.367  -21.034 0.4285714328
74882  -36.600  -4.333  -21.266 0.4285714328
131531  -37.722  -3.587  -21.715 0.4285714328
75741  -36.474  -3.605  -21.899 0.4285714328
72171  -34.240  -8.157  -15.314 0.4285714328
72222  -37.891  -7.712  -20.542 0.4285714328
72203  -35.726  -6.953  -19.180 0.4285714328
73086  -38.523  -7.104  -20.859 0.4285714328
136129  -27.527  -14.153  -10.393 0.1428571492
72196  -36.147  -7.500  -18.267 0.4285714328
117344  -36.647  -7.520  -19.314 0.4285714328
66650  -27.889  -12.970  -11.414 0.1428571492
66651  -28.724  -13.042  -11.262 0.1428571492
68551  -30.382  -11.656  -12.636 0.2857142985
71254  -34.772  -9.301  -15.139 0.2857142985
70442  -38.010  -9.902  -17.886 0.2857142985
71275  -35.595  -8.772  -16.199 0.2857142985
70402  -33.402  -9.369  -13.998 0.4285714328
71303  -37.636  -9.108  -18.231 0.2857142985
71291  -35.967  -8.484  -16.818 0.2857142985
71253  -33.850  -8.806  -14.550 0.2857142985
71313  -38.349  -9.124  -19.018 0.2857142985
71302  -36.542  -8.285  -17.704 0.4285714328
66626  -28.074  -13.524  -10.744 0.1428571492
67629  -29.323  -12.659  -11.852 0.2857142985
67655  -29.859  -12.240  -12.326 0.2857142985
69487  -32.831  -10.930  -12.898 0.2857142985
130728  -34.423  -10.360  -14.168 0.2857142985
70385  -33.846  -10.102  -13.749 0.2857142985
69506  -32.351  -10.304  -13.314 0.2857142985
70403  -34.228  -9.650  -14.328 0.2857142985
67657  -31.589  -12.363  -12.115 0.2857142985
66652  -29.593  -13.103  -11.146 0.2857142985
68552  -31.263  -11.723  -12.520 0.2857142985
67656  -30.700  -12.295  -12.237 0.2857142985
67628  -28.509  -12.622  -11.938 0.2857142985
69486  -31.963  -11.107  -12.798 0.2857142985
64803  -25.824  -15.581  -9.595 0.2857142985
138274  -27.786  -14.584  -10.084 0.1428571492
61157  -24.609  -20.053  -8.579 0.2857142985
63896  -26.477  -16.292  -9.264 0.2857142985
128563  -25.356  -19.996  -8.480 0.1428571492
60257  -23.201  -20.689  -8.650 0.2857142985
59215  -23.324  -21.413  -8.298 0.1428571492
67631  -31.040  -12.772  -11.618 0.2857142985
68553  -32.784  -11.622  -12.577 0.2857142985
69542  -34.863  -10.217  -14.809 0.2857142985
69507  -33.365  -10.546  -13.254 0.2857142985
70421  -35.593  -9.449  -15.918 0.2857142985
71324  -39.424  -8.951  -20.349 0.2857142985
73045  -29.763  -6.869  -17.403 0.7142857313
72204  -37.587  -8.047  -20.064 0.4285714328
73077  -36.499  -7.105  -20.231 0.4285714328
74875  -35.302  -4.810  -21.323 0.4285714328
76621  -37.382  -2.654  -23.330 0.5714285970
82603  -30.264  5.279  -15.584 0.7142857313
78225  -35.068  -0.938  -22.161 0.7142857313
81702  -31.534  3.359  -18.529 0.8571428657
85848  -28.589  8.564  -15.683 0.4285714328
85849  -29.237  8.497  -15.909 0.5714285970
117931  -30.549  7.160  -17.024 0.7142857313
77440  -36.524  -1.512  -23.722 0.2857142985
80848  -31.356  2.514  -19.934 0.8571428657
129235  -30.672  6.431  -17.456 0.8571428657
79958  -31.993  1.084  -22.655 0.5714285970
82673  -30.014  3.898  -21.266 0.4285714328
121905  -30.337  5.888  -20.130 0.4285714328
91125  -26.032  15.183  -17.217 0.1428571492
85892  -29.394  8.630  -20.132 0.2857142985
85097  -29.732  7.198  -20.394 0.1428571492
89134  -27.662  12.547  -20.963 0.2857142985
118867  -25.059  -19.371  -8.588 0.1428571492
61173  -23.507  -19.276  -9.140 0.2857142985
126221  -25.940  -18.043  -8.614 0.1428571492
64804  -26.778  -15.523  -9.593 0.1428571492
66627  -28.987  -13.696  -10.716 0.1428571492
66628  -29.922  -13.795  -10.667 0.1428571492
68550  -29.528  -11.647  -12.780 0.2857142985
69523  -34.881  -10.922  -14.522 0.2857142985
68577  -30.929  -10.983  -12.893 0.2857142985
69543  -35.431  -10.201  -15.600 0.2857142985
71267  -28.355  -8.966  -15.933 0.5714285970
70384  -33.101  -9.888  -13.553 0.2857142985
124724  -27.930  -7.516  -15.900 0.2857142985
71314  -39.285  -9.437  -19.627 0.2857142985
72207  -40.065  -8.577  -20.640 0.2857142985
73046  -30.233  -6.977  -17.898 0.5714285970
73938  -28.655  -5.794  -16.084 0.4285714328
73939  -29.523  -6.028  -16.671 0.5714285970
75680  -29.327  -3.231  -15.701 0.2857142985
72223  -39.145  -8.096  -20.903 0.2857142985
74855  -30.453  -5.386  -17.599 0.7142857313
76572  -30.231  -2.677  -15.715 0.2857142985
139572  -39.399  -6.812  -21.055 0.1428571492
74877  -38.697  -4.908  -20.682 0.4285714328
140005  -37.280  -4.819  -20.744 0.4285714328
75733  -39.054  -3.914  -20.793 0.1428571492
75742  -38.796  -3.317  -21.532 0.1428571492
76614  -35.483  -2.713  -21.766 0.5714285970
77441  -37.442  -2.120  -24.032 0.2857142985
78232  -35.596  -0.801  -23.165 0.5714285970
129907  -33.807  0.484  -21.836 0.7142857313
81709  -31.236  3.199  -19.461 0.8571428657
79073  -36.757  0.395  -25.745 0.2857142985
79081  -36.018  0.947  -26.230 0.1428571492
79053  -33.825  0.594  -22.911 0.4285714328
79062  -35.868  0.115  -25.238 0.4285714328
79060  -33.826  0.632  -25.164 0.1428571492
81715  -30.474  3.206  -20.794 0.5714285970
79970  -32.877  0.812  -24.698 0.1428571492
134515  -31.242  1.312  -22.986 0.1428571492
80867  -29.981  2.039  -23.073 0.1428571492
82665  -30.496  4.175  -20.482 0.5714285970
79968  -30.888  1.477  -23.811 0.1428571492
86719  -29.458  9.384  -19.531 0.2857142985
85088  -29.892  7.907  -19.695 0.2857142985
83516  -30.006  5.413  -20.950 0.2857142985
82672  -29.558  4.782  -21.719 0.1428571492
82682  -28.863  4.624  -22.840 0.1428571492
83525  -28.879  5.532  -22.364 0.1428571492
86724  -28.355  9.313  -21.088 0.2857142985
85902  -27.789  8.632  -21.958 0.2857142985
85104  -28.046  7.731  -22.206 0.1428571492
62000  -26.582  -18.426  -8.559 0.1428571492
69552  -36.285  -10.365  -16.517 0.2857142985
76631  -38.375  -2.292  -23.484 0.2857142985
119983  -27.738  6.105  -23.379 0.1428571492
134251  -27.268  9.254  -22.513 0.2857142985
63883  -26.254  -16.934  -8.934 0.1428571492
67654  -29.045  -12.238  -12.430 0.2857142985
72167  -30.086  -8.016  -17.105 0.5714285970
73085  -36.824  -6.847  -20.553 0.4285714328
122490  -30.336  -7.422  -17.516 0.7142857313
73958  -31.644  -5.612  -19.739 0.7142857313
77429  -34.476  -1.567  -20.717 0.7142857313
76589  -32.628  -2.487  -17.683 0.8571428657
75722  -32.378  -3.948  -19.439 0.8571428657
75714  -32.295  -3.348  -18.488 0.8571428657
135572  -33.156  0.167  -18.095 0.8571428657
85042  -28.960  7.848  -15.633 0.5714285970
85873  -30.431  8.173  -17.204 0.7142857313
88332  -28.861  11.371  -17.153 0.2857142985
87539  -29.491  10.709  -18.118 0.2857142985
74881  -35.632  -4.033  -21.594 0.4285714328
75706  -32.196  -3.225  -17.307 0.5714285970
80843  -32.113  2.118  -18.914 0.8571428657
82658  -31.236  3.981  -19.016 0.8571428657
73948  -30.940  -6.171  -19.193 0.8571428657
90495  -26.258  15.879  -19.302 0.1428571492
89814  -25.875  14.643  -18.138 0.2857142985
89806  -25.777  14.315  -17.742 0.1428571492
127510  -28.108  10.048  -21.186 0.2857142985
87538  -29.050  11.221  -18.793 0.2857142985
86718  -28.761  9.944  -20.259 0.2857142985
89120  -28.261  12.561  -19.050 0.2857142985
89135  -28.191  12.268  -19.902 0.2857142985
137170  -29.816  8.639  -19.376 0.2857142985
85095  -28.536  8.023  -21.405 0.1428571492
85105  -28.927  7.215  -21.417 0.1428571492
83524  -27.977  5.471  -23.121 0.1428571492
84321  -28.150  6.920  -22.442 0.1428571492
85891  -28.693  8.611  -20.920 0.1428571492
82664  -30.138  4.663  -20.943 0.1428571492
129880  -30.522  7.641  -18.000 0.5714285970
85089  -30.275  7.096  -19.504 0.4285714328
85877  -30.051  9.038  -18.673 0.5714285970
80866  -29.517  2.642  -23.695 0.1428571492
137101  -30.002  2.465  -21.871 0.1428571492
133255  -29.439  5.678  -21.588 0.2857142985
84314  -30.165  6.598  -20.080 0.4285714328
84306  -30.496  6.364  -19.312 0.5714285970
80853  -30.890  2.512  -20.712 0.4285714328
123974  -31.334  1.425  -22.180 0.5714285970
81716  -30.938  3.001  -20.176 0.7142857313
82657  -30.833  4.527  -19.597 0.7142857313
131486  -34.505  0.248  -23.107 0.4285714328
76588  -32.377  -2.443  -16.874 0.5714285970
78175  -31.046  -0.956  -15.634 0.4285714328
76573  -31.019  -2.298  -16.030 0.4285714328
79047  -34.302  0.283  -22.371 0.4285714328
78224  -34.413  -0.221  -21.672 0.7142857313
118132  -29.980  -5.341  -16.616 0.5714285970
74845  -30.891  -4.255  -16.825 0.5714285970
74843  -29.211  -5.040  -16.004 0.4285714328
131635  -28.207  -4.717  -15.771 0.2857142985
74863  -31.834  -4.290  -19.053 0.8571428657
129764  -35.887  -2.295  -22.349 0.5714285970
75751  -38.472  -3.056  -22.324 0.2857142985
71274  -35.081  -8.697  -15.688 0.2857142985
73969  -37.324  -5.855  -20.653 0.4285714328
72197  -37.285  -8.326  -18.879 0.4285714328
71292  -36.848  -9.136  -17.345 0.2857142985
72205  -38.475  -8.838  -19.866 0.4285714328
123538  -28.367  -14.382  -10.285 0.1428571492
67630  -30.159  -12.649  -11.675 0.2857142985
119898  -32.060  -11.856  -12.410 0.2857142985
60259  -25.047  -20.737  -8.354 0.1428571492
60258  -24.104  -20.880  -8.429 0.1428571492
74883  -38.231  -4.125  -21.109 0.2857142985
90479  -25.853  14.809  -16.876 0.1428571492
140468  -25.544  -19.481  -8.527 0.1428571492
62937  -26.482  -17.606  -8.684 0.1428571492
90468  -24.924  14.560  -16.170 0.1428571492
83449  -29.042  5.776  -15.282 0.5714285970
81652  -29.325  4.320  -15.271 0.4285714328
82601  -28.584  4.951  -15.294 0.4285714328
81671  -30.018  3.641  -15.295 0.4285714328
82602  -29.596  5.125  -15.320 0.5714285970
83450  -29.903  5.865  -15.505 0.4285714328
120575  -30.156  1.954  -15.309 0.4285714328
139704  -29.312  2.927  -15.329 0.4285714328
133728  -31.427  3.899  -16.019 0.5714285970
82621  -30.194  4.575  -15.412 0.5714285970
121889  -32.106  0.353  -15.696 0.5714285970
70443  -39.084  -10.488  -18.342 0.1428571492
71304  -38.950  -10.179  -19.051 0.1428571492
70454  -39.133  -9.974  -19.096 0.1428571492
66675  -24.964  -13.663  -12.586 0.2857142985
70429  -36.222  -9.345  -16.612 0.1428571492
116393  -39.230  -11.104  -17.377 0.1428571492
69554  -38.870  -11.138  -17.815 0.1428571492
70423  -38.825  -10.109  -16.887 0.1428571492
70431  -39.184  -10.568  -17.920 0.1428571492
70422  -38.324  -9.673  -15.695 0.1428571492
120305  -35.757  -11.030  -16.118 0.1428571492
69553  -37.700  -11.014  -17.323 0.1428571492
69526  -38.391  -10.973  -15.454 0.1428571492
68631  -38.921  -11.158  -17.835 0.1428571492
71242  -36.704  -8.518  -13.603 0.1428571492
70404  -37.666  -9.594  -14.686 0.1428571492
65736  -24.294  -14.792  -11.380 0.2857142985
138105  -23.776  -14.837  -11.655 0.2857142985
68555  -34.161  -11.914  -13.028 0.1428571492
122284  -34.615  -11.907  -13.692 0.1428571492
68578  -33.533  -11.321  -12.922 0.1428571492
69524  -35.326  -10.915  -15.261 0.1428571492
68622  -37.805  -11.852  -17.279 0.1428571492
140329  -35.888  -11.590  -16.356 0.1428571492
68624  -38.697  -11.710  -17.404 0.1428571492
68621  -36.592  -11.472  -16.728 0.1428571492
69509  -37.494  -10.673  -13.726 0.1428571492
69508  -37.049  -10.043  -13.200 0.1428571492
117578  -37.427  -10.014  -13.959 0.1428571492
64839  -23.641  -15.246  -11.272 0.2857142985
64818  -23.454  -15.749  -10.590 0.2857142985
67658  -32.620  -12.445  -12.105 0.1428571492
67660  -34.042  -12.685  -12.609 0.1428571492
68600  -34.932  -11.647  -14.395 0.1428571492
67704  -37.137  -12.359  -17.018 0.1428571492
67693  -35.276  -12.151  -15.174 0.1428571492
68616  -38.802  -12.365  -16.726 0.1428571492
68602  -37.975  -11.193  -14.436 0.1428571492
68603  -38.488  -11.896  -15.323 0.1428571492
116627  -36.260  -8.516  -11.993 0.1428571492
138557  -36.560  -9.219  -12.734 0.1428571492
67633  -32.807  -13.256  -11.573 0.1428571492
67680  -34.571  -12.694  -13.465 0.1428571492
66716  -35.594  -13.425  -16.384 0.1428571492
126005  -37.641  -13.177  -17.111 0.1428571492
67699  -35.380  -12.612  -16.115 0.1428571492
121775  -38.495  -13.363  -17.060 0.1428571492
68580  -37.603  -11.490  -13.599 0.1428571492
67694  -38.348  -12.429  -14.632 0.1428571492
136584  -36.673  -10.119  -12.432 0.1428571492
69489  -37.030  -10.940  -12.825 0.1428571492
66655  -32.254  -13.654  -11.039 0.1428571492
66653  -30.477  -13.214  -11.089 0.1428571492
134393  -34.428  -14.196  -13.476 0.1428571492
65753  -34.060  -14.186  -12.439 0.1428571492
66701  -34.861  -13.264  -14.508 0.1428571492
66679  -34.349  -13.418  -12.899 0.1428571492
67659  -33.440  -12.892  -12.070 0.1428571492
65788  -37.304  -14.555  -16.713 0.1428571492
65776  -34.970  -13.987  -16.260 0.1428571492
66719  -38.498  -13.813  -16.882 0.1428571492
67695  -38.692  -12.950  -15.750 0.1428571492
66718  -38.027  -13.909  -17.111 0.1428571492
67706  -38.774  -13.068  -16.945 0.1428571492
65759  -34.103  -14.969  -13.312 0.1428571492
66656  -33.495  -13.699  -11.780 0.1428571492
65765  -34.356  -14.669  -15.402 0.1428571492
135654  -34.290  -14.863  -14.315 0.1428571492
119782  -35.925  -14.258  -16.524 0.1428571492
66703  -38.398  -13.133  -14.479 0.1428571492
65778  -38.486  -14.453  -16.469 0.1428571492
124804  -34.599  -14.073  -14.511 0.1428571492
66710  -34.984  -13.320  -16.049 0.1428571492
68579  -34.299  -11.042  -13.607 0.1428571492
137452  -36.503  -9.688  -12.185 0.1428571492
69545  -38.746  -11.161  -16.559 0.1428571492
69525  -37.807  -10.431  -14.561 0.1428571492
70430  -37.165  -9.994  -17.183 0.1428571492
70444  -39.188  -10.420  -18.403 0.1428571492
120924  -37.884  -12.403  -13.705 0.1428571492
68557  -37.236  -11.950  -12.863 0.1428571492
70359  -36.401  -9.320  -11.760 0.1428571492
71218  -36.353  -7.935  -11.279 0.1428571492
79904  -30.832  1.375  -15.382 0.4285714328
120442  -36.363  -8.147  -12.873 0.1428571492
70386  -37.128  -9.344  -13.733 0.1428571492
71305  -39.404  -9.480  -18.777 0.1428571492
71315  -39.598  -9.145  -19.985 0.1428571492
84254  -28.494  6.442  -15.381 0.4285714328
85041  -28.179  7.915  -15.470 0.4285714328
85116  -27.165  8.526  -23.091 0.1428571492
84255  -29.345  6.505  -15.484 0.4285714328
86736  -27.014  9.945  -22.618 0.1428571492
67632  -31.986  -12.929  -11.497 0.1428571492
71316  -40.177  -8.264  -20.893 0.1428571492
72225  -40.112  -7.526  -20.914 0.1428571492
69563  -38.071  -10.337  -17.747 0.1428571492
69564  -39.050  -10.777  -18.115 0.1428571492
69544  -38.581  -10.477  -16.172 0.1428571492
71294  -39.188  -9.866  -17.703 0.1428571492
71277  -38.538  -9.162  -16.391 0.1428571492
68615  -35.505  -11.693  -15.833 0.1428571492
68623  -38.605  -11.670  -17.429 0.1428571492
132978  -38.167  -10.183  -15.248 0.1428571492
71256  -37.266  -8.724  -14.385 0.1428571492
68554  -33.470  -12.140  -12.535 0.1428571492
68601  -35.263  -11.470  -15.012 0.1428571492
127122  -36.036  -12.106  -16.514 0.1428571492
67705  -38.499  -12.582  -17.186 0.1428571492
119170  -38.706  -11.636  -16.317 0.1428571492
119113  -38.576  -12.292  -17.234 0.1428571492
67692  -34.967  -12.438  -14.416 0.1428571492
67703  -36.335  -12.884  -16.677 0.1428571492
134115  -38.075  -11.857  -14.267 0.1428571492
66654  -31.384  -13.389  -11.044 0.1428571492
140432  -34.623  -13.525  -13.731 0.1428571492
66678  -33.917  -13.341  -12.273 0.1428571492
66717  -36.784  -13.695  -16.740 0.1428571492
66702  -35.101  -12.954  -15.340 0.1428571492
66709  -34.727  -13.825  -15.590 0.1428571492
65789  -38.241  -14.381  -16.872 0.1428571492
66711  -38.713  -13.791  -16.326 0.1428571492
136480  -21.990  -21.456  -8.377 0.1428571492
60256  -21.781  -20.785  -8.799 0.1428571492
131211  -22.513  -20.550  -8.838 0.1428571492
61155  -22.959  -19.979  -9.002 0.1428571492
60275  -22.112  -20.019  -9.216 0.1428571492
61172  -22.615  -19.245  -9.371 0.1428571492
62949  -22.394  -17.712  -9.838 0.1428571492
63892  -22.802  -16.804  -9.890 0.1428571492
119448  -21.597  -18.234  -9.845 0.1428571492
62961  -22.118  -17.077  -10.350 0.1428571492
63911  -23.140  -16.191  -10.057 0.1428571492
137363  -21.956  -16.105  -11.168 0.1428571492
64838  -22.706  -15.661  -11.287 0.1428571492
128074  -23.184  -14.876  -11.876 0.1428571492
65751  -23.993  -14.448  -12.080 0.2857142985
136988  -24.480  -14.074  -12.333 0.1428571492
65750  -23.236  -14.270  -12.565 0.2857142985
67677  -25.263  -13.053  -13.244 0.2857142985
69539  -26.462  -10.733  -15.463 0.4285714328
70417  -27.879  -9.695  -15.676 0.4285714328
133230  -31.411  -0.164  -15.568 0.2857142985
123147  -30.112  0.501  -15.411 0.2857142985
78995  -31.176  0.541  -15.474 0.2857142985
82618  -26.279  4.647  -16.326 0.2857142985
82619  -27.008  4.891  -15.710 0.2857142985
83448  -28.117  5.719  -15.371 0.2857142985
84253  -27.606  6.364  -15.412 0.4285714328
66674  -24.043  -13.850  -12.790 0.2857142985
62012  -22.283  -18.569  -9.646 0.1428571492
62960  -21.554  -17.469  -10.184 0.1428571492
65735  -22.409  -15.002  -11.781 0.1428571492
65749  -22.473  -14.496  -12.317 0.1428571492
66693  -23.799  -13.251  -13.545 0.2857142985
66694  -24.556  -13.354  -13.218 0.2857142985
67676  -24.652  -12.817  -13.832 0.2857142985
67691  -25.524  -12.488  -13.954 0.2857142985
68597  -26.606  -11.626  -14.725 0.4285714328
77386  -30.582  -1.783  -15.659 0.2857142985
124238  -29.489  -0.405  -15.473 0.2857142985
78994  -28.967  0.350  -15.455 0.2857142985
79903  -29.611  1.233  -15.365 0.2857142985
81669  -27.766  3.503  -15.664 0.2857142985
81668  -26.831  3.170  -16.340 0.2857142985
82620  -27.726  4.441  -15.570 0.2857142985
78174  -30.050  -1.120  -15.492 0.2857142985
78173  -28.427  -0.532  -15.674 0.2857142985
79902  -28.458  1.093  -15.499 0.2857142985
80813  -27.419  2.521  -16.014 0.2857142985
118809  -29.118  2.069  -15.353 0.2857142985
81670  -28.880  3.529  -15.334 0.2857142985
128205  -27.484  0.889  -16.006 0.2857142985
120083  -27.922  1.815  -15.596 0.2857142985
68614  -26.844  -11.195  -15.230 0.4285714328
69540  -27.464  -10.540  -15.416 0.4285714328
67678  -26.370  -12.149  -14.046 0.4285714328
140459  -28.462  4.144  -15.404 0.2857142985
80814  -28.388  2.723  -15.493 0.2857142985
138497  -22.901  -16.038  -10.715 0.1428571492
61171  -21.613  -19.163  -9.540 0.1428571492
64817  -22.395  -16.426  -10.730 0.1428571492
63910  -21.532  -16.629  -10.588 0.1428571492
66673  -23.266  -13.766  -13.114 0.2857142985
136825  -26.110  -11.371  -15.152 0.4285714328
124625  -26.933  4.072  -16.127 0.2857142985
68596  -25.812  -11.910  -14.630 0.4285714328
79901  -27.071  1.610  -16.361 0.2857142985
70416  -26.892  -9.862  -15.651 0.2857142985
71287  -28.419  -8.180  -16.015 0.2857142985
89834  -28.018  14.063  -23.499 0.1428571492
132887  -28.022  13.004  -23.430 0.1428571492
123204  -27.237  13.255  -23.338 0.1428571492
88366  -26.796  11.699  -22.910 0.1428571492
125247  -26.945  10.865  -22.572 0.1428571492
89835  -28.553  14.394  -22.967 0.1428571492
89142  -27.132  12.478  -22.467 0.1428571492
91155  -26.753  16.143  -21.514 0.1428571492
71286  -27.502  -8.279  -15.727 0.2857142985
87572  -26.780  10.529  -23.401 0.1428571492
125951  -27.704  12.122  -23.581 0.1428571492
135886  -27.444  10.201  -21.888 0.1428571492
89148  -26.915  12.194  -23.435 0.1428571492
88372  -26.769  11.336  -23.497 0.1428571492
87554  -28.361  10.606  -20.628 0.1428571492
120187  -27.185  13.419  -21.935 0.1428571492
87553  -27.737  10.784  -21.390 0.1428571492
90517  -26.963  15.062  -23.459 0.1428571492
91161  -26.751  16.141  -22.670 0.1428571492
117414  -26.891  14.432  -21.768 0.1428571492
90501  -26.460  15.720  -20.485 0.1428571492
88358  -27.402  11.645  -21.785 0.1428571492
89154  -27.371  13.191  -23.486 0.1428571492
90518  -27.785  14.904  -23.591 0.1428571492
89153  -27.028  12.203  -23.575 0.1428571492
117144  -26.911  13.140  -23.004 0.1428571492
89833  -27.057  14.292  -23.293 0.1428571492
90513  -29.061  14.968  -22.271 0.1428571492
89828  -26.943  14.137  -22.723 0.1428571492
88379  -26.981  11.459  -23.853 0.1428571492
78172  -27.499  -0.635  -16.117 0.1428571492
78993  -27.942  0.186  -15.770 0.1428571492
80812  -26.581  2.289  -16.570 0.1428571492
80841  -24.018  2.764  -18.006 0.1428571492
137754  -24.867  3.352  -17.538 0.1428571492
78162  -28.952  -1.318  -15.574 0.1428571492
81690  -26.118  2.853  -16.773 0.1428571492
82640  -24.059  4.594  -17.435 0.1428571492
82641  -24.819  4.583  -17.195 0.1428571492
83485  -24.344  5.358  -17.075 0.2857142985
75679  -28.228  -3.059  -15.735 0.1428571492
76558  -29.350  -2.470  -15.610 0.1428571492
78161  -27.917  -1.270  -15.855 0.1428571492
78238  -37.452  -1.313  -24.697 0.1428571492
78992  -27.179  0.035  -16.440 0.1428571492
81667  -26.015  3.714  -16.675 0.1428571492
83463  -25.755  5.254  -16.381 0.1428571492
83486  -25.071  5.191  -16.737 0.1428571492
84287  -24.550  6.137  -16.624 0.2857142985
85059  -25.714  7.455  -16.075 0.2857142985
86701  -23.451  9.915  -16.641 0.2857142985
87528  -24.216  10.714  -16.838 0.2857142985
89769  -21.690  14.689  -13.406 0.1428571492
84269  -26.663  6.291  -15.594 0.2857142985
84266  -25.083  6.821  -16.328 0.2857142985
85864  -26.938  8.667  -15.744 0.2857142985
137934  -25.368  8.992  -16.400 0.2857142985
85862  -23.798  8.969  -16.638 0.2857142985
86704  -26.703  9.521  -16.139 0.2857142985
86702  -24.662  9.599  -16.677 0.2857142985
128767  -25.314  10.411  -16.695 0.2857142985
88318  -23.888  12.353  -16.407 0.1428571492
87526  -22.042  10.877  -16.234 0.2857142985
90467  -24.220  14.934  -15.373 0.1428571492
90452  -23.495  15.481  -14.484 0.1428571492
131612  -21.627  9.560  -16.475 0.1428571492
128716  -23.677  6.125  -16.971 0.2857142985
87527  -23.012  10.778  -16.505 0.2857142985
134915  -23.058  12.139  -16.250 0.1428571492
88326  -22.537  11.491  -16.258 0.2857142985
89093  -22.416  12.984  -14.879 0.1428571492
88317  -22.381  12.122  -15.717 0.1428571492
83492  -22.335  4.693  -17.541 0.2857142985
87506  -21.268  11.252  -14.932 0.1428571492
89761  -21.675  14.976  -12.873 0.1428571492
88306  -21.628  12.112  -14.836 0.1428571492
82635  -19.818  4.634  -16.609 0.1428571492
79074  -37.489  0.242  -25.484 0.1428571492
76623  -38.617  -2.545  -22.567 0.1428571492
77371  -27.599  -1.794  -15.957 0.1428571492
78245  -38.045  -0.413  -25.145 0.1428571492
77384  -27.119  -1.388  -16.373 0.1428571492
79017  -26.165  0.038  -17.258 0.1428571492
138101  -26.032  0.741  -17.214 0.1428571492
122196  -26.260  1.460  -16.885 0.1428571492
128025  -24.704  2.597  -17.781 0.1428571492
83493  -22.810  4.615  -17.580 0.1428571492
82617  -25.495  4.520  -16.745 0.1428571492
83484  -23.344  5.249  -17.409 0.2857142985
85073  -24.125  7.067  -16.624 0.1428571492
85058  -24.891  7.729  -16.409 0.1428571492
85861  -23.042  8.383  -16.600 0.1428571492
129018  -24.732  8.610  -16.532 0.1428571492
87517  -21.648  11.212  -15.777 0.2857142985
89094  -23.311  13.104  -15.814 0.1428571492
89078  -21.326  13.652  -13.157 0.1428571492
89783  -22.177  14.005  -14.207 0.1428571492
77449  -38.304  -1.792  -24.143 0.1428571492
77448  -37.981  -1.845  -24.428 0.1428571492
78239  -38.302  -0.914  -24.570 0.1428571492
127848  -27.452  9.166  -15.826 0.2857142985
132639  -26.153  10.190  -16.449 0.2857142985
90465  -22.426  15.456  -13.971 0.1428571492
88327  -23.534  11.487  -16.565 0.2857142985
130558  -27.998  7.155  -15.423 0.2857142985
75693  -28.747  -3.981  -15.743 0.1428571492
85847  -27.772  8.568  -15.592 0.2857142985
77385  -29.690  -1.914  -15.537 0.1428571492
75743  -38.928  -2.923  -21.923 0.1428571492
85061  -27.267  7.792  -15.503 0.2857142985
83464  -26.445  5.421  -15.894 0.1428571492
129778  -25.995  5.885  -16.070 0.1428571492
79900  -26.670  0.650  -16.733 0.1428571492
78991  -26.630  -0.157  -16.927 0.1428571492
78171  -26.839  -0.702  -16.720 0.1428571492
80831  -25.862  2.179  -17.108 0.1428571492
81689  -25.450  2.976  -17.297 0.1428571492
81688  -24.540  3.950  -17.491 0.1428571492
127975  -25.225  3.866  -17.241 0.1428571492
77372  -28.271  -1.867  -15.734 0.1428571492
76556  -27.816  -2.340  -15.833 0.1428571492
84267  -25.305  5.920  -16.393 0.2857142985
85060  -26.500  7.190  -15.654 0.2857142985
84268  -25.867  6.584  -16.004 0.2857142985
86700  -22.174  10.154  -16.405 0.1428571492
90450  -21.837  16.305  -13.235 0.1428571492
134624  -25.540  8.289  -16.233 0.2857142985
130220  -26.350  8.048  -15.838 0.2857142985
85863  -26.109  8.854  -16.097 0.2857142985
131372  -22.668  9.279  -16.510 0.1428571492
86703  -25.729  9.595  -16.404 0.2857142985
90453  -24.646  15.110  -15.259 0.1428571492
129100  -24.040  8.067  -16.643 0.2857142985
89082  -21.507  13.242  -13.944 0.1428571492
66691  -22.165  -13.229  -13.399 0.1428571492
67690  -23.853  -12.529  -14.306 0.1428571492
67674  -21.925  -12.561  -13.680 0.1428571492
67688  -22.445  -12.183  -14.176 0.1428571492
68594  -23.177  -11.843  -14.650 0.1428571492
68611  -23.775  -11.204  -15.113 0.1428571492
126743  -24.068  -11.913  -14.890 0.1428571492
68595  -24.865  -12.188  -14.668 0.1428571492
69537  -24.457  -10.662  -15.409 0.1428571492
68612  -24.678  -11.483  -15.189 0.1428571492
68613  -25.393  -11.614  -15.078 0.1428571492
69538  -25.454  -10.952  -15.440 0.1428571492
68610  -22.881  -10.905  -14.872 0.1428571492
123725  -25.896  -10.112  -15.484 0.1428571492
129635  -26.095  -9.338  -15.466 0.1428571492
72179  -26.951  -7.363  -15.826 0.1428571492
84286  -22.721  6.163  -17.282 0.1428571492
66671  -21.685  -13.523  -12.902 0.1428571492
66690  -21.552  -12.925  -13.229 0.1428571492
67689  -23.060  -12.483  -14.222 0.1428571492
87525  -21.362  10.416  -16.212 0.1428571492
134967  -28.197  -6.975  -16.058 0.1428571492
66692  -22.909  -13.360  -13.507 0.1428571492
66700  -23.246  -12.897  -13.893 0.1428571492
67675  -22.618  -12.800  -13.824 0.1428571492
67687  -21.732  -11.837  -13.971 0.1428571492
69536  -23.475  -10.194  -15.274 0.1428571492
135859  -25.104  -10.218  -15.521 0.1428571492
69519  -22.109  -10.610  -14.551 0.1428571492
71325  -39.964  -8.670  -20.712 0.2857142985
71332  -39.577  -8.606  -20.793 0.4285714328
72215  -38.725  -8.488  -20.530 0.2857142985
72224  -40.005  -8.261  -21.042 0.1428571492
73044  -28.739  -6.723  -16.293 0.1428571492
73065  -31.556  -6.394  -19.301 0.8571428657
73954  -31.327  -5.987  -19.575 0.7142857313
73971  -39.912  -6.461  -21.009 0.1428571492
76557  -28.624  -2.479  -15.666 0.1428571492
76574  -31.718  -2.330  -16.440 0.5714285970
76598  -33.269  -2.494  -19.190 1.0000000000
76616  -38.955  -2.748  -21.887 0.1428571492
76630  -38.055  -2.325  -23.934 0.2857142985
77373  -28.952  -2.015  -15.620 0.1428571492
77387  -31.451  -1.609  -16.041 0.2857142985
77442  -38.606  -2.015  -23.205 0.2857142985
77457  -38.078  -1.220  -24.815 0.1428571492
78176  -32.098  -0.667  -15.885 0.5714285970
78244  -37.755  -0.662  -25.191 0.1428571492
78996  -31.891  1.182  -15.640 0.4285714328
79016  -25.593  0.331  -17.622 0.1428571492
79905  -31.651  1.863  -15.624 0.7142857313
79936  -31.850  1.941  -19.832 0.8571428657
79943  -31.418  1.994  -20.610 0.7142857313
80816  -31.845  2.473  -15.883 0.7142857313
80830  -25.291  2.153  -17.560 0.1428571492
80859  -30.392  2.405  -21.455 0.1428571492
80860  -30.757  1.868  -21.849 0.7142857313
82600  -27.727  5.130  -15.467 0.2857142985
82636  -20.255  4.434  -16.993 0.1428571492
82639  -23.406  4.467  -17.560 0.1428571492
82648  -23.810  3.938  -17.645 0.1428571492
83465  -27.233  5.635  -15.501 0.1428571492
84256  -30.084  6.564  -15.859 0.8571428657
84288  -30.640  6.204  -16.733 0.8571428657
84332  -27.993  6.152  -22.759 0.1428571492
85043  -29.755  8.010  -16.160 0.5714285970
85901  -27.033  8.736  -22.938 0.1428571492
85924  -27.028  8.953  -23.206 0.1428571492
87535  -29.340  10.681  -16.972 0.7142857313
87579  -26.878  11.081  -23.796 0.1428571492
88371  -26.915  11.566  -23.726 0.1428571492
118677  -30.142  2.714  -15.318 0.4285714328
119215  -31.064  3.292  -15.527 0.8571428657
121210  -38.178  -0.154  -24.864 0.1428571492
121984  -30.153  2.091  -22.175 0.1428571492
122758  -30.547  -0.229  -15.485 0.2857142985
123962  -31.599  2.697  -19.097 0.8571428657
124731  -30.881  4.175  -15.623 0.5714285970
125119  -33.104  0.631  -21.273 0.8571428657
128019  -39.666  -7.436  -21.082 0.1428571492
128135  -29.558  7.228  -15.767 0.8571428657
128211  -34.685  -1.021  -21.340 0.7142857313
130023  -32.635  0.082  -16.255 0.5714285970
130983  -27.186  6.957  -15.423 0.2857142985
135632  -24.811  5.646  -16.678 0.1428571492
136075  -28.482  7.508  -15.479 0.4285714328
138954  -33.249  -1.886  -18.754 0.8571428657
140564  -30.370  7.551  -18.908 0.5714285970
