#!ascii label  , from subject sub-v2s12x28858_ses-1 vox2ras=TkReg
2020
4144  33.585  -67.441  33.718 0.2000000030
4133  32.744  -67.546  34.558 0.2000000030
4651  33.239  -66.613  33.289 0.2000000030
4121  33.286  -68.370  35.256 0.2000000030
4680  35.332  -66.368  31.874 0.1000000015
4630  31.909  -67.018  35.148 0.3000000119
4145  32.763  -66.904  33.861 0.2000000030
4650  34.203  -67.171  32.990 0.1000000015
4667  33.773  -66.250  32.649 0.1000000015
4666  34.799  -66.773  32.434 0.1000000015
5246  34.395  -65.880  32.074 0.1000000015
5264  34.944  -65.440  31.531 0.1000000015
132753  36.046  -64.236  30.511 0.1000000015
5263  36.023  -65.922  31.375 0.1000000015
5796  36.473  -65.253  30.855 0.1000000015
7019  36.974  -63.064  29.693 0.2000000030
6371  36.974  -63.958  30.168 0.1000000015
5247  33.419  -65.235  32.331 0.1000000015
5799  33.613  -64.372  31.853 0.1000000015
5265  34.130  -65.083  31.762 0.1000000015
6358  35.148  -64.095  30.812 0.1000000015
118718  36.102  -63.240  30.078 0.1000000015
7604  37.521  -61.470  29.716 0.2000000030
7605  37.211  -62.244  29.582 0.2000000030
8225  38.408  -61.277  29.592 0.1000000015
7018  37.940  -62.952  29.493 0.2000000030
8209  39.660  -60.390  29.944 0.2000000030
133652  40.368  -60.282  29.826 0.1000000015
8208  40.920  -59.881  30.146 0.1000000015
5798  34.517  -64.424  31.321 0.1000000015
124225  33.856  -63.572  31.541 0.1000000015
8210  38.760  -60.515  30.077 0.2000000030
8920  39.254  -59.845  30.650 0.2000000030
8897  41.002  -59.361  31.022 0.2000000030
8919  40.187  -59.822  30.469 0.2000000030
8918  41.557  -59.553  30.363 0.2000000030
6359  34.578  -63.477  31.025 0.1000000015
7002  34.726  -62.653  30.828 0.1000000015
6372  35.299  -63.377  30.539 0.1000000015
7000  36.263  -62.258  29.908 0.2000000030
8211  37.285  -60.231  30.721 0.2000000030
8226  37.833  -60.685  30.132 0.3000000119
9657  41.563  -58.879  31.704 0.3000000119
8896  41.897  -59.171  31.077 0.2000000030
116188  42.343  -59.219  30.290 0.2000000030
117981  42.982  -59.142  28.516 0.2000000030
8921  38.206  -59.884  30.774 0.3000000119
140107  36.815  -61.649  29.879 0.2000000030
9639  41.354  -58.548  32.289 0.3000000119
9638  42.091  -58.531  32.196 0.3000000119
127420  43.141  -57.799  32.973 0.3000000119
9637  42.872  -58.391  31.814 0.3000000119
9671  43.335  -58.517  29.891 0.2000000030
8933  43.578  -58.434  28.698 0.2000000030
127431  42.171  -57.351  33.589 0.4000000060
9640  40.504  -58.489  32.352 0.3000000119
10384  41.095  -58.138  32.753 0.3000000119
8899  38.881  -59.361  31.346 0.2000000030
8898  39.923  -59.286  31.335 0.2000000030
136882  43.189  -58.009  32.381 0.3000000119
9670  43.523  -58.172  30.822 0.2000000030
10380  43.943  -57.171  31.833 0.2000000030
126296  43.987  -57.704  29.895 0.2000000030
134062  43.248  -56.642  34.338 0.3000000119
10361  42.564  -57.779  33.218 0.3000000119
11093  44.009  -56.794  32.466 0.2000000030
11104  43.774  -56.087  31.005 0.2000000030
11806  44.001  -55.918  31.950 0.2000000030
11825  43.283  -55.710  30.802 0.1000000015
10405  44.094  -57.363  30.510 0.2000000030
11130  43.479  -56.575  29.509 0.2000000030
10404  44.015  -56.705  30.367 0.2000000030
127964  43.986  -57.280  28.573 0.2000000030
11758  44.061  -56.209  34.703 0.3000000119
11054  44.175  -56.295  34.251 0.3000000119
137990  43.097  -57.563  33.371 0.3000000119
12502  44.469  -55.019  34.019 0.2000000030
11777  44.339  -55.795  33.744 0.3000000119
13322  44.421  -54.109  34.227 0.2000000030
10360  43.543  -57.220  33.305 0.3000000119
11787  44.167  -55.748  32.814 0.1000000015
11788  43.887  -55.127  32.203 0.1000000015
11808  42.904  -55.148  31.309 0.1000000015
12544  43.318  -54.730  31.859 0.1000000015
13342  43.367  -53.800  32.964 0.1000000015
11116  42.980  -56.082  30.219 0.1000000015
11745  44.193  -55.659  35.247 0.3000000119
12483  44.575  -54.987  35.103 0.2000000030
13303  44.654  -53.909  35.105 0.2000000030
14129  44.523  -52.564  35.824 0.2000000030
14959  43.136  -51.162  36.696 0.1000000015
14152  44.350  -52.910  35.090 0.1000000015
14130  43.756  -52.209  35.165 0.1000000015
14153  43.693  -52.594  34.613 0.1000000015
12511  44.101  -54.257  33.358 0.1000000015
12525  42.931  -54.192  32.355 0.1000000015
12526  41.969  -54.276  32.459 0.1000000015
13292  44.868  -54.502  35.985 0.2000000030
14977  42.980  -51.290  35.889 0.1000000015
14978  41.932  -51.262  35.742 0.1000000015
14154  42.981  -52.216  34.634 0.1000000015
15000  42.420  -51.742  35.215 0.1000000015
14174  43.339  -52.817  34.040 0.1000000015
14155  41.944  -52.288  34.593 0.1000000015
13325  41.945  -53.272  33.470 0.1000000015
14175  42.434  -52.726  33.980 0.1000000015
15830  41.707  -50.441  36.925 0.1000000015
125781  41.014  -52.392  34.589 0.1000000015
122075  41.008  -53.390  33.570 0.1000000015
15813  41.821  -50.239  37.680 0.1000000015
5797  35.518  -64.898  31.056 0.1000000015
8224  39.329  -61.069  29.488 0.1000000015
12367  39.191  -55.027  47.937 0.5000000000
118490  40.262  -54.735  48.513 0.5000000000
12347  39.583  -54.547  48.433 0.5000000000
117150  38.894  -54.465  48.250 0.5000000000
12348  38.287  -54.085  48.229 0.5000000000
115770  42.737  -54.740  49.585 0.2000000030
11603  42.199  -55.007  49.190 0.2000000030
12326  42.116  -54.305  49.644 0.3000000119
12327  41.478  -54.510  49.238 0.3000000119
124335  40.853  -54.122  49.292 0.5000000000
12328  40.112  -54.120  48.980 0.5000000000
13095  39.656  -53.437  49.367 0.5000000000
12329  39.115  -53.869  48.735 0.5000000000
13096  38.925  -53.264  49.193 0.5000000000
13112  38.310  -53.392  48.717 0.5000000000
124116  37.641  -54.415  47.609 0.5000000000
13113  37.483  -53.574  48.150 0.5000000000
12369  37.141  -54.829  46.899 0.5000000000
10962  36.509  -56.380  44.391 0.5000000000
13074  42.388  -53.581  50.539 0.3000000119
13075  41.624  -53.389  50.347 0.3000000119
13094  40.489  -53.580  49.569 0.5000000000
13908  38.325  -52.721  49.306 0.5000000000
13927  37.704  -52.958  48.721 0.5000000000
12370  36.785  -53.968  47.359 0.5000000000
12376  36.406  -54.488  46.548 0.5000000000
10292  34.815  -57.537  40.960 0.4000000060
10272  35.353  -57.346  41.480 0.5000000000
10250  35.739  -57.128  42.162 0.5000000000
124593  36.110  -56.562  43.554 0.5000000000
11663  36.128  -55.813  44.851 0.5000000000
9548  35.118  -58.008  39.948 0.4000000060
13073  43.186  -53.807  50.736 0.3000000119
13060  41.911  -53.147  51.021 0.4000000060
13884  41.122  -52.941  50.805 0.4000000060
13077  40.044  -52.997  49.903 0.5000000000
13862  38.998  -52.042  50.888 0.5000000000
13887  38.736  -52.298  50.058 0.5000000000
13888  37.913  -52.014  49.755 0.5000000000
14752  38.236  -51.735  50.549 0.5000000000
14753  37.496  -51.450  50.223 0.5000000000
14763  37.154  -51.666  49.528 0.5000000000
13909  37.374  -52.306  49.021 0.5000000000
126478  36.784  -53.265  47.868 0.5000000000
12379  36.073  -54.888  45.857 0.6000000238
10971  35.322  -56.529  42.946 0.5000000000
10963  35.776  -56.012  44.193 0.5000000000
11660  35.754  -55.226  45.219 0.5000000000
8803  34.838  -59.374  38.440 0.4000000060
9560  34.722  -58.681  39.159 0.4000000060
13025  48.196  -52.948  53.409 0.1000000015
13831  46.519  -52.363  53.458 0.1000000015
14697  46.007  -51.562  53.367 0.1000000015
13027  46.033  -53.100  53.330 0.1000000015
135799  45.631  -52.488  53.442 0.1000000015
14698  45.022  -51.040  53.423 0.1000000015
13028  44.973  -52.989  53.175 0.1000000015
127698  44.280  -51.760  53.480 0.1000000015
14699  43.999  -51.094  53.497 0.1000000015
13058  43.476  -53.596  51.472 0.2000000030
13047  43.781  -53.369  52.283 0.1000000015
13059  42.690  -53.376  51.231 0.3000000119
13861  39.801  -52.287  51.135 0.5000000000
13858  42.171  -53.025  51.908 0.4000000060
13849  40.849  -52.348  52.384 0.4000000060
14731  39.232  -51.836  51.835 0.4000000060
14732  38.397  -51.496  51.567 0.5000000000
14733  37.688  -51.211  51.022 0.5000000000
15637  37.121  -50.954  50.619 0.5000000000
14754  36.810  -51.103  49.980 0.5000000000
13135  36.032  -53.717  46.812 0.5000000000
10968  35.403  -56.130  43.637 0.5000000000
10251  34.894  -56.829  42.195 0.5000000000
8119  34.945  -60.130  37.807 0.5000000000
13809  50.607  -52.483  54.065 0.1000000015
123693  50.256  -52.463  53.329 0.1000000015
13023  50.109  -52.652  52.956 0.1000000015
13829  49.061  -52.024  53.028 0.1000000015
13830  47.717  -52.237  53.293 0.1000000015
130264  46.957  -51.702  53.250 0.1000000015
15594  46.155  -50.463  52.643 0.1000000015
14696  47.897  -51.089  52.362 0.1000000015
15595  45.309  -50.067  52.750 0.1000000015
128147  40.122  -48.877  53.406 0.2000000030
18274  39.887  -47.460  52.520 0.2000000030
13046  44.590  -53.516  52.454 0.1000000015
13845  44.162  -53.048  52.860 0.1000000015
13834  43.462  -51.867  53.420 0.1000000015
137804  42.430  -50.947  53.510 0.1000000015
16473  41.334  -49.763  53.467 0.2000000030
13846  43.382  -52.739  52.899 0.2000000030
14700  42.623  -51.581  53.417 0.1000000015
13836  41.209  -51.862  53.178 0.2000000030
15600  39.631  -50.524  53.431 0.2000000030
17323  39.105  -48.851  53.481 0.2000000030
136528  38.879  -47.381  52.896 0.2000000030
13847  42.505  -52.648  52.681 0.2000000030
13837  40.339  -51.813  52.900 0.3000000119
138389  38.606  -50.903  53.068 0.3000000119
15614  37.393  -50.388  52.416 0.4000000060
14716  37.761  -51.008  51.937 0.5000000000
12380  35.436  -54.524  45.453 0.5000000000
15625  37.090  -50.570  51.417 0.4000000060
12388  34.087  -54.445  43.847 0.5000000000
12385  34.585  -54.611  44.372 0.5000000000
12381  34.841  -54.164  44.967 0.5000000000
11673  34.055  -55.514  43.041 0.5000000000
11669  34.437  -55.162  43.786 0.5000000000
12384  35.148  -54.875  44.844 0.5000000000
14772  36.244  -51.594  48.651 0.5000000000
14764  36.509  -51.309  49.284 0.5000000000
10980  34.106  -56.587  41.999 0.5000000000
10972  34.445  -56.207  42.687 0.5000000000
10969  34.771  -55.876  43.383 0.5000000000
13139  35.162  -53.762  45.618 0.5000000000
9549  33.940  -58.197  40.129 0.5000000000
10273  34.573  -57.107  41.640 0.5000000000
11668  35.120  -55.636  44.003 0.5000000000
12377  35.704  -54.150  46.143 0.6000000238
13810  50.195  -52.014  54.320 0.1000000015
14677  50.124  -52.011  53.383 0.1000000015
14693  49.722  -51.086  52.745 0.1000000015
15592  49.418  -50.342  52.476 0.1000000015
16469  47.261  -48.629  53.004 0.1000000015
13828  49.895  -51.741  53.086 0.1000000015
14711  49.237  -50.358  51.966 0.1000000015
14712  48.582  -50.250  51.667 0.1000000015
15611  46.226  -49.480  51.864 0.1000000015
15612  45.413  -49.237  51.896 0.1000000015
16470  44.539  -49.749  52.837 0.1000000015
17329  42.611  -48.443  52.199 0.1000000015
15597  42.799  -50.149  53.430 0.1000000015
17330  41.874  -48.226  52.304 0.2000000030
17332  40.326  -48.031  52.970 0.2000000030
117367  42.088  -49.695  53.393 0.1000000015
17322  40.940  -49.141  53.391 0.2000000030
15601  38.647  -50.381  53.330 0.3000000119
16476  38.280  -49.448  53.407 0.3000000119
18275  38.238  -46.998  52.786 0.2000000030
15602  37.770  -50.055  53.167 0.3000000119
17325  37.613  -48.806  53.306 0.2000000030
15615  36.797  -50.034  52.130 0.4000000060
17333  36.222  -48.468  52.654 0.3000000119
15626  36.378  -49.953  51.469 0.4000000060
16488  36.344  -49.354  52.308 0.4000000060
13973  34.341  -52.835  44.542 0.5000000000
13962  34.671  -52.625  45.300 0.5000000000
13137  34.951  -53.105  45.688 0.5000000000
16514  35.974  -49.828  50.841 0.5000000000
14798  34.519  -51.212  45.029 0.5000000000
15685  34.508  -50.344  45.310 0.5000000000
117201  34.582  -51.077  45.909 0.5000000000
125810  34.665  -51.875  45.587 0.5000000000
13950  34.958  -52.521  46.031 0.6000000238
15646  36.172  -50.677  49.680 0.5000000000
15639  35.752  -50.030  50.126 0.5000000000
15675  34.497  -50.221  46.237 0.5000000000
14778  34.723  -50.981  46.814 0.5000000000
14787  34.901  -51.783  46.422 0.6000000238
13132  35.757  -53.063  46.980 0.5000000000
13929  35.980  -52.030  48.047 0.5000000000
13949  35.362  -52.483  46.768 0.5000000000
13941  35.839  -52.544  47.440 0.5000000000
7516  35.021  -61.624  37.166 0.4000000060
8134  34.465  -60.922  37.643 0.4000000060
19130  43.428  -46.537  53.903 0.1000000015
133206  46.062  -47.946  53.270 0.1000000015
19150  44.398  -46.783  52.212 0.1000000015
15609  48.293  -49.996  51.441 0.1000000015
16468  47.943  -49.304  52.448 0.1000000015
17327  45.889  -48.497  51.934 0.1000000015
18272  44.952  -47.485  51.758 0.1000000015
16482  47.751  -49.709  51.747 0.1000000015
18282  45.027  -48.122  51.533 0.1000000015
19165  44.181  -47.226  51.291 0.1000000015
16485  44.623  -48.864  51.858 0.1000000015
17337  43.241  -47.964  51.256 0.1000000015
17338  42.402  -47.800  51.343 0.1000000015
18287  41.022  -47.125  51.181 0.2000000030
18288  40.203  -46.786  51.367 0.2000000030
19188  39.955  -46.297  50.820 0.2000000030
19168  39.229  -46.714  52.095 0.2000000030
19169  38.293  -46.362  52.247 0.2000000030
23158  38.013  -42.255  42.787 0.2000000030
18276  37.296  -47.271  53.003 0.2000000030
138357  38.424  -42.891  42.811 0.2000000030
22210  37.176  -43.534  43.844 0.2000000030
21250  35.892  -44.165  45.565 0.2000000030
21251  35.621  -44.503  46.240 0.2000000030
18266  36.991  -48.178  53.125 0.2000000030
21264  37.616  -44.352  43.899 0.2000000030
21258  37.048  -44.287  44.392 0.2000000030
20254  36.107  -45.096  45.987 0.2000000030
129332  35.662  -45.853  46.951 0.2000000030
121386  35.296  -45.233  47.273 0.3000000119
19246  34.878  -46.609  48.051 0.2000000030
18317  34.582  -46.927  49.246 0.4000000060
19283  36.668  -46.637  45.843 0.2000000030
20253  36.670  -45.759  45.727 0.3000000119
19265  35.673  -46.496  46.885 0.3000000119
18326  35.225  -46.923  47.369 0.4000000060
135391  34.765  -47.386  47.800 0.3000000119
128020  34.669  -47.146  48.570 0.4000000060
17369  34.726  -48.542  49.633 0.5000000000
17351  35.307  -48.624  51.229 0.4000000060
16515  35.496  -49.359  50.609 0.5000000000
17461  34.701  -48.745  44.754 0.5000000000
17440  34.958  -47.967  45.254 0.4000000060
18354  34.754  -47.872  46.130 0.4000000060
17423  34.463  -48.686  47.072 0.4000000060
17407  34.498  -48.646  47.884 0.5000000000
16542  34.596  -49.241  48.327 0.5000000000
17388  34.568  -48.549  48.717 0.5000000000
118731  34.507  -48.593  46.258 0.5000000000
16557  34.447  -49.386  46.636 0.5000000000
15664  34.556  -50.144  47.166 0.5000000000
14777  35.322  -51.715  47.352 0.5000000000
14773  35.590  -51.281  48.198 0.5000000000
14765  35.894  -50.937  48.918 0.5000000000
19133  40.918  -46.368  54.759 0.1000000015
19132  41.821  -46.341  54.462 0.1000000015
20124  42.267  -45.674  53.847 0.1000000015
20131  41.070  -44.922  53.782 0.1000000015
20135  42.462  -45.569  52.682 0.1000000015
20130  41.771  -45.221  53.304 0.1000000015
19167  43.132  -46.057  51.818 0.1000000015
20136  41.864  -45.355  51.865 0.1000000015
133518  42.842  -46.470  50.578 0.1000000015
21150  41.611  -45.359  50.537 0.1000000015
18285  42.896  -47.345  50.711 0.1000000015
19199  41.243  -45.760  50.085 0.2000000030
20157  41.071  -45.078  49.588 0.2000000030
19187  40.835  -46.374  50.484 0.2000000030
19189  39.016  -46.095  51.410 0.2000000030
139178  37.583  -46.622  52.664 0.2000000030
24091  38.419  -41.449  42.373 0.1000000015
23145  37.341  -42.196  43.278 0.2000000030
120915  37.079  -42.767  43.619 0.2000000030
22188  36.097  -43.634  45.020 0.2000000030
19171  36.088  -46.530  52.402 0.2000000030
25109  38.493  -40.620  42.108 0.1000000015
24092  37.591  -41.469  42.888 0.1000000015
23146  36.675  -42.130  43.776 0.1000000015
23137  36.043  -42.048  44.497 0.1000000015
22189  35.667  -43.204  45.479 0.1000000015
20190  34.852  -45.164  48.057 0.1000000015
19234  34.633  -46.257  48.850 0.2000000030
17340  35.510  -47.946  52.157 0.3000000119
18278  35.662  -47.115  52.298 0.2000000030
21220  34.985  -44.514  47.606 0.1000000015
20191  34.672  -45.501  48.691 0.1000000015
18309  34.581  -47.128  49.916 0.3000000119
18295  35.015  -47.742  51.346 0.2000000030
16541  34.979  -49.726  48.781 0.5000000000
16527  34.717  -49.105  49.033 0.5000000000
16526  35.152  -49.418  49.685 0.5000000000
15657  34.688  -49.986  48.010 0.5000000000
15656  35.258  -50.491  48.467 0.5000000000
15647  35.529  -50.226  49.274 0.5000000000
15663  34.967  -50.786  47.679 0.5000000000
19134  40.119  -46.159  55.103 0.1000000015
21131  38.616  -44.283  54.730 0.1000000015
21130  39.270  -44.106  54.317 0.1000000015
21129  40.392  -44.637  54.131 0.1000000015
21139  39.954  -44.121  53.914 0.1000000015
22084  39.361  -43.685  53.737 0.1000000015
20137  41.222  -44.875  52.806 0.1000000015
22090  40.326  -44.095  51.243 0.1000000015
129483  39.515  -43.482  51.945 0.1000000015
21151  41.114  -44.771  50.366 0.1000000015
21159  40.960  -44.701  49.242 0.2000000030
19200  40.661  -45.654  50.041 0.2000000030
20158  40.399  -45.030  49.546 0.2000000030
20146  39.688  -45.662  50.427 0.2000000030
20159  39.265  -44.992  50.196 0.2000000030
20147  38.631  -45.539  51.117 0.2000000030
20138  38.241  -45.892  51.813 0.2000000030
20149  37.030  -45.270  51.962 0.2000000030
20140  36.539  -45.890  52.298 0.2000000030
129326  38.289  -39.805  42.130 0.1000000015
25110  37.783  -40.522  42.605 0.1000000015
23130  35.652  -42.352  45.289 0.1000000015
125488  35.349  -43.564  46.369 0.1000000015
20150  35.426  -45.602  51.605 0.1000000015
19172  35.392  -46.477  51.979 0.2000000030
121274  36.207  -45.298  51.872 0.2000000030
22164  35.027  -43.565  47.561 0.1000000015
21195  34.834  -44.205  48.312 0.1000000015
20168  34.633  -45.391  49.495 0.1000000015
19216  34.571  -46.304  49.771 0.2000000030
18290  34.891  -46.927  51.396 0.2000000030
18289  35.246  -47.244  51.901 0.2000000030
22997  37.046  -42.913  55.041 0.1000000015
22073  38.600  -43.572  54.315 0.1000000015
23918  36.254  -41.594  55.373 0.1000000015
23011  38.182  -42.817  54.055 0.1000000015
23931  37.173  -41.787  54.114 0.1000000015
23025  37.745  -42.220  53.694 0.1000000015
22091  39.238  -43.430  52.985 0.1000000015
23048  39.775  -42.741  49.932 0.1000000015
21167  40.676  -44.159  48.797 0.1000000015
125098  40.423  -43.425  48.748 0.1000000015
22116  40.249  -43.403  48.403 0.1000000015
21160  39.882  -44.520  49.233 0.2000000030
21152  38.891  -44.336  49.774 0.2000000030
21153  37.876  -44.859  51.085 0.2000000030
21161  37.465  -44.021  50.585 0.2000000030
21162  36.316  -43.956  50.756 0.1000000015
21154  36.690  -44.627  51.401 0.2000000030
28123  39.200  -37.753  41.238 0.1000000015
26112  38.167  -38.848  42.207 0.1000000015
26094  37.144  -40.024  43.264 0.1000000015
24068  35.935  -41.221  44.635 0.1000000015
21155  35.819  -44.740  51.329 0.2000000030
26095  36.532  -39.697  44.012 0.1000000015
25082  35.751  -40.759  45.139 0.1000000015
23121  35.400  -42.531  46.088 0.1000000015
22121  34.870  -44.018  49.150 0.1000000015
21171  34.806  -44.591  49.557 0.1000000015
20160  35.130  -45.094  50.955 0.2000000030
24924  36.281  -40.420  54.481 0.1000000015
24943  37.012  -40.877  53.304 0.1000000015
23960  37.456  -41.213  52.694 0.1000000015
136565  38.423  -42.297  51.937 0.1000000015
23067  40.256  -42.645  47.956 0.1000000015
23068  39.845  -42.505  47.784 0.1000000015
22117  39.867  -43.163  48.064 0.1000000015
22118  38.920  -42.807  48.475 0.2000000030
22101  38.502  -43.462  49.329 0.2000000030
23069  38.367  -42.090  48.429 0.1000000015
22102  37.537  -42.793  49.453 0.2000000030
27067  37.116  -37.872  44.229 0.1000000015
27068  36.738  -38.623  44.260 0.1000000015
27049  36.538  -38.587  45.146 0.1000000015
25052  35.992  -39.736  46.260 0.1000000015
24023  36.867  -41.160  48.366 0.1000000015
22119  36.543  -42.398  49.329 0.1000000015
27111  38.642  -38.279  41.702 0.1000000015
27093  37.635  -38.485  42.824 0.1000000015
26084  36.313  -39.341  44.767 0.1000000015
26068  35.842  -39.930  45.781 0.1000000015
25053  35.727  -40.282  46.229 0.1000000015
24036  35.661  -41.161  47.347 0.1000000015
23070  35.527  -42.656  48.919 0.1000000015
22104  35.747  -43.723  50.286 0.1000000015
25063  35.924  -39.994  45.109 0.1000000015
24058  35.562  -41.007  45.921 0.1000000015
24047  35.438  -41.668  46.639 0.1000000015
22151  35.061  -43.373  48.578 0.1000000015
21163  35.470  -44.366  50.641 0.1000000015
25964  36.544  -39.318  53.449 0.1000000015
24964  37.132  -40.446  52.676 0.1000000015
23971  37.752  -40.722  51.212 0.1000000015
23970  38.478  -41.390  50.535 0.1000000015
133958  39.212  -41.269  49.254 0.1000000015
24001  40.125  -42.258  47.750 0.1000000015
28044  38.711  -37.359  46.370 0.1000000015
121452  37.908  -38.140  46.788 0.1000000015
26033  38.297  -39.552  47.555 0.1000000015
25027  38.873  -40.223  47.655 0.1000000015
24021  39.590  -41.802  47.734 0.1000000015
29086  38.600  -36.637  44.964 0.1000000015
28060  38.276  -37.146  45.664 0.1000000015
27035  37.285  -38.009  46.190 0.1000000015
26045  37.842  -39.060  47.309 0.1000000015
118029  38.117  -40.597  47.772 0.1000000015
24022  38.306  -41.266  47.979 0.1000000015
29136  38.626  -36.450  44.098 0.1000000015
28078  37.358  -37.460  44.734 0.1000000015
28061  37.560  -37.494  45.556 0.1000000015
26054  37.249  -38.693  46.843 0.1000000015
25039  37.013  -39.467  47.312 0.1000000015
24003  37.093  -41.667  48.779 0.1000000015
23988  38.397  -40.633  50.003 0.1000000015
26003  38.377  -39.113  49.754 0.1000000015
23987  39.382  -40.764  48.331 0.1000000015
26019  38.940  -39.294  48.367 0.1000000015
139856  39.157  -40.066  48.222 0.1000000015
24002  39.643  -41.626  47.840 0.1000000015
29057  39.053  -36.847  45.837 0.1000000015
127409  38.455  -37.787  46.783 0.1000000015
27010  39.223  -38.454  47.928 0.1000000015
130636  39.026  -38.966  47.988 0.1000000015
127144  39.244  -40.983  47.667 0.1000000015
29085  39.529  -36.484  45.263 0.1000000015
27024  38.058  -38.621  47.193 0.1000000015
13093  41.371  -53.791  49.727 0.4000000060
119475  37.042  -52.847  48.397 0.5000000000
13076  40.839  -53.209  50.129 0.4000000060
13850  40.038  -52.125  52.111 0.4000000060
13026  47.070  -53.059  53.471 0.1000000015
15596  43.753  -50.338  53.374 0.1000000015
13048  42.967  -53.219  52.131 0.2000000030
14715  38.701  -51.304  52.564 0.4000000060
140326  38.202  -51.190  52.240 0.4000000060
14678  49.870  -51.247  53.572 0.1000000015
15593  47.050  -50.818  52.470 0.1000000015
16474  40.395  -49.914  53.517 0.3000000119
15598  41.799  -50.500  53.503 0.2000000030
15599  40.456  -50.762  53.444 0.2000000030
14702  40.614  -51.354  53.314 0.2000000030
16475  39.342  -49.697  53.508 0.3000000119
14704  39.121  -51.039  53.208 0.3000000119
17324  38.353  -48.663  53.410 0.2000000030
16487  37.080  -49.715  52.771 0.3000000119
13140  34.690  -53.382  45.081 0.5000000000
15577  49.559  -50.690  53.366 0.1000000015
16460  48.062  -49.536  53.471 0.1000000015
17319  46.696  -48.342  52.709 0.1000000015
15610  47.327  -49.933  51.657 0.1000000015
16498  45.389  -48.900  51.669 0.1000000015
16497  45.942  -48.987  51.732 0.1000000015
16486  43.548  -48.635  52.068 0.1000000015
16472  42.750  -49.207  53.040 0.1000000015
17321  41.793  -48.961  53.174 0.1000000015
18273  41.545  -47.693  51.724 0.1000000015
16478  36.893  -48.993  53.058 0.3000000119
17339  35.736  -48.780  52.059 0.4000000060
122474  34.473  -52.018  44.770 0.5000000000
14812  34.380  -51.347  44.188 0.5000000000
16568  34.482  -49.330  45.609 0.5000000000
18263  44.182  -46.777  53.450 0.1000000015
19152  42.993  -45.963  53.299 0.1000000015
17320  45.566  -47.555  52.662 0.1000000015
19166  43.786  -46.637  51.473 0.1000000015
17336  44.143  -48.151  51.388 0.1000000015
18284  43.666  -47.434  51.042 0.1000000015
19185  43.250  -46.563  50.799 0.1000000015
18286  42.096  -47.206  50.776 0.1000000015
133429  37.732  -43.014  43.240 0.2000000030
23157  38.848  -42.380  42.473 0.2000000030
21259  36.479  -44.278  44.930 0.2000000030
20239  35.707  -45.227  46.630 0.2000000030
21238  35.267  -44.445  46.922 0.1000000015
20263  37.008  -45.160  44.990 0.2000000030
19264  36.190  -46.057  46.414 0.2000000030
120154  34.647  -47.819  49.967 0.4000000060
18353  35.455  -47.423  45.837 0.5000000000
19284  36.042  -46.859  46.286 0.4000000060
20252  37.259  -46.369  45.437 0.2000000030
139738  34.791  -47.622  47.002 0.4000000060
18341  34.553  -48.053  47.439 0.5000000000
18327  34.557  -47.931  48.263 0.5000000000
17368  35.067  -48.846  50.335 0.5000000000
18296  34.706  -47.402  50.648 0.3000000119
18375  35.730  -47.528  45.039 0.5000000000
18352  36.410  -47.109  45.671 0.5000000000
16548  34.494  -49.365  47.525 0.5000000000
20127  39.850  -45.238  54.622 0.1000000015
20125  41.502  -45.483  54.151 0.1000000015
20144  42.812  -46.120  50.720 0.1000000015
21145  40.662  -44.576  52.070 0.1000000015
21144  41.291  -45.001  51.552 0.1000000015
20155  42.376  -46.196  50.508 0.1000000015
20156  41.562  -45.673  50.231 0.2000000030
20167  40.799  -44.440  49.170 0.2000000030
22211  36.551  -42.856  44.116 0.1000000015
24078  36.948  -41.431  43.449 0.1000000015
20128  39.047  -44.924  54.840 0.1000000015
21132  37.993  -44.028  54.975 0.1000000015
21146  39.944  -43.950  52.899 0.1000000015
137917  38.261  -42.613  53.366 0.1000000015
22095  40.661  -44.108  49.602 0.2000000030
21168  40.608  -44.166  48.855 0.2000000030
21169  39.946  -43.922  48.638 0.2000000030
122863  38.728  -39.219  41.624 0.1000000015
26113  37.644  -39.439  42.694 0.1000000015
24079  36.350  -41.324  44.039 0.1000000015
19190  34.955  -46.229  51.409 0.2000000030
23108  35.232  -42.604  47.028 0.1000000015
20161  34.723  -45.611  50.414 0.1000000015
23012  37.472  -42.492  54.383 0.1000000015
22998  36.518  -42.468  55.532 0.1000000015
23013  36.784  -42.106  54.787 0.1000000015
24906  35.929  -40.583  55.236 0.1000000015
23932  36.530  -41.207  54.516 0.1000000015
126742  36.624  -40.635  53.911 0.1000000015
23946  37.386  -41.556  53.417 0.1000000015
23030  38.694  -42.854  52.580 0.1000000015
23031  37.936  -42.065  52.788 0.1000000015
23036  39.181  -42.847  51.345 0.1000000015
22096  40.092  -43.465  50.449 0.1000000015
126867  40.205  -42.525  48.566 0.1000000015
138492  37.102  -43.385  50.229 0.2000000030
22103  36.396  -43.228  50.053 0.1000000015
27110  39.216  -38.656  41.148 0.1000000015
125124  37.109  -39.039  43.426 0.1000000015
25081  36.164  -40.500  44.433 0.1000000015
129912  35.488  -41.798  45.829 0.1000000015
21170  35.142  -44.092  49.949 0.1000000015
25953  36.373  -39.898  54.016 0.1000000015
139702  37.482  -40.781  52.088 0.1000000015
23959  37.952  -41.537  51.786 0.1000000015
23037  38.750  -42.153  50.930 0.1000000015
23049  39.445  -41.969  49.574 0.1000000015
23986  40.094  -41.823  48.140 0.1000000015
23095  40.161  -42.710  47.853 0.1000000015
28079  36.845  -38.034  44.757 0.1000000015
28096  38.184  -37.003  43.153 0.1000000015
28110  37.792  -37.662  43.005 0.1000000015
27082  37.284  -38.126  43.583 0.1000000015
26055  36.469  -39.263  46.565 0.1000000015
27036  36.663  -38.552  46.020 0.1000000015
125169  36.520  -40.130  47.426 0.1000000015
132343  35.959  -40.518  47.302 0.1000000015
24024  35.783  -41.501  48.038 0.1000000015
22120  35.483  -43.276  49.552 0.1000000015
25978  36.880  -39.637  52.689 0.1000000015
24984  37.301  -40.014  51.863 0.1000000015
27034  37.982  -37.619  46.258 0.1000000015
28019  39.089  -37.660  47.028 0.1000000015
26032  38.850  -39.652  47.730 0.1000000015
26044  38.612  -38.951  47.614 0.1000000015
28077  37.891  -37.044  45.047 0.1000000015
26004  37.839  -39.343  50.612 0.1000000015
24998  38.463  -39.878  49.474 0.1000000015
25013  39.176  -40.481  47.757 0.1000000015
26997  39.187  -38.452  48.683 0.1000000015
28043  39.490  -37.173  46.605 0.1000000015
29056  39.931  -36.740  46.081 0.1000000015
27022  39.391  -37.896  47.708 0.1000000015
137173  42.653  -57.622  46.475 0.1000000015
10229  42.296  -57.831  45.901 0.1000000015
10209  42.642  -57.288  47.088 0.1000000015
127282  41.977  -56.819  47.322 0.1000000015
10920  41.993  -56.274  47.990 0.1000000015
10932  43.454  -56.660  48.204 0.1000000015
11619  43.068  -56.071  48.626 0.1000000015
9452  43.094  -57.992  46.018 0.2000000030
11602  43.088  -55.450  49.198 0.1000000015
9467  41.956  -58.163  45.181 0.2000000030
10230  41.471  -57.682  45.787 0.1000000015
9481  40.708  -58.320  44.384 0.2000000030
10210  41.885  -57.355  46.582 0.1000000015
138088  41.752  -55.784  48.309 0.1000000015
123212  40.843  -58.577  43.591 0.2000000030
9468  41.089  -58.050  45.066 0.2000000030
10934  41.446  -56.406  47.543 0.2000000030
10224  40.969  -57.242  46.338 0.2000000030
10946  41.262  -56.802  46.990 0.2000000030
11637  41.225  -55.854  47.991 0.3000000119
11621  40.703  -55.254  48.320 0.3000000119
10935  40.800  -56.295  47.396 0.3000000119
11638  40.394  -55.727  47.762 0.3000000119
10231  40.604  -57.590  45.626 0.2000000030
10225  40.092  -57.156  46.140 0.2000000030
139881  39.788  -58.389  42.328 0.2000000030
10947  40.481  -56.703  46.767 0.2000000030
9482  39.915  -58.311  43.981 0.2000000030
8799  38.980  -59.113  38.091 0.1000000015
9495  40.195  -58.553  42.961 0.2000000030
10237  40.222  -57.959  44.900 0.2000000030
10936  40.002  -56.201  47.211 0.3000000119
11622  39.961  -55.171  48.104 0.4000000060
10268  39.608  -58.175  39.589 0.1000000015
10232  39.694  -57.499  45.418 0.2000000030
10954  39.184  -56.999  45.886 0.2000000030
9547  39.507  -58.611  38.931 0.1000000015
11652  39.143  -56.049  46.987 0.4000000060
9540  39.453  -57.958  40.680 0.2000000030
10238  39.359  -57.808  44.664 0.2000000030
9519  39.092  -58.030  42.089 0.2000000030
9557  38.772  -58.434  38.399 0.1000000015
9558  38.345  -58.743  37.946 0.2000000030
10288  39.113  -57.973  39.108 0.1000000015
9496  39.367  -58.277  43.179 0.2000000030
10233  38.820  -57.340  45.183 0.2000000030
10960  38.024  -57.074  44.916 0.4000000060
11653  38.263  -55.831  46.741 0.4000000060
124529  38.715  -57.713  41.321 0.3000000119
10247  38.157  -57.657  42.265 0.3000000119
10269  38.942  -57.681  40.273 0.2000000030
116742  38.341  -57.595  40.062 0.4000000060
10955  38.334  -56.770  45.626 0.4000000060
11641  37.887  -55.189  47.188 0.4000000060
9497  38.476  -57.777  43.356 0.3000000119
129501  37.107  -57.470  41.481 0.4000000060
119492  37.983  -57.567  41.188 0.3000000119
24114  41.263  -40.704  40.304 0.1000000015
124487  39.727  -41.287  41.571 0.1000000015
10950  37.859  -56.221  46.092 0.4000000060
10240  37.775  -57.308  44.106 0.4000000060
10956  37.556  -56.495  45.381 0.5000000000
10248  37.311  -57.451  42.252 0.4000000060
10244  37.533  -57.426  43.201 0.4000000060
25113  40.245  -41.041  41.124 0.1000000015
24115  40.852  -41.229  40.827 0.1000000015
24090  39.306  -41.815  42.069 0.1000000015
11658  37.141  -55.887  45.803 0.4000000060
10957  36.810  -56.190  45.134 0.5000000000
10961  37.276  -56.727  44.642 0.5000000000
11655  36.756  -55.235  46.201 0.5000000000
23166  39.960  -42.021  41.819 0.1000000015
23156  39.762  -42.651  42.246 0.1000000015
23155  40.469  -43.070  42.211 0.1000000015
23165  40.485  -42.480  41.861 0.1000000015
22222  38.457  -43.571  43.080 0.1000000015
10223  43.408  -57.683  46.759 0.1000000015
11620  42.329  -55.727  48.583 0.1000000015
10919  42.691  -56.330  48.240 0.1000000015
10208  43.372  -57.218  47.496 0.1000000015
10897  43.816  -56.118  48.911 0.1000000015
12325  43.446  -54.855  49.776 0.1000000015
12368  38.412  -54.773  47.772 0.4000000060
9465  43.632  -58.377  45.421 0.1000000015
10948  39.616  -56.590  46.554 0.3000000119
10243  39.096  -57.990  43.948 0.2000000030
10949  38.699  -56.434  46.318 0.4000000060
10239  38.566  -57.565  44.386 0.3000000119
24101  40.507  -41.764  41.418 0.1000000015
127329  39.128  -43.203  42.660 0.1000000015
10896  44.777  -56.165  49.252 0.1000000015
6832  30.243  -62.362  41.722 0.1000000015
6252  29.804  -63.000  41.414 0.1000000015
120839  31.917  -64.219  40.502 0.1000000015
6253  29.035  -63.266  41.941 0.1000000015
121047  31.193  -63.539  40.638 0.1000000015
6833  29.652  -62.640  41.979 0.1000000015
129828  27.923  -64.368  43.019 0.1000000015
6254  28.381  -63.880  41.964 0.1000000015
118901  33.766  -66.234  49.977 0.1000000015
117215  29.705  -67.070  45.551 0.1000000015
4534  28.927  -65.926  44.704 0.1000000015
6831  30.965  -62.139  41.385 0.1000000015
5107  29.384  -65.350  44.619 0.1000000015
6844  30.603  -62.851  41.052 0.1000000015
5662  28.470  -64.452  43.627 0.1000000015
7485  31.598  -62.002  41.067 0.1000000015
6260  32.049  -63.337  40.547 0.1000000015
5579  34.712  -65.549  49.538 0.1000000015
4444  33.432  -66.945  50.463 0.1000000015
3951  33.047  -67.381  50.018 0.1000000015
5567  36.960  -64.262  50.097 0.1000000015
5578  35.631  -64.907  49.311 0.1000000015
4456  34.009  -66.897  50.838 0.1000000015
3444  33.467  -67.929  49.778 0.1000000015
3994  32.317  -67.725  46.641 0.1000000015
4007  31.015  -67.158  46.073 0.1000000015
7470  30.756  -61.779  42.009 0.1000000015
6822  30.113  -62.265  42.415 0.1000000015
6811  29.674  -62.640  42.965 0.1000000015
6259  32.825  -63.084  40.432 0.1000000015
123278  32.783  -63.954  40.408 0.1000000015
4443  34.177  -67.149  50.951 0.1000000015
3937  33.774  -67.518  50.482 0.1000000015
5566  37.282  -64.654  50.871 0.1000000015
5024  36.134  -65.167  49.953 0.1000000015
5025  35.333  -65.793  50.312 0.1000000015
4442  34.562  -67.029  51.287 0.1000000015
3936  34.315  -67.559  50.769 0.1000000015
3431  33.976  -67.960  50.286 0.1000000015
3965  34.607  -67.970  49.081 0.1000000015
3474  33.940  -68.080  47.624 0.1000000015
3487  32.786  -68.376  47.205 0.1000000015
3486  33.388  -68.050  47.253 0.1000000015
4502  32.663  -66.871  46.375 0.1000000015
4503  31.812  -66.958  46.209 0.1000000015
4518  31.231  -66.268  45.666 0.1000000015
137503  30.487  -65.978  45.350 0.1000000015
6228  29.936  -63.641  44.041 0.1000000015
7480  31.471  -61.565  41.634 0.1000000015
7457  30.852  -61.717  42.663 0.1000000015
6235  30.100  -62.845  43.605 0.1000000015
5661  29.190  -64.031  43.817 0.1000000015
7484  32.259  -61.532  41.083 0.1000000015
6842  32.144  -62.436  40.683 0.1000000015
122989  35.618  -67.597  50.739 0.1000000015
124141  37.766  -64.324  51.467 0.1000000015
5011  36.692  -65.680  51.698 0.1000000015
124006  35.943  -66.033  51.161 0.1000000015
138825  35.565  -66.912  51.941 0.1000000015
3920  35.485  -67.223  51.653 0.1000000015
3934  36.242  -67.440  51.450 0.1000000015
3949  35.121  -67.804  49.875 0.1000000015
3978  34.687  -67.889  47.966 0.1000000015
3992  33.808  -67.512  46.937 0.1000000015
4501  33.487  -66.817  46.517 0.1000000015
5554  37.464  -65.316  52.093 0.1000000015
5001  36.192  -66.735  52.253 0.1000000015
3919  36.272  -67.143  52.224 0.1000000015
3993  33.094  -67.580  46.783 0.1000000015
4517  32.220  -66.188  45.901 0.1000000015
5092  31.800  -65.517  45.480 0.1000000015
5639  31.498  -64.841  45.115 0.1000000015
5093  30.969  -65.453  45.269 0.1000000015
5652  31.208  -64.182  44.661 0.1000000015
6797  31.730  -62.641  44.234 0.1000000015
139440  30.814  -63.318  44.234 0.1000000015
5640  30.707  -64.776  44.824 0.1000000015
7456  31.589  -61.288  42.950 0.1000000015
6810  30.365  -62.203  43.134 0.1000000015
137739  30.804  -62.525  43.752 0.1000000015
7479  32.092  -61.030  41.784 0.1000000015
7478  32.942  -60.867  41.300 0.1000000015
6841  32.919  -62.160  40.513 0.1000000015
7491  33.817  -61.875  40.154 0.1000000015
121809  33.084  -61.383  40.748 0.1000000015
4455  36.535  -67.346  50.172 0.1000000015
3948  36.004  -67.507  49.379 0.1000000015
6127  38.087  -63.872  52.337 0.1000000015
5526  38.695  -65.380  53.985 0.1000000015
5541  37.493  -66.275  53.204 0.1000000015
4988  37.824  -66.117  53.429 0.1000000015
3908  36.739  -67.111  52.465 0.1000000015
3933  36.710  -67.329  51.993 0.1000000015
3964  35.462  -67.608  48.449 0.1000000015
3990  35.249  -67.384  47.406 0.1000000015
139673  35.314  -66.534  46.668 0.1000000015
5553  38.045  -65.031  52.691 0.1000000015
5000  36.843  -66.493  52.743 0.1000000015
5071  34.858  -66.174  46.420 0.1000000015
5072  33.946  -66.076  46.276 0.1000000015
4516  33.095  -66.100  46.112 0.1000000015
129273  33.547  -65.388  45.765 0.1000000015
5091  32.687  -65.484  45.628 0.1000000015
134770  33.062  -64.772  45.415 0.1000000015
6227  32.465  -63.579  44.759 0.1000000015
8075  32.838  -60.665  42.784 0.1000000015
120215  33.051  -60.873  43.375 0.1000000015
7455  32.364  -61.012  43.212 0.1000000015
6808  32.032  -61.660  43.706 0.1000000015
136821  32.546  -62.898  44.515 0.1000000015
6809  31.162  -61.891  43.429 0.1000000015
8087  32.713  -60.631  42.047 0.1000000015
8086  33.420  -60.414  42.389 0.1000000015
132157  33.335  -60.477  41.763 0.1000000015
119151  39.083  -64.473  55.934 0.1000000015
6092  38.609  -64.223  54.973 0.1000000015
6115  38.293  -63.926  53.302 0.1000000015
4987  38.848  -65.569  53.957 0.1000000015
121292  38.720  -65.960  53.353 0.1000000015
4470  36.736  -67.048  48.962 0.1000000015
6107  38.645  -64.731  54.253 0.1000000015
4413  37.456  -66.553  52.974 0.1000000015
4440  37.888  -66.658  51.318 0.1000000015
4454  37.284  -66.777  49.594 0.1000000015
3963  36.326  -67.241  48.267 0.1000000015
4484  36.649  -66.820  47.553 0.1000000015
4485  35.628  -66.858  46.930 0.1000000015
4469  37.377  -66.567  48.531 0.1000000015
122291  36.313  -66.630  46.955 0.1000000015
5089  35.284  -65.335  46.120 0.1000000015
5090  34.413  -65.337  45.950 0.1000000015
5637  33.936  -64.511  45.503 0.1000000015
6209  34.547  -63.760  45.363 0.1000000015
6210  33.207  -63.995  45.180 0.1000000015
6226  33.257  -63.097  44.753 0.1000000015
7445  32.894  -61.401  43.846 0.1000000015
6796  32.678  -62.239  44.290 0.1000000015
8074  33.588  -60.553  43.138 0.1000000015
7454  33.682  -61.061  43.834 0.1000000015
8085  34.223  -60.183  42.671 0.1000000015
8099  33.975  -60.149  41.889 0.1000000015
7483  33.736  -60.968  40.612 0.1000000015
5565  40.100  -64.617  50.633 0.1000000015
5576  40.044  -64.519  49.704 0.1000000015
5513  39.146  -64.839  54.991 0.1000000015
5512  39.718  -64.691  55.048 0.1000000015
5525  39.761  -64.998  54.267 0.1000000015
124048  38.237  -66.391  52.917 0.1000000015
119926  39.524  -65.364  51.338 0.1000000015
5022  39.454  -65.107  49.295 0.1000000015
5038  38.727  -65.670  48.811 0.1000000015
4966  39.097  -65.153  54.595 0.1000000015
4999  38.676  -66.150  51.672 0.1000000015
5010  38.584  -66.112  50.602 0.1000000015
4468  38.139  -66.088  48.004 0.1000000015
5055  37.885  -66.097  47.101 0.1000000015
5087  37.084  -65.356  46.130 0.1000000015
4483  37.322  -66.477  47.682 0.1000000015
4499  37.080  -66.392  47.007 0.1000000015
5635  35.751  -64.612  45.779 0.1000000015
6208  35.406  -63.827  45.470 0.1000000015
129169  33.831  -63.670  45.210 0.1000000015
6794  34.741  -62.189  44.716 0.1000000015
6225  34.190  -62.975  44.967 0.1000000015
8060  35.078  -60.949  44.099 0.1000000015
7444  34.493  -61.347  44.254 0.1000000015
6795  33.694  -62.009  44.430 0.1000000015
8073  34.504  -60.607  43.572 0.1000000015
8084  35.166  -60.025  42.908 0.1000000015
6686  40.739  -63.532  53.180 0.1000000015
128654  40.568  -63.883  55.532 0.1000000015
6106  40.769  -63.630  54.171 0.1000000015
6126  40.788  -63.720  51.582 0.1000000015
5564  40.692  -64.159  51.011 0.1000000015
5575  40.575  -64.084  50.043 0.1000000015
5493  39.342  -64.097  56.787 0.1000000015
6080  40.056  -63.921  56.184 0.1000000015
5511  40.545  -64.369  54.621 0.1000000015
6105  41.024  -64.024  53.918 0.1000000015
5551  40.648  -64.309  52.095 0.1000000015
5552  40.017  -64.828  51.714 0.1000000015
5037  39.482  -65.007  48.444 0.1000000015
5054  38.652  -65.618  47.274 0.1000000015
127952  38.895  -65.486  47.997 0.1000000015
124124  37.866  -65.374  46.104 0.1000000015
5634  36.684  -64.705  45.804 0.1000000015
6776  36.016  -63.126  45.293 0.1000000015
6777  35.086  -63.014  45.186 0.1000000015
6793  35.715  -62.302  44.931 0.1000000015
8059  35.676  -60.991  44.180 0.1000000015
128823  35.884  -60.152  43.252 0.1000000015
8759  35.983  -59.782  42.518 0.1000000015
6676  40.204  -63.045  54.210 0.1000000015
6698  40.546  -63.301  52.166 0.1000000015
6135  40.568  -63.657  50.573 0.1000000015
6091  40.616  -63.611  55.053 0.1000000015
6157  40.134  -63.870  48.631 0.1000000015
5588  39.865  -64.326  48.221 0.1000000015
5053  39.388  -65.053  47.484 0.1000000015
139288  39.418  -65.020  46.857 0.1000000015
5086  38.613  -65.150  45.793 0.1000000015
5633  37.822  -64.846  45.730 0.1000000015
6206  37.226  -64.081  45.496 0.1000000015
6207  36.290  -63.918  45.526 0.1000000015
6792  36.820  -62.593  45.010 0.1000000015
6224  36.788  -63.385  45.325 0.1000000015
7440  37.879  -61.973  44.246 0.1000000015
7443  35.330  -61.528  44.475 0.1000000015
7452  37.797  -61.300  43.797 0.1000000015
7453  37.122  -61.259  44.165 0.1000000015
8071  37.254  -60.621  43.499 0.1000000015
8771  37.035  -59.678  40.833 0.1000000015
129907  40.328  -63.085  53.482 0.1000000015
6687  40.066  -62.826  52.690 0.1000000015
118574  39.839  -62.698  50.285 0.1000000015
6146  40.242  -63.590  49.475 0.1000000015
120765  39.770  -63.124  48.449 0.1000000015
7350  39.310  -62.443  54.101 0.1000000015
116350  39.830  -63.751  47.613 0.1000000015
5631  39.283  -64.930  45.406 0.1000000015
5632  38.897  -64.854  45.140 0.1000000015
6205  38.221  -64.362  45.248 0.1000000015
6791  37.885  -62.882  44.608 0.1000000015
7441  37.197  -61.951  44.564 0.1000000015
132052  38.215  -60.903  43.169 0.1000000015
8082  37.546  -60.119  42.601 0.1000000015
8098  39.095  -60.048  41.282 0.1000000015
8781  39.487  -59.150  39.065 0.1000000015
7363  38.802  -61.924  53.096 0.1000000015
6688  39.632  -62.566  53.288 0.1000000015
7371  39.119  -61.884  51.554 0.1000000015
7392  39.238  -61.972  49.791 0.1000000015
128642  38.899  -61.667  49.071 0.1000000015
7399  39.059  -62.025  48.165 0.1000000015
6712  39.638  -62.358  51.090 0.1000000015
6722  39.545  -62.517  49.212 0.1000000015
6732  39.444  -62.737  47.462 0.1000000015
136934  39.796  -64.072  46.644 0.1000000015
126131  39.807  -64.006  45.919 0.1000000015
134799  39.539  -64.625  44.796 0.1000000015
6222  39.030  -64.251  44.536 0.1000000015
8078  45.711  -59.356  42.176 0.1000000015
7462  44.211  -60.618  42.086 0.1000000015
7463  43.267  -61.307  42.129 0.1000000015
133469  41.641  -62.256  42.417 0.1000000015
6821  40.924  -63.161  42.631 0.1000000015
6790  38.837  -63.137  44.028 0.1000000015
8080  44.303  -59.991  41.303 0.1000000015
7473  43.603  -60.557  41.324 0.1000000015
7464  41.867  -61.721  41.638 0.1000000015
6807  39.552  -63.024  43.410 0.1000000015
8754  45.278  -59.132  41.824 0.1000000015
8092  44.417  -59.565  41.473 0.1000000015
8094  43.192  -60.292  40.717 0.1000000015
7476  41.444  -61.411  41.312 0.1000000015
138840  38.764  -60.916  42.714 0.1000000015
8744  45.443  -58.933  41.946 0.1000000015
8755  44.441  -59.422  41.589 0.1000000015
8106  42.245  -60.239  40.369 0.1000000015
8095  41.722  -60.461  40.417 0.1000000015
8081  38.453  -60.382  42.320 0.1000000015
9545  41.350  -59.289  40.318 0.1000000015
8108  40.645  -59.627  40.052 0.1000000015
8780  39.999  -59.070  39.426 0.1000000015
7372  37.728  -60.790  51.934 0.1000000015
123389  38.515  -61.530  52.178 0.1000000015
7975  38.369  -61.181  51.303 0.1000000015
7986  38.233  -60.825  50.620 0.1000000015
7393  38.739  -61.431  49.688 0.1000000015
7381  38.941  -61.646  50.546 0.1000000015
129529  38.446  -61.068  49.179 0.1000000015
7407  38.931  -61.895  47.045 0.1000000015
6169  39.613  -63.269  46.669 0.1000000015
6204  39.842  -64.593  44.957 0.1000000015
6221  39.940  -64.428  44.307 0.1000000015
6788  41.294  -63.029  43.410 0.1000000015
6234  39.847  -64.046  43.825 0.1000000015
7436  44.467  -60.850  43.002 0.1000000015
7449  42.911  -61.590  42.995 0.1000000015
6820  41.234  -63.040  42.788 0.1000000015
6806  40.461  -63.577  43.384 0.1000000015
124211  45.593  -60.228  42.985 0.1000000015
9477  44.773  -58.741  43.811 0.1000000015
9514  44.193  -59.065  42.261 0.1000000015
7976  37.669  -60.273  51.073 0.1000000015
7987  37.780  -60.156  50.269 0.1000000015
8008  38.036  -60.431  48.939 0.1000000015
8018  37.876  -60.162  48.138 0.1000000015
7996  38.281  -60.786  49.850 0.1000000015
7400  38.374  -61.026  48.361 0.1000000015
8017  38.197  -60.529  47.650 0.1000000015
7408  38.510  -61.193  47.431 0.1000000015
7418  38.777  -61.129  46.564 0.1000000015
7417  39.221  -61.901  46.238 0.1000000015
7429  39.773  -62.430  45.462 0.1000000015
6774  40.482  -63.365  44.590 0.1000000015
6775  40.167  -63.871  45.217 0.1000000015
118387  41.817  -61.690  43.791 0.1000000015
7439  41.150  -61.926  44.190 0.1000000015
128757  40.940  -63.024  44.083 0.1000000015
132608  44.494  -60.849  44.048 0.1000000015
6220  40.398  -64.014  43.844 0.1000000015
8731  47.066  -58.709  43.401 0.1000000015
8053  46.415  -59.698  43.429 0.1000000015
9475  47.096  -58.504  43.793 0.1000000015
9490  46.803  -58.697  42.856 0.1000000015
8629  37.499  -59.315  49.938 0.1000000015
7997  37.720  -59.914  49.460 0.1000000015
8657  37.595  -59.031  48.525 0.1000000015
8682  38.087  -59.804  47.462 0.1000000015
8029  38.428  -60.389  46.966 0.1000000015
127816  38.965  -60.327  46.309 0.1000000015
8028  39.368  -61.199  45.763 0.1000000015
8056  41.485  -60.991  44.572 0.1000000015
8057  40.701  -61.048  44.766 0.1000000015
8055  42.496  -61.024  44.431 0.1000000015
8054  43.456  -61.037  44.342 0.1000000015
8052  47.035  -59.027  42.971 0.1000000015
9476  46.349  -58.547  43.590 0.1000000015
130034  44.222  -58.576  44.821 0.1000000015
9411  37.656  -58.351  48.832 0.1000000015
10211  39.101  -58.166  47.820 0.1000000015
129365  38.144  -59.009  47.552 0.1000000015
9409  40.034  -58.165  47.874 0.1000000015
136871  38.728  -58.697  47.461 0.1000000015
9453  39.817  -59.098  46.842 0.1000000015
8681  38.794  -59.396  46.905 0.1000000015
8705  39.635  -59.679  46.324 0.1000000015
8722  40.313  -59.946  45.851 0.1000000015
8045  40.100  -60.716  45.330 0.1000000015
120938  43.186  -60.580  45.169 0.1000000015
8042  43.996  -60.742  44.924 0.1000000015
8720  47.489  -58.800  44.485 0.1000000015
120507  45.517  -60.490  44.046 0.1000000015
9450  44.991  -58.302  45.968 0.1000000015
9451  43.938  -58.189  46.115 0.1000000015
118358  40.959  -58.331  48.117 0.1000000015
9430  39.495  -58.666  47.327 0.1000000015
9429  40.568  -58.762  47.356 0.1000000015
8679  41.942  -59.270  47.299 0.1000000015
8704  40.603  -59.385  46.589 0.1000000015
8703  41.543  -59.516  46.660 0.1000000015
128711  41.062  -59.775  46.065 0.1000000015
8044  41.077  -60.348  45.374 0.1000000015
8043  42.182  -60.466  45.282 0.1000000015
9449  46.391  -58.221  45.554 0.1000000015
9462  47.585  -58.021  44.849 0.1000000015
119873  44.935  -60.654  44.928 0.1000000015
10221  45.532  -58.033  46.624 0.1000000015
9428  41.484  -58.806  47.659 0.1000000015
8678  42.748  -59.341  47.535 0.1000000015
8676  44.424  -59.887  47.230 0.1000000015
8677  43.617  -59.623  47.448 0.1000000015
8016  45.307  -60.123  46.826 0.1000000015
8027  42.957  -60.124  46.129 0.1000000015
139097  47.407  -57.903  45.446 0.1000000015
10228  48.284  -57.718  45.721 0.1000000015
8730  47.369  -58.191  44.635 0.1000000015
8040  46.978  -59.310  43.876 0.1000000015
8024  46.823  -59.756  45.176 0.1000000015
10207  44.829  -57.646  47.361 0.1000000015
8719  48.072  -58.313  45.326 0.1000000015
8652  46.917  -59.460  48.013 0.1000000015
8701  43.795  -60.044  46.705 0.1000000015
120800  43.117  -59.738  46.923 0.1000000015
136259  46.201  -60.153  46.297 0.1000000015
117143  44.570  -60.262  46.525 0.1000000015
8672  48.598  -58.115  46.052 0.1000000015
8700  47.110  -59.635  46.197 0.1000000015
8699  47.688  -59.093  45.312 0.1000000015
8025  45.463  -60.439  45.789 0.1000000015
121393  30.373  -67.381  45.923 0.1000000015
4519  30.405  -66.653  45.613 0.1000000015
5094  30.185  -65.389  44.971 0.1000000015
4520  29.700  -66.155  45.155 0.1000000015
6261  30.307  -63.644  40.798 0.1000000015
5106  29.845  -64.569  44.453 0.1000000015
6843  31.395  -62.687  40.817 0.1000000015
6236  29.399  -63.290  43.371 0.1000000015
6244  29.092  -63.206  42.720 0.1000000015
6245  28.473  -63.775  42.554 0.1000000015
6237  28.658  -63.767  43.170 0.1000000015
5040  33.051  -65.710  49.312 0.1000000015
4521  28.795  -66.758  45.056 0.1000000015
5654  29.062  -64.719  44.166 0.1000000015
5026  34.504  -66.466  50.628 0.1000000015
130350  33.889  -68.169  49.533 0.1000000015
139421  31.569  -67.735  46.445 0.1000000015
7469  31.449  -61.339  42.245 0.1000000015
3921  34.749  -67.183  51.289 0.1000000015
4428  35.228  -67.020  51.686 0.1000000015
3950  34.361  -67.947  50.230 0.1000000015
137124  33.687  -68.439  48.070 0.1000000015
5653  30.505  -64.113  44.446 0.1000000015
7468  32.112  -60.898  42.480 0.1000000015
3977  35.986  -67.183  47.522 0.1000000015
121505  34.999  -66.928  46.819 0.1000000015
4500  34.279  -66.842  46.657 0.1000000015
4415  36.620  -66.932  52.578 0.1000000015
5651  31.980  -64.247  44.945 0.1000000015
5638  32.617  -64.300  45.157 0.1000000015
128034  31.646  -63.605  44.567 0.1000000015
4441  37.138  -67.217  51.056 0.1000000015
6114  38.440  -64.983  53.495 0.1000000015
4425  37.667  -66.707  52.425 0.1000000015
4426  37.162  -67.163  52.155 0.1000000015
5070  35.741  -66.125  46.537 0.1000000015
119182  38.003  -66.285  49.014 0.1000000015
136973  38.393  -66.071  49.353 0.1000000015
5069  36.635  -65.962  46.548 0.1000000015
5088  36.161  -65.333  46.180 0.1000000015
5636  34.878  -64.573  45.672 0.1000000015
8760  34.904  -59.804  41.963 0.1000000015
119279  33.796  -60.488  41.197 0.1000000015
5009  39.345  -65.366  50.377 0.1000000015
5502  39.635  -64.361  55.797 0.1000000015
5524  40.609  -64.442  53.588 0.1000000015
4998  39.206  -65.757  52.424 0.1000000015
5066  39.093  -65.290  46.712 0.1000000015
5067  38.388  -65.515  46.503 0.1000000015
8072  35.428  -60.545  43.682 0.1000000015
139456  35.472  -59.761  42.266 0.1000000015
6113  41.019  -63.990  52.731 0.1000000015
5587  40.281  -64.112  49.181 0.1000000015
5085  39.008  -65.264  46.058 0.1000000015
8058  36.318  -60.657  43.835 0.1000000015
8083  36.619  -60.029  42.971 0.1000000015
6711  40.355  -63.034  51.219 0.1000000015
6699  39.845  -62.570  51.833 0.1000000015
6190  39.600  -64.637  45.976 0.1000000015
6223  37.669  -63.570  45.087 0.1000000015
7442  36.310  -61.554  44.505 0.1000000015
130388  38.567  -61.971  43.654 0.1000000015
8757  38.077  -59.840  41.539 0.1000000015
8758  36.949  -59.687  41.866 0.1000000015
8769  38.943  -59.640  40.265 0.1000000015
7362  39.306  -62.190  52.408 0.1000000015
8768  39.807  -59.606  40.080 0.1000000015
8097  40.087  -60.297  40.956 0.1000000015
6758  39.568  -62.924  46.013 0.1000000015
6203  40.281  -64.221  44.325 0.1000000015
124263  42.332  -61.755  42.268 0.1000000015
7474  42.719  -61.167  41.169 0.1000000015
7466  40.268  -62.076  42.364 0.1000000015
8070  39.261  -61.754  42.962 0.1000000015
7451  40.218  -62.952  42.880 0.1000000015
7475  42.150  -61.043  40.679 0.1000000015
124651  40.932  -62.215  41.978 0.1000000015
9491  46.061  -58.704  42.557 0.1000000015
8105  43.366  -59.906  40.731 0.1000000015
7467  39.455  -60.829  42.150 0.1000000015
8096  41.013  -60.481  40.635 0.1000000015
132259  44.919  -58.828  42.648 0.1000000015
8767  42.241  -59.782  40.475 0.1000000015
8778  41.615  -59.779  40.244 0.1000000015
137988  40.629  -58.887  39.840 0.1000000015
8779  40.764  -59.246  39.936 0.1000000015
6789  40.711  -63.730  43.794 0.1000000015
7437  43.623  -61.265  43.554 0.1000000015
7450  41.889  -61.990  43.103 0.1000000015
134952  45.026  -58.591  44.570 0.1000000015
7428  40.269  -61.894  44.872 0.1000000015
9463  46.874  -58.334  44.380 0.1000000015
130276  45.640  -58.468  44.958 0.1000000015
8026  44.087  -60.497  45.815 0.1000000015
8721  41.898  -59.940  46.045 0.1000000015
10966  36.973  -56.947  43.852 0.4000000060
10270  37.436  -57.554  40.534 0.3000000119
10249  36.521  -57.283  42.182 0.3000000119
10245  36.710  -57.163  43.025 0.4000000060
10271  36.400  -57.479  41.182 0.3000000119
10967  36.063  -56.927  42.793 0.4000000060
4601  34.899  -66.181  38.372 0.1000000015
5190  33.963  -65.763  38.022 0.1000000015
6293  34.375  -64.193  37.402 0.2000000030
6888  34.183  -62.343  37.339 0.3000000119
10981  33.315  -56.357  41.664 0.4000000060
8796  33.921  -59.177  39.086 0.4000000060
128719  34.953  -63.068  37.031 0.2000000030
8804  33.714  -59.719  38.634 0.4000000060
9561  33.476  -58.655  39.577 0.4000000060
10274  33.853  -57.154  41.308 0.4000000060
121883  34.321  -67.196  38.629 0.1000000015
139842  34.295  -63.587  37.299 0.3000000119
8797  32.913  -59.160  39.137 0.4000000060
10293  33.375  -57.551  40.658 0.4000000060
133286  33.723  -66.620  38.296 0.1000000015
10973  33.672  -55.899  42.346 0.5000000000
5733  33.044  -64.597  37.503 0.2000000030
6294  33.591  -63.057  37.365 0.3000000119
7517  33.391  -61.527  37.733 0.3000000119
11670  33.729  -54.792  43.281 0.4000000060
13143  34.249  -53.768  44.295 0.4000000060
8120  33.283  -60.535  38.259 0.4000000060
8805  32.579  -59.741  38.623 0.4000000060
9550  32.962  -58.021  40.108 0.4000000060
121502  32.512  -57.263  40.412 0.4000000060
10994  32.913  -56.849  41.040 0.5000000000
4612  32.817  -66.555  37.864 0.2000000030
5191  32.917  -65.484  37.658 0.2000000030
128538  33.201  -63.787  37.401 0.2000000030
5732  34.301  -64.932  37.647 0.2000000030
4098  33.292  -67.450  38.245 0.1000000015
8121  32.200  -60.270  38.225 0.4000000060
9562  32.387  -58.372  39.459 0.4000000060
11683  32.893  -55.539  41.894 0.5000000000
11675  32.834  -54.892  42.241 0.5000000000
13151  33.545  -53.917  43.396 0.4000000060
10298  32.239  -57.640  39.864 0.4000000060
10982  32.574  -56.082  41.233 0.5000000000
134525  32.356  -55.432  41.284 0.5000000000
12395  33.170  -54.480  42.713 0.4000000060
6295  32.480  -63.193  37.284 0.2000000030
126175  32.840  -62.392  37.487 0.3000000119
7518  32.144  -61.713  37.497 0.3000000119
10995  32.223  -56.501  40.590 0.5000000000
12396  32.662  -54.341  42.122 0.5000000000
13987  33.288  -53.121  42.950 0.4000000060
13986  33.793  -52.999  43.764 0.4000000060
6889  31.958  -62.502  37.176 0.4000000060
9570  32.080  -59.045  38.859 0.4000000060
121345  32.028  -55.740  40.711 0.5000000000
4613  32.139  -67.030  37.275 0.2000000030
5192  32.149  -65.062  37.162 0.2000000030
14826  33.624  -52.181  43.075 0.4000000060
5734  32.181  -64.071  37.142 0.2000000030
7503  32.263  -60.945  37.879 0.3000000119
8806  31.806  -59.607  38.269 0.4000000060
134588  31.764  -57.652  39.370 0.4000000060
119110  32.647  -67.461  37.734 0.2000000030
5199  31.671  -65.579  36.544 0.2000000030
6296  31.840  -63.312  36.910 0.3000000119
120532  34.145  -52.132  43.968 0.4000000060
132109  31.781  -56.932  39.911 0.5000000000
11697  31.992  -54.919  40.874 0.5000000000
16582  34.545  -49.671  44.667 0.4000000060
132455  31.963  -67.298  36.759 0.2000000030
124097  32.096  -66.060  37.236 0.2000000030
8122  31.583  -60.259  37.517 0.4000000060
9563  31.715  -58.295  38.909 0.4000000060
13169  32.598  -53.680  41.919 0.5000000000
4110  32.168  -67.729  36.415 0.2000000030
5745  31.727  -64.594  36.646 0.2000000030
128970  31.732  -63.919  36.660 0.2000000030
125411  31.448  -60.927  36.914 0.4000000060
11000  31.523  -56.235  39.528 0.5000000000
3581  32.849  -68.401  36.344 0.2000000030
7519  31.598  -61.757  36.930 0.4000000060
127992  31.724  -61.109  37.358 0.3000000119
134263  31.514  -57.639  38.806 0.5000000000
10996  31.730  -56.163  40.178 0.5000000000
13168  32.970  -53.796  42.595 0.5000000000
4122  32.310  -67.774  35.622 0.2000000030
120855  35.299  -48.119  44.439 0.4000000060
19282  37.209  -47.012  45.446 0.2000000030
15698  34.482  -50.533  44.429 0.4000000060
14825  34.104  -51.389  43.382 0.4000000060
4614  31.775  -66.581  36.707 0.2000000030
6310  31.527  -63.428  36.244 0.4000000060
14009  32.717  -52.965  41.710 0.4000000060
127491  33.824  -51.388  42.675 0.4000000060
4111  31.737  -67.082  36.092 0.2000000030
118356  31.505  -64.803  36.032 0.2000000030
127874  31.566  -64.157  36.244 0.2000000030
128422  31.580  -66.281  36.160 0.2000000030
125164  34.542  -49.878  43.862 0.4000000060
14844  34.231  -50.667  42.666 0.4000000060
9571  31.586  -58.824  38.326 0.3000000119
11698  31.626  -55.431  40.051 0.5000000000
12420  32.053  -54.087  40.641 0.5000000000
14845  33.464  -51.777  42.167 0.4000000060
6907  31.612  -62.632  36.615 0.4000000060
8145  31.369  -60.286  36.726 0.4000000060
126545  31.444  -59.272  37.624 0.3000000119
126061  31.441  -58.026  38.270 0.4000000060
7533  31.417  -61.365  36.389 0.4000000060
11703  31.484  -55.554  39.166 0.5000000000
5206  31.505  -65.630  35.642 0.2000000030
119694  34.556  -49.927  43.047 0.4000000060
13189  32.408  -53.506  41.165 0.5000000000
13209  32.340  -53.327  40.343 0.5000000000
9573  31.398  -58.465  37.643 0.4000000060
10305  31.409  -57.220  38.335 0.5000000000
12421  31.747  -54.626  40.190 0.5000000000
11718  31.501  -55.838  37.795 0.5000000000
10310  31.407  -57.647  37.474 0.5000000000
135395  34.235  -57.724  40.643 0.4000000060
137902  34.686  -49.247  44.109 0.4000000060
15716  34.387  -50.647  43.585 0.4000000060
12427  31.619  -54.789  39.481 0.5000000000
130998  36.872  -58.836  37.831 0.3000000119
10297  36.350  -57.960  39.377 0.3000000119
10291  35.823  -57.662  40.488 0.2000000030
8802  37.202  -59.510  37.330 0.2000000030
9569  35.911  -58.957  38.063 0.3000000119
123898  35.923  -59.529  37.623 0.3000000119
8132  37.000  -60.915  36.453 0.2000000030
8133  35.833  -60.850  36.932 0.2000000030
132143  35.582  -63.714  36.905 0.2000000030
3602  34.301  -68.852  35.000 0.1000000015
4132  33.991  -68.329  34.286 0.1000000015
133291  32.936  -62.966  32.310 0.1000000015
137827  38.133  -58.141  38.559 0.1000000015
10290  36.888  -57.648  39.941 0.2000000030
124217  37.136  -58.440  38.273 0.2000000030
8800  38.580  -59.410  37.826 0.1000000015
8812  37.769  -60.553  36.882 0.1000000015
9568  37.973  -59.149  37.506 0.2000000030
8801  38.210  -59.831  37.334 0.1000000015
8117  37.831  -60.860  36.783 0.1000000015
4099  32.412  -67.901  37.144 0.1000000015
5233  31.746  -64.931  34.024 0.1000000015
5775  31.650  -64.102  33.937 0.1000000015
6334  31.695  -63.251  33.862 0.1000000015
5232  32.231  -65.367  33.462 0.1000000015
6333  32.009  -63.770  33.303 0.1000000015
6959  32.104  -62.972  33.235 0.1000000015
6960  31.821  -62.433  33.739 0.1000000015
6350  32.535  -63.490  32.674 0.1000000015
7556  32.659  -61.761  32.854 0.1000000015
8870  32.650  -59.901  33.604 0.1000000015
116003  33.132  -60.308  32.970 0.1000000015
8869  33.286  -59.480  33.240 0.1000000015
133075  31.410  -62.710  35.988 0.1000000015
8824  31.337  -59.606  36.860 0.3000000119
4640  31.687  -66.170  34.905 0.1000000015
137335  31.483  -64.842  35.337 0.1000000015
124814  31.425  -63.121  35.377 0.1000000015
7546  31.486  -61.803  34.844 0.2000000030
120825  31.355  -59.877  36.002 0.3000000119
10317  31.517  -57.946  36.529 0.3000000119
11025  31.573  -57.007  36.735 0.3000000119
4639  32.205  -66.615  34.341 0.1000000015
6319  31.495  -63.604  34.623 0.1000000015
8153  31.447  -60.554  35.467 0.2000000030
9589  31.757  -58.217  35.630 0.3000000119
4652  32.490  -66.190  33.629 0.1000000015
8173  31.906  -61.134  33.952 0.1000000015
8849  32.266  -59.398  34.281 0.2000000030
9588  32.321  -57.787  34.994 0.3000000119
9626  32.826  -59.049  33.779 0.1000000015
9605  33.036  -58.412  33.954 0.2000000030
11043  33.155  -56.410  35.104 0.4000000060
8885  33.783  -59.825  32.617 0.1000000015
9625  33.448  -58.698  33.501 0.1000000015
10345  33.509  -57.328  34.290 0.3000000119
9479  42.616  -58.546  44.490 0.1000000015
118749  41.158  -58.753  42.463 0.1000000015
12426  31.928  -53.920  39.731 0.4000000060
12432  31.591  -54.950  38.683 0.4000000060
139799  31.394  -58.204  37.143 0.3000000119
11012  31.440  -56.684  37.652 0.4000000060
11024  32.059  -56.480  36.148 0.4000000060
12468  32.557  -54.903  36.779 0.4000000060
11044  32.510  -56.848  35.401 0.4000000060
127286  33.477  -55.697  35.461 0.5000000000
11065  33.504  -56.750  34.645 0.3000000119
11768  33.972  -56.119  34.822 0.5000000000
9646  34.778  -58.791  32.707 0.2000000030
9624  34.256  -58.233  33.316 0.1000000015
125817  34.104  -56.796  34.293 0.4000000060
8184  34.437  -60.095  32.088 0.1000000015
131123  34.422  -59.443  32.491 0.1000000015
125704  34.843  -57.611  33.473 0.2000000030
10368  34.169  -57.446  33.812 0.2000000030
7566  34.924  -61.306  31.127 0.1000000015
8197  35.258  -60.349  31.513 0.1000000015
9623  35.240  -58.093  33.042 0.2000000030
8213  35.751  -60.895  30.845 0.1000000015
136905  36.082  -60.262  31.179 0.1000000015
14025  32.642  -52.716  40.894 0.4000000060
14024  33.050  -52.195  41.507 0.3000000119
14038  32.693  -52.601  40.052 0.4000000060
126037  31.856  -54.535  38.188 0.4000000060
12431  31.859  -54.230  38.838 0.4000000060
12446  32.152  -54.634  37.531 0.4000000060
13232  33.016  -53.076  38.313 0.4000000060
11728  33.044  -55.286  36.102 0.4000000060
12493  33.933  -54.950  35.848 0.4000000060
12467  33.389  -54.537  36.506 0.4000000060
132826  34.213  -55.466  35.300 0.5000000000
11767  34.943  -55.644  34.852 0.4000000060
11082  34.970  -56.900  33.878 0.3000000119
11064  34.678  -56.331  34.428 0.4000000060
9662  37.002  -58.842  32.107 0.2000000030
9644  36.659  -58.481  32.490 0.2000000030
10367  35.685  -57.439  33.423 0.2000000030
8196  36.727  -59.916  31.199 0.1000000015
8902  36.085  -59.679  31.599 0.2000000030
6384  37.851  -63.860  29.871 0.1000000015
128765  33.141  -51.898  40.538 0.4000000060
14868  33.494  -51.441  41.368 0.4000000060
14070  33.183  -52.489  38.926 0.4000000060
13261  33.796  -53.047  37.675 0.4000000060
14097  33.785  -52.484  38.369 0.4000000060
13285  33.791  -53.710  36.955 0.4000000060
139143  34.522  -54.606  35.946 0.4000000060
132745  34.238  -54.289  36.329 0.4000000060
11749  34.857  -54.937  35.530 0.3000000119
11766  35.988  -55.623  34.765 0.4000000060
11748  35.610  -55.183  35.224 0.4000000060
11080  36.916  -56.667  33.878 0.3000000119
11081  36.049  -56.764  33.827 0.3000000119
11063  35.512  -56.244  34.346 0.4000000060
9661  37.662  -58.985  31.875 0.2000000030
9642  38.187  -58.526  32.297 0.2000000030
10388  37.155  -57.954  32.860 0.2000000030
10389  36.237  -57.964  32.934 0.2000000030
8900  37.477  -59.594  31.298 0.2000000030
118399  39.037  -64.217  29.481 0.1000000015
6383  38.760  -63.763  29.592 0.1000000015
16622  34.609  -49.880  42.217 0.3000000119
14888  33.858  -51.066  40.600 0.4000000060
15759  33.923  -50.858  41.352 0.3000000119
14925  34.409  -51.470  39.258 0.4000000060
14924  35.285  -51.551  38.870 0.4000000060
14069  34.514  -51.996  38.568 0.4000000060
14096  34.571  -52.589  37.898 0.4000000060
13259  35.305  -53.333  37.069 0.4000000060
13260  34.586  -53.196  37.287 0.4000000060
12466  36.118  -54.192  36.204 0.4000000060
13283  35.673  -53.721  36.644 0.3000000119
11763  38.827  -55.637  34.636 0.3000000119
11764  37.928  -55.511  34.796 0.3000000119
126532  37.337  -55.130  35.226 0.3000000119
133825  36.512  -54.536  35.808 0.3000000119
9641  39.550  -58.408  32.407 0.2000000030
134763  39.306  -57.835  32.926 0.2000000030
11078  38.612  -56.911  33.643 0.3000000119
11060  38.267  -56.254  34.215 0.2000000030
11061  37.394  -56.206  34.286 0.3000000119
11765  36.931  -55.601  34.756 0.3000000119
131214  38.852  -58.587  32.220 0.2000000030
10366  37.716  -57.514  33.232 0.2000000030
120412  38.137  -59.347  31.452 0.2000000030
16621  34.965  -49.281  42.654 0.3000000119
17495  35.680  -48.794  42.334 0.3000000119
134440  35.149  -49.384  41.907 0.4000000060
15758  34.289  -50.454  41.773 0.3000000119
15780  36.375  -50.339  40.155 0.3000000119
16664  35.761  -49.877  40.658 0.4000000060
139763  36.503  -51.064  39.371 0.4000000060
15791  36.093  -50.763  39.630 0.4000000060
14905  35.151  -50.953  39.562 0.4000000060
14922  36.896  -51.854  38.567 0.4000000060
14068  35.500  -52.204  38.191 0.4000000060
123648  36.801  -52.678  37.667 0.3000000119
134321  36.053  -52.602  37.709 0.4000000060
122742  35.358  -52.834  37.532 0.4000000060
12462  39.385  -54.086  35.983 0.3000000119
12463  38.570  -54.187  36.000 0.2000000030
13280  38.265  -53.733  36.496 0.2000000030
13256  38.087  -53.214  37.087 0.2000000030
13282  36.581  -53.684  36.657 0.3000000119
13258  36.133  -53.164  37.202 0.3000000119
126534  39.348  -55.107  35.053 0.3000000119
12489  38.964  -54.635  35.527 0.3000000119
12490  38.062  -54.766  35.485 0.2000000030
12464  37.768  -54.212  36.096 0.2000000030
13281  37.483  -53.693  36.603 0.2000000030
10363  40.735  -57.593  33.191 0.2000000030
11076  40.375  -56.944  33.597 0.3000000119
11058  40.022  -56.322  34.081 0.3000000119
11059  39.133  -56.287  34.151 0.3000000119
120564  36.305  -47.824  43.612 0.3000000119
16600  35.020  -48.711  43.904 0.3000000119
118382  35.319  -48.727  43.145 0.3000000119
14921  37.655  -51.733  38.819 0.3000000119
14063  39.638  -52.459  38.477 0.2000000030
136866  39.982  -52.328  39.159 0.2000000030
14065  38.076  -52.261  38.270 0.2000000030
14091  40.916  -52.944  37.958 0.2000000030
131891  38.873  -53.072  37.233 0.2000000030
14093  39.247  -52.708  37.788 0.2000000030
14064  38.873  -52.365  38.388 0.2000000030
18374  36.740  -47.291  45.049 0.2000000030
7581  36.295  -61.333  30.317 0.1000000015
8212  36.521  -60.563  30.726 0.1000000015
11075  41.337  -57.111  33.574 0.3000000119
9659  39.290  -58.892  31.870 0.2000000030
9559  35.960  -58.414  38.736 0.3000000119
9480  41.606  -58.489  44.271 0.1000000015
10289  38.026  -57.758  39.308 0.2000000030
127134  31.356  -60.734  36.199 0.3000000119
18394  36.042  -47.653  44.259 0.3000000119
5752  31.466  -64.059  35.515 0.1000000015
15734  33.827  -51.059  42.004 0.3000000119
123041  31.414  -62.026  36.174 0.3000000119
9579  31.353  -58.750  36.900 0.2000000030
7540  31.389  -61.390  35.580 0.2000000030
5216  31.587  -65.304  34.772 0.1000000015
8813  36.602  -60.179  37.007 0.1000000015
6972  32.566  -62.623  32.741 0.1000000015
10296  37.446  -57.982  38.833 0.2000000030
5215  31.921  -65.776  34.143 0.1000000015
5774  32.040  -64.559  33.377 0.1000000015
124702  31.523  -64.473  34.681 0.1000000015
6942  31.529  -62.608  34.539 0.1000000015
129062  32.246  -62.297  33.223 0.1000000015
7550  32.103  -61.712  33.545 0.1000000015
8160  32.060  -60.351  34.133 0.1000000015
6925  31.410  -62.279  35.403 0.2000000030
133600  31.392  -59.168  36.301 0.3000000119
8161  31.612  -60.974  34.697 0.2000000030
8835  31.566  -59.049  35.620 0.3000000119
10328  31.897  -57.341  35.849 0.4000000060
11730  31.676  -56.141  36.964 0.4000000060
8850  31.659  -59.828  34.972 0.3000000119
9607  31.936  -58.772  34.929 0.3000000119
14071  32.687  -52.893  38.987 0.4000000060
12445  32.869  -54.160  37.177 0.4000000060
8884  35.268  -59.427  32.142 0.2000000030
9645  35.726  -58.620  32.547 0.2000000030
14051  33.196  -52.156  39.606 0.4000000060
133218  33.163  -53.546  37.590 0.4000000060
9643  37.444  -58.471  32.410 0.2000000030
14907  33.711  -51.542  39.790 0.4000000060
11079  37.704  -56.871  33.706 0.2000000030
10365  38.500  -57.589  33.149 0.2000000030
15793  34.629  -50.620  40.316 0.4000000060
127322  35.387  -49.585  41.253 0.4000000060
15792  35.468  -50.407  40.158 0.4000000060
126533  38.627  -55.138  35.123 0.3000000119
10364  39.842  -57.455  33.263 0.2000000030
138172  39.129  -57.343  33.337 0.2000000030
17520  35.726  -49.173  41.675 0.4000000060
14067  36.464  -52.224  38.164 0.4000000060
14095  37.650  -52.692  37.658 0.2000000030
13279  40.799  -53.608  36.604 0.2000000030
122348  39.784  -53.563  36.601 0.2000000030
13255  39.581  -53.088  37.237 0.2000000030
16641  36.221  -49.406  41.139 0.3000000119
17494  36.590  -48.396  42.433 0.2000000030
127091  36.840  -49.166  41.400 0.3000000119
117033  36.039  -48.221  43.018 0.2000000030
17475  37.038  -47.793  43.235 0.2000000030
7515  36.422  -61.690  36.335 0.1000000015
6886  36.890  -62.407  36.017 0.1000000015
6887  35.698  -62.411  36.549 0.1000000015
127983  36.358  -63.101  36.369 0.1000000015
19299  37.892  -46.834  45.141 0.1000000015
20270  39.413  -45.689  43.655 0.1000000015
19311  38.923  -46.406  44.347 0.1000000015
18372  38.335  -47.149  44.802 0.1000000015
19298  38.431  -46.955  44.885 0.1000000015
18392  37.860  -47.464  44.215 0.1000000015
19297  39.044  -47.219  44.558 0.1000000015
18391  38.744  -47.548  44.352 0.1000000015
17493  37.532  -48.273  42.568 0.2000000030
17474  38.090  -47.841  43.387 0.1000000015
18371  39.690  -47.879  44.384 0.2000000030
16662  37.067  -49.640  40.924 0.2000000030
138843  39.645  -48.428  43.882 0.2000000030
17492  38.418  -48.397  42.769 0.2000000030
17517  37.950  -48.793  42.008 0.2000000030
16640  37.534  -49.308  41.430 0.2000000030
18369  41.123  -48.043  44.388 0.2000000030
17491  39.225  -48.670  43.045 0.2000000030
16639  38.336  -49.566  41.583 0.2000000030
15779  37.324  -50.326  40.375 0.2000000030
124961  36.975  -50.824  39.649 0.2000000030
118135  37.549  -51.273  39.390 0.2000000030
14902  38.258  -51.445  39.485 0.1000000015
18370  40.358  -47.659  44.356 0.2000000030
15756  37.897  -49.978  40.980 0.2000000030
15755  38.693  -50.346  41.227 0.2000000030
15778  38.283  -50.644  40.572 0.1000000015
15777  39.057  -51.032  40.897 0.1000000015
14887  38.681  -51.237  40.189 0.1000000015
125749  38.118  -47.091  45.021 0.1000000015
20271  38.652  -45.441  43.864 0.1000000015
20261  38.305  -46.147  44.616 0.1000000015
21262  39.079  -44.907  43.381 0.1000000015
20269  40.333  -45.909  43.481 0.1000000015
19310  39.648  -46.645  44.149 0.1000000015
17473  38.969  -48.122  43.750 0.2000000030
16599  39.924  -49.026  43.452 0.2000000030
133567  41.583  -55.984  34.414 0.2000000030
126535  40.264  -55.086  34.947 0.2000000030
11761  40.640  -55.753  34.475 0.2000000030
11056  42.185  -56.707  34.076 0.2000000030
11760  42.730  -56.005  34.735 0.2000000030
12487  40.803  -54.574  35.466 0.2000000030
126462  42.563  -55.308  35.263 0.2000000030
126536  41.464  -55.260  34.924 0.2000000030
11759  43.811  -56.251  34.813 0.2000000030
12488  39.821  -54.573  35.496 0.2000000030
12486  41.886  -54.681  35.561 0.1000000015
12485  43.027  -54.945  35.766 0.2000000030
128735  42.400  -54.353  36.202 0.2000000030
12460  41.299  -54.105  36.047 0.2000000030
12458  44.259  -54.628  36.854 0.1000000015
12459  43.466  -54.699  36.373 0.1000000015
13277  43.111  -54.200  37.002 0.1000000015
14111  45.130  -53.368  36.658 0.1000000015
127184  44.505  -52.274  36.696 0.1000000015
18390  41.001  -47.172  43.980 0.1000000015
13253  41.349  -53.353  37.305 0.1000000015
13251  44.239  -54.349  37.685 0.1000000015
13278  41.831  -53.790  36.709 0.1000000015
13250  45.249  -53.968  37.295 0.1000000015
123773  45.098  -54.079  37.967 0.1000000015
14919  44.006  -51.935  37.967 0.1000000015
14090  44.680  -52.583  37.741 0.1000000015
15802  42.376  -50.640  38.261 0.1000000015
18389  41.781  -47.380  43.975 0.1000000015
131271  43.004  -46.313  43.438 0.1000000015
19307  42.418  -46.763  43.659 0.1000000015
14092  40.038  -52.752  37.837 0.1000000015
13252  43.193  -53.854  37.870 0.1000000015
13230  43.344  -53.676  38.713 0.1000000015
14061  44.981  -53.550  38.384 0.1000000015
14920  43.115  -51.341  38.124 0.1000000015
14899  43.884  -52.077  38.907 0.1000000015
131268  43.257  -47.002  43.765 0.1000000015
17459  40.888  -48.694  44.360 0.1000000015
13223  42.394  -53.267  39.206 0.1000000015
14062  41.311  -52.882  38.855 0.1000000015
13207  44.465  -53.353  40.793 0.1000000015
13222  43.619  -53.596  39.602 0.1000000015
13231  42.066  -53.323  38.146 0.1000000015
13220  44.563  -53.182  40.229 0.1000000015
119069  44.311  -53.913  39.056 0.1000000015
14883  44.133  -52.505  40.823 0.1000000015
14033  44.692  -53.125  40.539 0.1000000015
129370  44.766  -53.409  39.273 0.1000000015
13229  44.312  -54.132  38.418 0.1000000015
15730  42.972  -50.292  42.205 0.1000000015
14864  43.379  -51.629  41.386 0.1000000015
14046  44.658  -52.943  39.721 0.1000000015
14884  42.998  -51.369  40.631 0.1000000015
18388  42.627  -47.585  44.071 0.1000000015
18368  42.022  -48.194  44.347 0.1000000015
120955  40.688  -52.524  39.576 0.1000000015
15729  43.654  -50.939  42.748 0.1000000015
14863  44.214  -52.530  41.758 0.1000000015
16617  43.482  -49.864  42.681 0.1000000015
11746  43.669  -55.703  35.349 0.1000000015
12457  44.688  -54.609  36.532 0.1000000015
122512  43.679  -52.018  39.888 0.1000000015
126759  42.705  -51.116  39.813 0.1000000015
14047  42.610  -53.258  40.154 0.1000000015
8280  42.077  -60.553  26.307 0.1000000015
8279  42.658  -59.677  26.261 0.1000000015
122138  41.977  -60.544  25.277 0.1000000015
7651  41.372  -61.431  26.318 0.1000000015
7070  40.638  -62.396  25.033 0.1000000015
6429  40.242  -62.884  24.323 0.1000000015
6431  38.988  -63.798  23.564 0.1000000015
7632  41.384  -61.234  27.285 0.1000000015
8256  42.134  -60.305  27.343 0.1000000015
7667  41.454  -61.251  25.243 0.1000000015
7056  40.947  -61.925  25.742 0.1000000015
8973  43.137  -59.116  26.794 0.1000000015
8950  43.544  -58.451  27.560 0.1000000015
8238  41.781  -60.346  28.419 0.1000000015
7619  41.343  -61.125  28.103 0.1000000015
133635  40.935  -61.862  27.267 0.1000000015
8292  42.470  -59.621  25.422 0.1000000015
8934  42.712  -59.180  29.376 0.1000000015
8222  41.511  -60.194  29.175 0.1000000015
8990  42.956  -58.749  25.840 0.1000000015
9691  43.901  -57.706  28.068 0.1000000015
10439  43.713  -57.483  27.948 0.1000000015
10450  43.192  -57.881  26.596 0.1000000015
9719  43.390  -57.933  26.707 0.1000000015
10440  43.482  -57.277  27.978 0.1000000015
8237  42.667  -59.597  27.941 0.1000000015
130141  38.023  -63.428  22.740 0.1000000015
3459  34.030  -68.262  48.474 0.1000000015
3935  34.854  -67.588  50.915 0.1000000015
3991  34.521  -67.488  47.180 0.1000000015
4008  29.912  -67.931  45.995 0.1000000015
4414  37.036  -66.919  52.735 0.1000000015
4427  35.903  -66.985  52.148 0.1000000015
4453  38.006  -66.406  50.052 0.1000000015
4631  31.624  -66.457  35.594 0.2000000030
4989  37.167  -66.647  52.959 0.1000000015
5012  36.673  -64.963  50.388 0.1000000015
5013  35.068  -66.751  51.376 0.1000000015
5023  38.742  -65.752  49.712 0.1000000015
5068  37.495  -65.831  46.534 0.1000000015
5501  40.417  -64.209  55.455 0.1000000015
5539  40.642  -64.405  52.820 0.1000000015
5540  39.859  -65.116  53.064 0.1000000015
5603  39.657  -64.558  47.003 0.1000000015
5622  39.346  -65.040  46.274 0.1000000015
6090  40.888  -63.982  54.902 0.1000000015
6443  38.778  -63.239  22.586 0.1000000015
6654  40.259  -63.559  55.844 0.1000000015
6744  39.318  -62.474  46.672 0.1000000015
6805  40.863  -63.561  43.323 0.1000000015
6823  29.503  -62.771  42.393 0.1000000015
6971  33.089  -62.310  32.293 0.1000000015
7069  41.132  -61.523  24.439 0.1000000015
7438  42.731  -61.476  43.650 0.1000000015
7448  43.696  -61.273  42.838 0.1000000015
7465  41.276  -62.395  42.220 0.1000000015
7477  40.566  -61.207  41.609 0.1000000015
7551  31.689  -61.776  34.193 0.1000000015
7580  37.023  -60.967  30.229 0.2000000030
8009  37.679  -59.656  48.677 0.1000000015
8041  46.192  -60.277  44.525 0.1000000015
8068  46.517  -59.137  42.669 0.1000000015
8069  45.102  -60.220  42.284 0.1000000015
8079  44.920  -59.669  41.742 0.1000000015
8093  43.839  -59.905  40.941 0.1000000015
8107  41.249  -59.839  40.147 0.1000000015
8172  32.479  -60.880  33.377 0.1000000015
8207  41.905  -59.654  29.672 0.1000000015
8221  42.208  -59.732  28.897 0.1000000015
8223  40.142  -60.847  29.378 0.1000000015
8639  37.489  -59.098  49.148 0.1000000015
8675  46.237  -59.783  47.209 0.1000000015
8680  41.261  -59.164  47.144 0.1000000015
8683  37.762  -59.388  48.033 0.1000000015
8702  42.387  -59.641  46.776 0.1000000015
8723  39.589  -60.317  45.851 0.1000000015
8742  46.789  -58.795  42.827 0.1000000015
8743  46.172  -58.842  42.436 0.1000000015
8765  43.797  -59.718  41.118 0.1000000015
8777  42.841  -60.011  40.482 0.1000000015
8883  36.287  -59.050  32.092 0.2000000030
8901  36.881  -59.323  31.692 0.1000000015
8972  43.392  -58.214  26.587 0.1000000015
8998  42.403  -59.011  25.178 0.1000000015
9431  38.374  -58.367  47.919 0.1000000015
9448  48.122  -57.734  45.529 0.1000000015
9461  47.966  -57.811  45.448 0.1000000015
9464  44.500  -58.448  45.370 0.1000000015
9478  43.547  -58.600  44.623 0.1000000015
9556  39.251  -58.804  38.456 0.1000000015
9606  32.541  -58.535  34.366 0.2000000030
9647  33.949  -59.052  32.921 0.2000000030
9656  42.661  -58.738  30.962 0.2000000030
9658  40.767  -58.901  31.804 0.3000000119
9660  38.503  -58.937  31.851 0.2000000030
9678  44.083  -57.641  28.988 0.2000000030
9709  43.628  -57.811  27.245 0.1000000015
9720  43.115  -58.248  26.186 0.1000000015
10190  39.497  -57.759  48.283 0.1000000015
10220  46.998  -57.853  46.313 0.1000000015
10299  31.471  -57.004  39.118 0.5000000000
10346  32.950  -57.847  34.345 0.2000000030
10362  41.657  -57.748  33.194 0.4000000060
10369  33.524  -57.979  33.849 0.3000000119
10381  43.566  -57.508  32.472 0.3000000119
10382  42.634  -58.170  32.628 0.3000000119
10383  41.930  -58.215  32.762 0.3000000119
10385  40.169  -58.007  32.810 0.2000000030
10386  38.721  -58.167  32.628 0.2000000030
10387  37.954  -58.031  32.759 0.2000000030
10396  44.115  -57.054  31.118 0.2000000030
10397  43.676  -57.738  31.607 0.2000000030
10419  44.163  -57.033  29.377 0.2000000030
10449  43.496  -57.675  27.221 0.1000000015
10451  42.964  -57.522  27.375 0.1000000015
10933  42.686  -56.756  47.708 0.1000000015
11004  31.409  -56.304  38.601 0.5000000000
11055  43.792  -56.679  34.170 0.3000000119
11057  40.999  -56.442  34.011 0.2000000030
11062  36.490  -56.203  34.319 0.3000000119
11066  32.949  -57.140  34.761 0.4000000060
11073  44.091  -56.528  33.451 0.3000000119
11074  43.047  -57.241  33.782 0.3000000119
11077  39.494  -56.858  33.653 0.2000000030
11103  44.016  -56.572  31.409 0.2000000030
11115  43.651  -56.332  30.220 0.1000000015
11129  43.964  -56.759  29.556 0.2000000030
11639  39.581  -55.604  47.558 0.4000000060
11640  38.712  -55.430  47.374 0.4000000060
11654  37.486  -55.547  46.482 0.4000000060
11659  36.441  -55.555  45.518 0.5000000000
11664  35.472  -55.460  44.586 0.5000000000
11665  34.921  -55.171  44.348 0.5000000000
11674  33.370  -55.180  42.607 0.5000000000
11684  32.457  -54.899  41.664 0.5000000000
11706  31.484  -55.549  38.450 0.4000000060
11717  31.892  -55.349  37.212 0.4000000060
11729  32.289  -55.679  36.455 0.4000000060
11747  36.503  -55.060  35.310 0.4000000060
11750  32.718  -56.030  35.722 0.4000000060
11757  44.335  -55.778  34.607 0.3000000119
11762  39.684  -55.669  34.553 0.2000000030
11807  43.557  -55.388  31.468 0.1000000015
12308  43.697  -54.405  50.364 0.1000000015
12309  42.803  -54.195  50.095 0.2000000030
12346  40.838  -54.642  48.797 0.5000000000
12407  32.331  -54.249  41.412 0.5000000000
12430  44.769  -54.199  38.064 0.1000000015
12444  44.886  -54.375  37.375 0.1000000015
12447  31.639  -55.102  37.949 0.4000000060
12461  40.286  -54.029  35.992 0.2000000030
12465  36.967  -54.178  36.205 0.2000000030
12484  44.193  -55.160  36.039 0.1000000015
12491  37.186  -54.631  35.681 0.3000000119
12492  35.789  -54.672  35.678 0.4000000060
12510  44.179  -55.023  33.069 0.1000000015
12524  43.678  -54.454  32.568 0.1000000015
12545  42.483  -54.694  31.871 0.1000000015
13022  50.811  -53.026  53.264 0.1000000015
13092  42.078  -53.787  50.022 0.3000000119
13114  36.424  -52.682  47.950 0.5000000000
13131  36.268  -53.209  47.407 0.5000000000
13136  35.399  -53.265  46.313 0.5000000000
13206  44.669  -53.133  40.965 0.1000000015
13221  44.445  -53.464  39.723 0.1000000015
13224  32.441  -53.131  39.568 0.4000000060
13228  44.696  -53.870  38.670 0.1000000015
13233  32.315  -53.491  38.904 0.4000000060
13254  40.397  -53.181  37.229 0.2000000030
13257  37.139  -53.204  37.157 0.2000000030
13262  32.396  -53.903  38.038 0.4000000060
13276  45.123  -54.185  36.680 0.1000000015
13284  34.770  -53.723  36.698 0.4000000060
13304  44.112  -53.202  34.374 0.1000000015
13323  43.773  -53.477  33.658 0.1000000015
13324  42.904  -53.242  33.448 0.1000000015
13343  42.447  -53.722  32.910 0.1000000015
13344  41.477  -53.832  33.017 0.1000000015
13808  51.079  -53.014  54.229 0.1000000015
13827  50.615  -52.695  53.523 0.1000000015
13832  44.964  -52.107  53.493 0.1000000015
13833  44.172  -52.462  53.287 0.1000000015
13835  42.101  -52.061  53.206 0.2000000030
13848  41.689  -52.502  52.557 0.4000000060
13859  41.383  -52.779  51.677 0.4000000060
13860  40.588  -52.541  51.405 0.4000000060
13885  40.336  -52.725  50.567 0.5000000000
13886  39.540  -52.522  50.339 0.5000000000
13907  39.228  -52.847  49.681 0.5000000000
13910  36.788  -51.811  48.989 0.5000000000
13928  36.632  -52.214  48.520 0.5000000000
14008  33.159  -52.565  42.301 0.4000000060
14052  32.812  -52.617  39.405 0.4000000060
14066  37.264  -52.250  38.196 0.3000000119
14089  45.138  -53.408  37.512 0.1000000015
14094  38.469  -52.690  37.708 0.2000000030
14128  44.974  -53.655  35.896 0.1000000015
14176  41.466  -52.822  34.023 0.1000000015
14694  49.527  -50.902  52.419 0.1000000015
14695  48.797  -51.142  52.354 0.1000000015
14701  41.873  -51.361  53.439 0.1000000015
14703  39.927  -51.219  53.288 0.2000000030
14710  49.450  -50.559  52.176 0.1000000015
14713  47.953  -50.233  51.549 0.1000000015
14714  39.532  -51.592  52.715 0.4000000060
14900  42.912  -51.296  39.025 0.1000000015
14903  36.844  -51.385  39.077 0.4000000060
14904  36.014  -51.226  39.175 0.4000000060
14906  34.297  -51.081  39.884 0.4000000060
14923  36.177  -51.705  38.640 0.4000000060
14958  43.659  -51.532  36.387 0.1000000015
14976  43.795  -51.786  35.814 0.2000000030
15001  41.469  -51.831  35.149 0.1000000015
15578  49.050  -50.368  53.700 0.1000000015
15591  49.668  -50.778  52.695 0.1000000015
15608  48.956  -50.145  51.747 0.1000000015
15613  38.101  -50.788  52.755 0.3000000119
15638  36.471  -50.446  50.576 0.5000000000
15751  43.379  -51.360  42.079 0.1000000015
15752  42.637  -50.643  41.367 0.1000000015
15757  34.760  -49.911  41.458 0.4000000060
15781  34.995  -50.065  40.779 0.4000000060
15782  34.364  -50.454  41.032 0.4000000060
15790  37.883  -50.940  39.918 0.2000000030
16467  48.801  -49.766  52.569 0.1000000015
16471  43.680  -49.449  52.922 0.1000000015
16477  37.498  -49.414  53.202 0.3000000119
16481  48.462  -49.853  51.684 0.1000000015
16483  46.670  -49.348  51.925 0.1000000015
16484  45.939  -49.121  51.704 0.1000000015
16499  35.823  -49.342  51.449 0.4000000060
16596  43.993  -50.376  43.131 0.1000000015
16601  34.799  -49.279  43.433 0.4000000060
16620  38.755  -49.085  42.277 0.2000000030
16663  36.544  -49.887  40.609 0.4000000060
17318  47.207  -48.943  52.212 0.1000000015
17326  46.484  -48.676  52.038 0.1000000015
17328  44.872  -48.426  51.551 0.1000000015
17331  41.064  -48.300  52.872 0.2000000030
17335  45.391  -48.576  51.737 0.1000000015
17352  34.860  -48.189  50.525 0.4000000060
17441  34.641  -48.443  45.560 0.4000000060
17460  40.465  -48.187  44.372 0.2000000030
17472  40.260  -48.562  44.151 0.1000000015
17476  35.643  -48.205  43.693 0.3000000119
17518  37.120  -48.710  41.872 0.3000000119
17519  36.336  -48.871  41.773 0.4000000060
18261  46.123  -48.074  52.415 0.1000000015
18262  44.915  -47.079  53.042 0.1000000015
18264  38.978  -48.067  53.286 0.2000000030
18265  37.999  -47.924  53.269 0.2000000030
18271  45.543  -48.013  51.858 0.1000000015
18277  36.326  -47.424  52.708 0.2000000030
18283  44.472  -47.854  51.377 0.1000000015
18293  43.168  -46.877  50.622 0.1000000015
18294  42.617  -46.690  50.520 0.1000000015
18340  35.343  -47.238  46.632 0.4000000060
18373  37.713  -47.178  45.011 0.1000000015
18393  36.927  -47.459  44.167 0.1000000015
19131  42.646  -46.373  54.221 0.1000000015
19151  43.706  -46.328  52.709 0.1000000015
19170  36.839  -46.579  52.658 0.2000000030
19184  43.638  -46.975  50.874 0.1000000015
19186  41.774  -46.376  50.433 0.2000000030
19201  34.660  -46.472  50.702 0.2000000030
19245  35.264  -46.044  47.549 0.2000000030
19306  43.764  -46.375  43.424 0.1000000015
20126  40.687  -45.350  54.370 0.1000000015
20139  37.432  -45.976  52.315 0.2000000030
20141  35.898  -45.904  52.139 0.2000000030
20145  42.230  -45.798  50.657 0.1000000015
20148  37.813  -45.509  51.726 0.2000000030
20151  34.872  -45.761  51.086 0.2000000030
20214  34.828  -45.927  48.218 0.2000000030
21138  40.551  -44.473  53.389 0.1000000015
21158  41.220  -45.158  49.806 0.2000000030
21164  34.913  -44.815  50.218 0.2000000030
21196  34.691  -44.782  48.881 0.1000000015
22063  36.762  -43.275  55.746 0.1000000015
22074  37.760  -43.249  54.647 0.1000000015
22085  38.716  -43.157  53.524 0.1000000015
22200  36.541  -43.595  44.475 0.2000000030
22201  36.030  -42.957  44.774 0.1000000015
22209  37.835  -43.790  43.478 0.1000000015
23096  36.056  -41.934  48.719 0.1000000015
23097  35.325  -42.497  48.069 0.1000000015
23947  36.915  -41.220  53.839 0.1000000015
24035  36.509  -40.638  47.812 0.1000000015
24069  35.663  -41.517  45.199 0.1000000015
24965  36.709  -40.154  53.323 0.1000000015
25028  37.595  -40.037  47.611 0.1000000015
25040  36.075  -39.984  46.919 0.1000000015
25041  35.659  -40.753  46.758 0.1000000015
25064  35.723  -40.394  45.628 0.1000000015
25094  37.216  -40.822  43.168 0.1000000015
25095  36.660  -40.625  43.690 0.1000000015
25115  38.949  -40.205  41.619 0.1000000015
26067  36.180  -39.317  45.659 0.1000000015
27023  38.692  -38.231  47.316 0.1000000015
27048  36.926  -37.946  45.415 0.1000000015
28097  37.639  -37.323  43.818 0.1000000015
28109  38.298  -37.341  42.602 0.1000000015
29113  37.988  -36.860  44.391 0.1000000015
29114  38.201  -36.755  43.744 0.1000000015
117272  45.125  -59.748  47.678 0.1000000015
118435  38.167  -37.969  42.347 0.1000000015
119160  33.740  -51.946  39.036 0.4000000060
119890  37.090  -64.798  30.500 0.1000000015
121968  42.319  -50.857  36.443 0.1000000015
121978  34.563  -47.734  49.182 0.5000000000
122513  41.155  -51.067  53.459 0.2000000030
122596  48.080  -58.870  46.020 0.1000000015
122639  44.500  -50.470  53.311 0.1000000015
122743  39.174  -53.364  36.852 0.2000000030
122744  38.973  -53.716  36.445 0.2000000030
122834  41.020  -50.422  53.494 0.2000000030
122982  35.430  -41.899  47.432 0.1000000015
123490  31.495  -58.604  36.165 0.3000000119
125428  43.921  -56.961  28.718 0.1000000015
126002  33.032  -66.374  49.880 0.1000000015
126693  41.145  -50.073  37.376 0.1000000015
127039  36.217  -39.884  44.566 0.1000000015
127258  36.806  -57.331  33.420 0.2000000030
127823  39.921  -64.501  48.948 0.1000000015
127831  35.134  -54.294  36.136 0.4000000060
129894  41.503  -55.253  48.632 0.1000000015
129981  43.149  -51.030  53.509 0.1000000015
130196  32.270  -64.870  45.306 0.1000000015
130477  44.758  -52.855  38.708 0.1000000015
130579  42.197  -58.767  31.610 0.2000000030
131074  42.804  -52.184  53.241 0.2000000030
132333  40.750  -47.715  52.277 0.2000000030
132522  37.993  -66.111  53.684 0.1000000015
133552  36.871  -66.835  48.154 0.1000000015
133814  36.445  -44.869  45.421 0.2000000030
134138  41.328  -59.927  29.741 0.1000000015
134188  39.675  -48.245  53.245 0.2000000030
134324  32.894  -53.221  42.322 0.4000000060
134543  42.551  -45.738  51.444 0.1000000015
134775  42.178  -50.382  40.283 0.1000000015
135452  39.727  -44.530  54.357 0.1000000015
136004  40.417  -52.601  38.619 0.1000000015
136336  43.203  -51.771  35.315 0.1000000015
137071  43.516  -49.230  42.537 0.1000000015
137533  44.466  -54.986  35.885 0.3000000119
138912  44.143  -56.252  32.665 0.2000000030
139277  42.618  -60.544  40.593 0.1000000015
139335  44.501  -52.795  40.232 0.1000000015
139515  38.675  -53.415  36.810 0.2000000030
139783  38.130  -57.240  33.440 0.2000000030
139832  34.567  -48.127  46.747 0.4000000060
139990  42.143  -58.941  47.793 0.1000000015
140034  40.016  -58.794  31.965 0.3000000119
140290  42.255  -53.637  37.367 0.1000000015
