#!ascii label  , from subject sub-v2s12x28858_ses-1 vox2ras=TkReg
245
13096  38.925  -53.264  49.193 0.0000000000
8806  31.806  -59.607  38.269 0.0000000000
10237  40.222  -57.959  44.900 0.0000000000
10968  35.403  -56.130  43.637 0.0000000000
8802  37.202  -59.510  37.330 0.0000000000
116742  38.341  -57.595  40.062 0.0000000000
8800  38.580  -59.410  37.826 0.0000000000
10293  33.375  -57.551  40.658 0.0000000000
12395  33.170  -54.480  42.713 0.0000000000
10936  40.002  -56.201  47.211 0.0000000000
10240  37.775  -57.308  44.106 0.0000000000
10291  35.823  -57.662  40.488 0.0000000000
8803  34.838  -59.374  38.440 0.0000000000
6887  35.698  -62.411  36.549 0.0000000000
14715  38.701  -51.304  52.564 0.0000000000
12326  42.116  -54.305  49.644 0.0000000000
10209  42.642  -57.288  47.088 0.0000000000
13137  34.951  -53.105  45.688 0.0000000000
9547  39.507  -58.611  38.931 0.0000000000
9562  32.387  -58.372  39.459 0.0000000000
10995  32.223  -56.501  40.590 0.0000000000
10225  40.092  -57.156  46.140 0.0000000000
10238  39.359  -57.808  44.664 0.0000000000
10296  37.446  -57.982  38.833 0.0000000000
10270  37.436  -57.554  40.534 0.0000000000
10297  36.350  -57.960  39.377 0.0000000000
9560  34.722  -58.681  39.159 0.0000000000
123898  35.923  -59.529  37.623 0.0000000000
6888  34.183  -62.343  37.339 0.0000000000
12325  43.446  -54.855  49.776 0.0000000000
11620  42.329  -55.727  48.583 0.0000000000
10897  43.816  -56.118  48.911 0.0000000000
11663  36.128  -55.813  44.851 0.0000000000
12384  35.148  -54.875  44.844 0.0000000000
14009  32.717  -52.965  41.710 0.0000000000
14826  33.624  -52.181  43.075 0.0000000000
9495  40.195  -58.553  42.961 0.0000000000
9496  39.367  -58.277  43.179 0.0000000000
9540  39.453  -57.958  40.680 0.0000000000
9557  38.772  -58.434  38.399 0.0000000000
9568  37.973  -59.149  37.506 0.0000000000
10980  34.106  -56.587  41.999 0.0000000000
11673  34.055  -55.514  43.041 0.0000000000
11683  32.893  -55.539  41.894 0.0000000000
11697  31.992  -54.919  40.874 0.0000000000
8145  31.369  -60.286  36.726 0.0000000000
12347  39.583  -54.547  48.433 0.0000000000
10956  37.556  -56.495  45.381 0.0000000000
124593  36.110  -56.562  43.554 0.0000000000
10247  38.157  -57.657  42.265 0.0000000000
10249  36.521  -57.283  42.182 0.0000000000
10250  35.739  -57.128  42.162 0.0000000000
10292  34.815  -57.537  40.960 0.0000000000
9561  33.476  -58.655  39.577 0.0000000000
8805  32.579  -59.741  38.623 0.0000000000
8132  37.000  -60.915  36.453 0.0000000000
8133  35.833  -60.850  36.932 0.0000000000
7517  33.391  -61.527  37.733 0.0000000000
7503  32.263  -60.945  37.879 0.0000000000
14716  37.761  -51.008  51.937 0.0000000000
13862  38.998  -52.042  50.888 0.0000000000
13884  41.122  -52.941  50.805 0.0000000000
13094  40.489  -53.580  49.569 0.0000000000
11621  40.703  -55.254  48.320 0.0000000000
10934  41.446  -56.406  47.543 0.0000000000
10230  41.471  -57.682  45.787 0.0000000000
9452  43.094  -57.992  46.018 0.0000000000
9480  41.606  -58.489  44.271 0.0000000000
13143  34.249  -53.768  44.295 0.0000000000
13888  37.913  -52.014  49.755 0.0000000000
14763  37.154  -51.666  49.528 0.0000000000
13908  38.325  -52.721  49.306 0.0000000000
9570  32.080  -59.045  38.859 0.0000000000
134588  31.764  -57.652  39.370 0.0000000000
10231  40.604  -57.590  45.626 0.0000000000
10232  39.694  -57.499  45.418 0.0000000000
124217  37.136  -58.440  38.273 0.0000000000
130998  36.872  -58.836  37.831 0.0000000000
9569  35.911  -58.957  38.063 0.0000000000
139842  34.295  -63.587  37.299 0.0000000000
118881  44.021  -55.530  49.491 0.0000000000
10963  35.776  -56.012  44.193 0.0000000000
11660  35.754  -55.226  45.219 0.0000000000
11668  35.120  -55.636  44.003 0.0000000000
14845  33.464  -51.777  42.167 0.0000000000
139881  39.788  -58.389  42.328 0.0000000000
9518  39.977  -58.325  41.181 0.0000000000
8799  38.980  -59.113  38.091 0.0000000000
10288  39.113  -57.973  39.108 0.0000000000
9558  38.345  -58.743  37.946 0.0000000000
10274  33.853  -57.154  41.308 0.0000000000
10981  33.315  -56.357  41.664 0.0000000000
10994  32.913  -56.849  41.040 0.0000000000
121345  32.028  -55.740  40.711 0.0000000000
12420  32.053  -54.087  40.641 0.0000000000
11622  39.961  -55.171  48.104 0.0000000000
12367  39.191  -55.027  47.937 0.0000000000
11652  39.143  -56.049  46.987 0.0000000000
10961  37.276  -56.727  44.642 0.0000000000
10966  36.973  -56.947  43.852 0.0000000000
124529  38.715  -57.713  41.321 0.0000000000
119492  37.983  -57.567  41.188 0.0000000000
10271  36.400  -57.479  41.182 0.0000000000
129501  37.107  -57.470  41.481 0.0000000000
10272  35.353  -57.346  41.480 0.0000000000
8796  33.921  -59.177  39.086 0.0000000000
8797  32.913  -59.160  39.137 0.0000000000
8804  33.714  -59.719  38.634 0.0000000000
5729  37.178  -64.273  37.085 0.0000000000
127983  36.358  -63.101  36.369 0.0000000000
6309  37.145  -63.033  36.178 0.0000000000
6886  36.890  -62.407  36.017 0.0000000000
7515  36.422  -61.690  36.335 0.0000000000
7518  32.144  -61.713  37.497 0.0000000000
15614  37.393  -50.388  52.416 0.0000000000
140326  38.202  -51.190  52.240 0.0000000000
14732  38.397  -51.496  51.567 0.0000000000
14731  39.232  -51.836  51.835 0.0000000000
13074  42.388  -53.581  50.539 0.0000000000
13060  41.911  -53.147  51.021 0.0000000000
13075  41.624  -53.389  50.347 0.0000000000
13076  40.839  -53.209  50.129 0.0000000000
13093  41.371  -53.791  49.727 0.0000000000
124335  40.853  -54.122  49.292 0.0000000000
12327  41.478  -54.510  49.238 0.0000000000
10919  42.691  -56.330  48.240 0.0000000000
10920  41.993  -56.274  47.990 0.0000000000
127282  41.977  -56.819  47.322 0.0000000000
10210  41.885  -57.355  46.582 0.0000000000
130034  44.222  -58.576  44.821 0.0000000000
9465  43.632  -58.377  45.421 0.0000000000
9466  42.819  -58.296  45.313 0.0000000000
11670  33.729  -54.792  43.281 0.0000000000
12388  34.087  -54.445  43.847 0.0000000000
13151  33.545  -53.917  43.396 0.0000000000
120532  34.145  -52.132  43.968 0.0000000000
9550  32.962  -58.021  40.108 0.0000000000
121502  32.512  -57.263  40.412 0.0000000000
10947  40.481  -56.703  46.767 0.0000000000
10948  39.616  -56.590  46.554 0.0000000000
10954  39.184  -56.999  45.886 0.0000000000
10239  38.566  -57.565  44.386 0.0000000000
10289  38.026  -57.758  39.308 0.0000000000
10290  36.888  -57.648  39.941 0.0000000000
9548  35.118  -58.008  39.948 0.0000000000
9559  35.960  -58.414  38.736 0.0000000000
128719  34.953  -63.068  37.031 0.0000000000
6294  33.591  -63.057  37.365 0.0000000000
115770  42.737  -54.740  49.585 0.0000000000
11603  42.199  -55.007  49.190 0.0000000000
11602  43.088  -55.450  49.198 0.0000000000
11619  43.068  -56.071  48.626 0.0000000000
10932  43.454  -56.660  48.204 0.0000000000
12380  35.436  -54.524  45.453 0.0000000000
12381  34.841  -54.164  44.967 0.0000000000
13168  32.970  -53.796  42.595 0.0000000000
13987  33.288  -53.121  42.950 0.0000000000
127491  33.824  -51.388  42.675 0.0000000000
9481  40.708  -58.320  44.384 0.0000000000
9482  39.915  -58.311  43.981 0.0000000000
9519  39.092  -58.030  42.089 0.0000000000
10269  38.942  -57.681  40.273 0.0000000000
137827  38.133  -58.141  38.559 0.0000000000
10972  34.445  -56.207  42.687 0.0000000000
10969  34.771  -55.876  43.383 0.0000000000
10973  33.672  -55.899  42.346 0.0000000000
11675  32.834  -54.892  42.241 0.0000000000
10982  32.574  -56.082  41.233 0.0000000000
134525  32.356  -55.432  41.284 0.0000000000
12396  32.662  -54.341  42.122 0.0000000000
13169  32.598  -53.680  41.919 0.0000000000
13189  32.408  -53.506  41.165 0.0000000000
8122  31.583  -60.259  37.517 0.0000000000
12329  39.115  -53.869  48.735 0.0000000000
13112  38.310  -53.392  48.717 0.0000000000
117150  38.894  -54.465  48.250 0.0000000000
10962  36.509  -56.380  44.391 0.0000000000
10244  37.533  -57.426  43.201 0.0000000000
10248  37.311  -57.451  42.252 0.0000000000
10245  36.710  -57.163  43.025 0.0000000000
10967  36.063  -56.927  42.793 0.0000000000
10971  35.322  -56.529  42.946 0.0000000000
10251  34.894  -56.829  42.195 0.0000000000
10273  34.573  -57.107  41.640 0.0000000000
135395  34.235  -57.724  40.643 0.0000000000
9549  33.940  -58.197  40.129 0.0000000000
8812  37.769  -60.553  36.882 0.0000000000
6291  37.257  -63.731  36.622 0.0000000000
8813  36.602  -60.179  37.007 0.0000000000
8119  34.945  -60.130  37.807 0.0000000000
7516  35.021  -61.624  37.166 0.0000000000
8134  34.465  -60.922  37.643 0.0000000000
8120  33.283  -60.535  38.259 0.0000000000
8121  32.200  -60.270  38.225 0.0000000000
127992  31.724  -61.109  37.358 0.0000000000
15626  36.378  -49.953  51.469 0.0000000000
15615  36.797  -50.034  52.130 0.0000000000
15625  37.090  -50.570  51.417 0.0000000000
14733  37.688  -51.211  51.022 0.0000000000
14752  38.236  -51.735  50.549 0.0000000000
13887  38.736  -52.298  50.058 0.0000000000
13858  42.171  -53.025  51.908 0.0000000000
13850  40.038  -52.125  52.111 0.0000000000
13861  39.801  -52.287  51.135 0.0000000000
13077  40.044  -52.997  49.903 0.0000000000
13095  39.656  -53.437  49.367 0.0000000000
12328  40.112  -54.120  48.980 0.0000000000
118490  40.262  -54.735  48.513 0.0000000000
11638  40.394  -55.727  47.762 0.0000000000
138088  41.752  -55.784  48.309 0.0000000000
11637  41.225  -55.854  47.991 0.0000000000
10935  40.800  -56.295  47.396 0.0000000000
10946  41.262  -56.802  46.990 0.0000000000
10224  40.969  -57.242  46.338 0.0000000000
9468  41.089  -58.050  45.066 0.0000000000
10229  42.296  -57.831  45.901 0.0000000000
9467  41.956  -58.163  45.181 0.0000000000
11669  34.437  -55.162  43.786 0.0000000000
12385  34.585  -54.611  44.372 0.0000000000
13140  34.690  -53.382  45.081 0.0000000000
13986  33.793  -52.999  43.764 0.0000000000
13973  34.341  -52.835  44.542 0.0000000000
9478  43.547  -58.600  44.623 0.0000000000
9556  39.251  -58.804  38.456 0.0000000000
10933  42.686  -56.756  47.708 0.0000000000
11639  39.581  -55.604  47.558 0.0000000000
11664  35.472  -55.460  44.586 0.0000000000
11665  34.921  -55.171  44.348 0.0000000000
11674  33.370  -55.180  42.607 0.0000000000
11684  32.457  -54.899  41.664 0.0000000000
12308  43.697  -54.405  50.364 0.0000000000
12309  42.803  -54.195  50.095 0.0000000000
12346  40.838  -54.642  48.797 0.0000000000
12407  32.331  -54.249  41.412 0.0000000000
13092  42.078  -53.787  50.022 0.0000000000
13848  41.689  -52.502  52.557 0.0000000000
13860  40.588  -52.541  51.405 0.0000000000
13885  40.336  -52.725  50.567 0.0000000000
13886  39.540  -52.522  50.339 0.0000000000
13907  39.228  -52.847  49.681 0.0000000000
14008  33.159  -52.565  42.301 0.0000000000
14714  39.532  -51.592  52.715 0.0000000000
16499  35.823  -49.342  51.449 0.0000000000
129894  41.503  -55.253  48.632 0.0000000000
134324  32.894  -53.221  42.322 0.0000000000
