#!ascii label  , from subject sub-v2s12x28906_ses-1 vox2ras=TkReg
1089
70002  -22.581  13.926  -6.249 0.5555555820
70967  -23.142  14.712  -6.708 0.6666666865
71884  -23.431  15.467  -7.245 0.7777777910
71893  -24.177  15.988  -7.641 0.7777777910
72928  -24.443  17.399  -8.469 0.8888888955
73894  -26.632  17.316  -9.648 0.8888888955
69989  -21.192  13.609  -5.348 0.5555555820
70954  -21.726  14.182  -5.924 0.5555555820
71883  -21.615  15.281  -6.996 0.6666666865
71892  -22.153  16.065  -7.348 0.8888888955
139324  -24.598  16.693  -8.127 0.8888888955
74836  -25.674  18.483  -9.607 1.0000000000
74838  -27.073  17.567  -10.073 0.8888888955
74849  -26.978  18.408  -10.323 1.0000000000
71882  -20.569  15.477  -6.993 0.7777777910
72919  -21.638  16.808  -7.510 1.0000000000
74809  -22.030  18.349  -8.182 1.0000000000
73878  -22.799  18.367  -8.477 1.0000000000
75776  -23.920  19.621  -9.208 1.0000000000
75777  -24.814  19.280  -9.585 1.0000000000
76722  -24.539  20.025  -9.759 1.0000000000
76723  -25.302  19.755  -10.069 1.0000000000
136663  -27.390  19.716  -10.742 1.0000000000
76739  -25.068  20.399  -10.267 1.0000000000
76740  -25.819  20.221  -10.401 1.0000000000
76742  -27.468  20.515  -11.027 1.0000000000
77686  -26.138  21.413  -10.904 1.0000000000
77688  -27.545  21.323  -11.356 0.7777777910
74820  -20.996  19.068  -8.234 0.8888888955
142143  -22.402  18.855  -8.514 1.0000000000
76721  -23.663  20.317  -9.493 1.0000000000
76706  -22.046  20.059  -8.920 1.0000000000
77672  -24.878  21.045  -10.434 1.0000000000
78616  -25.407  21.380  -10.682 1.0000000000
78625  -26.307  22.303  -11.308 1.0000000000
128554  -27.517  22.144  -11.658 1.0000000000
78626  -28.124  22.529  -11.982 1.0000000000
78644  -28.756  22.901  -12.447 0.7777777910
144620  -29.344  22.665  -12.453 0.7777777910
76704  -20.408  20.469  -8.762 0.5555555820
78603  -20.863  22.346  -9.635 0.7777777910
77659  -21.276  21.555  -9.404 0.8888888955
77670  -23.098  21.917  -10.074 1.0000000000
77671  -24.096  21.423  -10.251 1.0000000000
78614  -24.019  22.192  -10.555 1.0000000000
78623  -24.861  22.549  -10.960 1.0000000000
145766  -26.519  23.144  -11.695 1.0000000000
148217  -26.885  23.197  -11.943 0.8888888955
79555  -26.131  23.768  -11.620 1.0000000000
79573  -27.722  23.821  -12.186 0.8888888955
80457  -28.898  24.299  -12.339 0.7777777910
80439  -30.281  24.126  -12.066 0.6666666865
80438  -29.433  24.550  -12.073 0.6666666865
136014  -19.625  22.810  -8.665 0.4444444478
78602  -20.355  22.430  -9.540 0.7777777910
79523  -20.377  23.581  -9.825 0.6666666865
79536  -21.291  23.655  -10.224 0.7777777910
79537  -22.384  23.398  -10.400 0.8888888955
142395  -23.253  23.358  -10.890 0.8888888955
143971  -23.858  23.876  -11.216 1.0000000000
80436  -25.684  24.493  -11.541 1.0000000000
80455  -26.856  24.752  -12.079 0.8888888955
130857  -27.737  24.975  -12.252 0.7777777910
81324  -28.278  24.989  -12.187 0.7777777910
80420  -30.795  24.426  -11.229 0.5555555820
81310  -28.448  25.584  -11.923 0.7777777910
81311  -29.204  25.474  -11.640 0.6666666865
137214  -19.981  24.965  -9.746 0.6666666865
80410  -19.962  24.197  -9.533 0.6666666865
80418  -21.091  24.501  -10.481 0.7777777910
148306  -20.336  25.025  -10.188 0.7777777910
80419  -22.026  24.282  -10.508 0.8888888955
80433  -22.554  24.843  -11.064 0.8888888955
80432  -21.837  24.952  -10.664 1.0000000000
80434  -23.484  24.724  -11.411 1.0000000000
81306  -24.203  25.561  -11.681 1.0000000000
141673  -25.918  25.884  -11.533 0.8888888955
130004  -27.378  25.894  -12.067 0.8888888955
81309  -27.821  25.575  -12.172 0.7777777910
82212  -25.557  26.643  -11.744 0.8888888955
82213  -26.915  26.424  -11.835 0.7777777910
82202  -27.503  26.493  -11.911 0.7777777910
82204  -28.682  26.287  -11.556 0.7777777910
82193  -29.431  26.371  -10.966 0.6666666865
81280  -19.394  25.634  -9.426 0.6666666865
80409  -19.443  24.880  -9.160 0.5555555820
81281  -20.019  25.716  -10.127 0.7777777910
81292  -20.644  25.270  -10.484 0.8888888955
81293  -21.348  25.410  -10.723 0.8888888955
145226  -21.655  26.033  -11.038 1.0000000000
81304  -22.146  25.542  -11.019 1.0000000000
81319  -24.344  26.397  -11.951 1.0000000000
81320  -25.052  26.135  -11.801 0.8888888955
136294  -26.902  27.068  -11.844 0.7777777910
83135  -27.398  27.313  -11.596 0.7777777910
83137  -28.894  27.058  -11.176 0.6666666865
83123  -29.413  27.172  -10.411 0.5555555820
82179  -29.885  26.635  -10.131 0.5555555820
82175  -19.300  26.521  -9.725 0.7777777910
83117  -18.215  27.823  -9.122 0.6666666865
82190  -19.982  26.623  -10.468 0.8888888955
82191  -20.694  26.832  -11.035 1.0000000000
82199  -21.436  26.665  -11.337 1.0000000000
82210  -23.977  26.925  -12.239 0.8888888955
82211  -24.802  26.869  -12.230 0.8888888955
83150  -24.495  27.593  -12.632 0.8888888955
136594  -26.062  27.084  -11.645 0.8888888955
84085  -26.847  28.140  -11.616 0.7777777910
84950  -27.235  28.944  -11.183 0.7777777910
84078  -27.620  28.130  -11.059 0.7777777910
84080  -28.889  27.678  -10.597 0.5555555820
84949  -26.498  29.133  -11.599 0.7777777910
84943  -27.889  28.949  -10.549 0.5555555820
142391  -28.844  28.233  -9.969 0.5555555820
84942  -27.470  29.683  -10.730 0.6666666865
138684  -17.339  29.353  -7.902 0.4444444478
84059  -17.731  28.612  -8.759 0.5555555820
84060  -18.093  28.666  -9.397 0.7777777910
83134  -20.051  27.488  -10.811 1.0000000000
83132  -18.581  28.118  -9.696 0.8888888955
83142  -20.430  28.117  -11.480 1.0000000000
83149  -22.693  27.701  -12.115 0.8888888955
141698  -23.266  28.089  -12.398 0.8888888955
82209  -23.570  27.505  -12.386 0.8888888955
135537  -23.925  27.990  -12.730 0.8888888955
146892  -25.277  28.524  -12.742 0.8888888955
84930  -28.013  29.757  -10.004 0.5555555820
86772  -17.576  31.684  -7.992 0.6666666865
85836  -17.428  30.305  -8.273 0.6666666865
84941  -19.548  29.620  -10.794 0.7777777910
84082  -19.952  28.896  -11.206 0.8888888955
84089  -20.918  29.238  -12.366 0.7777777910
84091  -22.615  28.601  -12.283 0.8888888955
132460  -22.183  29.465  -12.343 0.7777777910
84092  -23.607  28.621  -12.666 0.8888888955
133312  -24.647  30.113  -13.250 0.7777777910
131960  -24.961  29.033  -13.219 0.7777777910
84956  -25.883  29.405  -12.059 0.6666666865
143447  -24.765  30.994  -13.358 0.6666666865
137601  -26.099  30.886  -12.231 0.6666666865
85863  -26.367  30.098  -11.716 0.6666666865
85864  -26.961  29.651  -11.263 0.5555555820
87776  -27.205  32.747  -11.295 0.6666666865
129552  -26.866  31.971  -11.482 0.5555555820
139524  -27.268  31.125  -10.733 0.5555555820
86796  -27.301  31.967  -10.643 0.5555555820
87753  -18.547  32.218  -9.389 0.3333333433
87735  -18.105  32.129  -8.357 0.3333333433
86773  -18.453  32.067  -9.483 0.5555555820
145503  -18.034  31.337  -9.033 0.6666666865
86793  -19.503  31.802  -10.582 0.5555555820
85861  -19.731  30.427  -11.019 0.7777777910
84953  -20.974  30.039  -12.506 0.7777777910
85871  -21.946  30.989  -12.554 0.6666666865
133380  -22.591  30.212  -12.457 0.6666666865
129124  -22.963  31.016  -12.576 0.6666666865
85872  -23.987  30.972  -12.950 0.6666666865
86820  -25.081  31.625  -13.446 0.6666666865
87812  -26.023  32.601  -12.959 0.6666666865
87793  -26.660  32.645  -12.157 0.6666666865
88760  -27.361  33.772  -9.985 0.5555555820
88759  -27.550  33.617  -11.092 0.6666666865
87774  -19.611  32.091  -10.503 0.4444444478
87754  -18.845  32.313  -10.052 0.4444444478
87773  -18.873  32.311  -10.109 0.4444444478
87791  -20.623  32.580  -11.781 0.5555555820
86794  -20.174  32.043  -11.261 0.5555555820
86815  -20.762  31.497  -12.357 0.6666666865
86807  -20.360  31.361  -11.812 0.6666666865
86816  -21.323  31.702  -12.610 0.6666666865
87811  -25.296  32.535  -13.387 0.6666666865
89732  -27.664  34.286  -11.844 0.6666666865
89725  -27.994  34.500  -10.943 0.5555555820
88756  -20.772  33.271  -11.832 0.4444444478
87807  -21.530  32.526  -12.631 0.6666666865
86826  -22.835  32.433  -12.722 0.6666666865
125874  -23.994  33.254  -12.891 0.6666666865
86818  -23.336  31.765  -12.736 0.6666666865
87809  -23.676  32.489  -12.826 0.6666666865
89739  -26.891  34.187  -12.694 0.6666666865
72921  -23.752  16.805  -7.945 0.8888888955
73865  -22.364  17.639  -8.038 1.0000000000
74823  -24.311  18.218  -8.770 1.0000000000
75779  -26.238  18.851  -10.055 1.0000000000
79522  -19.886  23.356  -9.308 0.5555555820
81307  -25.336  25.297  -11.574 0.8888888955
82174  -18.583  26.900  -9.159 0.5555555820
84893  -16.024  29.259  -7.092 0.5555555820
83118  -18.877  27.416  -9.688 0.7777777910
83143  -21.063  27.493  -11.733 1.0000000000
133933  -25.543  27.864  -12.195 0.8888888955
84882  -16.032  28.892  -5.873 0.2222222239
145042  -21.357  29.533  -12.438 0.7777777910
85841  -27.586  30.461  -10.301 0.4444444478
87806  -20.858  32.279  -12.379 0.6666666865
88783  -21.763  33.392  -12.712 0.6666666865
80396  -19.519  24.115  -8.911 0.4444444478
81266  -18.875  25.597  -8.875 0.4444444478
89726  -27.628  34.549  -9.651 0.5555555820
88744  -27.724  33.838  -8.998 0.5555555820
87755  -20.529  32.609  -10.304 0.2222222239
146598  -20.316  32.231  -11.219 0.3333333433
90565  -27.774  35.179  -10.486 0.5555555820
69031  -22.525  12.474  -5.655 0.5555555820
69991  -22.992  13.084  -6.078 0.5555555820
70978  -24.976  14.688  -7.350 0.5555555820
72930  -26.151  16.507  -8.707 0.7777777910
73882  -26.766  16.649  -9.356 0.8888888955
69030  -21.523  12.626  -5.206 0.5555555820
71894  -24.858  15.488  -7.537 0.6666666865
72922  -25.335  16.204  -7.974 0.6666666865
72931  -27.313  16.900  -9.742 0.7777777910
74850  -27.507  17.853  -10.268 0.7777777910
75794  -27.361  19.021  -10.547 0.8888888955
69977  -20.828  13.140  -4.703 0.4444444478
70952  -20.467  14.904  -5.180 0.5555555820
71868  -20.435  15.583  -5.737 0.2222222239
72911  -20.153  16.140  -7.124 0.6666666865
76757  -28.280  20.868  -11.402 0.8888888955
77690  -29.187  21.256  -11.849 0.6666666865
134352  -28.895  22.115  -12.319 0.7777777910
78627  -29.857  22.079  -12.123 0.6666666865
73863  -20.613  17.778  -7.392 0.5555555820
78645  -30.150  22.928  -12.360 0.6666666865
75749  -20.249  19.248  -7.834 0.4444444478
143703  -30.533  23.460  -12.335 0.5555555820
77633  -19.486  21.537  -7.958 0.2222222239
81295  -30.497  25.213  -10.687 0.5555555820
79508  -19.500  23.484  -8.633 0.4444444478
82194  -30.160  25.983  -10.360 0.5555555820
81265  -18.715  25.774  -8.628 0.3333333433
82180  -30.534  26.421  -9.564 0.5555555820
84044  -17.565  28.589  -8.194 0.4444444478
84068  -29.874  28.099  -8.757 0.4444444478
139368  -16.755  28.033  -6.536 0.3333333433
84931  -29.117  29.442  -8.784 0.5555555820
85843  -28.416  30.654  -8.697 0.4444444478
124303  -17.634  33.771  -7.386 0.3333333433
124066  -16.544  33.660  -7.530 0.3333333433
124065  -16.491  32.810  -7.902 0.4444444478
86779  -27.611  31.357  -9.711 0.4444444478
131828  -27.604  32.943  -9.371 0.4444444478
89718  -27.929  34.588  -8.834 0.2222222239
87775  -20.771  33.245  -10.442 0.3333333433
87792  -20.980  33.066  -12.285 0.6666666865
88784  -22.849  33.193  -12.864 0.6666666865
88785  -24.860  33.227  -13.387 0.6666666865
89737  -25.034  34.003  -13.449 0.6666666865
89731  -26.467  34.951  -13.052 0.6666666865
90576  -26.814  35.639  -12.516 0.6666666865
139263  -27.343  35.015  -12.307 0.6666666865
139607  -28.049  35.188  -11.508 0.6666666865
90571  -27.998  35.684  -11.067 0.4444444478
143311  -27.804  35.211  -9.401 0.3333333433
70966  -21.993  14.645  -6.538 0.6666666865
69990  -22.121  13.323  -5.722 0.5555555820
70003  -23.542  13.666  -6.467 0.6666666865
147435  -22.318  15.026  -6.784 0.6666666865
70977  -24.124  15.080  -7.248 0.7777777910
145517  -22.640  15.456  -7.060 0.7777777910
131630  -23.121  16.062  -7.571 0.8888888955
73879  -23.427  17.710  -8.320 1.0000000000
72920  -22.738  16.818  -7.838 1.0000000000
73893  -26.039  17.807  -9.434 1.0000000000
73881  -26.050  17.178  -9.139 0.8888888955
70953  -20.932  14.488  -5.656 0.5555555820
70965  -21.166  14.912  -6.540 0.6666666865
72929  -25.298  16.959  -8.648 0.8888888955
73880  -25.236  17.797  -9.103 1.0000000000
74837  -26.436  18.083  -9.865 1.0000000000
74835  -24.906  18.605  -9.338 1.0000000000
144147  -25.246  18.887  -9.627 1.0000000000
75793  -26.753  19.295  -10.448 1.0000000000
71881  -20.300  15.775  -6.872 0.6666666865
71891  -21.046  15.972  -7.248 0.8888888955
70964  -20.652  15.220  -6.332 0.6666666865
72918  -20.675  16.951  -7.323 0.8888888955
73864  -21.452  17.680  -7.704 0.8888888955
74808  -21.253  18.418  -7.936 0.8888888955
74821  -21.771  18.973  -8.356 1.0000000000
74822  -23.574  18.504  -8.657 1.0000000000
75765  -23.144  19.085  -8.806 1.0000000000
74834  -24.140  18.938  -8.999 1.0000000000
75778  -25.558  19.147  -9.869 1.0000000000
75764  -22.293  19.405  -8.696 1.0000000000
75775  -22.949  19.825  -9.089 1.0000000000
75792  -26.047  19.571  -10.249 1.0000000000
76743  -28.215  20.018  -11.025 0.8888888955
76741  -26.635  20.141  -10.641 1.0000000000
77673  -25.602  20.836  -10.543 1.0000000000
76738  -24.305  20.710  -9.994 1.0000000000
149570  -26.213  20.700  -10.668 1.0000000000
77674  -26.817  20.964  -11.002 1.0000000000
77689  -28.249  21.679  -11.761 0.7777777910
75763  -21.512  19.603  -8.595 1.0000000000
75762  -20.739  19.775  -8.458 0.5555555820
74807  -20.466  18.538  -7.577 0.6666666865
133644  -22.677  20.554  -9.320 1.0000000000
76705  -21.188  20.268  -8.854 0.8888888955
77660  -23.408  21.046  -9.758 1.0000000000
78615  -24.804  21.733  -10.638 1.0000000000
78624  -25.561  22.025  -10.968 1.0000000000
146322  -26.910  22.598  -11.701 1.0000000000
78643  -28.093  23.235  -12.100 0.8888888955
79575  -29.257  23.396  -12.490 0.7777777910
75761  -19.968  19.943  -8.193 0.5555555820
77647  -20.136  21.167  -9.108 0.6666666865
76719  -20.781  20.982  -9.153 0.6666666865
124909  -20.447  21.738  -9.374 0.7777777910
79524  -20.667  23.094  -9.854 0.6666666865
78612  -21.570  22.914  -9.920 0.8888888955
78604  -21.960  22.166  -9.640 0.8888888955
76720  -21.690  20.766  -9.174 0.8888888955
143656  -22.365  21.353  -9.492 1.0000000000
79538  -23.184  22.700  -10.579 0.8888888955
78622  -24.034  23.010  -10.905 1.0000000000
79554  -25.006  23.608  -11.306 1.0000000000
80437  -26.438  24.405  -11.827 0.8888888955
80456  -28.089  24.437  -12.208 0.8888888955
79574  -28.513  23.737  -12.332 0.7777777910
79576  -29.754  23.802  -12.360 0.7777777910
81325  -28.798  24.950  -12.063 0.6666666865
80440  -31.241  23.641  -12.053 0.5555555820
81312  -29.969  24.886  -11.524 0.6666666865
130771  -20.301  22.962  -9.659 0.5555555820
78560  -19.472  22.390  -7.983 0.3333333433
78583  -19.718  22.037  -8.751 0.3333333433
77658  -20.009  21.835  -9.302 0.4444444478
80411  -20.446  24.398  -10.125 0.6666666865
79535  -20.689  23.792  -10.106 0.7777777910
79553  -22.901  24.047  -11.039 0.8888888955
81322  -26.780  25.632  -11.832 0.7777777910
82203  -28.042  26.153  -11.957 0.7777777910
81294  -29.797  25.572  -11.010 0.5555555820
83145  -28.122  26.758  -11.505 0.7777777910
80395  -19.136  24.881  -8.701 0.4444444478
138162  -20.495  26.088  -10.594 0.8888888955
82200  -22.398  26.317  -11.487 1.0000000000
83152  -26.286  27.699  -11.709 0.7777777910
83136  -28.182  27.450  -10.999 0.6666666865
129526  -29.369  27.832  -9.721 0.5555555820
83124  -30.050  27.231  -9.367 0.5555555820
82173  -18.257  27.284  -8.632 0.5555555820
133994  -19.466  27.194  -10.220 0.8888888955
134915  -23.017  26.951  -12.022 1.0000000000
83151  -25.201  27.406  -12.316 0.8888888955
129338  -25.856  28.548  -11.940 0.8888888955
84079  -28.346  28.224  -10.521 0.6666666865
84067  -28.593  29.028  -9.772 0.5555555820
84903  -17.412  29.413  -8.199 0.5555555820
83133  -19.243  27.989  -10.275 1.0000000000
84076  -18.663  28.752  -9.989 0.7777777910
84922  -17.647  29.436  -8.957 0.7777777910
83148  -21.793  28.026  -12.019 0.8888888955
84077  -19.362  28.826  -10.545 0.7777777910
139081  -28.531  29.956  -9.138 0.5555555820
86728  -17.431  31.802  -7.814 0.5555555820
85819  -17.353  31.120  -7.889 0.5555555820
87734  -17.658  31.992  -7.920 0.4444444478
85837  -17.754  30.353  -9.060 0.6666666865
85852  -19.070  30.447  -10.498 0.6666666865
84923  -18.180  29.509  -9.617 0.7777777910
84894  -17.284  30.071  -7.951 0.6666666865
84947  -20.092  29.704  -11.474 0.7777777910
84940  -18.817  29.572  -10.266 0.7777777910
132565  -23.154  29.398  -12.498 0.7777777910
133257  -23.612  30.170  -12.776 0.6666666865
133348  -25.594  30.165  -12.652 0.6666666865
132088  -25.134  30.637  -13.326 0.6666666865
86821  -25.646  31.951  -13.066 0.6666666865
86808  -26.255  31.773  -12.383 0.6666666865
86795  -26.722  31.122  -11.508 0.5555555820
85853  -27.116  30.364  -11.068 0.5555555820
133373  -27.505  32.207  -9.750 0.4444444478
86780  -28.064  31.262  -8.700 0.4444444478
87777  -27.362  32.874  -10.387 0.5555555820
87752  -18.121  32.010  -8.575 0.4444444478
144331  -19.409  31.099  -10.666 0.6666666865
85869  -20.675  30.686  -12.248 0.7777777910
88787  -26.430  33.374  -12.857 0.6666666865
88771  -27.109  33.448  -12.023 0.6666666865
87810  -24.633  32.472  -13.251 0.6666666865
88786  -25.598  33.316  -13.332 0.6666666865
89738  -25.946  34.126  -13.260 0.6666666865
82159  -18.537  26.417  -8.714 0.4444444478
85805  -16.025  30.277  -6.914 0.3333333433
79507  -19.318  23.952  -8.476 0.4444444478
141503  -28.210  33.963  -8.506 0.3333333433
147787  -27.669  35.713  -9.835 0.3333333433
71905  -26.895  16.091  -8.910 0.6666666865
69021  -20.848  12.426  -4.479 0.4444444478
140538  -21.410  11.904  -4.878 0.5555555820
75795  -28.040  19.185  -10.719 0.7777777910
69988  -20.487  13.971  -4.666 0.4444444478
145554  -19.802  21.405  -8.835 0.3333333433
76703  -19.734  20.725  -8.397 0.3333333433
76690  -19.403  20.786  -7.409 0.1111111119
128969  -18.342  26.948  -8.404 0.3333333433
83101  -17.974  27.674  -8.316 0.3333333433
134378  -16.212  32.971  -7.441 0.3333333433
90570  -27.674  35.558  -11.747 0.6666666865
137007  -26.389  12.797  -6.876 0.4444444478
69978  -28.252  13.377  -4.970 0.2222222239
69041  -23.432  12.323  -6.014 0.4444444478
68009  -24.792  11.753  -6.349 0.4444444478
143848  -23.754  12.914  -6.309 0.4444444478
70004  -24.525  13.164  -6.682 0.4444444478
145314  -27.214  14.058  -7.408 0.4444444478
70969  -28.079  14.097  -6.723 0.2222222239
70017  -25.195  13.769  -7.192 0.4444444478
70979  -25.829  14.403  -7.492 0.4444444478
131684  -26.619  14.175  -7.504 0.4444444478
70983  -29.044  15.069  -7.341 0.1111111119
71885  -29.570  15.466  -6.670 0.1111111119
129811  -26.464  15.083  -7.760 0.4444444478
71897  -27.820  15.262  -8.119 0.3333333433
70980  -27.190  14.814  -7.743 0.3333333433
71907  -28.580  15.518  -8.684 0.3333333433
71899  -29.468  15.577  -7.653 0.2222222239
71896  -27.066  15.559  -8.235 0.4444444478
71895  -25.640  15.327  -7.666 0.5555555820
72941  -29.383  16.557  -9.559 0.2222222239
72935  -29.952  16.785  -8.707 0.1111111119
73884  -30.958  18.092  -8.414 0.1111111119
72932  -28.339  16.100  -9.354 0.3333333433
72940  -28.775  16.418  -9.763 0.3333333433
73895  -27.753  17.232  -10.047 0.4444444478
148027  -28.135  17.764  -10.315 0.5555555820
74852  -29.308  18.378  -10.641 0.6666666865
74854  -30.489  18.596  -10.607 0.4444444478
76744  -29.125  19.287  -10.941 0.6666666865
76745  -32.757  19.097  -11.722 0.3333333433
76760  -31.622  19.728  -11.908 0.5555555820
76758  -29.090  20.351  -11.345 0.6666666865
76759  -30.590  20.259  -11.860 0.5555555820
77692  -31.271  20.801  -12.470 0.5555555820
150006  -31.890  21.331  -13.043 0.3333333433
124662  -29.828  20.642  -11.594 0.5555555820
78629  -31.951  22.159  -13.202 0.4444444478
79558  -31.176  22.839  -12.775 0.5555555820
145770  -24.281  33.863  -13.031 0.5555555820
135070  -25.280  34.912  -13.375 0.5555555820
90575  -25.946  35.654  -13.263 0.5555555820
138187  -26.187  36.743  -11.833 0.5555555820
131338  -25.804  12.318  -6.697 0.4444444478
69993  -27.950  13.682  -5.960 0.2222222239
132811  -29.015  15.244  -8.119 0.2222222239
72934  -29.461  16.086  -8.941 0.2222222239
73904  -29.243  17.043  -10.032 0.4444444478
74839  -30.287  17.995  -10.151 0.3333333433
73896  -28.484  17.058  -10.068 0.4444444478
149124  -29.909  19.174  -11.136 0.6666666865
75797  -30.526  19.040  -11.092 0.4444444478
77693  -32.719  21.361  -13.260 0.3333333433
79559  -32.079  22.976  -12.725 0.4444444478
81296  -31.495  24.854  -10.409 0.4444444478
147940  -24.466  35.109  -13.327 0.5555555820
90580  -24.751  35.708  -13.600 0.5555555820
70968  -24.256  14.199  -6.910 0.4444444478
75780  -31.676  18.919  -10.429 0.2222222239
91356  -26.651  36.081  -11.822 0.5555555820
66924  -25.017  10.580  -5.449 0.4444444478
67999  -25.445  11.226  -5.760 0.4444444478
68000  -26.085  11.573  -5.717 0.4444444478
69992  -27.497  12.821  -5.492 0.2222222239
69023  -27.938  12.738  -4.460 0.2222222239
69965  -28.619  13.177  -4.087 0.1111111119
130430  -23.004  11.681  -5.646 0.4444444478
135256  -24.281  10.689  -5.744 0.4444444478
70970  -28.523  14.374  -6.118 0.1111111119
70971  -29.059  14.901  -6.404 0.1111111119
71870  -30.115  15.804  -5.900 0.1111111119
72924  -30.380  16.733  -7.636 0.1111111119
73867  -31.128  17.855  -7.477 0.1111111119
74825  -31.241  18.810  -8.710 0.1111111119
146234  -31.149  18.889  -9.550 0.1111111119
144073  -33.483  19.396  -12.290 0.1111111119
75798  -32.630  18.871  -11.170 0.2222222239
131226  -33.592  21.425  -13.332 0.2222222239
78630  -34.114  22.139  -13.313 0.2222222239
137985  -32.984  22.413  -13.268 0.3333333433
80421  -31.661  24.152  -11.141 0.4444444478
81283  -31.909  25.444  -9.567 0.3333333433
82195  -30.947  25.651  -9.887 0.4444444478
85806  -16.291  30.803  -7.590 0.4444444478
131167  -29.252  28.597  -9.233 0.4444444478
131832  -28.536  31.940  -8.235 0.3333333433
135579  -27.363  35.819  -11.001 0.5555555820
127693  -22.313  34.063  -12.966 0.5555555820
137769  -23.605  35.359  -13.347 0.5555555820
91355  -26.254  36.330  -12.874 0.5555555820
69042  -24.288  12.310  -6.355 0.4444444478
71904  -26.311  15.879  -8.146 0.5555555820
74851  -28.527  18.461  -10.577 0.6666666865
77691  -30.259  21.228  -11.989 0.5555555820
78628  -30.965  21.958  -12.690 0.5555555820
87760  -27.792  32.079  -8.836 0.3333333433
132769  -27.520  16.367  -9.364 0.3333333433
71906  -27.719  15.881  -8.788 0.3333333433
70006  -27.375  13.124  -6.354 0.4444444478
69045  -26.917  12.627  -6.308 0.3333333433
129935  -27.040  13.055  -6.808 0.4444444478
69044  -26.289  12.122  -6.342 0.4444444478
67997  -24.036  11.485  -6.059 0.4444444478
67998  -24.894  11.161  -6.058 0.4444444478
69043  -25.102  12.308  -6.645 0.4444444478
70005  -25.527  12.925  -6.980 0.4444444478
70018  -26.074  13.518  -7.294 0.4444444478
70020  -27.486  13.639  -6.916 0.4444444478
70981  -27.865  14.447  -7.452 0.4444444478
70982  -28.534  14.582  -7.019 0.2222222239
71900  -30.113  16.139  -6.944 0.1111111119
71869  -29.592  15.213  -5.804 0.1111111119
72933  -29.012  15.876  -9.340 0.3333333433
71908  -29.239  15.627  -8.576 0.2222222239
72923  -29.787  16.120  -8.083 0.2222222239
150007  -29.804  17.022  -9.426 0.2222222239
73883  -30.199  17.655  -9.126 0.1111111119
73866  -30.652  17.359  -8.111 0.1111111119
74824  -30.701  18.441  -9.332 0.1111111119
72939  -28.063  16.612  -9.751 0.3333333433
74853  -29.800  17.864  -10.386 0.4444444478
132534  -29.938  18.662  -10.868 0.4444444478
146829  -31.558  18.992  -11.009 0.3333333433
74840  -30.926  18.651  -10.264 0.3333333433
76746  -33.689  19.034  -11.794 0.1111111119
75806  -30.908  19.488  -11.467 0.4444444478
75796  -29.983  19.773  -11.374 0.5555555820
76761  -32.484  20.231  -12.627 0.3333333433
79539  -32.322  23.640  -11.613 0.4444444478
131229  -24.156  34.596  -13.078 0.5555555820
68010  -25.523  11.723  -6.308 0.4444444478
91362  -23.757  36.136  -13.742 0.5555555820
67987  -26.503  11.533  -4.736 0.4444444478
69022  -27.235  12.204  -4.645 0.2222222239
69032  -26.759  12.139  -5.563 0.4444444478
66922  -23.440  10.903  -5.621 0.4444444478
67996  -22.518  11.029  -5.331 0.4444444478
70956  -29.155  14.645  -5.602 0.1111111119
70955  -28.665  14.061  -5.321 0.1111111119
62203  -25.839  5.962  -0.591 0.1111111119
63091  -23.036  6.771  -3.466 0.3333333433
63054  -24.680  6.555  -1.647 0.2222222239
63033  -25.180  6.258  -1.001 0.2222222239
63035  -26.474  6.553  -0.740 0.1111111119
63972  -21.599  7.696  -3.830 0.3333333433
137794  -22.166  6.898  -3.789 0.3333333433
63090  -22.247  6.139  -3.415 0.3333333433
63975  -24.056  7.892  -3.320 0.3333333433
63957  -24.455  7.570  -2.631 0.3333333433
63940  -24.863  7.289  -1.970 0.2222222239
146176  -25.018  7.865  -2.328 0.2222222239
63055  -25.375  6.962  -1.444 0.2222222239
63056  -26.217  7.304  -1.299 0.1111111119
63941  -25.518  7.710  -1.820 0.2222222239
66900  -20.780  9.897  -3.609 0.2222222239
65924  -21.311  9.310  -4.056 0.2222222239
64963  -21.141  8.602  -3.773 0.2222222239
63992  -22.347  8.000  -4.191 0.3333333433
63973  -22.595  7.413  -3.998 0.3333333433
63974  -23.353  7.545  -3.728 0.3333333433
64924  -26.245  8.196  -1.773 0.1111111119
66911  -21.331  10.091  -4.268 0.2222222239
66912  -22.059  10.345  -4.905 0.3333333433
65938  -21.989  9.485  -4.574 0.3333333433
65939  -22.757  9.638  -4.994 0.3333333433
125319  -22.640  8.962  -4.636 0.3333333433
65940  -23.408  9.151  -4.812 0.3333333433
65925  -24.673  9.363  -4.060 0.3333333433
141101  -24.160  9.446  -4.859 0.3333333433
65926  -25.439  9.645  -3.542 0.3333333433
65941  -25.200  9.950  -4.165 0.3333333433
65906  -25.809  9.310  -2.826 0.1111111119
139878  -26.468  9.615  -2.641 0.2222222239
67983  -20.926  11.566  -4.282 0.2222222239
67985  -21.331  10.797  -4.437 0.2222222239
67984  -21.690  11.215  -4.930 0.3333333433
66921  -23.014  10.297  -5.333 0.3333333433
150569  -23.759  10.293  -5.513 0.3333333433
65948  -23.605  9.745  -5.235 0.3333333433
66923  -24.315  10.056  -5.331 0.3333333433
66913  -24.790  9.950  -4.797 0.3333333433
66914  -25.418  10.450  -4.615 0.3333333433
65927  -26.110  9.999  -3.154 0.3333333433
67974  -20.402  11.690  -3.463 0.3333333433
67995  -22.072  11.795  -5.325 0.3333333433
67986  -25.741  11.047  -5.107 0.3333333433
79560  -32.912  23.262  -12.279 0.2222222239
80422  -32.512  24.191  -10.647 0.2222222239
79540  -33.338  23.845  -11.538 0.2222222239
83125  -30.983  26.907  -8.713 0.2222222239
63075  -23.615  6.609  -2.740 0.3333333433
63076  -24.247  6.874  -2.358 0.3333333433
63034  -25.809  6.619  -1.006 0.2222222239
64980  -21.941  8.622  -4.268 0.3333333433
64964  -23.631  8.223  -3.974 0.3333333433
64965  -24.342  8.585  -3.640 0.3333333433
64940  -24.740  8.233  -2.914 0.3333333433
66915  -26.037  10.897  -4.257 0.3333333433
62202  -25.085  5.474  -0.550 0.1111111119
61295  -25.979  5.013  -0.079 0.1111111119
62257  -21.412  5.846  -3.254 0.3333333433
62243  -23.226  5.360  -2.332 0.3333333433
63053  -23.917  6.058  -2.123 0.3333333433
62221  -24.509  5.779  -1.263 0.3333333433
61296  -26.970  5.023  0.108 0.1111111119
62204  -26.688  5.754  -0.338 0.1111111119
63036  -27.316  6.395  -0.525 0.1111111119
65923  -20.786  9.222  -3.535 0.2222222239
63942  -26.979  7.896  -1.410 0.1111111119
144618  -20.409  10.376  -3.076 0.2222222239
65889  -26.990  8.654  -1.765 0.1111111119
65907  -27.177  9.458  -2.234 0.1111111119
66910  -20.703  10.795  -3.719 0.2222222239
66883  -26.888  10.297  -2.798 0.1111111119
66902  -26.376  10.659  -3.501 0.1111111119
67975  -27.089  11.667  -3.892 0.1111111119
69010  -20.337  12.473  -3.368 0.1111111119
81297  -32.449  24.768  -9.928 0.2222222239
149762  -30.471  28.479  -8.364 0.2222222239
84069  -30.653  27.742  -8.478 0.2222222239
69976  -20.358  13.060  -4.025 0.2222222239
69020  -20.450  12.258  -3.896 0.2222222239
82182  -32.471  25.986  -8.982 0.2222222239
63074  -23.101  6.035  -2.834 0.3333333433
148581  -20.795  8.040  -3.467 0.2222222239
63089  -21.419  6.712  -3.545 0.2222222239
63956  -23.780  7.232  -3.004 0.3333333433
64941  -25.527  8.479  -2.420 0.2222222239
63993  -22.994  7.944  -4.248 0.3333333433
140052  -22.625  8.396  -4.408 0.3333333433
64981  -23.225  8.544  -4.470 0.3333333433
64982  -23.926  8.843  -4.354 0.3333333433
64966  -25.088  8.934  -3.237 0.3333333433
66901  -25.737  10.308  -3.830 0.3333333433
142112  -26.573  11.206  -3.897 0.1111111119
61294  -24.948  4.564  -0.231 0.1111111119
62242  -22.513  5.480  -2.911 0.3333333433
62220  -23.826  5.260  -1.618 0.3333333433
148257  -20.664  7.258  -3.271 0.2222222239
140308  -33.457  24.622  -10.435 0.1111111119
80423  -34.341  24.643  -11.937 0.1111111119
80412  -34.730  25.410  -11.477 0.1111111119
145752  -33.398  25.908  -9.235 0.1111111119
82183  -34.246  26.390  -9.749 0.1111111119
82181  -31.429  26.197  -9.185 0.1111111119
82165  -33.271  26.707  -8.883 0.1111111119
83126  -32.040  26.735  -8.590 0.1111111119
84909  -29.626  29.816  -8.354 0.2222222239
140938  -32.654  27.340  -8.562 0.1111111119
86757  -29.310  31.226  -8.214 0.1111111119
86781  -28.604  31.094  -8.360 0.2222222239
132470  -29.148  32.914  -8.154 0.1111111119
85826  -29.921  30.537  -8.236 0.1111111119
87740  -29.731  32.103  -8.175 0.1111111119
130123  -23.380  33.967  -12.998 0.4444444478
88745  -28.128  33.055  -8.406 0.1111111119
89730  -21.990  34.848  -12.827 0.4444444478
89736  -22.848  34.716  -13.166 0.4444444478
89709  -29.499  34.441  -8.417 0.1111111119
91354  -25.445  36.201  -13.439 0.4444444478
92142  -27.209  37.035  -10.179 0.3333333433
91348  -27.536  36.329  -9.908 0.2222222239
91340  -28.898  36.684  -9.432 0.1111111119
138733  -29.152  35.051  -8.580 0.1111111119
130141  -29.262  35.832  -8.901 0.1111111119
92160  -24.683  36.474  -13.917 0.4444444478
134644  -24.706  37.281  -14.082 0.4444444478
92168  -24.763  38.135  -14.426 0.4444444478
92150  -25.468  36.803  -13.498 0.4444444478
92918  -25.661  37.976  -12.773 0.4444444478
92151  -25.848  37.090  -12.832 0.4444444478
92152  -25.979  37.611  -11.742 0.4444444478
92911  -26.648  38.241  -11.033 0.4444444478
139983  -28.025  38.739  -9.903 0.2222222239
92128  -27.895  37.740  -9.740 0.2222222239
92913  -29.097  38.910  -10.100 0.2222222239
92898  -28.817  38.113  -9.811 0.2222222239
95987  -29.066  43.221  -13.378 0.1111111119
95292  -29.439  41.903  -12.062 0.1111111119
92920  -30.571  38.879  -11.125 0.1111111119
91353  -22.326  36.076  -12.699 0.4444444478
91361  -22.780  36.575  -13.372 0.4444444478
92159  -23.732  37.053  -14.045 0.3333333433
92935  -24.815  38.868  -14.736 0.4444444478
93765  -25.530  39.244  -12.542 0.4444444478
92919  -25.845  38.641  -11.585 0.4444444478
94546  -25.201  40.806  -13.848 0.3333333433
94511  -27.134  40.109  -10.933 0.3333333433
94533  -27.528  40.995  -10.881 0.1111111119
94512  -28.061  40.326  -10.377 0.1111111119
94513  -28.915  40.280  -10.513 0.1111111119
94535  -29.365  40.789  -11.024 0.1111111119
137754  -22.344  36.736  -12.219 0.2222222239
92167  -24.079  38.025  -14.504 0.3333333433
92934  -23.825  38.575  -14.854 0.3333333433
131327  -25.425  40.021  -13.493 0.3333333433
94531  -25.435  41.429  -12.654 0.2222222239
127869  -25.522  40.380  -12.332 0.2222222239
95273  -28.175  41.680  -11.092 0.1111111119
95958  -25.892  42.580  -12.427 0.1111111119
95271  -26.172  41.895  -12.121 0.1111111119
131751  -26.903  42.576  -12.002 0.1111111119
147988  -28.752  42.074  -11.511 0.1111111119
95975  -27.972  43.085  -12.018 0.1111111119
95290  -27.963  42.372  -11.531 0.1111111119
92158  -22.853  37.317  -13.560 0.3333333433
92166  -23.226  38.008  -14.204 0.3333333433
92926  -22.821  38.817  -13.269 0.3333333433
93776  -23.182  39.803  -13.423 0.3333333433
94564  -24.376  39.859  -14.802 0.3333333433
94556  -24.791  40.297  -14.397 0.3333333433
95270  -25.135  42.324  -12.918 0.1111111119
139093  -26.959  43.347  -12.475 0.1111111119
95976  -28.704  43.045  -12.557 0.1111111119
97372  -28.271  44.748  -14.109 0.1111111119
93731  -23.641  39.037  -9.679 0.1111111119
93749  -23.526  39.701  -10.586 0.1111111119
93764  -22.842  40.206  -12.169 0.2222222239
94530  -22.872  41.110  -11.965 0.2222222239
94554  -23.711  40.584  -14.090 0.3333333433
95287  -22.994  41.660  -12.838 0.2222222239
95310  -24.300  40.474  -14.470 0.3333333433
95301  -23.532  41.375  -13.663 0.3333333433
145513  -23.288  42.598  -13.511 0.2222222239
127864  -23.682  42.711  -13.563 0.1111111119
96630  -23.737  43.357  -13.599 0.1111111119
95974  -26.058  43.019  -12.442 0.1111111119
96631  -25.516  43.670  -12.799 0.1111111119
97344  -25.738  44.421  -12.913 0.1111111119
95986  -28.057  43.785  -12.655 0.1111111119
96658  -29.198  43.369  -14.319 0.1111111119
147262  -29.384  42.962  -14.053 0.1111111119
94510  -23.795  40.575  -10.469 0.1111111119
94495  -24.227  40.745  -9.748 0.1111111119
94509  -23.277  41.284  -11.133 0.1111111119
95252  -23.867  41.444  -10.358 0.1111111119
96603  -23.527  43.548  -10.717 0.1111111119
95957  -22.678  43.324  -11.374 0.1111111119
95971  -22.780  42.410  -12.814 0.2222222239
96615  -22.610  43.829  -11.858 0.1111111119
95972  -22.689  43.054  -12.752 0.1111111119
97326  -22.501  44.894  -13.190 0.1111111119
97342  -22.902  43.939  -14.033 0.1111111119
97341  -22.724  44.840  -14.171 0.1111111119
97343  -24.449  44.022  -13.573 0.1111111119
95238  -25.312  41.678  -9.756 0.1111111119
95935  -25.572  42.499  -9.896 0.1111111119
149488  -23.988  42.995  -10.496 0.1111111119
96592  -24.869  43.856  -10.588 0.1111111119
97314  -23.784  44.278  -11.147 0.1111111119
98036  -24.067  44.995  -11.515 0.1111111119
98050  -23.093  45.382  -11.930 0.1111111119
96593  -25.944  43.343  -10.115 0.1111111119
96594  -27.055  43.260  -9.865 0.1111111119
97306  -25.846  44.068  -10.549 0.1111111119
80424  -35.215  24.820  -12.119 0.1111111119
81285  -33.971  25.540  -10.018 0.1111111119
81286  -35.133  26.379  -11.104 0.1111111119
145396  -31.308  28.465  -8.264 0.1111111119
83108  -31.787  27.650  -8.368 0.1111111119
84052  -30.846  29.158  -8.214 0.1111111119
90579  -22.529  35.383  -13.097 0.4444444478
91347  -26.646  36.593  -11.139 0.4444444478
92912  -27.282  38.036  -10.317 0.3333333433
92129  -28.580  37.371  -9.623 0.1111111119
92130  -29.558  37.502  -9.637 0.1111111119
90557  -29.960  35.190  -8.526 0.1111111119
92161  -25.404  37.580  -13.636 0.4444444478
93754  -29.415  39.570  -10.506 0.2222222239
94534  -28.546  40.996  -10.682 0.1111111119
95274  -29.093  41.493  -11.255 0.1111111119
94547  -30.251  40.524  -12.229 0.1111111119
93783  -24.845  39.578  -14.589 0.3333333433
95269  -22.832  41.942  -11.805 0.2222222239
95942  -24.409  42.433  -10.114 0.1111111119
97327  -22.875  44.631  -11.464 0.1111111119
98063  -22.356  45.679  -13.547 0.1111111119
98037  -25.356  45.368  -11.387 0.1111111119
97307  -26.741  43.945  -10.286 0.1111111119
140019  -36.020  26.432  -10.990 0.1111111119
147397  -35.774  26.297  -11.271 0.1111111119
84932  -29.833  28.990  -8.385 0.2222222239
85825  -29.016  30.366  -8.414 0.2222222239
88746  -28.851  33.765  -8.284 0.1111111119
88770  -21.583  34.332  -12.340 0.4444444478
140070  -22.906  35.893  -13.393 0.4444444478
92927  -25.318  38.469  -13.795 0.4444444478
92940  -24.235  38.727  -15.045 0.4444444478
93766  -25.900  39.720  -11.427 0.4444444478
94532  -26.274  40.898  -11.516 0.2222222239
95245  -24.362  41.562  -9.880 0.1111111119
95239  -26.009  41.117  -9.522 0.1111111119
95943  -26.623  42.564  -9.733 0.1111111119
127758  -24.748  43.133  -10.282 0.1111111119
97315  -25.076  44.569  -10.935 0.1111111119
81299  -36.039  25.869  -11.368 0.1111111119
79541  -34.502  23.933  -12.611 0.1111111119
138735  -35.580  25.776  -11.595 0.1111111119
81276  -36.110  26.448  -10.020 0.1111111119
83127  -35.207  27.334  -10.465 0.1111111119
82166  -34.409  27.319  -9.708 0.1111111119
83110  -34.616  28.208  -10.038 0.1111111119
83109  -33.565  27.670  -8.976 0.1111111119
84911  -31.870  29.269  -8.383 0.1111111119
84053  -32.370  28.534  -8.484 0.1111111119
136420  -32.787  27.948  -8.550 0.1111111119
133957  -31.380  29.981  -8.300 0.1111111119
86759  -31.344  31.400  -8.481 0.1111111119
88736  -31.233  33.032  -8.652 0.1111111119
141514  -30.659  33.603  -8.516 0.1111111119
89710  -30.498  34.363  -8.602 0.1111111119
92131  -30.365  37.197  -9.727 0.1111111119
150327  -30.883  35.636  -9.379 0.1111111119
90574  -21.952  35.626  -12.158 0.4444444478
92154  -31.249  37.659  -11.453 0.1111111119
92928  -30.801  39.001  -12.192 0.1111111119
91346  -22.082  36.420  -11.432 0.2222222239
92149  -22.498  37.306  -12.447 0.3333333433
92139  -22.350  37.240  -11.338 0.2222222239
92925  -22.648  38.016  -12.854 0.2222222239
94558  -30.406  40.468  -13.336 0.1111111119
92910  -22.941  38.758  -10.664 0.1111111119
133037  -22.744  39.442  -12.377 0.2222222239
95311  -29.735  41.838  -14.602 0.1111111119
95999  -29.480  42.267  -15.597 0.1111111119
92896  -23.273  38.261  -9.670 0.1111111119
93732  -24.187  39.119  -9.276 0.1111111119
126514  -24.715  39.898  -9.372 0.1111111119
131515  -25.705  39.917  -9.200 0.1111111119
96657  -28.874  44.021  -14.771 0.1111111119
144330  -26.328  40.025  -8.703 0.1111111119
94489  -26.910  40.540  -8.575 0.1111111119
97357  -23.019  45.052  -14.505 0.1111111119
98075  -24.389  45.141  -14.216 0.1111111119
98086  -26.833  45.943  -14.159 0.1111111119
98087  -27.985  45.493  -14.576 0.1111111119
95240  -26.756  41.118  -9.232 0.1111111119
95936  -27.178  41.866  -9.362 0.1111111119
98051  -24.266  45.709  -11.739 0.1111111119
99672  -23.766  46.819  -12.270 0.1111111119
98027  -26.357  44.749  -10.742 0.1111111119
92141  -26.601  37.330  -11.061 0.4444444478
81284  -32.958  25.262  -9.481 0.1111111119
82184  -35.134  27.114  -10.623 0.1111111119
86758  -30.369  31.369  -8.254 0.1111111119
91341  -29.922  36.662  -9.181 0.1111111119
91342  -30.751  36.377  -9.626 0.1111111119
93751  -26.843  39.161  -10.933 0.2222222239
93752  -27.745  39.502  -10.349 0.2222222239
93753  -28.493  39.577  -10.224 0.1111111119
92914  -29.957  38.963  -10.464 0.2222222239
92143  -29.715  38.313  -10.039 0.1111111119
95977  -29.367  42.484  -12.841 0.1111111119
96647  -28.575  43.954  -13.729 0.1111111119
126760  -29.749  41.130  -11.742 0.1111111119
95304  -29.797  41.887  -13.491 0.1111111119
135919  -30.033  41.331  -12.788 0.1111111119
92921  -31.059  38.279  -11.756 0.1111111119
92153  -30.920  38.029  -10.980 0.1111111119
93755  -30.080  39.500  -10.866 0.2222222239
93767  -29.711  40.094  -10.951 0.2222222239
92933  -23.477  38.943  -14.446 0.3333333433
95272  -27.119  41.760  -11.391 0.1111111119
92917  -22.621  38.781  -11.960 0.1111111119
94555  -24.067  40.149  -14.682 0.3333333433
95303  -24.482  41.091  -14.176 0.2222222239
95289  -24.631  41.776  -13.732 0.1111111119
95973  -24.937  43.022  -12.870 0.1111111119
96632  -26.795  44.156  -12.743 0.1111111119
96646  -27.689  44.546  -13.187 0.1111111119
97361  -26.593  44.946  -12.960 0.1111111119
97371  -27.396  45.255  -13.655 0.1111111119
93750  -24.001  39.871  -9.691 0.1111111119
127935  -22.802  39.576  -11.444 0.1111111119
132492  -23.087  40.428  -11.302 0.1111111119
94545  -23.129  40.801  -12.997 0.3333333433
95302  -24.029  41.171  -14.168 0.3333333433
95288  -23.981  42.012  -13.818 0.2222222239
96629  -22.784  43.496  -13.305 0.1111111119
98077  -26.404  45.486  -13.409 0.1111111119
97360  -25.321  44.865  -13.526 0.1111111119
95251  -23.192  42.144  -10.851 0.1111111119
95947  -23.342  42.855  -10.628 0.1111111119
127199  -23.855  42.126  -10.396 0.1111111119
95956  -22.684  42.708  -11.601 0.1111111119
126867  -22.583  44.297  -12.664 0.1111111119
98049  -22.634  45.858  -12.634 0.1111111119
97359  -24.011  44.453  -13.989 0.1111111119
142650  -23.559  45.168  -14.422 0.1111111119
94487  -25.210  40.751  -9.522 0.1111111119
135311  -26.294  41.771  -9.625 0.1111111119
147288  -23.751  45.899  -12.006 0.1111111119
98824  -23.424  46.102  -12.274 0.1111111119
81298  -35.582  26.672  -10.884 0.1111111119
84910  -30.402  29.850  -8.215 0.1111111119
149654  -30.188  37.846  -9.969 0.1111111119
93768  -30.320  39.768  -11.604 0.1111111119
93778  -30.592  39.734  -12.754 0.1111111119
98845  -22.408  46.184  -13.821 0.1111111119
98814  -26.053  46.076  -11.457 0.1111111119
82185  -35.688  26.965  -10.467 0.1111111119
94488  -26.218  40.517  -9.226 0.1111111119
85827  -30.893  30.658  -8.271 0.1111111119
87741  -30.854  32.204  -8.381 0.1111111119
92144  -30.681  37.630  -10.359 0.1111111119
94557  -30.173  41.171  -13.955 0.1111111119
98084  -23.968  45.847  -14.466 0.1111111119
98076  -25.642  45.647  -13.734 0.1111111119
98825  -24.344  46.369  -12.013 0.1111111119
99673  -24.645  47.144  -12.236 0.1111111119
98823  -23.081  46.376  -12.746 0.1111111119
61335  -22.559  4.736  -2.479 0.2222222239
74798  -20.072  17.986  -6.703 0.2222222239
75733  -19.363  19.353  -6.566 0.2222222239
141850  -20.173  17.060  -7.044 0.3333333433
73862  -20.149  17.997  -7.076 0.4444444478
74806  -19.725  18.706  -7.079 0.3333333433
88769  -21.148  33.861  -12.028 0.3333333433
88757  -21.014  34.038  -10.130 0.2222222239
89715  -21.950  35.118  -10.187 0.1111111119
90569  -21.851  35.837  -11.327 0.1111111119
124346  -16.640  34.027  -6.553 0.2222222239
86710  -16.189  31.402  -6.573 0.1111111119
72910  -20.149  16.334  -6.978 0.2222222239
86695  -16.293  31.263  -5.052 0.1111111119
87736  -19.788  33.424  -8.656 0.1111111119
87737  -20.008  32.710  -9.652 0.1111111119
88741  -21.719  33.984  -9.852 0.1111111119
125624  -22.496  34.420  -9.889 0.1111111119
90562  -22.345  35.556  -9.854 0.1111111119
91336  -21.980  36.406  -10.859 0.1111111119
71880  -20.366  16.060  -6.152 0.2222222239
79495  -19.410  23.131  -8.134 0.2222222239
88758  -21.393  34.545  -11.638 0.3333333433
89724  -21.667  35.060  -11.854 0.1111111119
130713  -20.256  17.250  -6.436 0.2222222239
88740  -21.311  33.346  -9.987 0.1111111119
86753  -20.794  32.085  -10.198 0.1111111119
87757  -22.174  32.924  -10.053 0.1111111119
87756  -21.008  32.842  -10.201 0.1111111119
75781  -32.353  19.405  -9.919 0.1111111119
61309  -22.980  4.126  -1.893 0.1111111119
61336  -23.268  4.783  -1.936 0.1111111119
61310  -23.664  4.498  -1.362 0.1111111119
60366  -21.317  3.795  -2.439 0.1111111119
61334  -21.654  4.519  -2.725 0.1111111119
62241  -21.190  5.193  -2.924 0.1111111119
62256  -20.767  6.459  -3.193 0.1111111119
63955  -20.177  7.309  -2.606 0.1111111119
70930  -20.319  13.911  -3.668 0.1111111119
75713  -19.409  19.185  -6.066 0.1111111119
125516  -19.645  18.647  -6.336 0.1111111119
83090  -17.723  26.915  -6.851 0.2222222239
150100  -17.383  27.655  -7.093 0.2222222239
84025  -16.768  27.781  -5.623 0.2222222239
61333  -20.601  4.721  -2.581 0.1111111119
130528  -19.605  19.559  -7.386 0.1111111119
60365  -20.299  3.825  -2.298 0.1111111119
60367  -22.211  3.891  -2.351 0.1111111119
60341  -23.414  3.722  -1.250 0.1111111119
61311  -24.355  4.974  -0.893 0.1111111119
61332  -19.624  4.644  -2.179 0.1111111119
62240  -20.462  5.766  -2.811 0.1111111119
63073  -20.191  6.656  -2.701 0.1111111119
137527  -20.317  7.961  -2.887 0.1111111119
64962  -20.530  8.690  -3.210 0.1111111119
65905  -20.358  9.563  -2.905 0.1111111119
138827  -20.318  14.607  -4.048 0.1111111119
72899  -20.356  16.606  -5.945 0.1111111119
130327  -19.672  18.666  -6.018 0.1111111119
82147  -18.293  26.273  -6.889 0.2222222239
84009  -16.175  27.908  -4.888 0.2222222239
84866  -16.056  28.751  -4.491 0.1111111119
60340  -22.623  3.286  -1.741 0.1111111119
84024  -16.330  28.249  -6.189 0.2222222239
85793  -16.112  30.027  -5.546 0.1111111119
143588  -18.530  26.378  -8.509 0.2222222239
147853  -19.563  20.207  -7.689 0.1111111119
70943  -20.345  14.617  -4.232 0.1111111119
66882  -20.323  10.400  -2.254 0.1111111119
124652  -20.375  11.000  -2.969 0.1111111119
69964  -20.320  13.200  -3.405 0.1111111119
128683  -20.269  13.793  -3.925 0.1111111119
130966  -21.888  5.175  -3.067 0.1111111119
74781  -20.112  18.040  -6.160 0.1111111119
71856  -20.322  15.459  -4.757 0.1111111119
73833  -20.313  17.184  -5.864 0.1111111119
138438  -21.878  3.242  -2.202 0.1111111119
128321  -17.476  27.427  -6.272 0.1111111119
63072  -19.719  6.050  -2.211 0.1111111119
63954  -19.875  6.898  -2.114 0.1111111119
69950  -20.411  13.082  -3.041 0.1111111119
70905  -20.900  14.294  -2.582 0.1111111119
83999  -16.324  28.380  -4.219 0.1111111119
85771  -16.479  30.346  -3.314 0.1111111119
141222  -17.237  34.342  -5.941 0.1111111119
80368  -18.922  25.142  -7.203 0.1111111119
87696  -16.627  32.795  -5.259 0.1111111119
124152  -17.991  33.859  -6.263 0.1111111119
88731  -19.074  33.938  -7.805 0.1111111119
64942  -26.375  8.957  -2.264 0.1111111119
70019  -26.830  13.468  -7.191 0.4444444478
71898  -28.504  15.005  -7.828 0.2222222239
73851  -30.782  17.304  -7.259 0.1111111119
73897  -29.787  17.232  -9.958 0.2222222239
73903  -28.932  17.712  -10.375 0.5555555820
77687  -26.900  21.781  -11.319 1.0000000000
78601  -19.964  22.523  -9.338 0.4444444478
78613  -22.445  22.633  -10.081 0.8888888955
79556  -26.856  23.839  -12.142 1.0000000000
79557  -27.410  23.049  -11.981 0.8888888955
79572  -27.352  24.528  -12.253 0.8888888955
80435  -24.614  24.600  -11.464 1.0000000000
81252  -18.665  25.654  -7.391 0.1111111119
81305  -23.017  25.515  -11.526 1.0000000000
81308  -26.248  25.086  -11.677 0.8888888955
81321  -26.280  26.340  -11.591 0.7777777910
81323  -27.316  25.217  -12.177 0.7777777910
82192  -21.023  26.058  -10.855 0.8888888955
82201  -23.505  26.280  -11.842 1.0000000000
83081  -17.947  26.637  -6.228 0.1111111119
83116  -17.911  27.980  -8.541 0.5555555820
83141  -19.820  28.248  -10.864 0.7777777910
83144  -22.051  27.198  -11.724 1.0000000000
84083  -20.496  29.008  -11.882 0.8888888955
84084  -20.947  28.393  -12.161 0.8888888955
84090  -21.551  28.845  -12.297 0.7777777910
84093  -24.470  28.419  -12.959 0.8888888955
84856  -16.578  29.234  -3.795 0.1111111119
84948  -20.578  29.853  -12.097 0.7777777910
84954  -25.125  29.808  -13.193 0.6666666865
84955  -25.351  29.203  -12.805 0.6666666865
85777  -16.159  29.999  -4.132 0.1111111119
85842  -28.021  30.551  -9.440 0.4444444478
85851  -18.364  30.458  -9.849 0.6666666865
85862  -20.208  30.543  -11.679 0.7777777910
85870  -21.142  30.862  -12.570 0.7777777910
86792  -18.695  31.509  -10.180 0.6666666865
86806  -19.891  31.262  -11.184 0.6666666865
86817  -22.278  31.890  -12.650 0.6666666865
86819  -24.303  31.720  -13.080 0.6666666865
87808  -22.221  32.699  -12.775 0.6666666865
88735  -29.829  33.681  -8.344 0.1111111119
89719  -28.622  34.513  -8.505 0.3333333433
90566  -30.280  35.874  -8.907 0.1111111119
91339  -27.920  36.846  -9.665 0.1111111119
93777  -25.257  39.362  -13.987 0.3333333433
93782  -23.816  39.706  -14.759 0.3333333433
93787  -24.252  39.242  -15.163 0.3333333433
94536  -29.905  40.474  -11.481 0.1111111119
95291  -28.762  42.541  -12.040 0.1111111119
95985  -23.541  42.072  -13.599 0.2222222239
95993  -29.468  42.692  -14.630 0.1111111119
97358  -23.349  44.636  -14.317 0.1111111119
98074  -22.660  45.574  -14.224 0.1111111119
98083  -23.130  45.618  -14.474 0.1111111119
98837  -22.477  46.157  -13.192 0.1111111119
99694  -22.813  46.571  -13.511 0.1111111119
124214  -17.195  34.361  -6.925 0.1111111119
124331  -16.662  33.038  -7.834 0.3333333433
124579  -16.404  32.416  -6.267 0.1111111119
126812  -30.293  32.945  -8.336 0.1111111119
127817  -27.747  18.448  -10.468 0.6666666865
130738  -27.380  38.791  -10.450 0.2222222239
132471  -28.094  35.907  -9.395 0.1111111119
132564  -24.197  29.258  -13.039 0.7777777910
133943  -25.047  28.132  -12.859 0.8888888955
136491  -25.619  31.181  -12.929 0.6666666865
136870  -21.637  30.182  -12.478 0.6666666865
137635  -25.761  22.894  -11.313 1.0000000000
137745  -20.519  32.002  -11.946 0.6666666865
138666  -28.370  35.190  -8.832 0.2222222239
139301  -18.803  26.159  -9.136 0.6666666865
139704  -16.204  31.824  -7.760 0.3333333433
140441  -23.941  39.139  -15.246 0.3333333433
140913  -25.167  40.032  -14.149 0.3333333433
141153  -18.792  34.099  -7.258 0.1111111119
143505  -30.377  38.313  -10.460 0.1111111119
144401  -27.702  26.042  -12.081 0.7777777910
145840  -27.093  31.557  -11.095 0.5555555820
146784  -29.535  42.518  -13.838 0.1111111119
147006  -20.793  16.432  -7.314 1.0000000000
147907  -29.692  41.922  -12.778 0.1111111119
148064  -26.898  27.494  -11.750 0.7777777910
149895  -17.548  31.050  -8.304 0.6666666865
150054  -22.010  5.608  -3.281 0.3333333433
150144  -24.035  39.515  -15.149 0.3333333433
150497  -20.587  27.466  -11.312 1.0000000000
