#!ascii label  , from subject sub-v2s12x28873_ses-1 vox2ras=TkReg
897
45199  -10.808  -11.786  67.524 0.0000000000
52017  -26.679  -4.491  52.769 0.0000000000
53064  -29.819  -3.030  46.779 0.0000000000
112270  -24.684  -10.532  57.509 0.0000000000
61437  -37.988  6.206  39.455 0.0000000000
59509  -31.530  3.686  43.063 0.0000000000
49998  -29.142  -5.768  56.708 0.0000000000
49997  -24.843  -5.834  56.650 0.0000000000
64864  -41.427  9.708  43.608 0.0000000000
64879  -45.023  10.120  40.074 0.0000000000
64895  -47.337  10.254  37.434 0.0000000000
121171  -31.925  0.348  49.860 0.0000000000
56825  -28.978  0.030  45.353 0.0000000000
59463  -33.561  3.639  48.308 0.0000000000
60386  -36.337  5.015  46.410 0.0000000000
114624  -19.122  -8.237  57.866 0.0000000000
43463  -8.430  -13.611  71.713 0.0000000000
105404  -28.994  -4.674  49.347 0.0000000000
53021  -32.299  -3.364  50.603 0.0000000000
46260  -19.956  -10.127  54.157 0.0000000000
46316  -22.504  -10.823  52.213 0.0000000000
64133  -47.024  8.052  31.526 0.0000000000
66709  -49.680  11.312  35.079 0.0000000000
60459  -34.910  5.277  41.671 0.0000000000
63180  -39.550  7.046  45.281 0.0000000000
46133  -11.420  -10.437  63.850 0.0000000000
38742  -5.945  -18.351  68.343 0.0000000000
64869  -42.966  9.984  41.918 0.0000000000
58582  -32.536  2.561  49.060 0.0000000000
48105  -16.821  -7.880  56.924 0.0000000000
44387  -9.504  -12.609  69.608 0.0000000000
52100  -26.443  -4.741  47.393 0.0000000000
113275  -27.746  -4.590  50.890 0.0000000000
105320  -22.362  -10.494  55.165 0.0000000000
46280  -21.710  -10.720  53.551 0.0000000000
47143  -24.056  -10.090  55.026 0.0000000000
51991  -25.661  -4.690  54.778 0.0000000000
50039  -23.426  -6.516  53.312 0.0000000000
51072  -24.168  -5.058  51.381 0.0000000000
46206  -23.991  -11.588  58.424 0.0000000000
47114  -21.421  -9.661  57.341 0.0000000000
108834  -42.178  7.943  35.139 0.0000000000
63306  -45.765  7.703  32.126 0.0000000000
119455  -48.907  10.866  36.149 0.0000000000
57737  -29.754  1.840  43.779 0.0000000000
60443  -32.798  4.236  42.153 0.0000000000
106204  -38.021  5.743  46.150 0.0000000000
49031  -14.865  -7.579  60.914 0.0000000000
48032  -13.472  -8.406  62.869 0.0000000000
47036  -13.028  -8.711  64.225 0.0000000000
46169  -11.762  -10.011  61.435 0.0000000000
126565  -7.036  -17.638  67.475 0.0000000000
51013  -27.981  -5.090  54.229 0.0000000000
51031  -29.080  -5.710  53.426 0.0000000000
50026  -29.958  -6.042  54.664 0.0000000000
110942  -24.970  -8.695  59.580 0.0000000000
49072  -24.558  -7.862  57.186 0.0000000000
50965  -25.737  -5.690  58.966 0.0000000000
51971  -26.720  -4.631  56.571 0.0000000000
108219  -39.829  7.556  41.218 0.0000000000
63239  -40.899  8.119  40.113 0.0000000000
64068  -42.527  8.557  38.382 0.0000000000
64093  -44.281  8.983  36.427 0.0000000000
121871  -45.189  9.269  35.126 0.0000000000
64884  -46.098  9.953  39.095 0.0000000000
54963  -30.764  -0.925  48.310 0.0000000000
54067  -29.331  -1.851  46.152 0.0000000000
56808  -30.899  0.683  48.241 0.0000000000
57717  -31.007  2.429  46.814 0.0000000000
59489  -32.641  3.827  45.989 0.0000000000
60395  -33.704  4.502  45.171 0.0000000000
60379  -35.444  4.483  47.607 0.0000000000
48076  -17.635  -7.771  59.584 0.0000000000
49057  -15.688  -7.690  58.813 0.0000000000
124928  -51.206  10.613  30.970 0.0000000000
42551  -6.187  -14.743  71.593 0.0000000000
51149  -27.540  -5.219  46.423 0.0000000000
52086  -29.702  -4.503  47.983 0.0000000000
113517  -29.934  -5.786  51.664 0.0000000000
52057  -31.050  -4.741  49.938 0.0000000000
53042  -31.178  -3.135  48.755 0.0000000000
54930  -32.234  -1.610  50.555 0.0000000000
48137  -23.749  -8.711  54.369 0.0000000000
47090  -20.942  -9.391  58.889 0.0000000000
47126  -19.735  -8.767  55.959 0.0000000000
64914  -47.069  9.793  34.084 0.0000000000
64919  -48.180  10.092  33.133 0.0000000000
64924  -49.148  10.281  31.989 0.0000000000
66715  -51.070  11.785  33.523 0.0000000000
44414  -9.231  -13.165  64.310 0.0000000000
43506  -8.411  -13.663  66.142 0.0000000000
61425  -36.286  5.486  40.670 0.0000000000
60429  -35.662  5.283  44.136 0.0000000000
61406  -37.309  5.804  42.993 0.0000000000
62341  -38.255  6.444  42.295 0.0000000000
64025  -40.213  8.310  44.102 0.0000000000
45217  -10.540  -11.375  65.204 0.0000000000
42593  -7.516  -14.850  67.892 0.0000000000
41666  -6.840  -15.750  69.611 0.0000000000
112440  -5.484  -16.042  69.722 0.0000000000
114116  -9.759  -12.513  68.309 0.0000000000
52053  -25.516  -4.470  50.580 0.0000000000
52054  -26.330  -4.400  50.298 0.0000000000
52036  -26.999  -4.430  51.112 0.0000000000
46232  -23.805  -10.667  56.121 0.0000000000
46262  -23.104  -10.444  54.854 0.0000000000
46233  -24.274  -10.303  55.832 0.0000000000
52001  -25.803  -4.503  53.293 0.0000000000
51050  -24.866  -4.719  52.896 0.0000000000
52016  -25.661  -4.523  52.367 0.0000000000
52034  -24.821  -4.675  50.974 0.0000000000
46208  -25.203  -10.501  59.074 0.0000000000
46196  -24.874  -11.289  59.268 0.0000000000
110391  -24.174  -11.090  57.644 0.0000000000
46219  -23.666  -10.830  57.033 0.0000000000
64120  -44.900  8.398  33.261 0.0000000000
52115  -29.400  -4.231  46.307 0.0000000000
53076  -29.325  -3.376  45.377 0.0000000000
58617  -30.271  2.534  43.548 0.0000000000
57758  -30.244  1.832  41.964 0.0000000000
59522  -32.182  4.004  42.725 0.0000000000
48073  -13.559  -8.603  60.054 0.0000000000
48047  -14.227  -7.802  61.559 0.0000000000
47068  -12.862  -8.859  61.459 0.0000000000
47055  -12.871  -8.813  62.391 0.0000000000
47077  -12.331  -9.504  60.977 0.0000000000
51002  -28.731  -5.508  55.351 0.0000000000
51014  -28.662  -5.491  54.688 0.0000000000
50012  -29.259  -5.685  55.823 0.0000000000
49034  -25.422  -7.352  60.611 0.0000000000
49046  -25.090  -7.616  59.604 0.0000000000
50955  -25.872  -5.952  59.784 0.0000000000
50986  -28.596  -5.596  57.560 0.0000000000
106447  -27.015  -4.904  58.133 0.0000000000
51972  -27.624  -4.895  56.727 0.0000000000
51982  -27.392  -4.656  55.949 0.0000000000
64037  -40.568  8.455  42.353 0.0000000000
63233  -40.411  7.925  40.859 0.0000000000
64042  -41.443  8.752  41.271 0.0000000000
64874  -44.083  9.924  41.130 0.0000000000
64050  -43.081  9.117  39.965 0.0000000000
64058  -43.966  9.171  39.053 0.0000000000
64080  -43.266  8.706  37.399 0.0000000000
64889  -44.675  9.426  38.757 0.0000000000
64071  -44.805  9.248  37.926 0.0000000000
64883  -45.270  9.814  39.307 0.0000000000
111249  -31.175  -0.547  48.767 0.0000000000
55893  -30.769  -0.147  48.371 0.0000000000
56798  -31.242  0.273  48.765 0.0000000000
58583  -33.085  3.238  48.893 0.0000000000
57709  -31.738  2.007  48.264 0.0000000000
112842  -31.966  3.133  47.274 0.0000000000
58597  -31.611  3.032  46.725 0.0000000000
59472  -33.299  3.770  47.566 0.0000000000
59482  -33.864  4.100  46.987 0.0000000000
59473  -34.084  3.980  47.807 0.0000000000
48078  -19.335  -8.502  59.438 0.0000000000
48063  -19.176  -8.424  60.245 0.0000000000
48090  -18.794  -8.157  58.689 0.0000000000
116411  -16.036  -7.962  57.120 0.0000000000
66719  -51.635  11.534  32.128 0.0000000000
66723  -52.375  11.480  31.559 0.0000000000
108419  -7.649  -13.772  72.337 0.0000000000
52070  -27.417  -4.482  48.826 0.0000000000
51134  -27.245  -4.728  47.152 0.0000000000
51135  -28.203  -4.802  47.149 0.0000000000
51136  -28.973  -4.664  47.149 0.0000000000
51120  -29.343  -4.623  48.740 0.0000000000
50057  -29.698  -6.479  53.038 0.0000000000
51053  -29.285  -5.706  52.391 0.0000000000
51054  -30.860  -6.101  51.891 0.0000000000
124853  -32.545  -3.706  51.127 0.0000000000
52039  -32.009  -4.883  50.919 0.0000000000
53030  -31.843  -3.812  50.077 0.0000000000
52088  -30.993  -3.857  48.974 0.0000000000
108835  -31.914  -3.012  49.969 0.0000000000
107920  -31.861  -2.097  49.903 0.0000000000
54022  -32.296  -2.514  50.606 0.0000000000
46301  -22.760  -10.713  52.947 0.0000000000
49982  -24.558  -6.746  57.003 0.0000000000
109929  -24.130  -8.228  55.893 0.0000000000
49087  -23.889  -7.356  55.723 0.0000000000
123011  -22.887  -7.858  52.228 0.0000000000
46181  -22.046  -10.176  60.086 0.0000000000
47142  -21.132  -9.513  55.585 0.0000000000
47127  -20.603  -9.016  56.193 0.0000000000
47141  -20.252  -9.215  55.414 0.0000000000
47154  -19.042  -9.749  54.531 0.0000000000
64899  -46.576  9.702  36.405 0.0000000000
64912  -46.045  9.543  34.989 0.0000000000
64900  -47.252  9.957  36.061 0.0000000000
65780  -49.092  10.858  35.326 0.0000000000
65786  -48.555  10.565  34.704 0.0000000000
65789  -48.710  10.562  33.790 0.0000000000
65793  -48.908  10.497  32.850 0.0000000000
65790  -49.560  10.940  33.564 0.0000000000
65791  -50.248  11.188  33.026 0.0000000000
66710  -50.322  11.657  34.778 0.0000000000
55919  -29.022  -0.936  45.861 0.0000000000
113925  -28.769  -2.588  43.987 0.0000000000
60479  -35.566  4.476  39.393 0.0000000000
61424  -35.611  5.396  41.195 0.0000000000
122152  -35.117  4.717  45.775 0.0000000000
60410  -34.249  4.834  44.619 0.0000000000
60398  -35.870  5.034  45.586 0.0000000000
111955  -39.381  6.701  45.939 0.0000000000
61374  -37.508  5.683  44.636 0.0000000000
61375  -38.075  6.002  44.164 0.0000000000
61392  -38.028  6.150  43.204 0.0000000000
62331  -39.292  7.051  43.721 0.0000000000
63215  -39.376  7.322  42.822 0.0000000000
63199  -39.722  7.552  44.506 0.0000000000
46134  -11.840  -9.807  64.217 0.0000000000
119393  -11.779  -9.833  65.079 0.0000000000
46127  -11.743  -9.890  65.989 0.0000000000
45218  -10.992  -10.879  64.468 0.0000000000
114898  -10.070  -12.219  63.886 0.0000000000
45238  -10.469  -11.817  63.330 0.0000000000
41702  -7.717  -15.139  66.233 0.0000000000
42594  -7.854  -14.132  67.404 0.0000000000
41701  -7.487  -15.867  66.796 0.0000000000
39763  -6.502  -18.254  67.899 0.0000000000
40675  -6.957  -16.369  68.530 0.0000000000
39753  -6.474  -17.149  68.857 0.0000000000
41664  -5.828  -16.028  69.977 0.0000000000
39751  -5.467  -17.593  68.795 0.0000000000
50957  -27.298  -5.710  60.719 0.0000000000
64862  -42.170  10.357  43.885 0.0000000000
64868  -42.530  10.083  42.554 0.0000000000
65728  -43.677  10.732  43.290 0.0000000000
57690  -32.102  1.258  49.817 0.0000000000
48116  -18.284  -8.403  56.333 0.0000000000
48106  -17.799  -7.964  56.948 0.0000000000
44379  -10.076  -12.165  70.745 0.0000000000
44377  -8.780  -12.941  70.118 0.0000000000
112950  -25.581  -4.446  48.661 0.0000000000
52055  -27.363  -4.524  50.078 0.0000000000
52071  -28.290  -4.620  49.610 0.0000000000
54012  -32.868  -2.337  52.031 0.0000000000
46261  -21.567  -10.186  54.969 0.0000000000
108345  -21.106  -10.285  54.192 0.0000000000
111299  -22.291  -10.567  54.331 0.0000000000
125267  -23.149  -10.538  54.180 0.0000000000
46281  -23.318  -10.368  53.738 0.0000000000
51000  -25.151  -5.177  55.346 0.0000000000
50024  -23.831  -6.166  54.662 0.0000000000
51011  -24.325  -5.454  54.281 0.0000000000
51048  -23.568  -5.838  52.326 0.0000000000
51102  -23.849  -5.744  49.926 0.0000000000
46195  -23.414  -11.595  59.688 0.0000000000
46193  -21.968  -10.109  59.042 0.0000000000
46204  -22.347  -10.496  58.118 0.0000000000
46230  -22.077  -10.135  56.853 0.0000000000
106827  -41.354  7.751  35.691 0.0000000000
64128  -46.449  8.416  32.162 0.0000000000
65764  -48.195  11.039  38.404 0.0000000000
123776  -47.944  10.468  37.082 0.0000000000
57736  -29.372  1.163  44.143 0.0000000000
59535  -32.922  3.759  40.694 0.0000000000
60457  -33.536  4.557  41.760 0.0000000000
61341  -38.543  5.841  47.995 0.0000000000
61348  -37.243  5.340  46.521 0.0000000000
61350  -38.776  6.132  47.292 0.0000000000
126559  -15.508  -7.457  61.162 0.0000000000
49014  -15.092  -7.454  61.689 0.0000000000
105497  -14.682  -7.811  64.027 0.0000000000
122083  -13.492  -8.500  63.599 0.0000000000
47054  -12.366  -9.366  62.843 0.0000000000
46145  -11.357  -10.573  62.932 0.0000000000
45239  -10.784  -11.378  62.521 0.0000000000
45251  -10.998  -11.485  61.499 0.0000000000
52003  -27.483  -4.762  53.429 0.0000000000
51051  -27.948  -4.998  52.952 0.0000000000
114320  -28.685  -5.481  54.038 0.0000000000
50042  -29.662  -6.141  53.846 0.0000000000
47103  -25.068  -10.149  58.214 0.0000000000
125702  -24.664  -9.562  56.843 0.0000000000
48094  -24.862  -8.423  58.855 0.0000000000
49073  -24.737  -6.990  57.840 0.0000000000
49983  -24.973  -5.982  57.555 0.0000000000
50966  -26.405  -5.461  59.460 0.0000000000
50984  -26.201  -4.895  57.754 0.0000000000
118791  -25.529  -5.162  57.115 0.0000000000
51981  -26.475  -4.511  55.858 0.0000000000
51992  -26.612  -4.515  54.536 0.0000000000
105516  -25.192  -9.369  59.997 0.0000000000
62360  -38.543  6.729  40.771 0.0000000000
61450  -38.353  6.259  38.522 0.0000000000
62369  -39.421  7.197  39.558 0.0000000000
63238  -40.256  7.636  39.571 0.0000000000
63258  -40.943  7.902  37.853 0.0000000000
64043  -42.131  9.005  40.971 0.0000000000
64067  -41.830  8.322  38.837 0.0000000000
108339  -41.340  8.090  37.327 0.0000000000
63266  -42.046  8.283  36.218 0.0000000000
64103  -42.867  8.521  35.928 0.0000000000
64114  -43.946  8.681  34.884 0.0000000000
112495  -44.573  8.927  34.777 0.0000000000
64094  -45.073  9.163  36.141 0.0000000000
64898  -45.774  9.438  36.741 0.0000000000
64891  -47.054  10.305  38.047 0.0000000000
65749  -46.356  10.694  40.458 0.0000000000
65757  -47.979  11.192  39.143 0.0000000000
54057  -30.199  -2.285  47.399 0.0000000000
113103  -29.439  -2.783  46.076 0.0000000000
54973  -29.746  -1.595  47.055 0.0000000000
121685  -29.745  -0.198  47.078 0.0000000000
56817  -29.971  0.695  46.853 0.0000000000
57699  -31.440  1.154  48.586 0.0000000000
121344  -30.942  1.887  47.413 0.0000000000
112350  -29.932  1.443  46.081 0.0000000000
110419  -30.043  1.983  45.289 0.0000000000
59488  -31.461  3.396  45.091 0.0000000000
59497  -31.453  3.600  44.004 0.0000000000
60408  -32.822  4.366  44.151 0.0000000000
59499  -32.914  4.186  45.138 0.0000000000
60384  -34.632  4.451  46.407 0.0000000000
112490  -35.926  4.734  47.044 0.0000000000
60375  -36.554  4.633  48.673 0.0000000000
60381  -37.000  5.036  48.037 0.0000000000
48061  -17.748  -7.876  60.489 0.0000000000
49059  -17.042  -7.618  58.301 0.0000000000
49045  -17.043  -7.581  59.059 0.0000000000
119440  -16.240  -7.368  60.220 0.0000000000
48075  -14.953  -7.933  59.193 0.0000000000
51151  -29.020  -4.690  46.355 0.0000000000
52116  -29.819  -3.808  46.913 0.0000000000
51074  -28.588  -5.072  51.864 0.0000000000
51090  -28.901  -4.971  51.025 0.0000000000
51104  -29.138  -4.793  50.140 0.0000000000
51092  -30.536  -5.159  50.349 0.0000000000
51106  -30.358  -4.728  49.703 0.0000000000
52087  -30.372  -4.180  48.511 0.0000000000
53041  -30.608  -3.609  48.253 0.0000000000
53052  -30.272  -3.317  47.485 0.0000000000
54045  -31.171  -2.211  48.688 0.0000000000
54953  -31.489  -0.983  49.093 0.0000000000
116969  -31.945  -0.368  49.935 0.0000000000
54921  -32.545  -1.164  51.262 0.0000000000
55858  -32.470  -0.175  51.204 0.0000000000
121023  -24.320  -9.829  55.446 0.0000000000
48138  -23.984  -9.458  54.834 0.0000000000
47169  -23.534  -9.889  53.493 0.0000000000
49102  -23.407  -7.450  53.501 0.0000000000
48150  -23.522  -9.083  53.157 0.0000000000
122631  -20.580  -9.234  59.705 0.0000000000
48091  -19.568  -8.539  58.547 0.0000000000
47101  -20.846  -9.330  57.911 0.0000000000
123618  -20.346  -8.858  57.592 0.0000000000
122558  -19.370  -8.403  57.236 0.0000000000
48126  -18.833  -8.744  55.733 0.0000000000
108010  -45.050  8.929  34.203 0.0000000000
107976  -46.252  8.928  32.881 0.0000000000
64921  -46.901  9.231  32.641 0.0000000000
65785  -47.896  10.321  35.012 0.0000000000
64918  -47.396  9.735  33.309 0.0000000000
64922  -47.702  9.544  32.456 0.0000000000
64926  -48.060  9.248  31.635 0.0000000000
64135  -49.141  9.326  30.943 0.0000000000
64931  -49.738  9.375  30.613 0.0000000000
64929  -50.204  10.032  30.948 0.0000000000
66718  -50.940  11.486  32.694 0.0000000000
44405  -9.319  -12.393  65.947 0.0000000000
43507  -8.885  -12.912  66.506 0.0000000000
43514  -8.474  -13.844  65.305 0.0000000000
53086  -29.088  -3.290  44.423 0.0000000000
61426  -37.186  5.838  40.628 0.0000000000
60426  -33.634  4.799  43.745 0.0000000000
60445  -34.299  5.185  43.103 0.0000000000
60446  -35.022  5.386  42.583 0.0000000000
61373  -36.587  5.381  44.966 0.0000000000
61390  -36.084  5.424  43.725 0.0000000000
61415  -35.776  5.479  42.051 0.0000000000
61416  -36.403  5.588  41.497 0.0000000000
115910  -37.513  6.064  41.163 0.0000000000
62359  -37.929  6.316  40.849 0.0000000000
109808  -38.903  6.974  42.118 0.0000000000
63216  -39.993  7.871  42.605 0.0000000000
64026  -40.719  9.008  43.815 0.0000000000
45200  -11.353  -11.478  67.904 0.0000000000
46108  -11.720  -10.858  67.397 0.0000000000
45210  -10.227  -11.544  65.961 0.0000000000
44415  -9.943  -11.975  64.690 0.0000000000
44422  -9.613  -12.893  63.627 0.0000000000
43491  -8.958  -12.963  68.429 0.0000000000
110000  -8.265  -13.527  68.795 0.0000000000
43482  -8.114  -13.690  69.847 0.0000000000
41690  -7.380  -15.727  67.695 0.0000000000
41679  -7.086  -15.603  68.990 0.0000000000
42563  -7.125  -14.976  70.516 0.0000000000
42562  -6.390  -15.195  70.911 0.0000000000
41648  -5.946  -15.093  70.915 0.0000000000
38741  -5.483  -18.196  68.291 0.0000000000
40673  -4.951  -17.055  68.676 0.0000000000
45196  -10.700  -12.113  68.368 0.0000000000
44401  -10.017  -12.119  67.509 0.0000000000
113713  -26.372  -4.479  51.801 0.0000000000
122191  -26.147  -4.396  51.059 0.0000000000
105916  -27.199  -4.595  52.039 0.0000000000
46220  -24.287  -10.535  56.749 0.0000000000
124949  -24.447  -10.247  56.376 0.0000000000
52035  -25.525  -4.510  51.454 0.0000000000
46207  -24.695  -11.048  58.387 0.0000000000
63298  -44.020  7.993  33.379 0.0000000000
53063  -29.522  -3.583  46.171 0.0000000000
52129  -29.333  -4.249  45.445 0.0000000000
58618  -30.866  3.201  43.320 0.0000000000
58627  -30.461  2.595  42.616 0.0000000000
58628  -31.073  3.256  42.386 0.0000000000
59521  -31.702  3.631  42.314 0.0000000000
47088  -13.092  -9.317  59.593 0.0000000000
48058  -13.501  -8.401  61.007 0.0000000000
47078  -12.929  -9.050  60.505 0.0000000000
50993  -28.407  -5.248  56.075 0.0000000000
49942  -25.940  -6.707  61.261 0.0000000000
49953  -25.914  -6.334  60.520 0.0000000000
49954  -26.394  -6.069  60.996 0.0000000000
110159  -28.319  -5.329  56.915 0.0000000000
49018  -25.588  -7.687  61.572 0.0000000000
64032  -40.920  9.114  42.923 0.0000000000
64041  -40.788  8.410  41.522 0.0000000000
64038  -41.220  8.935  42.067 0.0000000000
64878  -44.313  9.767  40.349 0.0000000000
64881  -43.801  9.347  39.801 0.0000000000
64882  -44.509  9.608  39.551 0.0000000000
55881  -31.597  -0.242  49.297 0.0000000000
56788  -31.663  0.753  49.199 0.0000000000
58591  -32.829  3.373  48.120 0.0000000000
59471  -32.561  3.458  47.397 0.0000000000
59464  -34.310  3.858  48.576 0.0000000000
66720  -52.259  11.895  32.292 0.0000000000
43464  -9.123  -12.887  71.751 0.0000000000
43462  -7.752  -14.242  71.559 0.0000000000
51119  -28.482  -4.640  48.747 0.0000000000
52085  -27.894  -4.644  47.953 0.0000000000
105955  -28.831  -4.658  47.958 0.0000000000
110807  -29.972  -6.280  52.347 0.0000000000
50058  -30.450  -6.597  52.766 0.0000000000
120655  -32.214  -4.141  50.678 0.0000000000
49996  -24.329  -6.584  56.195 0.0000000000
47155  -20.691  -9.694  54.818 0.0000000000
122276  -19.855  -9.548  54.797 0.0000000000
63314  -47.797  8.276  31.095 0.0000000000
118982  -47.254  10.057  36.801 0.0000000000
65787  -49.246  10.893  34.472 0.0000000000
66713  -49.816  11.273  34.342 0.0000000000
55932  -28.678  -0.973  44.927 0.0000000000
60458  -34.195  4.806  41.266 0.0000000000
60468  -34.256  4.437  40.314 0.0000000000
105235  -34.881  5.083  40.810 0.0000000000
62297  -39.100  6.566  45.287 0.0000000000
62313  -38.576  6.229  44.824 0.0000000000
62314  -39.197  6.759  44.585 0.0000000000
62330  -38.676  6.462  43.916 0.0000000000
63181  -40.027  7.630  45.426 0.0000000000
120246  -11.482  -10.330  64.609 0.0000000000
45227  -10.866  -11.071  63.539 0.0000000000
40702  -7.631  -16.038  65.912 0.0000000000
39752  -6.247  -17.792  68.710 0.0000000000
39741  -5.991  -17.342  69.172 0.0000000000
115838  -5.874  -17.900  68.782 0.0000000000
57680  -32.527  1.740  50.504 0.0000000000
45191  -10.206  -12.244  69.930 0.0000000000
45192  -10.840  -12.025  70.496 0.0000000000
44378  -9.519  -12.547  70.351 0.0000000000
52069  -26.429  -4.361  49.288 0.0000000000
52056  -28.296  -4.689  50.495 0.0000000000
46263  -23.622  -10.274  54.550 0.0000000000
47156  -23.799  -9.981  54.271 0.0000000000
51012  -24.931  -5.142  54.683 0.0000000000
51028  -24.231  -5.257  53.397 0.0000000000
51049  -24.046  -5.170  52.386 0.0000000000
51071  -23.649  -5.699  51.660 0.0000000000
51103  -24.381  -5.150  49.546 0.0000000000
45292  -24.390  -11.596  58.918 0.0000000000
125273  -24.480  -11.757  59.454 0.0000000000
123135  -23.989  -11.856  59.177 0.0000000000
108937  -23.345  -11.455  58.866 0.0000000000
119028  -22.694  -10.933  58.671 0.0000000000
46205  -23.316  -11.140  57.979 0.0000000000
46231  -22.938  -10.610  56.462 0.0000000000
46244  -21.987  -10.386  55.905 0.0000000000
63276  -41.343  7.391  34.838 0.0000000000
57729  -29.726  1.717  44.584 0.0000000000
57746  -29.384  1.170  43.164 0.0000000000
59534  -32.433  3.771  41.346 0.0000000000
120540  -33.020  4.165  41.363 0.0000000000
61335  -39.054  6.052  48.580 0.0000000000
62290  -39.825  6.949  46.712 0.0000000000
48046  -13.481  -8.343  61.974 0.0000000000
48999  -14.722  -7.564  62.304 0.0000000000
48033  -14.099  -7.914  62.554 0.0000000000
47067  -12.322  -9.399  61.917 0.0000000000
46157  -11.778  -9.939  62.388 0.0000000000
46156  -11.304  -10.662  61.939 0.0000000000
50025  -29.325  -5.732  55.060 0.0000000000
50041  -29.243  -5.794  54.289 0.0000000000
47092  -25.123  -9.524  59.068 0.0000000000
48093  -24.882  -9.196  58.137 0.0000000000
49962  -25.409  -6.536  59.227 0.0000000000
49061  -24.975  -7.308  58.664 0.0000000000
49971  -25.229  -6.276  58.403 0.0000000000
50967  -27.256  -5.527  59.859 0.0000000000
51962  -26.899  -4.776  57.319 0.0000000000
51961  -26.181  -4.739  57.055 0.0000000000
51970  -25.926  -4.658  56.426 0.0000000000
51001  -27.965  -5.038  55.165 0.0000000000
119112  -27.024  -4.534  55.245 0.0000000000
51993  -27.384  -4.698  54.660 0.0000000000
113102  -27.251  -4.645  54.114 0.0000000000
48065  -25.100  -8.461  60.284 0.0000000000
112286  -39.125  7.136  41.160 0.0000000000
107442  -38.954  6.987  40.242 0.0000000000
63232  -39.765  7.448  40.400 0.0000000000
63249  -40.452  7.669  38.569 0.0000000000
63250  -41.074  8.018  39.210 0.0000000000
123836  -42.351  9.691  42.036 0.0000000000
64872  -42.587  9.500  41.433 0.0000000000
64056  -42.611  8.692  39.284 0.0000000000
64078  -41.763  8.290  37.949 0.0000000000
64090  -41.940  8.372  37.094 0.0000000000
64079  -42.551  8.532  37.614 0.0000000000
64081  -44.058  9.003  37.369 0.0000000000
64092  -43.494  8.758  36.627 0.0000000000
64104  -43.694  8.756  35.741 0.0000000000
64105  -44.454  8.980  35.537 0.0000000000
119070  -45.474  9.584  38.505 0.0000000000
64893  -45.653  9.467  37.647 0.0000000000
64890  -46.313  9.852  38.265 0.0000000000
64894  -46.593  9.813  37.349 0.0000000000
65756  -47.308  10.857  39.374 0.0000000000
109339  -30.701  -1.767  48.158 0.0000000000
54962  -30.344  -1.312  47.680 0.0000000000
56807  -30.342  0.129  47.674 0.0000000000
55906  -30.010  -0.759  47.375 0.0000000000
56816  -29.374  -0.113  46.363 0.0000000000
58574  -32.491  2.131  49.736 0.0000000000
57700  -32.036  1.722  48.992 0.0000000000
58589  -31.514  2.433  47.506 0.0000000000
57716  -30.459  1.682  46.864 0.0000000000
58596  -30.523  2.247  46.086 0.0000000000
58603  -31.884  3.444  45.984 0.0000000000
58602  -31.174  2.935  46.015 0.0000000000
118497  -32.215  3.749  45.366 0.0000000000
59498  -32.158  3.909  44.589 0.0000000000
60378  -34.670  4.278  47.316 0.0000000000
59490  -33.568  4.242  46.016 0.0000000000
123020  -35.253  4.511  46.932 0.0000000000
60369  -36.943  4.590  49.480 0.0000000000
60376  -37.332  4.966  48.830 0.0000000000
61334  -38.462  5.601  48.806 0.0000000000
48077  -18.482  -8.092  59.712 0.0000000000
119304  -18.080  -8.091  61.249 0.0000000000
49071  -17.381  -7.734  57.680 0.0000000000
49069  -15.842  -7.846  57.922 0.0000000000
49058  -16.406  -7.588  58.500 0.0000000000
49044  -16.318  -7.456  59.360 0.0000000000
49043  -15.576  -7.537  59.701 0.0000000000
42550  -5.864  -14.538  71.518 0.0000000000
50119  -26.923  -5.935  46.006 0.0000000000
51150  -28.399  -5.059  46.358 0.0000000000
52102  -29.505  -4.293  47.077 0.0000000000
52103  -30.130  -4.062  47.663 0.0000000000
51052  -28.570  -5.219  52.776 0.0000000000
51073  -27.916  -4.923  52.327 0.0000000000
51075  -29.296  -5.367  51.568 0.0000000000
51091  -29.786  -5.281  50.835 0.0000000000
52058  -31.669  -4.524  50.261 0.0000000000
51093  -31.297  -5.171  50.585 0.0000000000
51121  -30.074  -4.524  48.933 0.0000000000
52072  -30.723  -4.355  49.289 0.0000000000
53029  -31.519  -3.479  49.418 0.0000000000
53053  -30.695  -2.721  48.108 0.0000000000
54046  -31.540  -1.720  49.201 0.0000000000
54942  -31.841  -1.107  49.746 0.0000000000
116811  -32.216  -0.754  50.509 0.0000000000
122320  -33.033  -1.918  52.525 0.0000000000
54922  -32.813  -1.592  51.974 0.0000000000
46279  -20.583  -10.781  53.524 0.0000000000
111360  -21.316  -11.151  53.088 0.0000000000
48109  -24.719  -8.951  57.328 0.0000000000
47129  -24.511  -9.782  56.171 0.0000000000
48119  -24.492  -8.752  56.483 0.0000000000
48127  -23.763  -8.290  55.134 0.0000000000
111729  -23.763  -9.335  53.960 0.0000000000
119040  -23.501  -6.772  54.135 0.0000000000
48079  -20.079  -8.949  59.186 0.0000000000
48092  -20.272  -8.891  58.318 0.0000000000
47102  -21.563  -9.846  58.160 0.0000000000
47113  -20.754  -9.157  57.074 0.0000000000
48118  -20.011  -8.635  56.883 0.0000000000
48117  -19.162  -8.476  56.523 0.0000000000
64913  -46.313  9.479  34.210 0.0000000000
64917  -46.600  9.402  33.437 0.0000000000
119463  -48.256  10.549  36.324 0.0000000000
65778  -47.814  10.301  35.778 0.0000000000
65779  -48.437  10.565  35.554 0.0000000000
64915  -47.866  10.232  34.089 0.0000000000
64923  -48.450  9.922  32.247 0.0000000000
64927  -48.800  9.613  31.503 0.0000000000
64928  -49.492  9.844  31.299 0.0000000000
65798  -49.928  10.416  31.736 0.0000000000
126329  -50.644  11.486  33.267 0.0000000000
65795  -50.398  10.947  32.217 0.0000000000
44408  -9.335  -12.581  65.050 0.0000000000
43515  -8.795  -13.068  65.640 0.0000000000
114256  -8.808  -13.287  64.917 0.0000000000
54077  -29.005  -2.519  45.184 0.0000000000
60470  -35.867  5.128  39.926 0.0000000000
61435  -36.649  5.423  39.860 0.0000000000
60409  -33.449  4.556  44.566 0.0000000000
60411  -35.074  5.118  44.337 0.0000000000
60427  -34.472  5.111  43.871 0.0000000000
60428  -35.206  5.334  43.532 0.0000000000
61361  -37.375  5.525  45.554 0.0000000000
61391  -37.421  5.766  43.730 0.0000000000
107298  -36.763  5.515  44.111 0.0000000000
112400  -36.718  5.600  43.312 0.0000000000
61404  -35.917  5.517  42.936 0.0000000000
61405  -36.717  5.659  42.389 0.0000000000
62340  -37.559  5.999  42.342 0.0000000000
62349  -37.801  6.226  41.613 0.0000000000
62350  -38.422  6.642  41.466 0.0000000000
63208  -39.798  7.780  43.499 0.0000000000
64031  -40.349  8.445  43.216 0.0000000000
46126  -11.289  -10.620  65.441 0.0000000000
46117  -11.507  -10.724  66.533 0.0000000000
45211  -10.853  -11.155  66.197 0.0000000000
45205  -11.200  -11.326  67.056 0.0000000000
44423  -10.053  -12.495  63.088 0.0000000000
43537  -9.747  -13.277  62.866 0.0000000000
43498  -9.156  -12.809  67.479 0.0000000000
43497  -8.420  -13.518  66.992 0.0000000000
43490  -8.386  -13.470  67.859 0.0000000000
42585  -7.745  -14.090  68.262 0.0000000000
42574  -7.697  -14.241  69.186 0.0000000000
39773  -7.460  -17.544  66.585 0.0000000000
116343  -7.249  -16.738  67.447 0.0000000000
40666  -6.744  -16.124  69.274 0.0000000000
42573  -7.207  -15.074  69.616 0.0000000000
41654  -6.625  -15.573  70.265 0.0000000000
41652  -5.552  -15.476  70.238 0.0000000000
38752  -4.913  -18.481  67.612 0.0000000000
39750  -4.927  -17.733  68.166 0.0000000000
44395  -10.053  -12.346  69.119 0.0000000000
52068  -25.561  -4.421  49.644 0.0000000000
46245  -23.018  -10.582  55.638 0.0000000000
46246  -23.791  -10.424  55.310 0.0000000000
112861  -25.957  -4.545  54.046 0.0000000000
51029  -25.085  -4.842  53.919 0.0000000000
52015  -24.791  -4.710  51.912 0.0000000000
45278  -25.303  -10.860  59.855 0.0000000000
63290  -42.664  7.817  34.141 0.0000000000
63305  -45.178  7.884  32.555 0.0000000000
122874  -29.141  -4.712  45.738 0.0000000000
57747  -29.847  1.901  42.833 0.0000000000
107542  -32.153  3.791  41.995 0.0000000000
48059  -14.167  -7.994  60.527 0.0000000000
46168  -11.464  -10.861  60.889 0.0000000000
116787  -11.897  -10.135  60.616 0.0000000000
50013  -29.920  -5.849  55.579 0.0000000000
126650  -25.508  -6.691  59.958 0.0000000000
50976  -27.141  -5.288  58.963 0.0000000000
50985  -27.717  -5.135  57.504 0.0000000000
114396  -25.320  -8.325  60.999 0.0000000000
63225  -40.225  7.895  41.758 0.0000000000
122712  -41.008  8.371  40.844 0.0000000000
65740  -43.745  10.219  41.836 0.0000000000
64873  -43.322  9.710  41.272 0.0000000000
64877  -43.581  9.505  40.546 0.0000000000
64057  -43.352  9.019  39.334 0.0000000000
64069  -43.320  8.834  38.602 0.0000000000
113183  -43.062  8.681  37.989 0.0000000000
115981  -43.577  8.838  37.919 0.0000000000
64070  -44.071  9.075  38.257 0.0000000000
64082  -44.958  9.093  37.059 0.0000000000
108554  -32.193  2.396  48.553 0.0000000000
122841  -32.543  2.909  48.520 0.0000000000
58590  -32.161  2.840  47.960 0.0000000000
59480  -32.256  3.501  46.690 0.0000000000
59481  -33.013  3.849  46.777 0.0000000000
59474  -34.854  4.225  48.132 0.0000000000
48088  -15.141  -8.183  58.328 0.0000000000
65800  -51.538  10.997  31.354 0.0000000000
65804  -51.696  10.463  30.600 0.0000000000
65801  -52.189  10.939  30.943 0.0000000000
65805  -52.504  10.580  30.359 0.0000000000
42552  -6.799  -14.202  72.024 0.0000000000
52101  -27.057  -4.526  47.871 0.0000000000
52040  -32.538  -4.407  51.328 0.0000000000
52073  -31.361  -4.176  49.621 0.0000000000
54033  -31.576  -2.644  49.281 0.0000000000
54914  -33.055  -1.259  52.683 0.0000000000
45355  -21.960  -10.976  52.953 0.0000000000
49081  -24.283  -7.579  56.442 0.0000000000
49092  -23.537  -7.773  54.312 0.0000000000
50056  -23.374  -6.317  52.638 0.0000000000
49115  -23.157  -7.132  52.629 0.0000000000
47091  -21.274  -9.614  59.813 0.0000000000
47128  -21.334  -9.564  56.463 0.0000000000
47140  -19.367  -9.152  55.211 0.0000000000
64106  -45.848  9.501  35.825 0.0000000000
64906  -46.648  9.721  35.576 0.0000000000
118340  -46.805  9.761  34.808 0.0000000000
65794  -49.693  10.706  32.581 0.0000000000
66714  -50.375  11.467  33.842 0.0000000000
66711  -51.004  11.970  34.409 0.0000000000
43525  -8.659  -13.993  64.383 0.0000000000
54984  -28.871  -1.658  45.385 0.0000000000
54994  -28.658  -1.839  44.534 0.0000000000
116596  -35.115  4.797  40.069 0.0000000000
60469  -35.527  5.222  40.521 0.0000000000
60396  -34.392  4.611  45.513 0.0000000000
60397  -35.091  4.884  45.085 0.0000000000
60412  -35.747  5.171  44.738 0.0000000000
62296  -38.690  6.220  45.818 0.0000000000
61362  -38.087  5.827  45.274 0.0000000000
122593  -38.095  5.892  44.715 0.0000000000
62342  -38.778  6.710  43.012 0.0000000000
120444  -40.194  8.158  44.881 0.0000000000
47043  -12.395  -9.308  63.752 0.0000000000
47035  -12.354  -9.280  64.634 0.0000000000
118962  -12.294  -9.272  65.506 0.0000000000
45226  -10.511  -11.569  64.194 0.0000000000
42606  -8.128  -14.481  65.780 0.0000000000
42600  -7.985  -14.289  66.594 0.0000000000
41691  -7.606  -14.980  67.077 0.0000000000
39764  -6.771  -17.335  68.211 0.0000000000
40665  -6.403  -16.693  69.304 0.0000000000
41665  -6.281  -16.152  69.848 0.0000000000
40664  -5.813  -16.590  69.564 0.0000000000
40674  -5.496  -17.027  69.142 0.0000000000
50948  -26.852  -5.788  61.094 0.0000000000
49972  -28.894  -5.921  58.365 0.0000000000
64867  -41.738  9.608  42.569 0.0000000000
64865  -42.081  10.136  43.143 0.0000000000
65727  -42.801  10.433  43.239 0.0000000000
65734  -43.329  10.378  42.546 0.0000000000
65741  -44.539  10.496  41.686 0.0000000000
65747  -44.821  10.275  40.908 0.0000000000
65748  -45.593  10.476  40.671 0.0000000000
56779  -32.321  0.741  50.641 0.0000000000
58575  -32.992  2.871  49.660 0.0000000000
59456  -33.682  3.296  49.505 0.0000000000
48107  -18.691  -8.197  57.117 0.0000000000
108954  -18.301  -7.934  57.823 0.0000000000
114360  -17.289  -8.461  56.269 0.0000000000
43474  -8.908  -13.001  70.996 0.0000000000
52084  -26.422  -4.469  48.278 0.0000000000
53009  -32.686  -2.954  51.358 0.0000000000
122566  -22.701  -10.648  53.575 0.0000000000
46302  -23.113  -10.365  52.927 0.0000000000
50011  -24.715  -5.805  55.791 0.0000000000
50999  -24.496  -5.680  55.049 0.0000000000
50040  -23.719  -5.910  53.841 0.0000000000
51027  -23.651  -5.756  53.007 0.0000000000
51089  -24.310  -5.091  50.459 0.0000000000
46194  -22.645  -10.971  59.449 0.0000000000
46217  -22.005  -10.132  57.565 0.0000000000
46218  -22.744  -10.612  57.318 0.0000000000
63264  -40.649  7.458  36.169 0.0000000000
65767  -47.776  10.588  37.879 0.0000000000
65768  -48.396  10.938  37.680 0.0000000000
66704  -50.188  11.754  35.649 0.0000000000
56833  -29.084  0.529  44.518 0.0000000000
109372  -28.769  -0.231  44.248 0.0000000000
56843  -29.037  0.456  43.625 0.0000000000
61339  -37.372  5.303  47.429 0.0000000000
61340  -38.056  5.672  47.163 0.0000000000
61349  -38.527  6.044  46.611 0.0000000000
62289  -39.110  6.424  46.630 0.0000000000
120967  -39.836  7.157  45.928 0.0000000000
47044  -12.914  -8.813  63.275 0.0000000000
46146  -11.840  -9.886  63.332 0.0000000000
38754  -6.027  -19.063  67.803 0.0000000000
52018  -27.450  -4.718  52.706 0.0000000000
51030  -28.333  -5.196  53.499 0.0000000000
47115  -24.606  -10.155  56.831 0.0000000000
119926  -24.837  -9.830  57.440 0.0000000000
49060  -24.723  -8.113  58.015 0.0000000000
50956  -26.559  -5.713  60.386 0.0000000000
50975  -26.290  -5.164  58.595 0.0000000000
50974  -25.602  -5.460  58.090 0.0000000000
50992  -25.342  -5.173  56.160 0.0000000000
51980  -25.780  -4.669  55.655 0.0000000000
126770  -26.286  -4.523  55.224 0.0000000000
52002  -26.647  -4.512  53.699 0.0000000000
47082  -25.614  -9.956  60.393 0.0000000000
47093  -25.498  -10.098  59.803 0.0000000000
62367  -38.303  6.523  40.151 0.0000000000
62368  -38.681  6.706  39.445 0.0000000000
63237  -39.780  7.356  38.937 0.0000000000
63248  -39.677  7.229  38.227 0.0000000000
64871  -41.893  9.275  41.718 0.0000000000
64048  -41.606  8.549  40.508 0.0000000000
64876  -42.831  9.303  40.711 0.0000000000
64049  -42.355  8.794  40.189 0.0000000000
64055  -41.742  8.386  39.687 0.0000000000
118924  -41.220  8.039  38.493 0.0000000000
63265  -41.336  8.000  36.605 0.0000000000
64091  -42.709  8.536  36.827 0.0000000000
63277  -43.117  8.429  34.972 0.0000000000
63291  -43.518  8.263  34.123 0.0000000000
64119  -44.317  8.586  34.089 0.0000000000
65754  -45.799  10.313  39.853 0.0000000000
65755  -46.576  10.551  39.622 0.0000000000
65762  -46.829  10.373  38.829 0.0000000000
65763  -47.544  10.722  38.600 0.0000000000
54068  -29.663  -2.321  46.707 0.0000000000
55905  -29.474  -0.937  46.702 0.0000000000
56826  -29.469  0.668  45.998 0.0000000000
57708  -31.221  1.535  47.957 0.0000000000
57707  -30.597  1.127  47.581 0.0000000000
57723  -29.440  1.113  45.170 0.0000000000
58608  -30.191  2.345  44.454 0.0000000000
108055  -30.667  2.722  45.236 0.0000000000
58609  -30.772  3.042  44.287 0.0000000000
59510  -32.137  4.043  43.626 0.0000000000
60385  -35.528  4.735  46.352 0.0000000000
60387  -36.705  5.005  47.200 0.0000000000
59465  -35.074  4.136  48.947 0.0000000000
60374  -35.691  4.404  48.447 0.0000000000
60380  -36.233  4.703  47.824 0.0000000000
61333  -37.810  5.410  48.194 0.0000000000
48089  -17.829  -7.791  58.698 0.0000000000
49070  -16.551  -7.716  57.663 0.0000000000
49033  -16.990  -7.595  59.920 0.0000000000
49032  -16.913  -7.546  60.782 0.0000000000
113097  -16.155  -7.464  61.011 0.0000000000
122029  -15.516  -7.477  60.516 0.0000000000
48060  -14.870  -7.770  60.081 0.0000000000
48074  -14.232  -8.240  59.614 0.0000000000
66721  -52.903  12.104  32.018 0.0000000000
66726  -52.862  11.183  30.808 0.0000000000
52037  -27.781  -4.716  51.568 0.0000000000
52038  -28.268  -4.781  51.175 0.0000000000
51076  -30.676  -5.625  51.057 0.0000000000
122019  -29.919  -4.950  50.104 0.0000000000
51105  -29.658  -4.724  49.490 0.0000000000
54952  -31.154  -1.328  48.701 0.0000000000
54011  -32.606  -2.031  51.294 0.0000000000
55859  -32.768  -0.740  52.026 0.0000000000
125268  -32.179  -0.054  50.418 0.0000000000
48128  -24.347  -9.137  55.598 0.0000000000
50010  -24.051  -6.417  55.435 0.0000000000
49086  -23.616  -7.098  54.946 0.0000000000
115117  -23.351  -8.137  52.902 0.0000000000
112757  -23.595  -8.428  53.681 0.0000000000
47186  -23.202  -9.685  52.666 0.0000000000
48064  -19.896  -8.981  60.169 0.0000000000
48108  -19.803  -8.544  57.743 0.0000000000
47139  -18.562  -9.279  55.131 0.0000000000
64127  -45.693  8.399  32.716 0.0000000000
64115  -45.642  9.273  34.408 0.0000000000
64121  -45.758  8.993  33.566 0.0000000000
64129  -47.272  8.866  31.858 0.0000000000
122589  -47.710  10.276  36.413 0.0000000000
64907  -47.322  10.003  35.321 0.0000000000
124012  -47.406  10.036  34.663 0.0000000000
64134  -48.570  8.922  30.973 0.0000000000
64139  -49.229  8.690  30.501 0.0000000000
65799  -50.718  10.661  31.377 0.0000000000
65796  -50.985  11.231  31.906 0.0000000000
66716  -51.770  12.020  32.968 0.0000000000
44406  -9.779  -11.870  66.167 0.0000000000
111717  -9.579  -12.285  66.747 0.0000000000
42614  -8.309  -14.681  64.954 0.0000000000
116412  -28.620  -1.121  43.859 0.0000000000
61436  -37.352  5.770  39.667 0.0000000000
60425  -32.828  4.403  43.185 0.0000000000
60444  -33.532  4.736  42.689 0.0000000000
110771  -34.215  5.050  42.178 0.0000000000
61360  -36.688  5.259  45.803 0.0000000000
111101  -36.174  5.351  44.333 0.0000000000
109894  -37.155  5.842  41.541 0.0000000000
125983  -36.767  5.700  41.089 0.0000000000
124797  -37.744  6.149  40.151 0.0000000000
63224  -39.582  7.451  41.950 0.0000000000
115818  -10.399  -11.712  66.766 0.0000000000
44409  -9.803  -11.886  65.516 0.0000000000
125113  -9.639  -12.555  64.311 0.0000000000
123397  -10.445  -12.145  62.648 0.0000000000
44394  -9.456  -12.684  68.948 0.0000000000
43483  -8.807  -13.000  69.269 0.0000000000
43473  -8.314  -13.711  70.891 0.0000000000
40701  -7.484  -16.628  66.488 0.0000000000
109530  -7.306  -15.498  68.367 0.0000000000
42584  -7.409  -14.854  68.694 0.0000000000
43481  -7.609  -14.488  69.998 0.0000000000
43472  -7.696  -14.371  70.718 0.0000000000
111823  -6.990  -14.770  71.301 0.0000000000
41653  -6.053  -15.656  70.446 0.0000000000
38753  -5.475  -19.010  67.768 0.0000000000
40663  -5.128  -16.378  69.230 0.0000000000
55892  -30.471  -0.598  47.901 0.0000000000
114680  -9.531  -12.560  71.074 0.0000000000
124441  -40.339  7.764  40.229 0.0000000000
