#!ascii label  , from subject sub-v2s12x28873_ses-1 vox2ras=TkReg
1091
51782  -16.918  -4.846  -8.270 0.5555555820
52782  -18.104  -4.695  -9.176 0.6666666865
52813  -18.557  -3.877  -10.183 0.7777777910
52814  -19.507  -4.112  -10.189 0.7777777910
54675  -18.668  -2.679  -11.025 0.8888888955
54678  -21.346  -2.759  -10.382 0.8888888955
52771  -16.320  -4.739  -7.815 0.5555555820
52781  -16.515  -4.294  -8.450 0.5555555820
53739  -17.146  -3.498  -9.715 0.6666666865
52812  -17.841  -3.721  -10.066 0.8888888955
53752  -19.916  -3.384  -10.594 0.8888888955
54676  -19.521  -2.708  -10.955 0.8888888955
55621  -20.517  -1.645  -11.226 1.0000000000
55604  -21.378  -1.845  -10.655 0.8888888955
123880  -21.949  -1.215  -10.778 1.0000000000
53738  -16.358  -3.151  -9.322 0.7777777910
55603  -17.192  -1.738  -10.880 1.0000000000
55618  -17.433  -1.102  -11.506 1.0000000000
54693  -18.401  -2.074  -11.530 1.0000000000
55641  -19.288  -1.035  -12.538 1.0000000000
55619  -18.133  -1.481  -11.924 1.0000000000
55642  -20.004  -0.767  -12.654 1.0000000000
56540  -18.958  -0.517  -12.884 1.0000000000
56541  -19.509  -0.518  -12.969 1.0000000000
56525  -20.741  -0.305  -12.082 1.0000000000
56526  -21.467  -0.065  -11.572 1.0000000000
56558  -19.857  -0.236  -13.245 1.0000000000
57454  -20.899  0.377  -12.545 1.0000000000
57439  -22.238  0.361  -11.440 1.0000000000
58336  -21.304  1.181  -12.728 1.0000000000
59170  -22.716  1.788  -11.887 0.7777777910
57437  -16.978  0.440  -11.606 0.8888888955
55639  -17.931  -0.899  -12.139 1.0000000000
56557  -19.378  -0.020  -13.421 1.0000000000
57452  -17.590  0.415  -12.295 1.0000000000
57467  -18.863  0.488  -13.541 1.0000000000
57483  -20.071  0.931  -14.426 1.0000000000
58354  -20.958  1.320  -13.886 1.0000000000
59184  -21.567  2.077  -13.294 1.0000000000
59185  -22.279  2.462  -12.533 0.8888888955
59186  -23.133  2.655  -12.146 0.7777777910
59187  -24.928  2.515  -12.006 0.7777777910
58333  -16.747  1.754  -12.065 0.5555555820
59201  -16.913  3.026  -13.016 0.7777777910
59183  -17.278  2.182  -12.801 0.8888888955
58351  -18.913  1.279  -13.965 1.0000000000
57468  -19.537  0.671  -13.972 1.0000000000
59203  -18.539  2.157  -14.122 0.8888888955
58366  -19.375  1.856  -14.664 1.0000000000
58367  -20.073  1.491  -14.882 1.0000000000
59204  -21.573  2.794  -13.957 1.0000000000
59205  -21.947  2.888  -13.147 0.8888888955
60153  -21.927  3.550  -13.533 1.0000000000
119803  -22.413  4.119  -13.213 0.8888888955
61089  -23.959  4.478  -12.443 0.7777777910
60139  -25.455  3.759  -12.477 0.6666666865
60134  -15.158  3.987  -11.562 0.4444444478
60135  -16.055  3.461  -12.293 0.7777777910
61084  -15.809  4.304  -12.537 0.6666666865
60163  -18.104  3.618  -14.638 0.7777777910
59218  -18.224  2.919  -14.382 0.8888888955
60164  -18.847  3.249  -15.015 0.8888888955
59234  -20.608  2.186  -15.114 1.0000000000
60179  -19.670  3.165  -15.396 1.0000000000
60181  -20.785  3.775  -15.387 1.0000000000
60152  -21.556  3.489  -14.444 1.0000000000
61103  -21.875  4.401  -13.980 0.8888888955
61104  -22.650  4.846  -13.309 0.7777777910
62004  -23.479  5.100  -12.723 0.7777777910
60154  -26.227  3.969  -12.830 0.5555555820
62005  -24.312  5.304  -12.511 0.7777777910
62021  -26.094  5.438  -12.694 0.6666666865
61100  -15.600  5.061  -12.855 0.6666666865
61083  -14.973  4.834  -12.010 0.6666666865
61102  -16.990  4.236  -13.862 0.7777777910
62017  -16.131  5.360  -13.676 0.7777777910
61116  -17.625  4.353  -14.592 0.8888888955
60178  -19.282  3.989  -15.472 0.8888888955
61129  -18.195  4.957  -15.355 1.0000000000
61131  -19.650  4.664  -15.870 1.0000000000
61132  -20.230  4.579  -15.794 1.0000000000
61118  -21.454  4.097  -14.954 0.8888888955
62036  -21.954  5.844  -14.329 0.8888888955
62019  -22.929  5.653  -13.341 0.8888888955
62935  -21.694  6.061  -14.972 0.8888888955
62923  -22.419  6.021  -13.856 0.7777777910
62937  -23.096  6.615  -13.463 0.7777777910
125994  -25.622  6.082  -12.571 0.7777777910
62022  -26.594  5.468  -13.171 0.6666666865
62015  -14.533  6.075  -12.455 0.6666666865
61998  -14.900  5.469  -12.385 0.5555555820
62016  -15.343  5.781  -13.116 0.7777777910
62033  -16.637  5.643  -14.437 0.8888888955
62034  -17.398  5.258  -14.871 0.8888888955
62050  -18.759  5.524  -15.948 1.0000000000
62051  -19.382  5.346  -16.130 1.0000000000
62053  -21.128  5.613  -15.494 1.0000000000
62035  -21.652  5.131  -14.780 0.8888888955
63767  -23.567  7.636  -13.282 0.7777777910
63769  -25.553  7.085  -12.600 0.6666666865
63770  -26.683  7.069  -12.958 0.5555555820
62926  -26.862  6.256  -13.530 0.5555555820
62918  -15.011  6.500  -13.271 0.7777777910
62917  -14.316  6.788  -12.742 0.6666666865
62032  -15.866  6.191  -14.014 0.8888888955
62948  -18.489  6.326  -16.211 1.0000000000
62060  -19.184  5.909  -16.379 1.0000000000
63792  -20.640  6.918  -16.178 0.8888888955
62950  -21.259  6.463  -15.603 0.8888888955
63793  -21.472  7.394  -15.516 0.8888888955
62936  -22.228  6.601  -14.360 0.8888888955
64589  -23.138  8.303  -13.857 0.7777777910
64577  -23.914  8.478  -13.302 0.7777777910
63768  -24.568  7.898  -12.772 0.7777777910
119795  -26.308  7.774  -12.844 0.5555555820
65405  -22.854  9.067  -14.359 0.7777777910
110640  -25.130  9.046  -13.100 0.5555555820
63781  -26.922  7.806  -13.410 0.5555555820
120036  -10.163  9.128  -11.278 0.4444444478
63760  -13.510  7.572  -12.609 0.5555555820
63777  -15.383  7.548  -14.302 0.7777777910
62947  -17.537  6.696  -15.710 1.0000000000
62934  -16.115  7.002  -14.688 0.8888888955
111567  -18.043  7.084  -16.286 1.0000000000
63803  -19.275  6.963  -16.624 0.8888888955
123050  -20.201  7.507  -16.402 0.8888888955
63804  -19.865  6.882  -16.589 0.8888888955
63805  -20.821  7.878  -16.019 0.8888888955
63794  -21.909  8.010  -15.015 0.8888888955
108157  -23.472  8.982  -13.718 0.6666666865
65397  -26.624  9.308  -13.525 0.5555555820
65415  -16.375  9.745  -15.762 0.6666666865
64586  -14.852  8.726  -14.215 0.6666666865
64598  -16.668  9.170  -16.008 0.7777777910
125829  -18.285  8.414  -16.591 0.8888888955
64610  -17.635  9.093  -16.544 0.7777777910
64612  -19.201  8.461  -16.574 0.7777777910
64611  -18.813  7.846  -16.639 0.8888888955
107507  -19.589  9.097  -16.330 0.7777777910
64613  -20.060  8.361  -16.262 0.8888888955
65429  -20.258  9.368  -16.044 0.7777777910
64614  -20.842  8.851  -15.791 0.7777777910
64601  -22.101  8.779  -14.914 0.6666666865
66249  -21.251  10.659  -15.729 0.6666666865
122787  -22.751  10.512  -14.833 0.6666666865
66251  -23.011  9.902  -14.493 0.6666666865
65406  -23.515  9.682  -13.929 0.5555555820
67135  -23.201  11.364  -14.772 0.6666666865
120672  -24.403  10.859  -13.852 0.5555555820
123807  -26.096  9.764  -13.367 0.4444444478
67124  -24.077  11.424  -14.250 0.5555555820
67119  -15.999  11.419  -15.374 0.3333333433
66248  -16.222  11.004  -15.611 0.3333333433
119215  -16.432  10.321  -15.882 0.5555555820
65416  -16.755  9.923  -16.262 0.6666666865
66258  -16.957  10.696  -16.317 0.5555555820
65426  -17.212  10.042  -16.469 0.7777777910
65427  -17.980  9.617  -16.682 0.7777777910
123325  -18.459  10.728  -16.638 0.6666666865
66260  -19.689  9.907  -16.341 0.6666666865
66267  -19.032  10.377  -16.610 0.6666666865
108875  -20.484  10.291  -16.061 0.6666666865
113033  -20.761  11.025  -16.176 0.6666666865
67148  -21.294  11.526  -16.023 0.6666666865
67134  -22.658  11.743  -15.323 0.6666666865
67136  -23.761  12.060  -14.544 0.5555555820
67125  -24.696  12.247  -14.344 0.5555555820
110280  -23.243  12.125  -14.999 0.6666666865
67145  -16.806  11.501  -16.180 0.4444444478
68047  -16.525  11.837  -15.697 0.4444444478
67133  -16.633  10.945  -16.075 0.4444444478
68057  -17.039  11.938  -16.306 0.5555555820
125230  -17.050  11.158  -16.370 0.5555555820
116203  -17.187  11.148  -16.389 0.6666666865
66266  -17.693  10.698  -16.566 0.6666666865
67159  -19.057  11.190  -16.654 0.6666666865
67160  -19.922  10.887  -16.390 0.6666666865
68059  -21.960  12.231  -15.680 0.6666666865
126349  -23.153  13.106  -15.324 0.6666666865
110452  -23.785  12.905  -14.833 0.5555555820
68056  -16.916  12.164  -16.170 0.4444444478
117555  -18.968  11.974  -16.757 0.6666666865
67158  -18.109  11.364  -16.585 0.6666666865
107459  -19.723  11.793  -16.571 0.6666666865
53751  -19.041  -3.316  -10.570 0.8888888955
53749  -17.470  -3.080  -10.315 1.0000000000
55620  -18.879  -1.622  -12.081 1.0000000000
55622  -21.178  -0.873  -11.188 1.0000000000
62904  -13.804  6.265  -11.914 0.5555555820
65370  -11.407  9.544  -12.005 0.5555555820
62933  -15.404  6.873  -13.996 0.7777777910
62958  -19.082  6.451  -16.528 1.0000000000
63779  -22.090  7.390  -14.754 0.8888888955
119508  -9.260  11.806  -10.267 0.2222222239
65395  -25.253  9.759  -13.339 0.6666666865
106651  -18.492  8.801  -16.635 0.7777777910
66240  -25.179  10.613  -13.582 0.4444444478
67157  -17.357  11.660  -16.399 0.6666666865
68070  -18.147  12.277  -16.524 0.6666666865
68042  -24.906  13.144  -14.658 0.5555555820
68043  -25.510  12.614  -14.473 0.5555555820
67144  -16.650  11.986  -15.818 0.3333333433
50803  -17.582  -6.223  -7.284 0.5555555820
51773  -18.022  -5.786  -7.989 0.5555555820
51783  -17.630  -5.122  -8.451 0.6666666865
51803  -18.892  -4.948  -9.189 0.5555555820
52790  -19.557  -4.815  -9.564 0.5555555820
117672  -21.471  -3.480  -10.258 0.7777777910
53754  -22.132  -3.209  -10.341 0.8888888955
51772  -17.007  -5.463  -7.716 0.5555555820
52815  -20.308  -3.955  -10.274 0.6666666865
54679  -22.759  -2.812  -10.573 0.7777777910
55606  -23.274  -2.302  -10.794 0.7777777910
55623  -22.889  -1.264  -10.867 0.8888888955
52770  -15.747  -4.427  -7.317 0.4444444478
53727  -15.639  -3.269  -8.084 0.5555555820
110929  -22.085  -0.511  -11.081 1.0000000000
116781  -15.575  -1.878  -8.904 0.2222222239
54668  -16.310  -2.405  -9.778 0.6666666865
57440  -23.144  0.420  -11.404 0.8888888955
58320  -23.418  1.191  -11.540 0.6666666865
123154  -24.421  2.094  -11.789 0.7777777910
58338  -25.132  1.756  -11.846 0.6666666865
55617  -16.688  -0.985  -10.821 0.5555555820
59188  -25.768  2.114  -12.481 0.6666666865
57436  -16.377  0.471  -10.939 0.4444444478
59206  -26.150  3.038  -12.816 0.5555555820
60167  -26.701  3.642  -14.342 0.5555555820
59168  -15.238  2.665  -10.977 0.2222222239
61119  -26.632  4.644  -13.795 0.5555555820
61082  -14.470  4.739  -11.336 0.4444444478
62037  -26.872  5.413  -14.179 0.5555555820
62877  -12.860  5.857  -10.180 0.3333333433
108089  -27.181  6.183  -14.551 0.5555555820
64558  -12.129  8.110  -11.752 0.4444444478
115497  -27.339  6.834  -16.036 0.4444444478
66169  -9.997  10.412  -8.612 0.3333333433
123293  -27.360  8.227  -14.819 0.5555555820
65408  -27.159  9.522  -14.204 0.4444444478
67118  -15.330  10.981  -14.472 0.3333333433
66235  -15.584  10.872  -14.948 0.3333333433
66234  -15.010  10.671  -14.205 0.4444444478
66241  -26.035  11.099  -13.691 0.4444444478
67126  -25.725  11.972  -14.070 0.4444444478
68980  -25.791  13.185  -14.815 0.2222222239
68069  -17.286  12.128  -16.338 0.6666666865
110519  -19.519  12.456  -16.682 0.6666666865
68058  -20.280  12.510  -16.546 0.6666666865
124673  -20.904  12.921  -16.435 0.6666666865
68991  -21.849  13.926  -16.202 0.6666666865
68992  -22.661  14.089  -15.792 0.6666666865
121399  -22.470  13.249  -15.620 0.6666666865
68984  -23.413  13.746  -15.428 0.6666666865
108426  -24.424  13.751  -15.127 0.4444444478
68985  -25.328  13.829  -15.062 0.3333333433
112349  -18.671  13.221  -16.669 0.5555555820
119583  -17.252  -4.507  -8.825 0.6666666865
114881  -18.513  -5.342  -8.657 0.6666666865
52789  -17.550  -4.116  -9.469 0.6666666865
125990  -18.147  -4.221  -9.770 0.7777777910
108393  -18.783  -4.460  -9.697 0.7777777910
53750  -18.190  -3.255  -10.602 0.8888888955
54694  -19.184  -2.146  -11.522 1.0000000000
54677  -20.490  -2.515  -10.706 0.8888888955
53753  -20.758  -3.335  -10.342 0.8888888955
51771  -16.081  -5.276  -7.062 0.4444444478
52780  -15.893  -4.061  -8.002 0.5555555820
53728  -16.133  -3.632  -8.627 0.6666666865
107936  -16.793  -3.903  -9.103 0.6666666865
53748  -16.825  -2.938  -9.941 0.8888888955
54695  -19.874  -2.158  -11.346 1.0000000000
107829  -19.735  -1.522  -11.941 1.0000000000
116995  -20.419  -1.055  -11.851 1.0000000000
54667  -15.818  -2.475  -9.159 0.5555555820
53737  -15.830  -3.024  -8.760 0.6666666865
54674  -17.788  -2.509  -10.976 1.0000000000
54673  -16.982  -2.398  -10.381 1.0000000000
54692  -17.788  -1.832  -11.420 1.0000000000
56523  -16.873  -0.298  -11.241 1.0000000000
55640  -18.542  -1.015  -12.410 1.0000000000
56539  -18.212  -0.290  -12.550 1.0000000000
116392  -18.754  -0.035  -13.123 1.0000000000
124904  -21.126  0.178  -11.995 1.0000000000
57438  -21.464  0.587  -11.957 1.0000000000
57470  -20.632  0.637  -13.449 1.0000000000
57469  -20.035  0.343  -13.781 1.0000000000
58319  -22.008  1.188  -11.875 1.0000000000
118319  -22.699  1.011  -11.580 0.8888888955
56524  -17.516  -0.290  -11.882 1.0000000000
57453  -18.237  0.460  -12.927 1.0000000000
58334  -17.608  1.218  -12.704 0.8888888955
58335  -18.340  1.020  -13.331 1.0000000000
58352  -19.666  1.190  -14.452 1.0000000000
58368  -20.557  1.431  -14.558 1.0000000000
58369  -21.153  2.019  -14.414 1.0000000000
60136  -22.603  3.388  -12.691 0.8888888955
60137  -23.685  3.530  -12.322 0.7777777910
109937  -25.454  2.933  -12.351 0.6666666865
59169  -15.902  2.212  -11.393 0.5555555820
58317  -16.360  1.289  -11.325 0.5555555820
58318  -17.053  1.022  -12.008 0.7777777910
60150  -16.617  3.859  -13.175 0.6666666865
60151  -17.456  3.509  -13.912 0.8888888955
59202  -17.733  2.585  -13.633 0.8888888955
58350  -18.071  1.746  -13.423 1.0000000000
59219  -18.881  2.526  -14.685 0.8888888955
59220  -19.945  2.022  -15.156 1.0000000000
60165  -20.926  2.973  -15.207 1.0000000000
61088  -23.138  4.265  -12.671 0.8888888955
118506  -24.498  3.920  -12.371 0.7777777910
61090  -24.880  4.594  -12.450 0.6666666865
60155  -26.432  3.511  -13.282 0.5555555820
61106  -26.388  4.708  -12.928 0.6666666865
60119  -14.589  4.095  -11.076 0.3333333433
59181  -15.499  3.018  -11.495 0.3333333433
59182  -16.395  2.612  -12.160 0.6666666865
61101  -16.352  4.612  -13.396 0.6666666865
60180  -20.366  3.043  -15.420 1.0000000000
112643  -20.009  3.836  -15.678 1.0000000000
62018  -22.166  5.336  -13.905 0.7777777910
62020  -23.789  5.982  -12.712 0.7777777910
61115  -16.829  4.873  -14.190 0.8888888955
61141  -19.842  5.228  -16.206 1.0000000000
62924  -24.206  6.924  -12.695 0.7777777910
62911  -24.754  6.153  -12.518 0.7777777910
62925  -26.316  6.256  -12.793 0.6666666865
61997  -14.276  5.539  -11.742 0.4444444478
62048  -17.138  6.041  -15.074 0.8888888955
62061  -19.585  5.703  -16.374 1.0000000000
62949  -20.557  6.061  -16.034 0.8888888955
63780  -22.760  7.444  -14.066 0.7777777910
62938  -27.155  7.005  -13.882 0.5555555820
63749  -13.400  7.077  -12.075 0.5555555820
63762  -14.731  7.176  -13.506 0.6666666865
124564  -16.526  6.307  -14.657 0.8888888955
62959  -19.564  6.249  -16.537 1.0000000000
63778  -21.767  6.776  -15.067 0.8888888955
64579  -25.579  8.322  -12.810 0.6666666865
64600  -21.476  8.385  -15.460 0.8888888955
64580  -26.491  8.517  -13.170 0.5555555820
64559  -13.294  7.963  -12.638 0.5555555820
126302  -13.894  7.919  -13.271 0.5555555820
63790  -16.822  7.536  -15.502 1.0000000000
63789  -16.088  7.961  -15.020 0.7777777910
64587  -15.438  8.400  -14.595 0.7777777910
63791  -17.516  7.540  -16.053 0.7777777910
64591  -27.375  8.910  -14.891 0.5555555820
66220  -14.483  10.067  -13.885 0.5555555820
65388  -14.669  9.357  -14.118 0.5555555820
116609  -15.946  10.317  -15.413 0.4444444478
65404  -15.533  9.372  -14.862 0.6666666865
64597  -16.122  8.852  -15.352 0.7777777910
64571  -13.570  8.348  -13.179 0.7777777910
65372  -13.392  8.900  -13.171 0.6666666865
64599  -17.157  8.460  -16.148 0.7777777910
65430  -20.935  9.791  -15.678 0.6666666865
65417  -21.592  9.423  -15.345 0.6666666865
124891  -21.436  10.069  -15.482 0.6666666865
67149  -21.943  11.277  -15.526 0.6666666865
107974  -22.540  11.057  -15.211 0.6666666865
66239  -23.574  10.567  -14.248 0.5555555820
65407  -24.329  10.159  -13.620 0.5555555820
108912  -25.040  11.417  -13.844 0.4444444478
66242  -26.617  10.221  -13.753 0.4444444478
66257  -16.760  10.459  -16.217 0.6666666865
65438  -18.261  10.149  -16.671 0.7777777910
68049  -22.891  12.535  -15.326 0.6666666865
67146  -16.982  11.479  -16.302 0.5555555820
67147  -20.570  11.661  -16.366 0.6666666865
117199  -21.146  12.271  -16.274 0.6666666865
106660  -21.574  12.995  -16.121 0.6666666865
62903  -13.609  6.425  -11.873 0.4444444478
104855  -10.844  11.540  -11.613 0.3333333433
61996  -13.859  5.830  -11.675 0.4444444478
68044  -26.271  12.437  -14.592 0.3333333433
52817  -22.127  -4.132  -10.276 0.6666666865
50802  -16.725  -5.995  -6.917 0.5555555820
56528  -23.714  -0.942  -11.209 0.7777777910
111893  -15.585  -4.660  -6.536 0.3333333433
58321  -24.412  1.316  -11.576 0.6666666865
60120  -14.903  3.418  -11.050 0.1111111119
61983  -13.989  5.535  -11.467 0.4444444478
62889  -12.442  6.525  -10.701 0.3333333433
63734  -12.087  7.331  -11.136 0.3333333433
67108  -13.569  11.124  -12.816 0.3333333433
69885  -24.113  14.340  -15.528 0.4444444478
50781  -22.051  -6.813  -7.178 0.4444444478
49791  -23.847  -7.249  -6.138 0.2222222239
50804  -18.487  -6.438  -7.552 0.4444444478
49810  -19.782  -7.074  -7.280 0.4444444478
50823  -18.972  -5.950  -8.173 0.4444444478
50824  -19.897  -6.155  -8.325 0.4444444478
50825  -20.869  -6.293  -8.287 0.4444444478
50807  -22.552  -6.297  -8.046 0.4444444478
50809  -24.233  -6.168  -7.631 0.2222222239
51785  -20.484  -5.700  -8.883 0.4444444478
51786  -21.389  -5.814  -8.972 0.4444444478
51787  -22.235  -5.864  -9.016 0.4444444478
51774  -24.917  -5.835  -7.935 0.1111111119
50810  -25.672  -6.007  -7.574 0.1111111119
51806  -21.908  -5.404  -9.612 0.4444444478
51808  -23.621  -5.175  -9.542 0.3333333433
51804  -20.201  -5.208  -9.390 0.4444444478
51805  -21.008  -5.241  -9.425 0.4444444478
51807  -22.776  -5.302  -9.573 0.3333333433
51791  -25.653  -5.469  -8.376 0.2222222239
52793  -22.478  -4.856  -10.050 0.4444444478
52794  -23.304  -4.774  -10.046 0.3333333433
52791  -20.452  -4.620  -9.862 0.5555555820
52792  -21.542  -4.768  -9.912 0.4444444478
52820  -24.899  -4.176  -10.434 0.2222222239
114708  -25.620  -4.188  -10.250 0.1111111119
52822  -27.133  -3.847  -10.442 0.1111111119
52819  -24.250  -4.131  -10.541 0.3333333433
53756  -24.189  -3.707  -10.755 0.3333333433
123048  -23.637  -3.251  -10.766 0.4444444478
122810  -23.953  -2.634  -11.013 0.5555555820
54696  -24.524  -2.417  -11.246 0.6666666865
54698  -25.821  -2.861  -11.571 0.4444444478
55644  -27.269  -1.591  -12.533 0.3333333433
56529  -25.909  -1.085  -12.159 0.5555555820
115272  -23.646  -0.187  -11.351 0.6666666865
112872  -25.373  -0.293  -11.819 0.5555555820
56543  -26.013  -0.158  -12.375 0.5555555820
55643  -26.630  -1.433  -12.411 0.4444444478
125225  -26.510  -0.001  -12.863 0.3333333433
57441  -23.988  0.449  -11.449 0.5555555820
58355  -26.804  1.218  -13.670 0.4444444478
59189  -26.431  2.052  -13.312 0.5555555820
57471  -26.665  0.526  -13.254 0.4444444478
59207  -26.567  2.792  -13.803 0.4444444478
105599  -19.681  13.146  -16.743 0.5555555820
68990  -21.037  13.586  -16.440 0.5555555820
113809  -22.378  14.685  -16.247 0.5555555820
49812  -21.142  -7.017  -7.098 0.4444444478
50783  -23.331  -6.867  -6.668 0.2222222239
51790  -24.751  -5.446  -8.696 0.2222222239
52796  -24.995  -4.605  -9.917 0.2222222239
111708  -25.694  -4.549  -9.680 0.1111111119
53773  -24.880  -3.651  -10.808 0.4444444478
121606  -26.095  -3.569  -10.995 0.3333333433
54680  -24.405  -3.165  -10.995 0.4444444478
55625  -24.497  -1.514  -11.398 0.6666666865
55627  -26.090  -2.033  -11.951 0.4444444478
57472  -27.313  0.500  -13.683 0.3333333433
59208  -26.987  1.994  -14.223 0.4444444478
118589  -27.150  3.901  -15.336 0.4444444478
69000  -20.448  14.130  -16.812 0.5555555820
69902  -19.993  14.774  -17.222 0.5555555820
51784  -19.503  -5.465  -8.899 0.4444444478
118939  -26.988  -3.081  -11.588 0.2222222239
69893  -23.313  14.709  -15.860 0.5555555820
112502  -19.951  -7.717  -5.956 0.4444444478
49775  -20.916  -7.682  -5.985 0.4444444478
125245  -21.041  -7.350  -6.550 0.4444444478
122896  -23.143  -7.319  -6.158 0.2222222239
49779  -24.317  -7.793  -5.740 0.2222222239
118395  -24.751  -8.326  -5.573 0.1111111119
50780  -18.062  -6.906  -6.907 0.4444444478
49787  -19.429  -7.428  -6.629 0.4444444478
117863  -25.018  -6.775  -6.626 0.1111111119
49780  -25.084  -7.860  -5.925 0.1111111119
50811  -26.461  -6.199  -7.340 0.1111111119
51811  -26.249  -4.839  -9.017 0.1111111119
51812  -27.906  -4.733  -9.053 0.1111111119
52799  -28.532  -4.385  -9.615 0.1111111119
52823  -28.112  -3.937  -10.322 0.1111111119
53777  -28.288  -3.240  -11.339 0.2222222239
126882  -27.566  -1.158  -12.733 0.1111111119
54700  -27.786  -2.818  -11.824 0.2222222239
56559  -27.754  -0.039  -13.520 0.2222222239
57473  -28.145  0.470  -13.989 0.2222222239
58356  -27.492  1.131  -14.173 0.3333333433
59222  -26.902  2.774  -14.585 0.4444444478
60168  -27.299  3.223  -15.209 0.3333333433
60182  -27.817  3.729  -16.127 0.3333333433
61120  -26.938  4.580  -14.801 0.4444444478
61134  -27.300  4.540  -15.812 0.3333333433
104859  -12.872  10.306  -12.717 0.4444444478
63795  -27.376  7.600  -15.360 0.4444444478
67127  -26.858  11.070  -14.231 0.3333333433
114862  -17.754  12.940  -16.395 0.4444444478
70744  -24.373  15.001  -15.835 0.5555555820
68998  -19.298  13.664  -16.835 0.5555555820
68999  -19.807  13.975  -16.932 0.5555555820
119866  -21.110  14.257  -16.538 0.5555555820
69892  -21.539  14.763  -16.582 0.5555555820
70753  -22.789  15.274  -16.344 0.5555555820
69901  -19.419  14.585  -17.028 0.5555555820
50805  -19.379  -6.568  -7.722 0.4444444478
52816  -21.098  -4.033  -10.080 0.5555555820
53755  -22.943  -3.701  -10.521 0.6666666865
55624  -23.822  -1.859  -11.091 0.6666666865
58322  -25.207  1.100  -11.701 0.5555555820
58339  -25.715  1.246  -12.218 0.5555555820
58340  -26.283  1.292  -12.921 0.4444444478
62038  -27.187  5.373  -15.213 0.4444444478
124585  -26.405  11.720  -14.191 0.3333333433
113810  -23.073  -4.367  -10.347 0.3333333433
119932  -20.841  -6.724  -7.673 0.4444444478
50782  -22.787  -6.654  -7.149 0.4444444478
49790  -22.592  -7.081  -6.562 0.3333333433
110852  -24.215  -6.664  -6.775 0.1111111119
49809  -18.924  -7.069  -7.175 0.4444444478
49811  -20.465  -6.996  -7.338 0.4444444478
120435  -20.204  -6.657  -7.782 0.4444444478
50826  -21.723  -6.233  -8.484 0.4444444478
50827  -23.593  -5.976  -8.192 0.4444444478
50808  -23.443  -6.409  -7.398 0.2222222239
51788  -23.118  -5.671  -8.882 0.4444444478
110355  -24.977  -6.306  -7.171 0.1111111119
50828  -24.283  -5.791  -8.268 0.2222222239
50785  -26.795  -6.744  -6.811 0.1111111119
52795  -24.155  -4.611  -10.103 0.3333333433
51809  -24.452  -5.080  -9.457 0.2222222239
51810  -25.281  -4.998  -9.226 0.2222222239
53757  -25.557  -3.783  -10.705 0.2222222239
52821  -26.257  -3.837  -10.601 0.1111111119
52797  -26.487  -4.247  -9.854 0.1111111119
53758  -26.832  -3.513  -11.058 0.1111111119
52798  -27.535  -4.242  -9.731 0.1111111119
52818  -23.661  -4.000  -10.592 0.3333333433
54697  -25.117  -3.013  -11.242 0.4444444478
55626  -25.273  -2.129  -11.589 0.4444444478
55628  -26.845  -2.149  -12.197 0.3333333433
53775  -26.292  -3.249  -11.381 0.3333333433
54710  -28.385  -2.172  -12.203 0.1111111119
115419  -24.475  -0.463  -11.479 0.5555555820
114650  -25.193  -1.194  -11.710 0.5555555820
57456  -26.152  0.579  -12.602 0.5555555820
57457  -27.082  -0.231  -13.232 0.3333333433
68072  -20.326  13.368  -16.663 0.5555555820
49789  -21.719  -7.321  -6.387 0.4444444478
110786  -27.071  -4.583  -9.245 0.1111111119
53776  -27.509  -3.271  -11.351 0.2222222239
49777  -22.542  -7.574  -5.882 0.4444444478
49786  -18.555  -7.403  -6.467 0.4444444478
50779  -17.223  -6.654  -6.596 0.4444444478
50784  -25.811  -6.599  -6.816 0.1111111119
49793  -25.450  -7.313  -6.356 0.1111111119
123454  -26.818  -5.824  -7.730 0.1111111119
44270  -19.706  -14.126  -3.465 0.1111111119
46898  -17.481  -10.765  -3.358 0.3333333433
110319  -18.485  -12.555  -3.921 0.2222222239
44276  -19.064  -13.742  -4.162 0.2222222239
43353  -19.799  -14.423  -4.420 0.1111111119
44282  -19.667  -14.124  -4.758 0.1111111119
48812  -15.953  -8.831  -3.913 0.3333333433
47855  -16.526  -9.525  -3.719 0.3333333433
46897  -16.645  -10.274  -3.351 0.3333333433
117008  -18.398  -10.398  -3.433 0.3333333433
46899  -19.163  -10.518  -3.413 0.3333333433
122215  -20.210  -11.360  -3.526 0.2222222239
45099  -19.153  -13.426  -4.346 0.2222222239
45106  -19.987  -13.839  -4.976 0.1111111119
45998  -19.519  -12.307  -3.955 0.2222222239
49770  -15.859  -7.187  -4.816 0.2222222239
49764  -16.028  -7.753  -4.626 0.2222222239
48820  -15.665  -8.063  -3.977 0.2222222239
47864  -16.686  -8.981  -4.220 0.3333333433
122246  -17.275  -9.897  -3.574 0.3333333433
47856  -18.055  -9.827  -3.588 0.3333333433
45999  -20.952  -11.810  -3.520 0.1111111119
50771  -16.132  -6.808  -5.473 0.2222222239
49771  -16.843  -7.510  -5.586 0.3333333433
48835  -16.696  -8.028  -5.025 0.3333333433
48836  -17.616  -8.068  -5.346 0.3333333433
48822  -17.174  -8.598  -4.632 0.3333333433
48823  -18.108  -8.658  -4.613 0.3333333433
47867  -19.471  -9.228  -4.105 0.3333333433
48824  -19.046  -8.642  -4.601 0.3333333433
47868  -20.473  -9.247  -4.177 0.3333333433
118219  -21.181  -9.566  -3.969 0.3333333433
46902  -21.711  -10.969  -3.591 0.1111111119
47860  -21.452  -10.180  -3.710 0.2222222239
50777  -15.924  -6.038  -5.887 0.2222222239
50778  -16.491  -6.389  -6.243 0.3333333433
49772  -17.631  -7.360  -6.145 0.3333333433
48837  -18.611  -8.175  -5.260 0.3333333433
48838  -19.505  -8.165  -5.282 0.3333333433
48825  -19.952  -8.625  -4.677 0.3333333433
48839  -20.383  -8.149  -5.356 0.3333333433
48826  -21.393  -9.004  -4.488 0.3333333433
47869  -21.874  -9.548  -4.220 0.1111111119
51739  -15.574  -5.490  -5.466 0.3333333433
51756  -16.161  -5.840  -6.495 0.3333333433
49774  -19.063  -7.750  -5.892 0.3333333433
114420  -21.132  -8.140  -5.375 0.3333333433
49776  -21.771  -7.849  -5.605 0.3333333433
58370  -27.814  1.705  -14.690 0.2222222239
59223  -27.484  2.490  -14.926 0.2222222239
59224  -28.392  2.210  -15.219 0.2222222239
114069  -27.310  6.119  -15.604 0.3333333433
62054  -27.352  5.295  -16.263 0.2222222239
45997  -18.285  -11.409  -3.443 0.3333333433
45100  -20.127  -12.936  -4.465 0.1111111119
48821  -16.332  -8.422  -4.478 0.3333333433
47866  -18.551  -9.224  -4.041 0.3333333433
47858  -19.818  -9.857  -3.639 0.3333333433
46900  -20.041  -10.634  -3.485 0.3333333433
47859  -20.671  -10.023  -3.612 0.3333333433
48840  -21.672  -8.421  -5.016 0.3333333433
44269  -19.057  -13.474  -3.061 0.1111111119
46888  -15.985  -10.525  -2.780 0.3333333433
45995  -16.711  -10.917  -3.112 0.3333333433
45988  -17.122  -11.567  -3.062 0.3333333433
45097  -17.668  -12.076  -3.302 0.3333333433
45098  -18.029  -12.381  -3.594 0.3333333433
44275  -18.276  -13.157  -4.005 0.3333333433
43339  -20.694  -14.149  -2.450 0.1111111119
111667  -20.448  -14.749  -4.448 0.1111111119
43366  -20.154  -14.533  -4.909 0.1111111119
49763  -15.561  -7.271  -4.125 0.2222222239
44284  -20.671  -14.025  -5.426 0.1111111119
50759  -15.560  -6.511  -4.550 0.2222222239
45101  -21.441  -12.485  -4.076 0.1111111119
46903  -22.494  -11.025  -3.787 0.1111111119
111113  -15.672  -6.102  -5.221 0.2222222239
46909  -23.157  -10.509  -4.105 0.1111111119
48827  -22.219  -8.915  -4.662 0.1111111119
48841  -22.584  -8.303  -5.265 0.1111111119
105586  -15.454  -4.818  -5.735 0.1111111119
59235  -28.070  2.925  -15.650 0.2222222239
110968  -27.286  6.728  -17.204 0.2222222239
62951  -27.355  6.020  -16.711 0.2222222239
109798  -15.488  -3.907  -6.794 0.2222222239
55602  -16.366  -1.598  -10.236 0.5555555820
122354  -15.614  -3.786  -7.497 0.3333333433
51755  -15.735  -5.395  -6.233 0.2222222239
105453  -20.478  -14.585  -3.619 0.1111111119
126796  -18.488  -13.391  -3.900 0.1111111119
45996  -17.654  -11.752  -3.355 0.3333333433
47854  -15.706  -9.219  -3.260 0.2222222239
46896  -15.992  -9.901  -3.233 0.3333333433
117828  -19.290  -11.417  -3.496 0.3333333433
47857  -18.945  -9.778  -3.586 0.3333333433
47865  -17.522  -9.265  -4.044 0.3333333433
112555  -20.946  -13.425  -4.908 0.1111111119
126682  -16.297  -7.469  -5.122 0.3333333433
49785  -16.848  -6.961  -6.035 0.3333333433
49773  -18.298  -7.750  -5.831 0.3333333433
119356  -20.834  -8.564  -4.821 0.3333333433
46000  -22.005  -11.621  -3.898 0.1111111119
48828  -23.038  -8.999  -4.766 0.1111111119
44262  -19.338  -13.386  -1.713 0.1111111119
45987  -16.420  -11.204  -2.542 0.3333333433
45089  -17.458  -12.100  -2.712 0.3333333433
45090  -17.973  -12.490  -3.391 0.3333333433
48811  -15.477  -8.429  -3.231 0.2222222239
111745  -15.237  -8.851  -2.685 0.2222222239
58377  -29.379  2.046  -15.375 0.1111111119
58378  -30.129  2.415  -15.915 0.1111111119
59236  -29.047  2.601  -15.899 0.1111111119
60190  -29.343  3.351  -17.296 0.1111111119
60192  -30.295  3.437  -17.109 0.1111111119
61142  -27.749  4.521  -16.813 0.1111111119
60196  -29.789  3.590  -17.623 0.1111111119
61149  -28.621  4.268  -18.138 0.1111111119
62063  -27.536  5.239  -17.303 0.1111111119
61155  -28.016  4.794  -18.452 0.1111111119
66252  -27.425  9.874  -16.016 0.1111111119
66243  -27.212  10.316  -14.542 0.2222222239
67128  -27.331  10.993  -15.068 0.1111111119
65419  -27.420  9.081  -15.880 0.1111111119
66261  -27.261  10.208  -17.024 0.1111111119
68071  -19.078  12.786  -16.781 0.4444444478
68045  -26.967  11.866  -14.815 0.1111111119
69899  -18.229  14.212  -16.463 0.4444444478
108963  -19.035  13.974  -16.842 0.4444444478
68051  -27.140  12.389  -15.566 0.1111111119
69903  -20.737  14.837  -16.936 0.4444444478
69886  -24.920  14.444  -15.400 0.2222222239
69888  -26.329  14.322  -15.728 0.1111111119
68050  -26.553  13.031  -15.284 0.1111111119
68993  -26.761  13.770  -15.839 0.1111111119
70764  -21.153  15.448  -17.127 0.4444444478
70763  -20.308  15.539  -17.398 0.4444444478
71556  -21.597  16.056  -17.238 0.4444444478
70752  -22.016  15.364  -16.694 0.4444444478
71557  -22.581  15.936  -16.726 0.4444444478
71558  -24.354  16.426  -16.569 0.4444444478
70754  -23.647  15.652  -16.325 0.2222222239
71559  -25.382  16.364  -16.543 0.2222222239
70755  -24.837  15.705  -16.202 0.2222222239
70756  -25.812  15.639  -16.260 0.2222222239
112934  -26.582  15.371  -16.567 0.2222222239
74002  -25.350  19.687  -19.704 0.1111111119
73198  -26.045  18.964  -19.027 0.1111111119
70765  -27.016  15.792  -17.208 0.1111111119
70761  -19.085  15.267  -17.062 0.4444444478
71563  -19.163  16.133  -17.265 0.4444444478
70762  -19.584  15.520  -17.338 0.4444444478
110651  -19.715  16.253  -17.669 0.3333333433
111674  -20.639  16.158  -17.647 0.4444444478
71565  -20.961  16.766  -17.905 0.4444444478
71566  -22.182  16.630  -17.274 0.4444444478
122988  -23.254  16.523  -16.784 0.4444444478
73185  -21.440  17.679  -18.476 0.3333333433
72352  -23.940  17.148  -16.950 0.3333333433
72358  -24.537  17.742  -17.209 0.1111111119
72353  -24.953  17.088  -16.813 0.1111111119
72359  -25.446  17.563  -17.279 0.1111111119
115234  -25.814  16.902  -16.948 0.1111111119
72363  -25.890  17.986  -17.839 0.1111111119
70751  -18.640  15.913  -16.788 0.2222222239
72356  -21.810  17.261  -17.786 0.3333333433
72357  -22.874  17.216  -17.249 0.4444444478
73193  -22.356  18.451  -18.355 0.2222222239
119272  -23.231  18.294  -17.766 0.2222222239
73187  -24.111  18.370  -17.599 0.2222222239
73188  -25.043  18.273  -17.617 0.1111111119
73985  -22.871  19.253  -18.635 0.1111111119
73194  -23.522  18.834  -18.081 0.1111111119
73196  -25.502  18.683  -18.239 0.1111111119
73986  -23.975  19.386  -18.613 0.1111111119
73195  -24.567  18.896  -18.059 0.1111111119
71564  -19.807  16.739  -18.134 0.3333333433
72351  -19.170  17.354  -17.813 0.3333333433
72354  -19.830  17.169  -18.716 0.3333333433
72355  -20.741  17.179  -18.604 0.3333333433
73984  -21.762  18.937  -19.073 0.1111111119
74000  -23.379  19.797  -19.257 0.1111111119
74001  -24.364  19.827  -19.360 0.1111111119
74724  -23.141  20.905  -20.906 0.1111111119
72346  -18.870  18.036  -16.821 0.1111111119
73178  -18.992  17.846  -17.971 0.2222222239
73184  -19.140  17.740  -18.957 0.2222222239
73191  -19.702  18.044  -19.278 0.3333333433
73197  -20.388  18.666  -19.537 0.1111111119
73998  -20.031  19.247  -19.654 0.1111111119
115365  -21.204  19.312  -19.722 0.1111111119
73999  -22.338  19.621  -19.383 0.1111111119
74710  -22.837  20.184  -20.057 0.1111111119
74712  -24.565  20.273  -20.194 0.1111111119
74713  -25.261  20.220  -20.602 0.1111111119
126402  -19.280  18.608  -16.720 0.1111111119
73968  -20.054  19.213  -15.947 0.1111111119
110285  -19.258  18.807  -17.406 0.1111111119
74690  -19.449  19.852  -18.069 0.1111111119
73983  -18.734  19.037  -18.834 0.1111111119
73190  -19.186  18.768  -19.336 0.2222222239
73996  -18.883  19.464  -19.161 0.1111111119
73997  -19.300  19.376  -19.480 0.1111111119
74720  -19.467  20.730  -20.184 0.1111111119
74708  -19.829  19.716  -19.797 0.1111111119
74721  -20.052  20.407  -20.425 0.1111111119
74722  -21.222  20.604  -20.758 0.1111111119
73973  -20.427  19.785  -16.155 0.1111111119
75440  -20.357  20.814  -17.330 0.1111111119
116968  -19.629  20.556  -18.289 0.1111111119
75451  -19.135  20.666  -18.879 0.1111111119
75462  -19.182  20.839  -19.491 0.1111111119
75434  -20.873  20.555  -16.313 0.1111111119
75441  -21.212  21.406  -16.423 0.1111111119
114741  -20.776  21.902  -17.090 0.1111111119
58372  -30.241  1.721  -14.990 0.1111111119
105915  -29.687  2.877  -16.712 0.1111111119
59240  -30.320  2.920  -16.629 0.1111111119
62961  -27.205  5.842  -17.892 0.1111111119
62071  -27.489  5.218  -18.294 0.1111111119
110966  -26.874  6.518  -18.506 0.1111111119
106923  -27.387  10.690  -16.062 0.1111111119
69900  -18.885  14.460  -16.806 0.4444444478
70745  -25.344  15.055  -15.803 0.2222222239
69887  -25.723  14.419  -15.498 0.1111111119
69894  -26.149  14.932  -15.948 0.1111111119
116053  -27.246  13.016  -16.148 0.1111111119
125907  -26.316  16.731  -17.138 0.2222222239
72364  -26.638  17.708  -18.194 0.1111111119
73987  -25.014  19.350  -18.740 0.1111111119
73183  -18.907  18.300  -19.128 0.2222222239
74687  -19.916  19.876  -17.116 0.1111111119
75452  -20.115  21.490  -18.171 0.1111111119
60170  -31.269  2.788  -14.722 0.1111111119
59225  -31.132  2.437  -15.139 0.1111111119
63806  -27.344  7.581  -16.442 0.2222222239
65409  -27.396  9.672  -15.103 0.2222222239
67137  -27.354  11.557  -15.873 0.1111111119
68997  -18.412  13.727  -16.553 0.4444444478
116844  -23.560  17.784  -17.369 0.2222222239
73969  -20.923  19.713  -15.260 0.1111111119
59226  -31.411  2.207  -14.455 0.1111111119
58371  -28.935  1.479  -14.772 0.1111111119
58379  -30.758  2.224  -15.353 0.1111111119
109962  -30.747  3.755  -13.400 0.1111111119
60157  -31.254  2.912  -13.820 0.1111111119
61135  -30.761  4.124  -15.901 0.1111111119
61151  -30.218  3.999  -17.641 0.1111111119
62065  -30.363  4.729  -17.185 0.1111111119
61156  -28.639  4.750  -18.740 0.1111111119
62968  -26.989  5.772  -18.958 0.1111111119
62077  -27.599  5.342  -18.997 0.1111111119
63821  -26.496  7.520  -19.056 0.1111111119
64629  -26.011  8.630  -19.741 0.1111111119
65439  -26.997  9.649  -17.837 0.1111111119
67150  -27.321  11.280  -17.256 0.1111111119
68994  -27.343  13.683  -16.710 0.1111111119
68073  -27.398  12.884  -17.348 0.1111111119
70750  -18.525  14.854  -16.569 0.4444444478
70766  -27.471  15.243  -17.858 0.1111111119
71569  -27.326  16.164  -17.874 0.1111111119
71554  -18.614  16.697  -16.835 0.2222222239
71555  -19.126  16.833  -17.534 0.2222222239
72370  -26.757  18.179  -18.890 0.1111111119
72350  -18.634  17.396  -16.875 0.1111111119
74015  -25.849  19.765  -20.357 0.1111111119
74725  -25.924  20.132  -21.016 0.1111111119
72345  -18.782  18.061  -15.834 0.1111111119
73163  -19.294  18.630  -14.851 0.1111111119
73173  -20.301  19.407  -14.714 0.1111111119
122716  -24.641  20.692  -20.998 0.1111111119
74675  -21.537  20.160  -14.664 0.1111111119
75473  -19.700  21.254  -21.087 0.1111111119
75474  -20.654  21.300  -21.454 0.1111111119
75475  -21.749  21.574  -21.720 0.1111111119
75476  -22.568  21.815  -21.950 0.1111111119
74682  -21.280  20.336  -15.462 0.1111111119
75435  -21.696  21.057  -15.684 0.1111111119
117463  -19.237  21.614  -18.939 0.1111111119
76179  -18.793  22.246  -20.189 0.1111111119
76153  -20.580  22.602  -17.637 0.1111111119
64602  -27.389  8.302  -15.687 0.1111111119
68986  -26.091  13.799  -15.300 0.1111111119
60183  -28.730  3.195  -16.544 0.1111111119
123227  -27.394  10.316  -15.322 0.2222222239
60189  -28.489  3.872  -17.313 0.1111111119
60184  -30.712  3.364  -16.259 0.1111111119
61150  -29.474  4.098  -18.248 0.1111111119
64615  -27.316  8.413  -16.762 0.1111111119
65431  -27.266  9.301  -16.899 0.1111111119
64621  -26.838  8.649  -18.110 0.1111111119
68060  -27.389  12.185  -16.696 0.1111111119
71560  -26.301  16.235  -16.792 0.2222222239
109241  -26.216  18.329  -18.405 0.1111111119
73199  -26.763  18.622  -19.683 0.1111111119
70757  -27.212  14.950  -17.119 0.1111111119
71568  -26.775  16.539  -17.393 0.2222222239
73186  -22.550  17.809  -17.767 0.3333333433
71567  -26.315  17.221  -17.512 0.2222222239
73192  -20.953  18.002  -19.280 0.2222222239
74711  -23.732  20.298  -20.034 0.1111111119
113385  -23.940  20.836  -20.969 0.1111111119
73172  -19.476  18.757  -15.460 0.1111111119
73976  -18.844  18.521  -18.578 0.1111111119
72362  -20.232  17.472  -19.092 0.3333333433
119049  -20.650  19.799  -20.145 0.1111111119
74709  -21.806  20.044  -20.122 0.1111111119
74723  -22.287  20.834  -20.806 0.1111111119
117400  -19.156  19.140  -17.989 0.1111111119
74699  -18.886  19.874  -18.814 0.1111111119
74698  -18.938  20.069  -19.117 0.1111111119
74707  -19.287  20.020  -19.609 0.1111111119
75472  -19.106  21.420  -20.599 0.1111111119
123109  -19.074  21.695  -19.645 0.1111111119
119184  -30.889  3.647  -15.681 0.1111111119
63813  -27.103  7.562  -17.659 0.1111111119
69895  -26.848  14.510  -16.358 0.1111111119
71574  -27.071  16.979  -17.990 0.1111111119
72365  -27.156  17.374  -18.764 0.1111111119
76168  -19.880  22.489  -18.362 0.1111111119
61121  -30.781  4.061  -15.003 0.1111111119
71575  -27.414  16.476  -18.671 0.1111111119
111691  -17.683  17.303  -14.072 0.1111111119
74003  -26.254  19.315  -19.919 0.1111111119
75485  -20.063  22.005  -22.231 0.1111111119
76167  -19.143  22.565  -19.134 0.1111111119
76178  -18.689  23.210  -19.685 0.1111111119
76189  -18.761  22.184  -21.504 0.1111111119
45973  -16.840  -11.741  -2.129 0.2222222239
56511  -15.806  -0.244  -10.054 0.2222222239
58306  -15.874  1.126  -10.565 0.2222222239
115813  -16.159  -0.814  -10.302 0.3333333433
56512  -16.295  -0.236  -10.610 0.4444444478
57427  -15.877  0.424  -10.324 0.3333333433
68996  -17.581  13.548  -16.284 0.3333333433
68989  -17.289  13.292  -16.172 0.2222222239
70742  -17.018  15.312  -15.204 0.1111111119
122981  -17.451  15.512  -15.831 0.2222222239
108848  -14.599  10.456  -13.835 0.2222222239
104858  -12.034  11.663  -11.902 0.1111111119
55601  -15.817  -0.962  -9.772 0.2222222239
105101  -12.691  11.935  -11.663 0.1111111119
68036  -15.922  11.996  -14.514 0.1111111119
68037  -16.014  12.448  -14.641 0.1111111119
105226  -16.991  14.300  -15.163 0.1111111119
69876  -17.036  15.038  -14.938 0.1111111119
70743  -17.323  15.930  -15.271 0.1111111119
68068  -17.205  12.764  -16.248 0.2222222239
68974  -16.032  12.651  -14.779 0.1111111119
55595  -15.804  -1.754  -9.508 0.2222222239
68988  -17.009  12.651  -16.136 0.1111111119
60105  -14.671  3.907  -10.891 0.1111111119
119162  -14.317  4.691  -11.121 0.3333333433
69891  -17.758  14.093  -16.279 0.3333333433
68983  -16.754  13.768  -15.261 0.1111111119
69884  -16.871  14.603  -15.250 0.1111111119
68975  -16.472  13.136  -15.115 0.1111111119
53760  -28.696  -3.637  -10.835 0.1111111119
45082  -17.287  -12.287  -1.626 0.1111111119
45083  -17.978  -12.530  -2.226 0.1111111119
45080  -15.503  -11.721  -0.911 0.1111111119
45986  -15.737  -10.953  -2.113 0.1111111119
47841  -15.349  -9.642  -2.499 0.1111111119
53708  -15.516  -3.316  -7.262 0.1111111119
116778  -15.627  0.939  -10.052 0.1111111119
57426  -15.640  0.429  -9.721 0.1111111119
63719  -12.122  7.355  -10.293 0.2222222239
64525  -10.753  8.769  -10.519 0.2222222239
64510  -10.856  8.685  -9.586 0.2222222239
65326  -11.329  9.665  -9.217 0.2222222239
45971  -15.117  -11.041  -1.342 0.1111111119
58305  -15.593  1.535  -10.246 0.1111111119
45954  -14.709  -11.411  -0.698 0.1111111119
45081  -16.439  -12.037  -1.229 0.1111111119
45970  -14.492  -11.085  -0.776 0.1111111119
46874  -15.243  -10.386  -1.919 0.1111111119
47825  -14.749  -9.680  -1.562 0.1111111119
47840  -14.822  -8.878  -1.976 0.1111111119
48799  -15.121  -8.151  -2.412 0.1111111119
50745  -15.415  -6.616  -3.552 0.1111111119
53692  -15.480  -3.590  -6.333 0.1111111119
54636  -15.537  -2.577  -7.932 0.1111111119
55594  -15.565  -1.039  -8.985 0.1111111119
58286  -15.656  0.946  -9.647 0.1111111119
63703  -12.516  7.085  -9.985 0.2222222239
66171  -12.057  10.401  -8.510 0.2222222239
67991  -12.669  12.066  -8.522 0.1111111119
44268  -18.361  -12.985  -3.216 0.1111111119
45066  -16.905  -12.680  -0.715 0.1111111119
67055  -10.542  11.482  -8.119 0.2222222239
67993  -10.890  12.572  -9.510 0.1111111119
54656  -15.599  -2.462  -8.502 0.1111111119
62876  -12.580  6.494  -9.940 0.2222222239
58316  -15.609  1.895  -10.797 0.1111111119
107078  -15.380  -5.993  -3.905 0.1111111119
51723  -15.452  -5.619  -4.639 0.1111111119
49738  -15.363  -7.479  -3.105 0.1111111119
56503  -15.633  -0.237  -9.371 0.1111111119
45972  -16.013  -11.457  -1.733 0.1111111119
46873  -14.631  -10.421  -1.157 0.1111111119
125955  -15.787  -2.066  -5.943 0.1111111119
63704  -12.741  7.478  -9.889 0.1111111119
55580  -15.536  -1.661  -8.407 0.1111111119
66185  -13.892  10.714  -9.914 0.1111111119
67067  -14.052  11.912  -9.465 0.1111111119
105110  -14.299  11.499  -12.647 0.1111111119
61974  -13.326  5.186  -9.484 0.1111111119
112107  -14.079  11.657  -11.955 0.1111111119
121607  -15.244  11.484  -13.315 0.1111111119
68030  -15.505  11.696  -14.060 0.1111111119
46901  -20.899  -10.840  -3.404 0.3333333433
46908  -22.255  -10.272  -3.944 0.1111111119
47870  -22.661  -9.602  -4.358 0.1111111119
49788  -20.383  -7.347  -6.719 0.4444444478
49792  -24.652  -7.274  -6.255 0.1111111119
50806  -21.525  -6.597  -7.822 0.4444444478
51775  -26.229  -5.756  -7.845 0.1111111119
51776  -27.392  -5.652  -8.025 0.1111111119
51789  -23.968  -5.554  -8.880 0.3333333433
53759  -27.741  -3.592  -10.906 0.1111111119
53774  -25.635  -3.401  -11.124 0.4444444478
54699  -26.513  -2.722  -11.802 0.2222222239
54709  -27.558  -2.185  -12.257 0.2222222239
55605  -22.390  -1.941  -10.624 0.7777777910
55645  -28.047  -1.442  -12.580 0.1111111119
56527  -22.952  -0.342  -11.185 0.7777777910
56542  -20.332  -0.067  -13.075 1.0000000000
56544  -26.578  -0.655  -12.644 0.5555555820
57442  -24.893  0.464  -11.559 0.5555555820
57455  -25.596  0.519  -11.963 0.5555555820
58337  -21.928  1.794  -12.406 0.7777777910
58353  -20.428  0.890  -14.132 1.0000000000
59171  -23.659  1.986  -11.756 0.7777777910
59221  -21.239  2.750  -14.813 1.0000000000
59233  -20.030  2.511  -15.363 1.0000000000
59237  -30.734  2.739  -15.827 0.1111111119
60138  -24.647  3.217  -12.237 0.6666666865
60156  -30.997  3.497  -14.395 0.1111111119
60166  -21.264  3.370  -15.036 1.0000000000
60169  -31.074  3.150  -15.387 0.1111111119
60191  -29.956  3.153  -17.184 0.1111111119
60195  -29.146  3.718  -17.862 0.1111111119
61105  -25.826  4.645  -12.618 0.6666666865
61117  -18.492  4.151  -15.154 0.8888888955
61130  -18.986  4.792  -15.698 1.0000000000
61133  -20.968  4.734  -15.405 1.0000000000
61143  -30.578  4.012  -16.815 0.1111111119
61148  -27.957  4.595  -17.806 0.1111111119
61984  -14.098  5.294  -11.372 0.4444444478
62006  -25.252  5.387  -12.509 0.6666666865
62049  -17.906  5.760  -15.600 1.0000000000
62052  -20.395  5.326  -15.901 1.0000000000
62062  -19.951  5.756  -16.426 0.8888888955
62072  -30.037  4.652  -18.022 0.1111111119
62859  -12.799  6.629  -9.761 0.2222222239
62890  -13.656  6.036  -11.895 0.3333333433
62902  -13.479  6.517  -11.737 0.3333333433
62916  -13.616  6.918  -12.216 0.5555555820
62939  -27.354  6.917  -14.932 0.4444444478
62957  -18.669  7.065  -16.517 0.8888888955
62960  -20.103  6.335  -16.473 1.0000000000
63718  -11.447  8.092  -10.828 0.2222222239
63748  -12.266  7.479  -11.647 0.3333333433
63761  -14.021  7.387  -12.944 0.5555555820
63776  -14.599  7.953  -13.794 0.5555555820
63782  -27.282  7.711  -14.338 0.5555555820
63802  -18.020  7.915  -16.485 0.8888888955
64509  -10.223  9.418  -10.180 0.3333333433
64511  -11.895  8.016  -9.988 0.1111111119
64526  -11.538  8.303  -10.180 0.2222222239
64543  -9.876  9.073  -10.952 0.4444444478
64544  -10.667  8.716  -11.173 0.2222222239
64545  -11.594  8.119  -11.419 0.4444444478
64557  -11.052  8.845  -11.579 0.4444444478
64572  -14.226  8.582  -13.686 0.6666666865
64578  -24.675  8.639  -13.027 0.7777777910
64588  -22.494  8.149  -14.532 0.8888888955
64590  -27.143  8.601  -13.938 0.5555555820
64609  -17.016  9.383  -16.341 0.7777777910
65324  -9.222  10.856  -9.056 0.3333333433
65325  -10.592  9.828  -9.309 0.3333333433
65340  -9.543  9.878  -10.538 0.4444444478
65369  -10.429  9.557  -11.533 0.5555555820
65371  -12.028  8.838  -12.140 0.5555555820
65387  -13.917  9.243  -13.597 0.6666666865
65394  -24.279  9.266  -13.409 0.6666666865
65396  -25.908  9.142  -13.116 0.5555555820
65418  -22.384  9.689  -14.892 0.6666666865
65425  -17.027  9.864  -16.398 0.7777777910
65428  -18.866  9.454  -16.627 0.6666666865
66148  -9.657  11.165  -8.240 0.2222222239
66160  -9.553  10.878  -8.424 0.3333333433
66161  -10.324  10.715  -7.947 0.2222222239
66162  -11.489  10.761  -7.824 0.2222222239
66163  -12.906  10.938  -7.932 0.2222222239
66164  -13.698  11.313  -8.517 0.1111111119
66170  -10.949  10.214  -8.210 0.2222222239
66172  -13.431  10.597  -8.888 0.2222222239
66173  -14.115  11.386  -9.179 0.1111111119
66219  -13.884  9.855  -13.553 0.4444444478
66226  -25.878  10.304  -13.480 0.4444444478
66250  -22.017  10.394  -15.318 0.6666666865
66259  -17.518  10.223  -16.553 0.7777777910
67045  -12.875  11.817  -8.240 0.1111111119
67056  -12.273  11.501  -8.192 0.1111111119
67057  -13.295  11.662  -8.321 0.1111111119
67063  -13.961  11.728  -8.777 0.1111111119
67132  -16.528  11.599  -15.801 0.3333333433
67989  -9.532  11.684  -8.600 0.2222222239
67990  -11.450  12.204  -8.633 0.1111111119
67994  -12.104  12.589  -9.307 0.1111111119
67995  -13.371  12.197  -8.926 0.1111111119
68048  -16.789  12.183  -15.917 0.1111111119
104853  -11.947  10.366  -12.380 0.3333333433
104854  -11.636  11.108  -12.089 0.3333333433
104856  -9.874  11.586  -11.225 0.3333333433
104857  -11.414  12.149  -11.345 0.1111111119
104860  -13.228  11.602  -12.200 0.1111111119
104969  -9.077  12.062  -9.283 0.2222222239
104977  -8.913  11.409  -9.367 0.2222222239
105074  -9.735  9.606  -11.222 0.4444444478
105077  -9.404  10.662  -10.917 0.2222222239
105082  -11.058  10.419  -11.797 0.3333333433
105164  -10.173  10.528  -11.528 0.5555555820
105229  -10.146  12.421  -11.020 0.1111111119
106405  -19.549  7.609  -16.579 0.8888888955
109318  -24.036  2.677  -12.018 0.7777777910
110412  -9.693  10.212  -9.617 0.3333333433
111206  -16.708  10.947  -16.115 0.5555555820
112944  -27.129  -0.983  -12.805 0.1111111119
115922  -19.465  2.525  -15.094 1.0000000000
117295  -15.220  10.153  -14.532 0.4444444478
117656  -11.523  8.997  -9.845 0.1111111119
118067  -9.894  12.447  -8.906 0.2222222239
119497  -9.737  12.752  -10.024 0.1111111119
119498  -9.153  11.346  -8.780 0.2222222239
119513  -9.024  10.766  -9.892 0.2222222239
119538  -12.571  11.114  -12.401 0.1111111119
119554  -11.159  12.635  -10.474 0.1111111119
120276  -26.580  -5.437  -8.280 0.1111111119
120603  -27.117  -2.645  -11.966 0.2222222239
121906  -12.178  9.569  -12.477 0.6666666865
122328  -16.577  8.407  -15.626 0.7777777910
122752  -26.491  4.090  -13.316 0.5555555820
123713  -22.005  -2.449  -10.413 0.7777777910
124929  -26.742  12.461  -15.001 0.1111111119
125156  -16.683  10.706  -16.161 0.5555555820
125336  -23.702  -4.394  -10.356 0.3333333433
125709  -16.820  6.702  -15.137 1.0000000000
126059  -25.622  -1.631  -11.857 0.5555555820
127166  -13.416  11.843  -11.831 0.1111111119
