#!ascii label  , from subject sub-v2s12x28873_ses-1 vox2ras=TkReg
1677
107002  -14.226  -63.085  -6.872 0.5000000000
4662  -15.866  -66.116  -6.586 0.5000000000
4112  -16.720  -66.236  -5.307 0.5000000000
4113  -17.392  -66.587  -5.911 0.5000000000
6753  -13.844  -61.534  -6.307 0.5000000000
6222  -13.816  -62.345  -6.620 0.5000000000
6754  -14.662  -61.780  -6.475 0.5000000000
6223  -14.756  -62.536  -6.655 0.5000000000
6755  -15.284  -61.366  -6.044 0.6000000238
109756  -15.278  -62.919  -6.391 0.5000000000
112680  -17.878  -66.558  -6.614 0.5000000000
4661  -15.473  -65.333  -6.017 0.5000000000
4127  -18.583  -66.406  -6.790 0.5000000000
4650  -15.988  -65.463  -5.081 0.6000000238
4114  -18.297  -66.573  -5.914 0.6000000238
5203  -16.237  -64.326  -4.522 0.6000000238
4651  -17.821  -66.227  -4.983 0.6000000238
111826  -18.786  -66.235  -5.268 0.6999999881
5204  -17.396  -64.515  -4.151 0.6999999881
110174  -17.588  -63.987  -3.816 0.6999999881
114920  -18.172  -64.687  -4.007 0.6999999881
4639  -18.740  -65.494  -4.460 0.6999999881
7279  -13.676  -60.877  -5.852 0.5000000000
7280  -14.578  -61.065  -6.108 0.6000000238
7276  -14.249  -60.272  -5.718 0.6000000238
7829  -14.867  -59.559  -5.514 0.6000000238
6212  -15.690  -62.597  -5.695 0.5000000000
4115  -19.157  -66.450  -6.049 0.5000000000
4128  -19.414  -66.294  -7.026 0.5000000000
4117  -20.883  -66.526  -5.964 0.6999999881
4116  -20.025  -66.429  -6.032 0.6999999881
4102  -20.518  -66.135  -4.988 0.6999999881
5211  -15.528  -64.456  -5.357 0.6000000238
5702  -15.691  -63.558  -5.130 0.6999999881
4652  -19.632  -66.023  -4.973 0.6999999881
5693  -16.302  -62.951  -4.690 0.6999999881
5694  -17.065  -63.063  -3.983 0.6999999881
4625  -19.552  -65.257  -3.982 0.6999999881
5688  -17.725  -63.721  -3.580 0.6999999881
5695  -18.117  -64.309  -3.697 0.6999999881
5205  -18.681  -64.786  -3.792 0.6999999881
4614  -19.873  -65.171  -2.996 0.6999999881
5680  -17.993  -63.557  -3.121 0.6999999881
5186  -18.565  -64.127  -2.629 0.6999999881
5196  -19.069  -64.704  -3.261 0.6999999881
5175  -18.697  -64.204  -1.485 0.6999999881
7275  -13.154  -60.228  -5.534 0.5000000000
7828  -13.712  -59.512  -5.388 0.6000000238
8423  -13.895  -58.070  -4.859 0.6000000238
8439  -14.416  -58.805  -5.211 0.6000000238
8424  -14.988  -58.173  -4.965 0.6000000238
7277  -15.278  -60.460  -5.742 0.6000000238
8440  -15.332  -58.913  -5.223 0.6000000238
6750  -15.735  -61.709  -5.765 0.6000000238
4118  -22.117  -66.905  -6.051 0.6999999881
6213  -16.179  -62.019  -5.221 0.6999999881
4103  -21.482  -66.441  -4.896 0.6999999881
4104  -22.577  -66.549  -4.721 0.6999999881
4642  -23.067  -65.976  -4.210 0.6999999881
114966  -16.427  -61.602  -4.919 0.6999999881
4093  -21.870  -66.277  -3.919 0.6999999881
106287  -23.608  -65.112  -4.194 0.6999999881
6204  -16.623  -62.181  -4.524 0.6999999881
6747  -16.735  -61.494  -4.391 0.6999999881
4640  -20.204  -65.727  -4.355 0.6999999881
4641  -20.969  -65.966  -4.179 0.6999999881
4094  -22.491  -66.097  -3.859 0.6999999881
4629  -22.887  -65.506  -3.569 0.6999999881
6205  -17.045  -62.186  -3.896 0.6999999881
6744  -17.131  -61.354  -3.683 0.6999999881
4626  -20.427  -65.574  -3.618 0.6999999881
4628  -22.154  -65.750  -3.184 0.6999999881
6189  -17.693  -62.819  -2.777 0.6999999881
5188  -20.114  -65.209  -1.960 0.6999999881
4615  -20.712  -65.528  -2.669 0.6999999881
110839  -18.076  -63.449  -2.308 0.6999999881
5187  -19.298  -64.742  -2.262 0.6999999881
5669  -18.152  -63.523  -1.485 0.6999999881
5176  -19.489  -64.815  -1.194 0.6999999881
121560  -18.266  -63.659  -0.495 0.6999999881
7827  -12.382  -59.547  -5.207 0.5000000000
8438  -13.163  -58.806  -4.925 0.6000000238
9071  -13.455  -57.277  -4.649 0.6000000238
8422  -12.466  -57.985  -4.675 0.5000000000
9801  -12.983  -56.474  -4.343 0.6000000238
7808  -11.418  -59.267  -4.186 0.5000000000
7814  -12.054  -58.797  -4.834 0.5000000000
9802  -14.251  -56.633  -4.483 0.6000000238
10584  -13.619  -55.214  -3.707 0.6000000238
9803  -15.136  -56.907  -4.382 0.6000000238
10600  -13.925  -55.902  -4.139 0.6000000238
7830  -15.660  -59.635  -5.384 0.6000000238
120616  -16.167  -60.790  -5.369 0.6999999881
8426  -16.190  -58.915  -4.586 0.6999999881
7272  -16.746  -60.620  -4.273 0.6999999881
7815  -16.485  -59.756  -4.514 0.6999999881
5198  -24.134  -64.295  -3.669 0.6999999881
7816  -16.803  -59.917  -3.859 0.6999999881
5197  -23.319  -64.812  -3.283 0.6999999881
7810  -17.021  -59.560  -3.244 0.6999999881
4617  -22.283  -65.263  -2.441 0.6999999881
120898  -23.777  -64.259  -2.677 0.6999999881
126468  -24.691  -63.711  -3.609 0.6999999881
7268  -17.415  -60.550  -2.293 0.6000000238
4605  -21.815  -65.191  -1.742 0.6999999881
4606  -22.554  -64.853  -1.810 0.6999999881
5179  -23.992  -63.981  -1.731 0.6999999881
5681  -24.526  -63.706  -2.436 0.6999999881
5690  -25.267  -63.215  -3.791 0.6999999881
6179  -17.546  -62.069  -2.340 0.6999999881
5177  -20.388  -65.168  -0.966 0.6999999881
4594  -21.337  -65.153  -0.917 0.6000000238
5166  -22.703  -64.660  -0.419 0.6999999881
5178  -23.285  -64.493  -1.813 0.6999999881
6168  -17.632  -62.365  -0.719 0.6000000238
5162  -18.890  -64.407  -0.374 0.6999999881
5164  -20.782  -65.046  0.102 0.6000000238
5165  -21.842  -64.951  -0.137 0.6000000238
6155  -17.709  -62.360  0.289 0.6000000238
5147  -18.535  -63.981  0.332 0.6000000238
120999  -19.088  -64.444  0.587 0.6000000238
5148  -19.974  -64.746  0.803 0.5000000000
122674  -20.746  -64.837  1.040 0.5000000000
5136  -21.188  -64.560  1.619 0.5000000000
6156  -18.123  -63.197  0.567 0.6000000238
5634  -18.513  -62.925  1.382 0.5000000000
5134  -19.456  -64.228  1.407 0.5000000000
9799  -11.303  -57.160  -3.850 0.6000000238
11392  -13.070  -54.487  -3.338 0.5000000000
116309  -11.694  -52.501  -2.321 0.6999999881
8421  -11.567  -58.452  -4.365 0.5000000000
8398  -11.313  -57.823  -3.704 0.6000000238
9780  -11.378  -56.563  -3.415 0.6000000238
7804  -11.901  -59.332  -3.324 0.6000000238
8409  -11.394  -58.601  -3.823 0.6000000238
12069  -13.490  -53.661  -3.097 0.4000000060
8399  -11.760  -58.380  -3.107 0.6000000238
11393  -14.184  -54.527  -3.417 0.5000000000
10586  -15.170  -55.739  -3.409 0.6000000238
9783  -15.414  -56.555  -3.751 0.6000000238
8410  -16.436  -58.432  -3.841 0.6999999881
9074  -15.985  -58.036  -4.326 0.6000000238
8411  -16.836  -58.814  -3.205 0.6999999881
7806  -17.294  -59.870  -2.651 0.6000000238
8401  -17.213  -59.123  -2.459 0.6000000238
116775  -17.464  -61.466  -0.938 0.6000000238
121727  -23.291  -64.379  0.208 0.6000000238
5167  -23.487  -64.301  -0.857 0.6000000238
5670  -24.777  -63.470  -1.630 0.6999999881
5682  -25.269  -63.116  -2.340 0.6999999881
6190  -25.745  -62.650  -3.125 0.6999999881
5150  -22.460  -64.685  0.563 0.6000000238
120714  -26.397  -62.055  -3.521 0.6999999881
6704  -17.671  -61.467  0.754 0.6000000238
5135  -20.335  -64.453  1.580 0.4000000060
124396  -22.182  -64.163  2.069 0.4000000060
5138  -23.072  -64.343  1.203 0.5000000000
117072  -23.867  -63.755  0.681 0.6000000238
107487  -24.967  -63.122  -0.858 0.6000000238
108739  -25.875  -62.253  -2.303 0.6000000238
6684  -18.447  -61.916  1.441 0.5000000000
6685  -19.343  -61.805  1.701 0.5000000000
6134  -19.218  -62.588  1.796 0.5000000000
5636  -20.020  -63.879  2.039 0.5000000000
5638  -23.415  -63.624  1.653 0.4000000060
12055  -11.495  -53.180  -2.233 0.6000000238
11391  -12.177  -54.661  -3.078 0.6000000238
13382  -12.660  -51.092  -2.531 0.6000000238
109388  -11.516  -57.580  -2.869 0.6000000238
9766  -11.904  -56.247  -2.316 0.5000000000
10552  -12.178  -55.585  -1.769 0.6000000238
9750  -12.643  -56.510  -1.735 0.6000000238
12744  -13.066  -52.077  -2.761 0.6000000238
7805  -12.706  -58.976  -2.386 0.6999999881
9028  -13.096  -57.447  -1.774 0.6000000238
9029  -13.982  -57.817  -1.217 0.6000000238
119171  -14.519  -53.641  -3.134 0.5000000000
125893  -14.575  -52.443  -2.981 0.6000000238
120314  -13.225  -59.543  -2.121 0.6000000238
8385  -14.208  -58.737  -1.179 0.6999999881
11394  -14.986  -54.936  -3.250 0.5000000000
7795  -13.636  -59.248  -1.737 0.6999999881
9767  -15.708  -56.128  -2.880 0.6000000238
7251  -14.323  -60.706  -0.868 0.6000000238
9056  -16.222  -57.681  -3.640 0.6000000238
9784  -15.951  -56.948  -3.287 0.6000000238
9044  -16.469  -57.352  -2.745 0.6000000238
122444  -16.964  -58.490  -2.592 0.6000000238
114495  -17.358  -58.913  -1.459 0.6000000238
7788  -17.422  -59.374  -0.810 0.6000000238
8358  -18.568  -58.747  0.888 0.6000000238
7252  -17.427  -60.751  -0.117 0.6000000238
8359  -19.199  -58.692  0.925 0.6000000238
7218  -18.305  -60.340  1.287 0.6000000238
5652  -24.578  -62.849  0.461 0.6000000238
6170  -25.082  -62.640  -0.199 0.6000000238
5662  -25.468  -62.156  -0.957 0.6000000238
106609  -18.686  -61.120  1.499 0.5000000000
108022  -20.033  -62.282  2.002 0.5000000000
6731  -26.562  -60.687  -1.661 0.6000000238
6136  -23.595  -62.671  1.981 0.4000000060
110578  -25.128  -62.064  0.224 0.6000000238
6171  -25.499  -61.487  -0.380 0.6000000238
12046  -11.470  -53.168  -1.730 0.6000000238
12047  -12.030  -52.790  -1.395 0.5000000000
12719  -12.088  -51.617  -1.556 0.6000000238
13361  -13.437  -50.341  -1.519 0.5000000000
107223  -11.677  -54.752  -1.796 0.6000000238
118220  -12.940  -53.712  -0.781 0.6000000238
13358  -11.535  -51.663  -2.037 0.5000000000
13992  -12.241  -49.975  -2.014 0.5000000000
14004  -12.826  -49.415  -2.239 0.5000000000
9751  -13.014  -55.809  -1.123 0.5000000000
11361  -11.777  -54.100  -1.445 0.6000000238
9732  -13.754  -56.033  -0.444 0.5000000000
13383  -13.959  -51.120  -2.800 0.6000000238
7796  -14.281  -59.665  -1.097 0.6999999881
8371  -14.532  -58.163  -0.390 0.6000000238
110815  -14.608  -59.147  -0.413 0.6000000238
10570  -15.585  -55.282  -2.674 0.5000000000
6718  -14.439  -61.599  -0.169 0.5000000000
7787  -14.631  -60.012  -0.217 0.6999999881
10571  -16.167  -55.683  -2.122 0.5000000000
9769  -16.805  -56.953  -1.830 0.5000000000
123053  -17.183  -58.501  -2.019 0.6000000238
9017  -18.542  -57.284  0.168 0.6000000238
8372  -17.604  -58.640  -0.357 0.5000000000
9001  -18.946  -57.902  0.635 0.6000000238
8357  -17.962  -58.896  0.505 0.6000000238
115257  -19.534  -60.374  1.324 0.5000000000
6688  -23.854  -61.355  2.071 0.5000000000
6137  -24.449  -61.033  1.346 0.5000000000
6158  -25.408  -60.842  0.183 0.6000000238
6720  -26.113  -59.970  -0.528 0.6000000238
12699  -13.130  -52.770  -1.180 0.6000000238
123988  -13.323  -51.995  -1.342 0.6000000238
11350  -13.928  -54.303  -0.284 0.6000000238
15454  -13.691  -48.094  -1.981 0.5000000000
10538  -13.261  -55.101  -0.465 0.6000000238
9721  -14.301  -56.320  0.185 0.6999999881
119617  -14.765  -50.019  -3.020 0.6000000238
9015  -14.226  -57.357  -0.606 0.6000000238
107612  -14.918  -50.936  -3.017 0.6000000238
108111  -14.794  -60.158  0.658 0.6000000238
117811  -14.861  -58.793  0.307 0.6000000238
12070  -15.311  -53.655  -2.903 0.5000000000
9752  -16.747  -56.088  -1.596 0.5000000000
6703  -14.438  -61.497  0.610 0.5000000000
7235  -14.639  -60.865  0.213 0.6000000238
9030  -17.338  -57.321  -1.204 0.5000000000
9735  -18.865  -56.499  -0.098 0.6000000238
9734  -17.983  -56.818  -0.452 0.5000000000
9723  -19.999  -57.067  0.188 0.5000000000
9002  -19.598  -57.851  0.496 0.5000000000
6689  -24.638  -59.713  1.604 0.6000000238
6706  -25.081  -60.117  0.809 0.6000000238
12030  -14.047  -53.525  -0.621 0.6000000238
12700  -14.377  -52.613  -1.061 0.5000000000
112287  -14.558  -50.079  -1.429 0.5000000000
12014  -14.744  -54.108  -0.046 0.6999999881
13995  -15.041  -49.062  -1.475 0.5000000000
114940  -14.467  -55.894  0.618 0.6999999881
11339  -13.919  -54.904  0.011 0.6000000238
113058  -15.693  -47.441  -1.923 0.5000000000
9000  -14.564  -57.251  0.165 0.6000000238
14758  -14.839  -48.408  -2.618 0.5000000000
14015  -15.700  -50.475  -3.255 0.6000000238
8349  -15.307  -58.973  1.566 0.6999999881
13384  -15.830  -51.482  -3.224 0.6000000238
7758  -15.014  -59.405  1.026 0.6000000238
12071  -16.032  -53.184  -2.766 0.6000000238
6662  -14.308  -61.229  2.019 0.6999999881
107085  -14.609  -60.950  1.202 0.6999999881
11376  -16.214  -54.801  -2.120 0.5000000000
12056  -16.422  -53.915  -2.370 0.5000000000
6682  -14.206  -61.698  1.254 0.6000000238
11362  -16.867  -55.210  -1.613 0.5000000000
6681  -13.642  -61.711  1.836 0.5000000000
10553  -17.541  -55.644  -1.180 0.6000000238
9753  -17.371  -56.480  -1.099 0.5000000000
6680  -12.767  -61.829  1.872 0.6000000238
10539  -18.240  -56.032  -0.649 0.5000000000
9736  -19.673  -56.425  -0.101 0.6000000238
9031  -20.769  -57.533  -1.305 0.5000000000
12015  -15.598  -53.918  0.173 0.6999999881
12701  -15.526  -52.571  -0.797 0.5000000000
13348  -15.764  -51.745  -1.162 0.5000000000
10510  -15.338  -55.630  1.751 0.8000000119
105930  -15.186  -54.569  0.648 0.6999999881
13363  -15.758  -50.622  -1.343 0.5000000000
116500  -16.205  -48.651  -1.451 0.5000000000
8989  -15.356  -57.120  1.764 0.6999999881
10509  -14.797  -55.762  1.148 0.6999999881
10526  -14.474  -55.309  0.557 0.8000000119
9710  -14.740  -56.573  0.978 0.6999999881
15457  -17.314  -47.428  -1.926 0.5000000000
8332  -15.600  -58.961  2.259 0.6999999881
114565  -15.423  -58.192  1.632 0.6999999881
14759  -15.938  -48.389  -3.134 0.6000000238
15480  -16.595  -47.755  -3.022 0.5000000000
7722  -14.913  -60.249  3.381 0.6000000238
7759  -15.178  -59.756  2.005 0.6000000238
125751  -16.645  -52.580  -2.979 0.6000000238
7196  -14.443  -60.714  2.848 0.6999999881
7217  -14.755  -60.571  2.066 0.6999999881
115060  -17.068  -54.402  -1.874 0.6000000238
12072  -17.145  -53.173  -2.700 0.6000000238
123297  -13.862  -61.143  2.614 0.6000000238
11377  -17.931  -54.097  -1.868 0.6000000238
10554  -18.498  -55.277  -1.021 0.6000000238
7216  -12.147  -61.011  2.126 0.6000000238
10541  -19.972  -55.848  -0.603 0.6000000238
9754  -20.430  -56.423  -0.890 0.5000000000
11330  -15.543  -54.960  1.356 0.6000000238
11341  -16.022  -54.411  0.810 0.5000000000
12032  -16.121  -53.209  -0.318 0.5000000000
121694  -17.115  -49.439  -1.233 0.5000000000
9698  -15.536  -56.351  2.217 0.8000000119
14736  -17.208  -48.366  -1.436 0.5000000000
8977  -15.792  -58.012  2.374 0.6999999881
107793  -17.460  -50.436  -3.478 0.6000000238
9696  -9.698  -56.391  2.346 0.6000000238
7739  -15.408  -59.714  2.931 0.8000000119
9697  -10.269  -56.784  2.800 0.6000000238
7178  -14.308  -60.531  3.678 0.6999999881
7166  -14.761  -60.239  4.036 0.8000000119
13385  -16.653  -50.981  -3.411 0.6000000238
8330  -10.791  -58.102  2.136 0.6000000238
6646  -13.927  -60.784  3.274 0.6000000238
12057  -18.003  -53.533  -2.470 0.6000000238
11378  -18.709  -53.959  -2.175 0.6000000238
7194  -12.011  -60.137  2.489 0.6000000238
7195  -12.601  -60.711  2.696 0.6000000238
106597  -13.308  -60.710  3.096 0.6000000238
11364  -18.689  -54.537  -1.539 0.6000000238
11365  -19.359  -54.399  -1.932 0.6000000238
6661  -13.111  -61.277  2.426 0.5000000000
10556  -20.348  -55.536  -1.587 0.5000000000
9755  -20.890  -56.552  -1.894 0.5000000000
120511  -20.735  -55.842  -2.718 0.5000000000
11342  -17.083  -54.320  0.918 0.5000000000
12016  -16.553  -53.784  0.285 0.5000000000
11319  -15.960  -55.287  2.065 0.6000000238
11320  -16.648  -54.939  2.267 0.5000000000
115185  -15.822  -57.117  2.608 0.8000000119
10496  -15.825  -55.806  2.566 0.6999999881
121184  -16.108  -57.859  3.043 0.8000000119
124308  -16.027  -58.881  3.174 0.8000000119
14760  -17.316  -48.222  -3.325 0.6000000238
15459  -18.514  -47.914  -2.266 0.5000000000
10470  -8.543  -55.328  3.212 0.6000000238
124300  -15.438  -59.747  3.938 0.8000000119
14762  -19.257  -48.648  -3.279 0.5000000000
9679  -9.858  -56.216  3.091 0.6999999881
10495  -9.152  -55.732  2.558 0.6000000238
7165  -14.220  -60.295  4.359 0.8000000119
125360  -18.063  -51.881  -3.485 0.6000000238
106822  -18.434  -50.289  -3.564 0.6000000238
14018  -19.204  -49.047  -3.545 0.6000000238
8955  -10.808  -57.198  3.230 0.6000000238
12058  -18.769  -53.485  -2.915 0.6000000238
12073  -18.152  -52.969  -3.077 0.6000000238
120630  -19.258  -51.421  -3.766 0.6000000238
8331  -11.347  -58.587  2.474 0.6000000238
7176  -13.019  -60.232  3.632 0.6000000238
7163  -13.069  -59.893  4.193 0.5000000000
11379  -19.439  -53.772  -3.506 0.6000000238
7738  -12.503  -60.188  3.148 0.6000000238
119956  -19.906  -54.778  -1.897 0.6000000238
11380  -19.692  -54.370  -2.658 0.6000000238
10572  -20.226  -54.984  -2.647 0.5000000000
10587  -20.406  -55.416  -3.865 0.5000000000
9770  -21.194  -56.817  -2.930 0.5000000000
9785  -21.200  -57.188  -4.063 0.5000000000
10497  -16.263  -55.339  2.869 0.6000000238
111945  -16.139  -57.143  3.395 0.6999999881
11303  -6.591  -54.302  3.378 0.6000000238
11304  -7.271  -54.649  3.341 0.6000000238
120248  -16.090  -58.995  4.132 0.8000000119
14747  -19.073  -48.497  -2.632 0.5000000000
11305  -7.830  -54.895  3.815 0.6000000238
7699  -15.557  -59.346  4.995 0.8000000119
14005  -19.922  -48.904  -2.952 0.5000000000
10471  -9.345  -55.666  3.512 0.6999999881
7697  -13.805  -59.676  5.431 0.8000000119
13388  -19.741  -50.192  -4.006 0.6000000238
126919  -20.080  -49.088  -3.786 0.6000000238
9680  -10.450  -56.604  3.531 0.8000000119
7696  -13.104  -59.517  4.857 0.6999999881
12749  -18.548  -52.237  -3.519 0.6000000238
13397  -20.117  -51.063  -4.168 0.6000000238
9681  -10.989  -56.994  4.030 0.6999999881
8956  -11.410  -57.611  3.657 0.6999999881
8291  -12.469  -59.213  4.296 0.6000000238
12074  -18.968  -53.026  -3.565 0.6000000238
12757  -20.314  -52.116  -4.279 0.6000000238
8310  -11.684  -58.330  3.250 0.6000000238
12084  -19.685  -53.129  -4.089 0.5000000000
11395  -19.985  -54.523  -3.691 0.5000000000
10473  -16.109  -55.843  3.417 0.6000000238
121905  -16.448  -55.325  3.549 0.5000000000
12627  -5.496  -52.538  3.683 0.6000000238
8941  -16.314  -57.070  4.363 0.6999999881
11987  -5.782  -53.313  3.413 0.6000000238
8293  -16.388  -57.642  5.219 0.6000000238
113821  -7.099  -54.506  3.883 0.6000000238
11978  -5.938  -53.661  4.995 0.6000000238
8292  -16.258  -58.347  4.719 0.6000000238
7688  -15.182  -59.277  6.063 0.6999999881
10454  -8.735  -55.243  4.102 0.8000000119
7698  -14.670  -59.751  5.444 0.6999999881
8264  -14.731  -59.032  6.915 0.6000000238
10455  -9.491  -55.597  4.360 0.8000000119
126892  -13.125  -59.211  5.466 0.8000000119
8262  -13.000  -58.344  6.617 0.6999999881
9661  -10.554  -56.399  4.300 0.6999999881
8939  -11.617  -57.352  4.523 0.6999999881
8940  -12.100  -57.955  5.140 0.6000000238
8919  -12.282  -57.780  5.993 0.8000000119
106065  -5.471  -50.791  3.587 0.6000000238
11977  -5.596  -53.205  4.337 0.6000000238
11285  -6.729  -54.040  5.207 0.6999999881
8257  -14.308  -58.421  7.590 0.6000000238
11293  -7.309  -54.465  4.562 0.6999999881
11287  -8.375  -54.610  5.727 0.6999999881
8263  -13.885  -58.891  6.886 0.6999999881
8255  -12.859  -57.827  7.187 0.6000000238
10432  -8.938  -55.148  5.005 0.8000000119
10433  -9.736  -55.546  5.242 0.6000000238
10434  -10.469  -56.068  5.038 0.5000000000
8907  -11.913  -57.184  6.390 0.6999999881
111189  -11.539  -56.626  7.027 0.6999999881
9615  -12.280  -57.207  7.365 0.6000000238
10456  -10.099  -55.935  4.527 0.8000000119
9639  -10.738  -56.220  5.787 0.6000000238
8918  -11.751  -57.179  5.427 0.6000000238
13955  -5.883  -50.006  3.206 0.6000000238
112873  -5.368  -50.799  4.475 0.6000000238
12604  -5.575  -52.160  5.717 0.6999999881
12616  -5.393  -52.344  4.704 0.6000000238
11954  -5.883  -53.072  5.838 0.6999999881
11966  -6.338  -53.550  5.755 0.6999999881
11286  -7.551  -54.317  5.474 0.6999999881
11272  -7.840  -53.990  6.449 0.6000000238
8899  -13.094  -57.605  7.795 0.6000000238
11288  -9.145  -54.901  5.981 0.6000000238
122262  -10.230  -55.746  5.720 0.6000000238
8890  -13.509  -57.352  8.476 0.5000000000
9601  -11.867  -56.400  8.021 0.6000000238
9602  -12.681  -56.900  8.283 0.5000000000
10386  -12.417  -55.949  8.713 0.5000000000
10400  -11.217  -55.884  7.776 0.6000000238
107453  -11.708  -55.426  8.488 0.5000000000
15393  -6.350  -48.949  4.060 0.6000000238
14662  -5.872  -49.364  4.453 0.6000000238
118098  -5.712  -51.117  5.732 0.6999999881
14643  -5.841  -49.749  4.945 0.6999999881
13245  -5.913  -51.659  6.152 0.6999999881
12590  -6.092  -52.437  6.297 0.6999999881
12591  -6.851  -52.525  6.649 0.6000000238
11967  -7.036  -53.720  6.093 0.5000000000
11957  -8.233  -53.610  7.133 0.6999999881
11942  -8.420  -53.079  7.476 0.6000000238
11273  -8.602  -54.263  6.748 0.6000000238
11274  -9.324  -54.504  7.089 0.6000000238
11255  -9.784  -53.792  7.889 0.6000000238
10399  -10.606  -55.393  7.599 0.6000000238
11256  -10.467  -54.423  8.120 0.5000000000
11235  -11.070  -53.997  8.370 0.5000000000
11932  -11.731  -53.686  8.343 0.5000000000
118676  -8.806  -46.716  4.968 0.6999999881
16148  -8.755  -47.250  5.751 0.6999999881
16138  -8.041  -47.367  6.698 0.6999999881
15394  -7.184  -48.668  3.900 0.6000000238
15382  -8.876  -47.673  4.755 0.6999999881
16139  -8.651  -47.836  6.439 0.6999999881
16128  -8.174  -47.973  7.183 0.6999999881
15355  -8.872  -48.392  7.174 0.6000000238
14663  -6.259  -49.283  4.494 0.6999999881
15395  -8.176  -48.433  4.022 0.6999999881
15383  -8.845  -48.590  4.571 0.6999999881
125504  -9.080  -48.265  6.248 0.6999999881
14644  -6.311  -49.738  5.075 0.6999999881
14664  -7.052  -49.055  4.451 0.6999999881
13246  -6.393  -51.800  6.359 0.6999999881
13247  -7.239  -51.881  6.607 0.6000000238
11956  -7.498  -53.161  6.993 0.6000000238
12578  -8.736  -52.591  7.333 0.6000000238
121914  -9.617  -52.261  6.517 0.6000000238
11254  -8.922  -53.653  7.482 0.6000000238
11943  -9.259  -53.076  7.644 0.6000000238
12579  -9.661  -52.585  7.351 0.6000000238
108394  -10.128  -53.130  7.796 0.5000000000
126212  -10.502  -52.722  7.511 0.6000000238
12596  -11.644  -52.524  6.222 0.6000000238
11944  -10.506  -53.648  8.117 0.5000000000
117578  -11.128  -53.149  7.909 0.5000000000
12580  -11.152  -52.616  7.249 0.5000000000
16885  -7.991  -46.468  5.974 0.6999999881
15354  -8.190  -48.307  7.946 0.6000000238
119688  -8.386  -48.512  8.825 0.6000000238
15343  -9.030  -48.641  8.226 0.6000000238
106349  -10.612  -48.855  7.962 0.4000000060
15384  -9.332  -48.644  5.518 0.6000000238
15356  -9.719  -48.836  7.634 0.5000000000
14614  -11.388  -49.063  7.286 0.4000000060
15357  -11.942  -48.501  7.563 0.5000000000
13908  -5.930  -50.386  5.490 0.6999999881
107641  -7.072  -49.628  4.666 0.8000000119
14645  -10.247  -49.220  5.917 0.5000000000
126330  -11.002  -49.407  6.562 0.4000000060
15371  -12.107  -48.949  6.848 0.4000000060
14628  -12.231  -49.201  6.024 0.4000000060
13925  -6.907  -50.355  5.175 0.8000000119
13926  -7.851  -50.338  4.473 0.8000000119
14665  -8.094  -49.351  4.303 0.8000000119
109553  -8.877  -49.426  4.164 0.8000000119
15396  -9.457  -49.227  4.701 0.6000000238
109978  -10.412  -49.590  4.746 0.5000000000
14646  -11.196  -49.568  5.744 0.4000000060
14627  -11.758  -49.344  6.390 0.4000000060
13258  -6.825  -51.196  5.835 0.6999999881
13259  -7.835  -51.495  6.010 0.6999999881
13260  -8.485  -51.652  4.738 0.5000000000
14667  -11.278  -49.859  4.613 0.5000000000
14647  -11.959  -49.641  5.457 0.4000000060
14648  -12.281  -49.391  4.948 0.4000000060
12605  -8.498  -51.803  6.200 0.5000000000
12606  -9.096  -52.050  5.654 0.5000000000
12607  -9.907  -52.393  5.285 0.6000000238
12595  -10.496  -52.438  6.651 0.6000000238
107726  -10.841  -52.581  5.341 0.6000000238
16137  -7.174  -46.953  7.069 0.6000000238
16126  -6.792  -47.229  7.995 0.5000000000
15342  -7.569  -48.206  8.556 0.5000000000
15331  -7.811  -48.275  9.420 0.4000000060
110318  -9.256  -48.614  9.078 0.5000000000
15344  -9.912  -48.714  8.551 0.5000000000
15345  -10.683  -48.472  8.751 0.5000000000
16117  -11.267  -47.913  8.828 0.5000000000
16129  -11.844  -47.822  8.173 0.5000000000
16874  -11.949  -46.824  7.779 0.5000000000
15358  -12.341  -48.329  7.032 0.5000000000
16887  -12.223  -46.495  6.423 0.5000000000
108095  -8.593  -50.201  3.982 0.6999999881
14666  -9.341  -49.964  3.769 0.6000000238
13927  -8.845  -50.964  3.360 0.5000000000
16150  -12.536  -48.049  5.580 0.5000000000
16896  -12.381  -46.873  5.378 0.5000000000
13274  -7.782  -51.020  4.986 0.8000000119
109038  -8.407  -51.060  4.076 0.6999999881
13928  -9.499  -50.771  2.883 0.5000000000
13929  -10.778  -50.378  3.098 0.4000000060
14668  -11.835  -49.941  4.128 0.5000000000
113980  -12.457  -48.877  5.671 0.4000000060
12617  -9.233  -52.208  3.800 0.5000000000
13292  -9.184  -51.692  2.825 0.5000000000
126558  -10.731  -50.859  2.022 0.5000000000
13930  -11.422  -50.428  2.220 0.5000000000
13293  -9.718  -52.552  2.398 0.5000000000
13944  -9.970  -51.459  1.977 0.5000000000
12618  -10.402  -52.810  3.685 0.6000000238
12628  -10.621  -52.990  2.397 0.6000000238
16113  -6.136  -47.105  9.079 0.5000000000
16105  -6.387  -47.468  9.653 0.5000000000
15330  -7.010  -47.940  9.136 0.5000000000
16106  -7.221  -47.857  10.157 0.4000000060
15332  -8.674  -48.382  9.587 0.4000000060
16104  -5.954  -46.987  9.602 0.5000000000
16095  -6.428  -47.505  10.705 0.4000000060
15333  -9.446  -48.250  9.728 0.5000000000
16116  -10.632  -47.954  9.395 0.6000000238
16862  -10.944  -47.047  9.299 0.5000000000
16863  -11.505  -46.946  8.593 0.5000000000
17636  -11.433  -46.152  8.144 0.4000000060
17649  -11.557  -45.882  7.447 0.4000000060
17663  -11.117  -45.105  7.083 0.4000000060
16081  -6.504  -47.351  11.632 0.4000000060
115326  -7.084  -47.569  11.069 0.4000000060
16096  -7.829  -47.645  10.923 0.4000000060
16098  -9.576  -47.608  10.269 0.5000000000
122056  -10.040  -47.962  9.764 0.5000000000
16853  -10.269  -47.234  9.935 0.5000000000
16843  -8.705  -46.825  11.329 0.4000000060
108447  -8.992  -46.173  11.146 0.4000000060
16852  -9.897  -46.442  10.268 0.5000000000
17626  -10.331  -46.199  9.586 0.4000000060
17635  -10.841  -45.928  8.756 0.4000000060
17648  -10.983  -45.385  7.894 0.4000000060
18418  -10.241  -44.695  7.360 0.4000000060
16075  -5.885  -47.069  12.253 0.4000000060
16076  -6.531  -47.009  12.314 0.4000000060
16083  -8.158  -47.260  11.344 0.4000000060
18374  -6.339  -44.872  12.919 0.4000000060
17597  -6.958  -45.636  12.523 0.4000000060
17602  -8.402  -46.065  11.549 0.4000000060
17613  -8.447  -45.364  10.905 0.4000000060
17614  -9.268  -45.880  10.597 0.5000000000
17625  -9.523  -45.591  9.843 0.5000000000
17634  -9.817  -45.308  9.042 0.4000000060
18404  -10.022  -44.993  8.195 0.4000000060
123954  -8.028  -44.509  10.372 0.4000000060
18395  -7.993  -43.966  9.709 0.4000000060
18402  -8.126  -43.798  8.847 0.4000000060
18403  -8.956  -44.473  8.499 0.4000000060
18417  -8.991  -44.084  7.617 0.4000000060
18357  -5.654  -44.990  13.283 0.4000000060
106239  -5.878  -44.175  13.234 0.3000000119
18375  -7.007  -44.608  12.257 0.3000000119
18386  -7.807  -44.494  10.934 0.4000000060
19830  -7.326  -42.209  13.568 0.4000000060
19111  -6.690  -43.776  12.724 0.3000000119
109284  -7.327  -43.759  11.886 0.3000000119
19121  -7.648  -43.757  11.163 0.4000000060
19853  -9.183  -42.770  11.907 0.5000000000
19133  -8.081  -43.246  10.099 0.4000000060
19141  -7.966  -43.141  9.217 0.4000000060
19929  -7.954  -42.496  8.173 0.4000000060
19187  -8.345  -42.496  6.999 0.3000000119
122619  -9.957  -42.405  12.311 0.5000000000
19865  -10.073  -42.584  11.391 0.5000000000
112178  -8.437  -42.768  9.668 0.4000000060
19911  -8.944  -42.445  9.187 0.4000000060
19930  -8.517  -42.224  8.369 0.3000000119
19092  -6.243  -43.234  13.276 0.4000000060
20610  -8.061  -41.771  13.869 0.4000000060
19831  -8.100  -42.468  13.119 0.4000000060
19113  -8.405  -42.858  12.260 0.5000000000
121789  -8.756  -41.121  14.111 0.4000000060
19832  -9.191  -42.338  12.833 0.5000000000
20637  -10.097  -41.876  12.853 0.5000000000
19854  -10.712  -42.001  12.124 0.4000000060
19885  -10.668  -42.448  10.564 0.4000000060
19931  -9.759  -42.269  8.678 0.3000000119
21409  -10.098  -40.490  12.885 0.3000000119
20638  -10.590  -41.284  12.649 0.3000000119
20656  -11.279  -41.610  11.537 0.3000000119
19808  -6.593  -41.886  13.900 0.4000000060
21385  -8.792  -40.278  14.068 0.3000000119
22127  -8.880  -39.811  13.400 0.4000000060
20696  -11.897  -41.792  9.999 0.3000000119
21366  -8.146  -40.327  14.578 0.3000000119
22880  -6.850  -38.827  13.561 0.3000000119
10582  -11.608  -55.780  -3.192 0.6000000238
121814  -11.636  -55.409  -2.665 0.5000000000
9626  -10.923  -56.170  6.768 0.6000000238
4125  -16.546  -66.452  -6.188 0.5000000000
4637  -16.952  -65.490  -4.559 0.6000000238
6224  -15.311  -62.116  -6.253 0.5000000000
4638  -17.896  -65.297  -4.399 0.6999999881
5679  -17.468  -62.922  -3.468 0.6999999881
5195  -18.348  -64.235  -3.417 0.6999999881
9073  -15.433  -57.662  -4.596 0.5000000000
4627  -21.310  -65.822  -3.311 0.6999999881
7270  -17.184  -60.441  -3.294 0.6999999881
6188  -17.413  -62.111  -3.226 0.6999999881
4616  -21.553  -65.525  -2.499 0.6999999881
121201  -17.555  -62.016  -1.529 0.6999999881
122950  -12.785  -55.109  -3.543 0.6000000238
4595  -22.187  -64.904  -1.047 0.6999999881
7797  -17.394  -59.773  -1.698 0.6000000238
6719  -17.512  -61.688  -0.107 0.6000000238
5651  -18.674  -63.832  1.113 0.5000000000
8400  -12.424  -58.003  -2.349 0.6999999881
115673  -17.399  -60.022  -0.731 0.6000000238
5661  -24.474  -63.432  -0.134 0.6000000238
5671  -25.389  -62.702  -1.608 0.6000000238
7236  -17.749  -60.453  0.847 0.5000000000
7219  -19.756  -61.209  1.537 0.5000000000
5639  -24.093  -62.889  1.240 0.5000000000
9043  -12.099  -57.113  -2.297 0.6000000238
8384  -13.419  -58.388  -1.794 0.6999999881
108372  -15.069  -52.867  -3.053 0.6000000238
8386  -17.364  -58.134  -1.278 0.5000000000
7775  -17.543  -59.629  0.145 0.5000000000
7760  -18.841  -59.608  1.267 0.6000000238
7776  -18.102  -59.550  0.975 0.5000000000
6730  -26.048  -60.845  -1.150 0.6000000238
6667  -23.964  -60.047  2.292 0.5000000000
8988  -15.027  -57.587  0.987 0.6000000238
15468  -18.279  -47.318  -2.773 0.5000000000
8987  -10.287  -57.671  1.813 0.6000000238
106347  -11.496  -60.092  1.755 0.6000000238
10555  -19.516  -55.079  -1.206 0.6000000238
8975  -10.559  -57.419  2.505 0.6000000238
7707  -14.857  -60.031  4.670 0.8000000119
8976  -11.104  -57.860  2.881 0.6000000238
12750  -19.456  -52.236  -3.873 0.6000000238
8311  -12.073  -58.948  3.685 0.6000000238
8275  -13.490  -59.118  6.116 0.8000000119
14034  -20.828  -49.884  -4.196 0.6000000238
123372  -12.521  -58.815  4.977 0.6000000238
8290  -12.001  -58.260  4.197 0.6999999881
9640  -11.120  -56.684  4.960 0.6000000238
106072  -9.771  -55.271  6.300 0.6000000238
9627  -11.356  -56.684  5.980 0.6999999881
11275  -9.998  -54.889  7.376 0.6000000238
11236  -11.707  -54.454  8.569 0.5000000000
12593  -8.139  -52.040  6.960 0.5000000000
16159  -8.584  -47.453  3.946 0.6000000238
16149  -8.937  -48.025  5.514 0.6999999881
16127  -7.464  -47.764  7.676 0.6000000238
14626  -10.417  -49.158  7.056 0.5000000000
15370  -9.595  -48.769  6.611 0.5000000000
16115  -7.001  -47.789  8.409 0.5000000000
16140  -12.463  -47.539  6.520 0.5000000000
120588  -8.835  -51.569  3.632 0.6000000238
13294  -10.622  -52.331  1.738 0.5000000000
16094  -5.888  -47.137  10.368 0.5000000000
16099  -9.877  -47.055  10.397 0.6000000238
16810  -5.430  -46.010  13.097 0.4000000060
16827  -6.557  -46.395  12.697 0.4000000060
16831  -7.262  -46.575  12.275 0.4000000060
17601  -7.796  -45.934  12.098 0.4000000060
17624  -8.552  -44.979  10.067 0.5000000000
18396  -8.728  -44.708  9.286 0.4000000060
18387  -7.807  -43.802  10.478 0.4000000060
18416  -8.256  -43.696  8.175 0.4000000060
19171  -8.600  -43.313  7.041 0.4000000060
19112  -7.513  -43.076  12.381 0.3000000119
112336  -7.899  -43.304  11.659 0.5000000000
120662  -8.431  -43.032  11.501 0.4000000060
19864  -8.741  -42.872  10.820 0.5000000000
19122  -8.074  -43.291  10.920 0.4000000060
118608  -8.256  -42.223  7.685 0.4000000060
19866  -10.936  -42.205  11.322 0.5000000000
19884  -9.513  -42.651  10.226 0.4000000060
19912  -10.256  -42.481  9.601 0.4000000060
20611  -8.751  -41.877  13.509 0.5000000000
21386  -9.469  -40.652  13.586 0.5000000000
20613  -10.048  -41.247  13.210 0.4000000060
19867  -11.456  -41.923  10.743 0.4000000060
125180  -9.499  -40.140  13.133 0.4000000060
22126  -8.108  -39.591  14.213 0.3000000119
22142  -7.938  -39.315  13.454 0.3000000119
22143  -8.426  -39.416  12.603 0.3000000119
6209  -30.562  -62.190  -4.600 0.5000000000
6202  -31.065  -62.283  -3.738 0.5000000000
5199  -32.354  -63.226  -3.232 0.5000000000
5685  -31.416  -62.615  -3.156 0.5000000000
5191  -31.811  -63.893  -2.547 0.5000000000
5190  -30.957  -63.663  -2.251 0.5000000000
120099  -31.038  -64.647  -1.887 0.6000000238
6208  -29.539  -61.855  -4.497 0.5000000000
115288  -30.200  -61.730  -3.649 0.5000000000
6194  -30.494  -61.919  -2.893 0.5000000000
5683  -30.181  -62.267  -2.151 0.5000000000
122699  -30.739  -65.382  -1.328 0.6000000238
121635  -29.773  -62.952  -1.686 0.6000000238
125426  -30.361  -64.160  -1.798 0.6000000238
6217  -29.815  -62.380  -5.448 0.4000000060
118704  -25.398  -63.947  -7.432 0.4000000060
5724  -25.951  -63.379  -7.126 0.4000000060
5725  -26.674  -63.228  -7.663 0.5000000000
5717  -27.383  -62.934  -7.132 0.5000000000
5718  -28.472  -62.988  -7.128 0.5000000000
6225  -27.982  -62.550  -6.216 0.5000000000
6214  -26.822  -62.318  -5.395 0.5000000000
6226  -29.061  -62.667  -6.273 0.5000000000
6216  -28.613  -62.113  -5.276 0.5000000000
4060  -29.814  -66.153  -0.207 0.6000000238
4045  -29.352  -66.467  0.554 0.6000000238
6207  -28.639  -61.575  -4.326 0.5000000000
118287  -29.398  -61.450  -3.765 0.5000000000
6200  -28.732  -61.165  -3.494 0.5000000000
4596  -28.752  -65.166  -0.424 0.6000000238
6201  -29.656  -61.302  -3.054 0.5000000000
6183  -29.473  -62.111  -1.683 0.6000000238
115364  -29.643  -63.989  -1.463 0.6000000238
4586  -28.496  -65.857  0.386 0.6000000238
5663  -27.990  -63.503  -0.160 0.6000000238
5153  -28.099  -65.101  0.047 0.6000000238
5140  -27.185  -64.901  1.024 0.6999999881
5152  -27.656  -64.387  0.306 0.6000000238
5139  -26.776  -64.279  1.461 0.6999999881
124275  -23.930  -65.834  -6.921 0.6000000238
4653  -23.983  -65.493  -6.033 0.6000000238
5212  -24.103  -64.968  -5.099 0.6000000238
5221  -24.944  -64.323  -6.715 0.5000000000
5214  -25.071  -63.706  -5.852 0.5000000000
5703  -25.085  -63.514  -5.068 0.6000000238
5705  -26.260  -62.660  -5.798 0.5000000000
5704  -25.598  -63.028  -5.417 0.5000000000
5697  -26.214  -62.431  -4.900 0.5000000000
6206  -27.160  -62.003  -4.774 0.5000000000
6199  -27.738  -61.449  -4.030 0.5000000000
4019  -29.130  -66.945  1.882 0.6999999881
4029  -28.655  -66.522  1.249 0.6000000238
4017  -27.651  -66.369  2.154 0.8000000119
6741  -28.872  -60.943  -2.672 0.5000000000
6182  -28.908  -61.082  -1.769 0.5000000000
119002  -28.856  -62.097  -1.084 0.6000000238
4581  -28.031  -66.030  1.034 0.6999999881
4569  -27.025  -65.889  2.260 0.6999999881
5664  -28.523  -63.280  -0.687 0.6000000238
5130  -26.412  -64.654  2.080 0.6999999881
6172  -28.249  -62.159  -0.312 0.6000000238
5653  -27.597  -63.167  0.360 0.6000000238
5640  -27.007  -62.987  1.126 0.6999999881
115525  -26.358  -63.636  2.083 0.6999999881
5121  -25.444  -64.548  3.325 0.6000000238
3562  -23.079  -66.558  -7.296 0.5000000000
4105  -23.444  -66.037  -5.164 0.6000000238
5206  -24.264  -64.458  -4.461 0.6000000238
5696  -25.452  -63.060  -4.597 0.6000000238
6197  -25.926  -62.521  -4.025 0.6000000238
6198  -26.752  -61.948  -4.124 0.5000000000
6191  -26.469  -61.734  -2.906 0.6000000238
3458  -28.462  -67.263  2.956 0.6999999881
6192  -27.096  -61.369  -3.444 0.5000000000
6739  -27.256  -60.873  -2.698 0.5000000000
4013  -27.330  -66.626  3.405 0.5000000000
3427  -27.234  -67.054  4.192 0.6000000238
6745  -27.952  -60.864  -3.153 0.6000000238
6173  -28.484  -60.941  -0.987 0.5000000000
114430  -26.799  -66.053  3.038 0.6000000238
122777  -28.085  -60.636  -0.297 0.5000000000
4579  -26.816  -65.189  1.775 0.6999999881
4568  -26.400  -65.338  2.602 0.6000000238
6160  -27.704  -61.730  0.399 0.5000000000
4567  -25.853  -65.113  3.152 0.6000000238
5120  -24.758  -64.517  3.965 0.6000000238
6159  -27.155  -61.360  1.060 0.5000000000
108164  -26.654  -62.264  1.832 0.6000000238
5627  -25.690  -63.723  2.869 0.5000000000
6109  -25.034  -61.859  3.570 0.5000000000
5607  -23.453  -63.302  5.488 0.5000000000
4132  -22.907  -67.060  -6.687 0.6000000238
106289  -23.446  -66.472  -6.536 0.6000000238
4130  -21.286  -66.548  -7.120 0.4000000060
6181  -25.961  -61.696  -1.660 0.5000000000
4008  -26.543  -66.658  4.691 0.6000000238
6732  -27.345  -60.410  -1.845 0.5000000000
111406  -26.704  -66.317  3.881 0.5000000000
114949  -26.173  -65.665  3.459 0.5000000000
4555  -25.316  -65.714  5.076 0.5000000000
4007  -25.972  -66.364  5.208 0.5000000000
6708  -27.123  -59.707  0.970 0.5000000000
4558  -25.426  -65.257  3.842 0.5000000000
5113  -24.262  -64.577  4.742 0.5000000000
6138  -26.819  -60.883  1.722 0.6000000238
6668  -26.448  -60.352  2.317 0.6000000238
124066  -24.624  -63.862  3.872 0.5000000000
5112  -23.701  -63.949  4.991 0.6000000238
6650  -25.521  -60.459  3.383 0.6000000238
6640  -24.680  -60.828  4.094 0.5000000000
4129  -20.274  -66.168  -7.279 0.4000000060
6721  -26.868  -59.900  -1.079 0.5000000000
4538  -25.058  -65.834  6.469 0.5000000000
6722  -27.512  -59.675  -0.406 0.5000000000
7240  -26.616  -58.974  0.502 0.5000000000
5109  -23.918  -64.781  6.082 0.5000000000
4520  -24.477  -65.176  7.743 0.5000000000
4510  -24.731  -64.813  8.660 0.5000000000
5049  -26.078  -63.553  10.171 0.5000000000
6586  -27.469  -61.575  10.315 0.5000000000
7762  -26.109  -58.780  1.827 0.6000000238
7183  -25.774  -59.305  2.997 0.6000000238
5108  -23.572  -64.103  5.818 0.5000000000
6609  -23.617  -62.053  7.109 0.5000000000
7168  -24.585  -59.524  4.201 0.5000000000
7157  -23.822  -60.001  5.685 0.5000000000
7200  -24.608  -58.991  2.350 0.5000000000
5072  -23.833  -64.361  7.687 0.5000000000
5073  -24.112  -64.128  8.471 0.5000000000
5562  -25.753  -62.720  10.122 0.5000000000
6046  -26.244  -62.105  10.241 0.5000000000
7239  -25.476  -59.084  1.065 0.5000000000
7741  -25.182  -58.800  2.661 0.6000000238
5593  -23.485  -63.556  7.269 0.5000000000
5580  -24.154  -63.321  8.741 0.5000000000
6592  -26.230  -61.577  9.671 0.5000000000
6593  -27.110  -61.193  9.852 0.5000000000
7665  -28.876  -59.873  9.345 0.5000000000
7182  -25.259  -59.435  3.486 0.5000000000
6079  -23.590  -62.807  7.704 0.5000000000
6599  -24.603  -61.795  8.190 0.5000000000
6649  -23.643  -59.594  2.801 0.5000000000
6601  -26.425  -61.286  8.494 0.5000000000
7115  -26.763  -61.134  9.250 0.5000000000
7116  -27.595  -60.693  9.464 0.5000000000
7684  -29.306  -59.248  7.589 0.4000000060
7129  -27.194  -60.847  8.772 0.4000000060
7826  -11.802  -59.908  -5.185 0.4000000060
11316  -6.167  -53.815  2.997 0.5000000000
112476  -7.057  -54.552  2.787 0.5000000000
13309  -5.649  -51.790  2.947 0.5000000000
12642  -5.825  -52.749  2.843 0.5000000000
10469  -7.708  -54.975  2.807 0.5000000000
6707  -25.953  -59.246  0.308 0.5000000000
7256  -26.699  -59.311  -0.234 0.5000000000
4607  -30.048  -64.969  -1.348 0.6000000238
6193  -29.627  -61.508  -2.358 0.6000000238
5169  -28.255  -64.326  -0.339 0.6000000238
5213  -24.466  -64.574  -5.908 0.6000000238
6740  -28.078  -60.613  -2.319 0.5000000000
6119  -26.010  -62.657  2.504 0.6000000238
4014  -27.847  -67.170  3.511 0.6999999881
122993  -27.826  -60.093  -1.080 0.5000000000
6709  -27.647  -60.243  0.341 0.5000000000
120822  -26.366  -61.617  2.275 0.6000000238
6110  -25.821  -61.494  2.881 0.6000000238
5619  -25.368  -62.825  3.193 0.5000000000
107035  -23.400  -62.811  6.840 0.5000000000
4554  -24.868  -65.171  4.532 0.5000000000
4537  -24.463  -65.347  6.272 0.5000000000
6690  -26.787  -59.711  1.662 0.5000000000
7223  -26.046  -58.861  1.102 0.5000000000
7727  -25.458  -58.871  2.998 0.5000000000
7742  -25.740  -58.816  2.472 0.5000000000
6057  -25.119  -62.513  9.540 0.5000000000
6065  -23.879  -62.827  8.337 0.5000000000
6067  -25.287  -61.815  9.101 0.5000000000
113569  -29.037  -59.424  8.203 0.5000000000
6600  -25.941  -61.446  8.889 0.4000000060
113376  -28.539  -59.897  8.452 0.4000000060
3383  -27.394  -68.066  8.243 0.5000000000
3382  -26.746  -67.534  8.218 0.6000000238
126797  -26.272  -67.050  8.065 0.6000000238
115500  -26.378  -67.950  6.756 0.6000000238
108162  -26.805  -69.097  5.384 0.4000000060
4512  -26.094  -65.991  8.856 0.4000000060
3973  -25.541  -66.305  7.585 0.4000000060
3957  -25.918  -66.475  8.192 0.5000000000
3982  -26.049  -67.158  6.706 0.6000000238
3993  -25.981  -66.742  5.944 0.5000000000
3992  -25.491  -66.158  5.854 0.4000000060
2886  -26.541  -68.381  5.863 0.5000000000
126262  -26.361  -66.906  5.362 0.5000000000
3428  -27.236  -67.695  4.492 0.6000000238
3447  -28.875  -67.840  2.948 0.6000000238
3468  -29.741  -67.270  1.843 0.6000000238
3484  -30.929  -67.153  1.115 0.6000000238
4031  -30.024  -66.983  1.169 0.6000000238
4047  -31.248  -66.803  0.339 0.6000000238
4061  -30.659  -66.318  -0.312 0.5000000000
4077  -31.090  -65.919  -0.941 0.5000000000
4608  -31.563  -65.406  -1.570 0.4000000060
4621  -32.114  -64.825  -2.267 0.5000000000
8249  -29.651  -58.897  8.247 0.3000000119
5691  -32.064  -62.685  -3.873 0.4000000060
14020  -20.974  -49.632  -4.044 0.4000000060
14021  -21.494  -50.139  -4.037 0.4000000060
13398  -21.041  -50.909  -4.427 0.5000000000
12609  -12.459  -52.395  5.311 0.5000000000
105987  -12.275  -52.597  4.283 0.4000000060
12629  -11.427  -52.750  2.089 0.4000000060
126492  -13.988  -51.053  6.418 0.4000000060
13311  -11.648  -52.016  1.708 0.4000000060
13275  -12.573  -51.838  2.249 0.4000000060
13276  -12.883  -51.962  3.420 0.4000000060
13957  -12.266  -51.122  1.754 0.4000000060
13910  -13.797  -50.781  4.860 0.4000000060
14686  -12.197  -49.821  1.740 0.4000000060
14699  -12.507  -50.293  1.733 0.4000000060
14670  -14.166  -49.309  3.624 0.4000000060
14669  -12.094  -49.730  3.316 0.4000000060
15397  -12.421  -49.004  3.891 0.4000000060
15404  -12.150  -49.069  2.085 0.4000000060
17664  -11.700  -45.647  6.564 0.3000000119
17665  -12.049  -45.872  5.655 0.4000000060
18432  -9.460  -43.928  6.796 0.3000000119
18433  -10.466  -44.484  6.556 0.3000000119
17675  -11.728  -45.368  4.769 0.3000000119
18434  -11.491  -45.135  5.714 0.3000000119
13261  -13.515  -51.467  5.227 0.4000000060
12621  -12.891  -51.997  4.573 0.4000000060
112131  -13.422  -51.418  4.168 0.4000000060
13295  -13.283  -51.298  2.981 0.4000000060
107094  -14.265  -50.269  5.472 0.4000000060
13931  -13.696  -50.669  3.784 0.4000000060
13946  -13.476  -50.563  2.587 0.4000000060
13958  -12.956  -50.415  1.801 0.4000000060
5584  -37.161  -63.856  8.186 0.3000000119
6072  -37.011  -62.964  8.278 0.3000000119
4501  -36.439  -64.997  8.377 0.4000000060
5093  -36.572  -64.340  7.805 0.3000000119
5595  -35.788  -63.964  7.472 0.4000000060
4516  -34.389  -65.788  7.807 0.3000000119
4525  -35.144  -65.248  7.332 0.3000000119
5090  -34.521  -65.166  7.200 0.4000000060
110552  -33.117  -66.837  7.573 0.3000000119
4524  -34.238  -65.575  7.147 0.3000000119
5089  -33.965  -65.564  6.987 0.3000000119
3963  -33.260  -67.008  6.812 0.3000000119
3976  -33.187  -66.774  6.732 0.3000000119
4522  -32.886  -66.722  6.676 0.3000000119
3397  -32.745  -67.962  6.893 0.3000000119
3975  -32.572  -67.443  6.721 0.3000000119
110189  -31.751  -66.696  7.279 0.3000000119
2871  -32.354  -68.588  6.950 0.3000000119
3396  -32.151  -68.121  6.839 0.3000000119
3386  -31.443  -67.415  7.349 0.3000000119
1931  -30.471  -70.581  7.809 0.3000000119
110693  -31.922  -69.149  7.023 0.3000000119
111302  -31.259  -69.325  7.234 0.3000000119
111553  -30.638  -68.905  7.417 0.3000000119
2861  -29.734  -68.305  8.058 0.3000000119
1932  -30.951  -70.015  7.513 0.4000000060
5594  -35.055  -63.551  7.592 0.3000000119
3947  -34.906  -65.709  9.002 0.4000000060
5582  -34.397  -64.153  7.514 0.4000000060
120960  -34.203  -65.905  9.334 0.3000000119
5076  -33.255  -65.183  7.326 0.4000000060
3387  -32.456  -68.339  7.558 0.3000000119
4515  -32.549  -65.664  7.340 0.4000000060
3962  -30.606  -66.663  8.148 0.4000000060
2853  -31.902  -69.081  8.144 0.3000000119
3385  -30.067  -67.406  8.251 0.4000000060
1914  -30.330  -70.439  8.503 0.3000000119
2366  -30.926  -69.753  8.559 0.4000000060
3384  -28.856  -67.669  8.615 0.4000000060
2868  -28.822  -69.519  7.623 0.3000000119
1913  -29.453  -70.678  9.233 0.3000000119
108265  -36.234  -62.132  8.318 0.3000000119
6604  -35.625  -61.375  8.431 0.3000000119
7670  -36.717  -60.169  9.920 0.3000000119
6081  -34.900  -62.552  8.023 0.3000000119
6070  -34.165  -62.147  8.361 0.3000000119
3920  -34.541  -66.080  11.504 0.4000000060
5583  -34.084  -63.079  8.118 0.3000000119
6069  -33.386  -62.285  8.591 0.3000000119
3946  -32.613  -66.365  9.360 0.3000000119
108092  -33.464  -66.116  9.720 0.4000000060
114121  -33.001  -64.079  8.143 0.4000000060
5581  -32.298  -63.369  8.854 0.3000000119
5074  -31.195  -65.104  8.536 0.4000000060
5067  -30.939  -64.149  9.266 0.4000000060
3378  -32.350  -67.001  8.398 0.3000000119
3371  -30.968  -66.969  10.326 0.3000000119
4513  -30.882  -65.950  8.285 0.4000000060
4499  -30.142  -65.275  9.170 0.4000000060
2852  -30.890  -68.821  9.245 0.3000000119
2842  -30.004  -67.932  11.392 0.3000000119
3943  -28.839  -66.287  9.281 0.4000000060
4497  -28.189  -65.507  9.649 0.5000000000
3377  -30.490  -67.681  10.262 0.3000000119
117541  -27.921  -67.701  8.654 0.4000000060
3959  -27.262  -67.122  8.805 0.4000000060
3941  -26.837  -66.235  9.195 0.5000000000
1506  -28.848  -71.210  9.033 0.3000000119
7134  -35.097  -60.647  8.481 0.3000000119
7669  -35.704  -59.756  9.390 0.3000000119
3919  -33.373  -66.587  12.512 0.4000000060
5575  -31.449  -63.485  9.287 0.4000000060
5574  -29.992  -63.857  9.798 0.4000000060
109608  -32.623  -66.893  12.029 0.4000000060
5065  -29.514  -64.624  9.692 0.4000000060
5064  -28.582  -64.720  9.920 0.5000000000
112161  -26.844  -64.887  9.903 0.4000000060
3361  -31.050  -67.150  12.008 0.3000000119
4496  -27.251  -65.552  9.635 0.4000000060
2834  -30.101  -68.496  12.671 0.3000000119
4511  -25.591  -65.216  9.140 0.4000000060
2356  -29.499  -69.438  10.700 0.3000000119
1899  -29.087  -70.398  10.026 0.3000000119
1493  -28.150  -71.089  10.266 0.3000000119
6603  -33.723  -61.402  8.518 0.3000000119
6068  -32.541  -62.435  8.984 0.3000000119
6060  -30.948  -62.811  9.691 0.3000000119
3918  -32.105  -67.272  12.686 0.4000000060
5566  -29.381  -63.178  10.285 0.5000000000
5564  -27.454  -63.128  10.502 0.4000000060
3354  -31.397  -67.607  13.232 0.4000000060
4494  -26.038  -64.488  9.779 0.4000000060
2328  -29.159  -69.321  12.840 0.3000000119
2825  -30.082  -68.539  13.236 0.3000000119
2347  -29.172  -69.659  12.030 0.3000000119
1890  -28.581  -70.257  11.666 0.3000000119
1505  -27.227  -71.522  9.461 0.3000000119
1492  -27.405  -71.381  10.334 0.3000000119
6595  -31.892  -61.652  9.357 0.3000000119
6059  -30.415  -62.272  9.989 0.4000000060
6049  -28.831  -62.393  10.454 0.4000000060
105798  -28.014  -69.927  12.682 0.3000000119
118892  -26.883  -69.567  12.475 0.3000000119
1889  -28.064  -70.445  12.090 0.3000000119
108566  -27.084  -70.642  12.484 0.3000000119
1477  -27.481  -71.183  11.253 0.3000000119
2336  -26.252  -70.268  12.638 0.3000000119
1873  -25.331  -70.956  12.961 0.3000000119
1874  -26.398  -70.800  12.690 0.3000000119
1475  -25.071  -71.634  12.518 0.3000000119
115316  -26.262  -71.423  12.209 0.3000000119
7667  -30.529  -59.746  9.409 0.3000000119
7106  -29.834  -60.945  10.178 0.4000000060
1449  -24.328  -71.396  13.171 0.3000000119
1082  -23.634  -72.369  13.029 0.3000000119
105788  -33.070  -57.987  8.447 0.3000000119
7674  -31.214  -59.133  8.892 0.3000000119
7673  -30.057  -59.158  8.907 0.3000000119
8895  -32.403  -57.288  8.179 0.3000000119
109564  -31.427  -58.441  8.430 0.3000000119
8250  -30.512  -58.526  8.364 0.3000000119
12608  -11.586  -52.724  4.673 0.5000000000
16904  -12.186  -46.671  4.077 0.5000000000
108303  -12.405  -47.819  4.308 0.4000000060
12620  -12.428  -52.500  3.662 0.4000000060
3446  -28.223  -67.750  3.453 0.6000000238
3413  -26.738  -67.477  5.053 0.5000000000
4521  -25.100  -65.861  7.283 0.4000000060
5563  -26.531  -62.946  10.431 0.4000000060
6587  -28.334  -61.551  10.407 0.4000000060
7118  -29.258  -60.250  9.851 0.4000000060
12597  -12.595  -52.294  6.437 0.5000000000
12610  -13.152  -51.944  5.884 0.4000000060
13249  -13.923  -50.968  5.735 0.4000000060
4517  -35.089  -65.500  7.738 0.3000000119
2863  -32.257  -68.902  7.217 0.3000000119
2375  -31.552  -69.503  7.557 0.3000000119
3932  -34.770  -65.951  10.363 0.4000000060
110517  -29.117  -67.023  8.904 0.4000000060
3930  -33.308  -66.492  11.143 0.4000000060
118473  -32.021  -66.471  10.583 0.3000000119
3945  -31.636  -66.652  9.888 0.3000000119
5066  -30.329  -64.591  9.360 0.4000000060
2833  -29.638  -68.945  11.773 0.3000000119
5051  -28.010  -64.002  10.296 0.4000000060
114971  -28.592  -70.543  10.672 0.3000000119
6589  -29.940  -61.761  10.222 0.4000000060
116815  -29.436  -68.216  13.520 0.3000000119
118278  -26.622  -71.482  10.408 0.3000000119
7119  -30.936  -60.812  9.646 0.3000000119
4062  -31.640  -66.453  -0.393 0.5000000000
3502  -32.308  -67.032  0.280 0.5000000000
3485  -31.917  -67.440  0.977 0.5000000000
107396  -29.527  -67.964  2.586 0.5000000000
2417  -27.798  -68.470  3.850 0.4000000060
7199  -24.364  -58.855  3.019 0.4000000060
2875  -26.634  -68.742  6.778 0.5000000000
2379  -27.166  -69.343  7.083 0.3000000119
1943  -29.274  -70.792  6.689 0.3000000119
2867  -27.676  -69.032  7.726 0.4000000060
2382  -30.607  -69.957  7.283 0.3000000119
2869  -30.221  -69.621  7.349 0.3000000119
3346  -31.264  -67.515  13.903 0.3000000119
115701  -31.953  -66.842  13.934 0.3000000119
3347  -32.278  -67.206  13.497 0.3000000119
5068  -36.366  -64.980  9.417 0.3000000119
121115  -30.571  -65.974  14.023 0.3000000119
3901  -32.550  -66.629  13.513 0.3000000119
3910  -33.443  -66.280  12.958 0.3000000119
117266  -33.992  -66.206  12.458 0.3000000119
4473  -35.389  -65.181  10.892 0.3000000119
5039  -34.879  -64.813  11.293 0.3000000119
4449  -31.431  -66.148  13.895 0.3000000119
5027  -32.930  -65.214  12.624 0.3000000119
4462  -33.608  -65.944  12.892 0.3000000119
5038  -34.086  -64.664  11.665 0.3000000119
5054  -36.052  -64.806  10.306 0.3000000119
5055  -36.836  -64.249  9.715 0.3000000119
5026  -31.886  -64.737  12.651 0.3000000119
5568  -36.171  -63.940  10.412 0.3000000119
6051  -35.223  -63.507  10.815 0.3000000119
5192  -32.927  -64.069  -2.874 0.3000000119
115635  -27.326  -69.267  4.504 0.5000000000
2926  -29.215  -68.553  2.806 0.4000000060
2937  -30.961  -68.171  1.976 0.5000000000
2380  -28.219  -70.081  7.131 0.3000000119
14649  -14.543  -49.436  5.252 0.3000000119
13932  -14.167  -49.931  4.453 0.3000000119
15417  -12.425  -48.885  1.510 0.3000000119
4078  -32.125  -65.995  -1.059 0.4000000060
3504  -33.725  -67.794  -0.201 0.4000000060
1251  -29.247  -71.265  0.176 0.4000000060
1625  -31.212  -70.270  0.474 0.4000000060
2021  -31.892  -69.630  1.103 0.4000000060
2437  -31.301  -69.389  1.789 0.4000000060
2927  -30.167  -68.572  2.341 0.4000000060
2464  -33.165  -68.538  0.948 0.4000000060
3470  -32.682  -67.919  1.735 0.4000000060
2928  -31.216  -68.849  1.921 0.4000000060
1226  -27.253  -71.740  0.207 0.3000000119
890  -29.010  -71.795  1.557 0.4000000060
118445  -30.354  -70.721  1.665 0.4000000060
3471  -33.348  -68.177  1.252 0.4000000060
1208  -30.481  -70.722  0.696 0.4000000060
2034  -32.481  -69.122  0.714 0.4000000060
1227  -28.068  -71.813  0.535 0.3000000119
109861  -30.133  -71.049  0.968 0.4000000060
1611  -30.885  -70.564  0.961 0.4000000060
2454  -32.449  -69.037  1.386 0.4000000060
2005  -30.798  -69.961  1.921 0.4000000060
2436  -30.523  -69.438  2.148 0.4000000060
1205  -27.411  -72.019  1.202 0.3000000119
889  -28.385  -72.047  1.454 0.3000000119
1207  -29.630  -71.360  1.511 0.3000000119
879  -28.590  -72.344  2.300 0.3000000119
123233  -29.034  -70.928  3.142 0.3000000119
109820  -28.429  -70.114  3.431 0.3000000119
110231  -29.839  -70.870  2.287 0.3000000119
1980  -27.577  -70.194  4.752 0.3000000119
2396  -27.205  -69.839  5.438 0.3000000119
116440  -29.024  -70.030  2.871 0.3000000119
2418  -27.996  -69.359  3.660 0.3000000119
2419  -28.741  -69.326  3.101 0.3000000119
2848  -18.023  -68.093  8.954 0.3000000119
3373  -18.442  -67.448  9.241 0.3000000119
3907  -26.435  -66.639  12.744 0.3000000119
4466  -19.851  -65.421  11.227 0.3000000119
4480  -20.555  -65.367  10.587 0.3000000119
4482  -22.271  -65.258  10.434 0.3000000119
4483  -23.073  -65.484  10.607 0.3000000119
3915  -23.918  -65.812  10.972 0.3000000119
4470  -24.628  -65.845  11.710 0.3000000119
3906  -25.157  -65.871  12.292 0.3000000119
118935  -25.726  -66.241  12.498 0.3000000119
4468  -21.121  -64.851  10.898 0.3000000119
5034  -21.285  -64.328  11.423 0.3000000119
5035  -22.291  -64.243  11.362 0.3000000119
5036  -23.187  -64.481  11.596 0.3000000119
4457  -24.027  -65.010  11.869 0.3000000119
1597  -29.583  -71.418  2.075 0.3000000119
3374  -19.230  -67.246  9.006 0.3000000119
3925  -21.886  -65.766  9.956 0.3000000119
3924  -20.168  -65.972  9.936 0.3000000119
3923  -19.375  -66.215  10.088 0.3000000119
4493  -21.016  -65.804  9.891 0.3000000119
4481  -21.444  -65.248  10.401 0.3000000119
5554  -21.878  -63.746  11.825 0.3000000119
1067  -23.669  -72.137  13.258 0.3000000119
1206  -27.846  -72.114  1.281 0.3000000119
1228  -28.829  -71.658  0.767 0.4000000060
1229  -29.686  -71.284  0.876 0.4000000060
1252  -29.890  -70.812  0.212 0.4000000060
1447  -23.809  -71.773  13.317 0.3000000119
1448  -24.119  -71.821  13.256 0.3000000119
1460  -24.260  -72.049  13.107 0.3000000119
1461  -24.726  -71.484  12.970 0.3000000119
1462  -26.697  -71.074  12.508 0.3000000119
1463  -27.460  -70.866  12.111 0.3000000119
1476  -26.988  -71.289  11.965 0.3000000119
1478  -28.040  -70.734  11.376 0.3000000119
1491  -26.802  -71.434  11.303 0.3000000119
1504  -26.364  -71.423  9.570 0.3000000119
1610  -30.317  -70.869  1.341 0.4000000060
1612  -31.580  -69.935  0.789 0.4000000060
1872  -24.520  -70.734  12.947 0.3000000119
1875  -27.724  -70.343  12.457 0.3000000119
1876  -28.485  -69.949  12.486 0.3000000119
1891  -29.048  -70.034  10.813 0.3000000119
1912  -28.783  -70.789  9.831 0.3000000119
1930  -29.806  -70.974  8.326 0.3000000119
2004  -29.819  -70.177  2.408 0.3000000119
2020  -31.131  -70.280  1.271 0.4000000060
2337  -27.206  -70.193  12.553 0.3000000119
2338  -28.562  -69.438  12.828 0.3000000119
2374  -30.992  -70.167  7.897 0.3000000119
2381  -29.660  -70.279  7.137 0.3000000119
2383  -31.316  -69.399  7.353 0.3000000119
2395  -26.790  -69.325  6.200 0.3000000119
2406  -27.819  -70.133  4.032 0.3000000119
2435  -29.563  -69.363  2.614 0.3000000119
2453  -31.635  -69.580  1.520 0.4000000060
2814  -29.077  -68.938  13.226 0.3000000119
2815  -29.697  -68.757  13.228 0.3000000119
2816  -30.257  -68.052  13.622 0.3000000119
2823  -27.704  -69.240  12.644 0.3000000119
2824  -29.679  -69.043  12.793 0.3000000119
2857  -18.388  -68.685  8.525 0.3000000119
2860  -28.402  -68.523  8.246 0.4000000060
2862  -31.015  -68.175  7.393 0.3000000119
2864  -32.616  -68.375  6.980 0.3000000119
2866  -26.868  -68.388  7.592 0.5000000000
2870  -31.720  -68.806  6.956 0.3000000119
2887  -26.955  -68.359  4.932 0.5000000000
2896  -27.417  -68.233  4.357 0.6000000238
2909  -28.484  -68.499  3.316 0.4000000060
2938  -31.994  -68.406  1.835 0.4000000060
2939  -32.752  -68.434  1.588 0.4000000060
2964  -33.998  -68.501  -0.181 0.4000000060
3353  -30.594  -68.013  13.346 0.4000000060
3360  -30.529  -67.629  12.245 0.4000000060
3366  -18.117  -67.127  9.985 0.3000000119
3370  -30.583  -67.178  11.175 0.3000000119
3376  -22.014  -67.131  9.604 0.3000000119
3388  -32.956  -67.744  6.922 0.3000000119
3395  -26.332  -67.520  7.529 0.6000000238
3405  -26.314  -67.415  5.916 0.5000000000
3445  -27.656  -67.681  3.989 0.6000000238
3459  -29.198  -67.417  2.432 0.6000000238
3460  -30.042  -67.816  2.190 0.5000000000
3469  -30.555  -67.548  1.705 0.6000000238
3486  -33.044  -67.601  1.086 0.4000000060
3487  -33.605  -67.934  0.716 0.4000000060
3503  -33.267  -67.350  0.192 0.5000000000
3900  -31.039  -66.796  14.213 0.3000000119
3908  -32.787  -67.088  12.930 0.4000000060
3909  -32.967  -66.686  13.203 0.3000000119
3929  -31.341  -66.733  11.130 0.4000000060
3931  -34.205  -66.266  10.820 0.4000000060
3937  -18.839  -66.763  9.617 0.3000000119
3938  -19.724  -66.610  9.489 0.3000000119
3939  -20.623  -66.504  9.547 0.3000000119
3940  -21.507  -66.428  9.643 0.3000000119
3942  -27.721  -66.312  9.334 0.5000000000
3944  -29.878  -66.036  8.927 0.4000000060
3958  -26.529  -66.737  8.591 0.6000000238
3960  -28.232  -67.050  9.037 0.4000000060
3961  -29.694  -66.652  8.745 0.4000000060
3964  -33.601  -66.189  8.085 0.3000000119
3974  -25.923  -66.841  7.475 0.5000000000
3977  -33.509  -66.104  6.856 0.3000000119
3981  -25.591  -66.434  6.735 0.4000000060
4016  -27.325  -66.363  2.737 0.6000000238
4018  -28.452  -66.798  2.201 0.8000000119
4028  -28.015  -66.333  1.591 0.6000000238
4030  -29.380  -66.836  1.341 0.6999999881
4046  -30.295  -66.639  0.424 0.6000000238
4079  -33.198  -66.251  -1.282 0.4000000060
4119  -23.018  -66.876  -5.753 0.6999999881
4131  -22.368  -66.724  -7.224 0.6000000238
4450  -32.394  -66.175  13.608 0.3000000119
4451  -33.038  -66.239  13.269 0.3000000119
4460  -32.404  -65.524  13.200 0.3000000119
4461  -33.001  -65.924  13.276 0.3000000119
4469  -22.707  -64.800  10.932 0.3000000119
4471  -34.251  -65.643  12.016 0.3000000119
4472  -34.833  -65.541  11.366 0.3000000119
4484  -35.120  -65.705  10.806 0.4000000060
4495  -26.430  -65.424  9.463 0.4000000060
4498  -29.174  -65.401  9.518 0.4000000060
4500  -35.687  -65.364  10.136 0.3000000119
4514  -31.852  -66.014  7.478 0.4000000060
4518  -35.803  -65.218  7.690 0.3000000119
4523  -33.555  -66.191  6.806 0.3000000119
4526  -35.763  -65.001  7.352 0.3000000119
4550  -24.475  -65.160  5.404 0.5000000000
4551  -24.953  -65.673  5.806 0.5000000000
4559  -25.936  -65.930  4.354 0.5000000000
4580  -27.462  -65.763  1.475 0.6999999881
4585  -27.770  -65.388  0.675 0.6999999881
4587  -29.131  -65.906  -0.129 0.6000000238
4597  -29.512  -65.508  -0.680 0.6000000238
4598  -30.253  -65.763  -0.838 0.6000000238
4604  -20.977  -65.396  -1.767 0.6999999881
4618  -22.709  -65.223  -2.983 0.6999999881
5018  -31.618  -65.371  13.378 0.3000000119
5048  -21.843  -64.702  10.835 0.3000000119
5050  -26.923  -64.011  10.291 0.4000000060
5052  -29.001  -63.966  10.180 0.5000000000
5053  -35.523  -64.520  10.737 0.3000000119
5061  -24.586  -63.932  9.121 0.5000000000
5062  -25.207  -64.448  9.336 0.5000000000
5063  -27.633  -64.798  9.995 0.4000000060
5075  -32.061  -64.406  8.451 0.4000000060
5077  -33.808  -64.674  7.412 0.4000000060
5078  -36.288  -64.832  7.688 0.3000000119
5079  -36.853  -64.413  8.226 0.4000000060
5091  -35.289  -64.626  7.338 0.4000000060
5092  -36.062  -64.541  7.483 0.3000000119
5104  -23.608  -64.243  6.701 0.5000000000
5105  -24.068  -64.943  6.922 0.5000000000
5129  -25.993  -64.559  2.665 0.6000000238
5137  -22.137  -64.487  1.539 0.4000000060
5149  -21.525  -64.859  0.832 0.5000000000
5151  -27.162  -64.000  0.811 0.6000000238
5163  -19.722  -64.853  -0.159 0.6999999881
5168  -24.300  -63.787  -0.886 0.6000000238
5180  -28.859  -64.197  -0.925 0.6000000238
5181  -29.304  -64.830  -1.015 0.6000000238
5189  -22.961  -64.787  -2.524 0.6999999881
5222  -25.429  -63.703  -6.629 0.5000000000
5565  -28.435  -63.191  10.436 0.4000000060
5567  -30.221  -63.032  10.053 0.4000000060
5569  -37.559  -63.540  9.639 0.3000000119
5572  -24.621  -63.125  9.278 0.5000000000
5573  -25.295  -63.550  9.701 0.5000000000
5579  -23.705  -63.503  8.119 0.5000000000
5596  -36.486  -63.867  7.724 0.4000000060
5603  -23.399  -63.473  6.359 0.5000000000
5635  -19.255  -63.454  1.735 0.5000000000
5672  -29.145  -63.152  -1.287 0.6000000238
5673  -30.325  -63.274  -1.938 0.6000000238
5684  -30.848  -62.716  -2.527 0.5000000000
5689  -24.765  -63.756  -4.337 0.6999999881
5701  -15.417  -63.532  -5.974 0.5000000000
5706  -27.030  -62.516  -6.120 0.5000000000
5715  -25.757  -63.163  -6.232 0.4000000060
5716  -26.470  -62.912  -6.675 0.5000000000
6047  -27.016  -62.242  10.458 0.4000000060
6048  -27.901  -62.322  10.509 0.4000000060
6050  -29.687  -62.408  10.293 0.5000000000
6058  -25.666  -62.036  9.827 0.5000000000
6061  -31.719  -62.619  9.367 0.4000000060
6066  -24.479  -62.453  8.776 0.5000000000
6071  -35.448  -62.118  8.219 0.3000000119
6073  -37.875  -63.155  8.796 0.3000000119
6080  -23.981  -62.235  7.986 0.5000000000
6082  -35.859  -63.019  7.828 0.3000000119
6135  -20.038  -63.050  2.206 0.5000000000
6157  -24.703  -61.765  0.821 0.6000000238
6169  -17.810  -62.989  -0.211 0.6000000238
6180  -17.739  -62.786  -1.727 0.6999999881
6215  -27.569  -62.185  -5.420 0.5000000000
6585  -26.763  -61.669  10.170 0.5000000000
6588  -29.241  -61.635  10.375 0.4000000060
6594  -30.459  -61.538  9.955 0.4000000060
6651  -26.006  -60.169  2.864 0.6000000238
6683  -18.029  -61.136  1.259 0.6000000238
6705  -17.972  -62.274  1.045 0.6000000238
6723  -28.184  -60.479  -1.601 0.5000000000
6729  -17.493  -61.335  -1.883 0.6000000238
6737  -17.411  -61.303  -2.803 0.6999999881
6738  -26.533  -61.215  -2.242 0.5000000000
6746  -16.455  -61.026  -4.944 0.6999999881
6751  -16.153  -61.340  -5.386 0.6999999881
7104  -27.919  -60.923  10.084 0.5000000000
7105  -28.815  -60.845  10.243 0.4000000060
7117  -28.416  -60.384  9.661 0.5000000000
7121  -36.235  -60.366  9.217 0.3000000119
7130  -28.180  -60.153  9.018 0.5000000000
7133  -34.183  -60.510  8.433 0.3000000119
7135  -35.906  -60.724  8.719 0.3000000119
7156  -14.217  -60.007  4.939 0.8000000119
7164  -13.722  -60.019  4.637 0.8000000119
7167  -24.053  -59.768  5.033 0.5000000000
7177  -13.683  -60.410  3.868 0.5000000000
7197  -14.959  -60.231  2.676 0.6000000238
7201  -26.183  -59.268  2.461 0.6000000238
7202  -26.497  -59.264  1.922 0.5000000000
7222  -25.473  -58.817  1.846 0.5000000000
7224  -26.573  -58.978  1.296 0.5000000000
7241  -27.204  -59.365  0.188 0.5000000000
7261  -17.412  -60.641  -1.279 0.6000000238
7271  -16.354  -60.342  -5.006 0.6999999881
7273  -11.710  -60.437  -5.231 0.4000000060
7278  -15.819  -60.996  -5.700 0.6000000238
7666  -29.619  -59.702  9.408 0.4000000060
7672  -29.113  -59.478  8.822 0.5000000000
7677  -35.416  -60.085  8.801 0.3000000119
7687  -14.303  -59.394  6.197 0.6999999881
7720  -11.933  -59.294  2.958 0.6000000238
7721  -12.452  -59.663  3.684 0.6000000238
7809  -16.628  -59.219  -3.901 0.6999999881
7813  -11.702  -59.319  -4.763 0.5000000000
7831  -16.132  -59.644  -5.076 0.6000000238
8251  -31.115  -57.945  7.976 0.3000000119
8252  -32.153  -58.025  8.283 0.3000000119
8256  -13.501  -58.234  7.391 0.6000000238
8274  -12.710  -58.556  5.745 0.8000000119
8347  -10.966  -58.788  1.711 0.6000000238
8348  -15.129  -58.501  0.971 0.6999999881
8356  -14.857  -58.051  0.402 0.6000000238
8373  -18.247  -58.138  0.344 0.6000000238
8425  -15.677  -58.447  -4.823 0.6000000238
8441  -15.857  -59.088  -5.068 0.6000000238
8908  -12.436  -57.668  6.708 0.6000000238
8957  -16.292  -58.110  3.807 0.8000000119
9014  -13.622  -56.815  -1.076 0.6000000238
9016  -17.789  -57.679  -0.410 0.5000000000
9018  -20.346  -57.207  -0.359 0.5000000000
9042  -11.439  -56.833  -2.767 0.6000000238
9045  -16.948  -57.844  -2.115 0.6000000238
9055  -15.713  -57.293  -4.078 0.6000000238
9057  -16.655  -58.101  -3.062 0.6000000238
9069  -11.665  -57.528  -4.272 0.6000000238
9070  -12.372  -57.189  -4.478 0.5000000000
9072  -14.633  -57.389  -4.729 0.6000000238
9682  -15.931  -56.418  2.959 0.6999999881
9709  -9.994  -57.041  2.123 0.6000000238
9711  -15.063  -56.243  1.631 0.6999999881
9722  -19.337  -57.116  0.289 0.6000000238
9733  -14.146  -56.729  -0.373 0.6000000238
9737  -20.123  -56.509  -0.249 0.5000000000
9765  -11.553  -56.068  -2.763 0.6000000238
9768  -16.272  -56.541  -2.382 0.6000000238
9781  -12.071  -56.105  -3.819 0.6000000238
9782  -14.766  -56.219  -4.005 0.6000000238
9800  -11.828  -56.804  -4.144 0.6000000238
10412  -10.363  -55.668  6.551 0.6000000238
10472  -9.996  -56.091  3.869 0.8000000119
10494  -8.359  -55.328  2.446 0.5000000000
10525  -14.051  -55.570  0.093 0.6000000238
10537  -12.387  -54.904  -1.221 0.5000000000
10540  -19.203  -55.803  -0.532 0.6000000238
10568  -11.557  -54.762  -2.280 0.5000000000
10569  -11.695  -55.434  -2.281 0.5000000000
10583  -12.141  -55.425  -3.424 0.6000000238
10585  -14.472  -55.435  -3.682 0.5000000000
10599  -12.955  -55.700  -3.870 0.6000000238
11257  -11.052  -54.940  8.353 0.6000000238
11292  -6.509  -54.199  4.323 0.6000000238
11294  -8.143  -54.785  4.759 0.6999999881
11302  -5.978  -53.842  3.915 0.6000000238
11329  -14.927  -55.118  1.051 0.8000000119
11331  -16.344  -54.770  1.505 0.5000000000
11340  -14.546  -54.744  0.323 0.6999999881
11349  -12.603  -54.294  -0.865 0.6000000238
11360  -11.401  -53.997  -1.887 0.6000000238
11363  -17.778  -54.816  -1.445 0.6000000238
11375  -11.589  -54.074  -2.388 0.6000000238
11390  -11.699  -55.026  -2.870 0.5000000000
11941  -8.080  -52.627  7.285 0.6000000238
11955  -6.521  -53.116  6.357 0.6000000238
11994  -6.060  -53.329  2.728 0.5000000000
12029  -12.125  -53.615  -1.255 0.6000000238
12031  -15.092  -53.345  -0.429 0.6999999881
12045  -11.335  -53.346  -2.008 0.6000000238
12068  -12.240  -53.623  -2.725 0.6999999881
12075  -19.987  -53.951  -4.271 0.6000000238
12592  -7.577  -52.431  7.012 0.6000000238
12594  -8.957  -52.181  6.832 0.6000000238
12619  -11.570  -52.942  3.250 0.4000000060
12630  -12.219  -52.570  2.713 0.4000000060
12643  -11.997  -52.394  2.040 0.4000000060
12717  -11.370  -52.589  -2.000 0.6000000238
12718  -11.513  -52.035  -1.865 0.6000000238
12720  -14.042  -51.603  -1.351 0.5000000000
12721  -14.988  -52.010  -1.239 0.5000000000
12733  -11.986  -51.702  -2.406 0.6999999881
12743  -12.733  -52.734  -2.746 0.6000000238
12745  -13.958  -51.964  -2.841 0.6000000238
12746  -15.881  -52.330  -3.057 0.6000000238
12747  -16.696  -51.893  -3.310 0.6000000238
12748  -17.541  -52.350  -3.262 0.6000000238
13248  -13.676  -51.461  6.171 0.4000000060
13257  -6.040  -51.048  6.016 0.6999999881
13273  -5.354  -51.381  5.066 0.6999999881
13291  -5.342  -51.610  4.068 0.6000000238
13312  -12.979  -51.074  2.102 0.4000000060
13359  -11.692  -50.971  -2.015 0.5000000000
13360  -12.208  -50.414  -1.808 0.6000000238
13362  -14.826  -51.149  -1.357 0.5000000000
13371  -11.798  -50.819  -2.083 0.5000000000
13372  -12.258  -50.199  -2.174 0.6000000238
13386  -17.627  -51.376  -3.481 0.6000000238
13387  -18.602  -51.266  -3.593 0.6000000238
13909  -6.219  -50.511  5.591 0.8000000119
13924  -5.561  -50.467  5.120 0.6999999881
13943  -5.555  -49.943  4.324 0.6000000238
13945  -11.149  -51.295  1.688 0.4000000060
13993  -12.694  -49.317  -1.903 0.5000000000
13994  -13.703  -49.100  -1.661 0.5000000000
14013  -12.979  -50.318  -2.534 0.6000000238
14014  -13.867  -50.120  -2.812 0.6000000238
14016  -16.624  -49.671  -3.377 0.6000000238
14017  -17.956  -49.330  -3.510 0.6000000238
14019  -20.646  -49.356  -3.951 0.6000000238
14035  -21.424  -50.175  -4.143 0.4000000060
14685  -11.910  -50.663  1.803 0.4000000060
14732  -12.918  -48.934  -1.958 0.5000000000
14733  -13.188  -48.448  -1.964 0.5000000000
14734  -14.099  -48.166  -1.831 0.5000000000
14735  -15.247  -47.909  -1.757 0.5000000000
14737  -18.076  -48.155  -1.464 0.5000000000
14745  -13.197  -48.577  -2.125 0.5000000000
14746  -13.955  -48.048  -2.163 0.5000000000
14757  -13.942  -48.980  -2.635 0.5000000000
14761  -18.497  -48.178  -3.354 0.6000000238
14763  -20.333  -49.307  -3.878 0.5000000000
15322  -8.223  -48.069  10.233 0.4000000060
15323  -8.967  -48.084  10.194 0.5000000000
15334  -10.036  -48.422  9.266 0.6000000238
15346  -11.341  -48.516  8.154 0.5000000000
15372  -12.440  -48.559  6.351 0.5000000000
15385  -12.501  -48.686  4.975 0.4000000060
15453  -13.243  -48.357  -2.006 0.5000000000
15455  -14.755  -47.656  -1.957 0.5000000000
15456  -16.471  -47.360  -1.946 0.5000000000
15458  -18.063  -47.376  -2.168 0.5000000000
15465  -15.450  -47.690  -2.443 0.5000000000
15466  -16.575  -47.273  -2.588 0.5000000000
15467  -17.310  -47.055  -2.693 0.5000000000
15469  -18.707  -47.881  -2.947 0.5000000000
15481  -17.396  -47.224  -3.079 0.5000000000
15482  -18.461  -47.626  -3.150 0.5000000000
16080  -5.827  -47.217  11.347 0.4000000060
16082  -7.353  -47.244  11.694 0.4000000060
16097  -8.743  -47.551  10.792 0.4000000060
16114  -6.550  -47.434  8.770 0.5000000000
16130  -12.250  -47.693  7.441 0.5000000000
16214  -15.926  -47.296  -2.103 0.5000000000
16215  -16.701  -47.211  -2.339 0.5000000000
16216  -17.121  -47.181  -2.346 0.5000000000
16217  -17.737  -47.091  -2.559 0.5000000000
16239  -17.957  -47.053  -3.051 0.5000000000
16811  -5.988  -45.796  13.135 0.4000000060
16826  -5.944  -46.598  12.856 0.4000000060
16832  -7.997  -46.727  11.783 0.4000000060
16844  -9.426  -46.812  10.811 0.6000000238
16875  -12.274  -46.969  7.105 0.5000000000
16886  -11.974  -46.345  7.085 0.4000000060
17586  -5.186  -45.371  13.257 0.4000000060
17612  -7.885  -45.237  11.482 0.4000000060
18377  -7.476  -44.441  11.551 0.4000000060
19093  -7.079  -42.841  13.088 0.4000000060
19156  -7.925  -43.052  8.444 0.4000000060
19170  -8.117  -43.009  7.688 0.4000000060
19910  -8.150  -42.595  8.787 0.4000000060
19913  -11.233  -42.278  9.891 0.3000000119
20612  -9.459  -41.543  13.429 0.4000000060
20639  -11.099  -41.264  12.093 0.3000000119
105779  -11.164  -44.926  6.354 0.4000000060
105944  -27.978  -71.453  9.322 0.3000000119
106190  -16.391  -66.374  -7.149 0.5000000000
106238  -25.770  -71.203  12.770 0.3000000119
106629  -31.537  -67.822  1.619 0.5000000000
106632  -6.645  -42.528  13.477 0.4000000060
106992  -34.021  -66.377  11.840 0.4000000060
107064  -32.094  -68.972  1.836 0.4000000060
107536  -14.907  -54.230  -3.157 0.5000000000
107700  -24.603  -64.139  -5.118 0.6000000238
108035  -35.692  -65.439  8.872 0.4000000060
108367  -16.310  -47.679  -1.757 0.5000000000
108467  -27.861  -66.777  2.846 0.5000000000
109063  -25.309  -65.744  8.262 0.4000000060
109095  -14.954  -51.929  -3.025 0.6000000238
109425  -24.605  -65.468  6.948 0.5000000000
109748  -17.848  -63.100  -0.908 0.6000000238
109940  -13.630  -60.092  -1.781 0.6999999881
110617  -13.861  -49.992  3.402 0.4000000060
110690  -33.131  -63.169  8.511 0.3000000119
111287  -13.317  -54.468  -0.444 0.6000000238
111579  -33.057  -67.321  6.734 0.3000000119
111825  -16.955  -63.664  -4.152 0.6999999881
111932  -12.756  -59.824  -2.485 0.6000000238
112147  -26.174  -69.285  12.243 0.3000000119
112702  -13.986  -52.810  -2.986 0.6000000238
113112  -25.061  -63.808  3.493 0.5000000000
113323  -34.739  -61.499  8.346 0.3000000119
113400  -23.922  -64.549  5.400 0.5000000000
113500  -16.021  -66.082  -5.740 0.5000000000
113963  -15.272  -49.325  -3.079 0.6000000238
114010  -18.053  -47.381  -3.293 0.6000000238
114269  -31.877  -69.573  0.243 0.4000000060
114585  -29.955  -68.667  10.436 0.3000000119
114754  -24.232  -63.870  4.311 0.5000000000
114811  -36.489  -61.380  8.649 0.3000000119
114865  -7.463  -45.184  12.030 0.4000000060
115441  -30.700  -63.464  9.632 0.4000000060
115756  -15.973  -60.300  -5.449 0.6999999881
115761  -14.886  -60.191  1.411 0.6999999881
116087  -30.035  -60.217  9.802 0.4000000060
116439  -24.751  -71.812  11.775 0.3000000119
116719  -18.926  -60.460  1.450 0.5000000000
116845  -5.581  -52.969  5.203 0.6000000238
117577  -25.005  -63.424  -3.065 0.6999999881
118612  -24.395  -63.866  -3.110 0.6999999881
119000  -12.900  -51.154  -1.489 0.6000000238
119624  -27.919  -61.789  -4.788 0.5000000000
119710  -23.521  -66.074  -7.225 0.5000000000
119758  -11.245  -57.217  -3.275 0.6000000238
119826  -23.869  -63.963  -0.192 0.6000000238
119953  -15.552  -54.372  -2.664 0.5000000000
120108  -27.793  -72.380  1.973 0.3000000119
120153  -24.105  -72.231  12.496 0.3000000119
120162  -31.434  -60.007  9.259 0.3000000119
120233  -33.715  -65.286  12.274 0.3000000119
120667  -23.433  -65.081  11.171 0.3000000119
120715  -35.252  -65.676  9.912 0.4000000060
120903  -31.527  -63.104  -2.741 0.5000000000
120932  -17.307  -53.798  -2.243 0.6000000238
121130  -36.665  -60.874  9.002 0.3000000119
121477  -14.855  -63.199  -6.756 0.5000000000
121661  -20.837  -56.243  -3.677 0.5000000000
121700  -16.244  -49.743  -1.329 0.5000000000
121838  -33.647  -63.791  7.947 0.3000000119
122455  -12.879  -60.824  -5.648 0.5000000000
122508  -12.314  -48.311  2.977 0.4000000060
122942  -31.077  -61.946  9.666 0.4000000060
123273  -14.798  -59.495  0.275 0.6000000238
123353  -16.160  -56.464  3.626 0.6999999881
123913  -10.361  -50.055  3.755 0.5000000000
123985  -31.463  -67.546  9.164 0.3000000119
124303  -19.205  -53.982  -2.598 0.6000000238
124353  -25.379  -65.520  4.430 0.5000000000
124491  -15.815  -53.774  -2.613 0.5000000000
124916  -22.852  -64.634  -1.201 0.6999999881
125517  -17.973  -61.677  1.190 0.6000000238
125571  -29.510  -69.009  7.781 0.3000000119
125932  -19.832  -65.771  10.492 0.3000000119
126184  -18.385  -63.825  -1.983 0.6999999881
126617  -16.242  -56.142  4.059 0.6000000238
126841  -24.241  -64.651  8.162 0.5000000000
127178  -24.168  -62.035  1.532 0.5000000000
127196  -37.076  -62.022  8.560 0.3000000119
