#!ascii label  , from subject sub-v2s12x28860_ses-1 vox2ras=TkReg
416
111952  -29.788  -1.894  -16.666 0.0000000000
65204  -24.947  -5.893  -15.849 0.0000000000
126825  -32.434  -7.899  -16.180 0.0000000000
131514  -27.281  -10.076  -13.512 0.0000000000
79831  -30.835  11.120  -16.309 0.0000000000
77120  -32.141  7.405  -15.548 0.0000000000
72864  -26.194  2.502  -19.553 0.0000000000
57766  -24.392  -13.778  -11.948 0.0000000000
62518  -25.996  -7.892  -14.133 0.0000000000
124243  -23.857  -9.515  -13.134 0.0000000000
78968  -31.650  9.177  -15.591 0.0000000000
76299  -29.276  6.697  -18.715 0.0000000000
69001  -26.007  -2.090  -18.224 0.0000000000
114479  -24.159  0.818  -18.724 0.0000000000
70972  -28.180  0.659  -18.296 0.0000000000
72845  -30.788  2.295  -17.255 0.0000000000
117214  -32.255  -0.016  -16.208 0.0000000000
68034  -33.501  -2.258  -14.824 0.0000000000
67168  -24.151  -4.167  -16.870 0.0000000000
66234  -26.992  -4.008  -16.324 0.0000000000
66224  -31.721  -4.188  -15.753 0.0000000000
64315  -28.373  -6.185  -15.241 0.0000000000
62530  -29.886  -9.402  -15.302 0.0000000000
59831  -29.983  -12.269  -15.065 0.0000000000
75421  -24.214  6.268  -19.954 0.0000000000
74535  -29.446  4.265  -18.486 0.0000000000
74498  -32.648  5.002  -15.262 0.0000000000
59810  -22.690  -11.134  -11.749 0.0000000000
58821  -25.586  -12.533  -12.552 0.0000000000
123301  -23.314  -8.083  -13.852 0.0000000000
61619  -22.119  -8.830  -12.728 0.0000000000
77155  -28.984  7.830  -19.019 0.0000000000
76318  -27.696  7.287  -19.913 0.0000000000
120240  -27.358  -2.008  -17.414 0.0000000000
69985  -27.022  -0.453  -18.436 0.0000000000
69972  -28.295  -0.524  -17.611 0.0000000000
70959  -29.461  0.415  -17.547 0.0000000000
69962  -30.602  -0.789  -16.778 0.0000000000
69958  -33.101  -0.773  -15.384 0.0000000000
68994  -32.012  -1.827  -16.452 0.0000000000
66218  -24.477  -4.857  -16.523 0.0000000000
67169  -25.688  -3.907  -17.169 0.0000000000
65219  -25.934  -5.066  -16.214 0.0000000000
65206  -27.883  -5.381  -15.506 0.0000000000
64313  -26.558  -6.152  -15.204 0.0000000000
62509  -26.516  -8.674  -13.761 0.0000000000
62520  -28.365  -8.427  -14.330 0.0000000000
61641  -28.269  -9.303  -14.074 0.0000000000
124121  -29.860  -10.970  -15.426 0.0000000000
60741  -28.615  -11.144  -14.240 0.0000000000
79848  -29.451  11.010  -18.240 0.0000000000
80703  -28.377  11.922  -19.016 0.0000000000
81515  -30.438  12.595  -16.941 0.0000000000
82406  -30.758  13.766  -16.573 0.0000000000
81517  -32.251  12.842  -14.934 0.0000000000
78051  -32.084  8.259  -15.386 0.0000000000
71964  -24.754  1.939  -19.423 0.0000000000
73708  -23.866  3.534  -19.628 0.0000000000
73715  -25.611  4.087  -20.117 0.0000000000
73718  -27.735  4.796  -19.856 0.0000000000
73712  -27.739  3.353  -19.438 0.0000000000
72823  -32.891  2.744  -15.213 0.0000000000
124473  -32.279  3.829  -16.271 0.0000000000
74487  -33.527  4.154  -14.166 0.0000000000
65210  -31.835  -5.330  -15.694 0.0000000000
116322  -33.159  -5.042  -15.557 0.0000000000
57765  -23.505  -13.443  -11.635 0.0000000000
58817  -24.128  -12.696  -11.929 0.0000000000
59820  -24.277  -11.742  -12.248 0.0000000000
57770  -25.013  -13.164  -12.279 0.0000000000
64298  -23.616  -6.642  -14.869 0.0000000000
63384  -25.586  -7.215  -14.580 0.0000000000
62517  -24.979  -7.850  -14.203 0.0000000000
62508  -25.023  -8.545  -13.676 0.0000000000
61622  -25.295  -9.953  -13.112 0.0000000000
78977  -30.191  9.875  -17.514 0.0000000000
79840  -30.860  10.405  -16.285 0.0000000000
118167  -30.172  9.129  -17.774 0.0000000000
125515  -30.900  8.336  -16.857 0.0000000000
76294  -30.847  6.764  -17.276 0.0000000000
68999  -24.137  -1.727  -17.717 0.0000000000
116798  -24.913  -0.434  -18.324 0.0000000000
70970  -26.456  0.193  -18.647 0.0000000000
71967  -27.174  1.819  -18.939 0.0000000000
72852  -28.608  2.179  -18.567 0.0000000000
71944  -29.777  1.315  -17.718 0.0000000000
71939  -31.680  1.633  -16.528 0.0000000000
71928  -32.989  1.746  -15.157 0.0000000000
70933  -33.512  0.339  -14.462 0.0000000000
55816  -25.842  -15.387  -11.499 0.0000000000
126631  -26.435  -15.019  -12.154 0.0000000000
128859  -24.967  -3.137  -17.579 0.0000000000
133825  -26.910  -2.877  -17.137 0.0000000000
67172  -28.236  -2.902  -16.486 0.0000000000
67174  -30.312  -3.125  -16.345 0.0000000000
66236  -29.264  -4.022  -15.998 0.0000000000
65208  -29.549  -5.410  -15.576 0.0000000000
64317  -30.906  -6.791  -15.633 0.0000000000
64301  -27.013  -6.801  -14.817 0.0000000000
133896  -29.400  -7.616  -14.932 0.0000000000
63400  -30.940  -7.882  -15.668 0.0000000000
131813  -31.329  -9.931  -16.281 0.0000000000
60755  -31.199  -11.048  -15.956 0.0000000000
80672  -32.076  11.178  -14.822 0.0000000000
75424  -27.445  5.688  -20.199 0.0000000000
75408  -29.526  5.740  -18.468 0.0000000000
75401  -31.253  5.862  -17.089 0.0000000000
73700  -29.863  3.603  -18.244 0.0000000000
74511  -32.044  4.687  -16.379 0.0000000000
76260  -32.609  6.304  -14.891 0.0000000000
67162  -32.308  -3.357  -15.856 0.0000000000
67156  -34.103  -3.495  -14.116 0.0000000000
134248  -21.893  -9.911  -12.073 0.0000000000
60729  -23.508  -10.100  -12.628 0.0000000000
128813  -25.072  -10.618  -12.786 0.0000000000
59825  -26.814  -11.375  -13.187 0.0000000000
57772  -26.788  -13.752  -12.763 0.0000000000
58823  -27.379  -13.247  -13.115 0.0000000000
59826  -27.574  -11.836  -13.409 0.0000000000
77177  -26.209  8.618  -20.355 0.0000000000
68991  -28.916  -1.564  -16.896 0.0000000000
69003  -28.003  -1.322  -17.356 0.0000000000
69004  -28.820  -0.956  -17.275 0.0000000000
69005  -29.701  -1.051  -16.993 0.0000000000
68992  -30.540  -1.536  -16.628 0.0000000000
68993  -31.317  -1.251  -16.564 0.0000000000
115646  -31.214  -1.890  -16.480 0.0000000000
64311  -24.332  -6.241  -15.410 0.0000000000
65203  -24.217  -5.491  -15.946 0.0000000000
65218  -25.122  -5.202  -16.422 0.0000000000
135651  -25.536  -5.566  -15.930 0.0000000000
65205  -26.236  -5.560  -15.647 0.0000000000
120417  -25.636  -6.131  -15.423 0.0000000000
61633  -26.580  -9.610  -13.495 0.0000000000
62510  -27.388  -9.349  -13.687 0.0000000000
61634  -28.073  -10.137  -13.804 0.0000000000
60740  -27.639  -10.956  -13.526 0.0000000000
125018  -30.251  11.138  -17.227 0.0000000000
80685  -30.244  11.910  -17.281 0.0000000000
135685  -30.832  13.146  -16.404 0.0000000000
80686  -31.300  11.715  -15.850 0.0000000000
113032  -32.810  9.142  -14.005 0.0000000000
78040  -32.651  8.340  -14.490 0.0000000000
77111  -33.112  7.531  -14.230 0.0000000000
72863  -25.316  2.700  -19.625 0.0000000000
72862  -24.293  2.680  -19.518 0.0000000000
127419  -24.772  3.245  -19.694 0.0000000000
73714  -24.784  3.912  -19.887 0.0000000000
73710  -26.001  3.313  -19.853 0.0000000000
73716  -26.497  4.053  -20.093 0.0000000000
73711  -26.868  3.160  -19.644 0.0000000000
73658  -33.145  3.669  -14.779 0.0000000000
64318  -31.914  -6.567  -15.811 0.0000000000
65211  -32.688  -5.801  -15.719 0.0000000000
64319  -33.026  -7.042  -16.070 0.0000000000
56764  -24.715  -14.707  -11.908 0.0000000000
56763  -23.724  -14.452  -11.585 0.0000000000
58816  -23.124  -12.583  -11.604 0.0000000000
63372  -23.764  -7.568  -14.440 0.0000000000
61631  -23.619  -8.832  -13.468 0.0000000000
62507  -24.184  -8.370  -13.906 0.0000000000
61632  -24.605  -9.192  -13.367 0.0000000000
119071  -25.664  -9.175  -13.481 0.0000000000
78074  -29.379  9.576  -18.698 0.0000000000
117841  -29.645  7.137  -18.436 0.0000000000
77156  -29.705  7.853  -18.366 0.0000000000
77143  -30.399  7.652  -17.681 0.0000000000
77130  -31.040  7.604  -17.205 0.0000000000
76293  -30.209  6.961  -17.896 0.0000000000
69000  -25.172  -1.943  -17.976 0.0000000000
69010  -25.766  -1.381  -18.321 0.0000000000
69986  -27.829  -0.091  -18.105 0.0000000000
70971  -27.362  0.402  -18.494 0.0000000000
71956  -26.818  1.050  -18.755 0.0000000000
71957  -27.671  1.205  -18.618 0.0000000000
71958  -28.433  1.425  -18.462 0.0000000000
70973  -28.933  0.949  -17.995 0.0000000000
70953  -31.618  0.025  -16.529 0.0000000000
123077  -31.139  0.902  -16.745 0.0000000000
70954  -32.031  0.813  -16.324 0.0000000000
71940  -32.206  1.583  -16.173 0.0000000000
133027  -32.419  0.499  -16.001 0.0000000000
70948  -33.140  0.832  -14.957 0.0000000000
69957  -32.742  0.141  -15.613 0.0000000000
68986  -33.147  -1.761  -15.529 0.0000000000
68975  -33.521  -1.376  -14.697 0.0000000000
68035  -33.933  -2.675  -14.134 0.0000000000
55797  -24.965  -15.849  -11.110 0.0000000000
127346  -25.738  -15.824  -10.820 0.0000000000
67167  -23.468  -3.426  -16.830 0.0000000000
128302  -23.645  -2.883  -17.272 0.0000000000
67179  -24.250  -3.368  -17.334 0.0000000000
67170  -26.280  -3.987  -16.841 0.0000000000
67181  -26.402  -3.260  -17.250 0.0000000000
67171  -27.199  -3.228  -16.699 0.0000000000
68047  -27.410  -2.572  -17.009 0.0000000000
66235  -28.689  -3.574  -16.197 0.0000000000
118452  -27.902  -3.684  -16.248 0.0000000000
66221  -28.841  -4.789  -15.701 0.0000000000
65207  -28.790  -5.590  -15.455 0.0000000000
114902  -30.155  -6.073  -15.570 0.0000000000
114816  -29.273  -6.181  -15.358 0.0000000000
63385  -26.495  -7.344  -14.455 0.0000000000
63387  -28.568  -7.598  -14.628 0.0000000000
62521  -29.278  -8.407  -14.720 0.0000000000
63388  -30.224  -8.419  -15.372 0.0000000000
117700  -31.169  -9.075  -16.098 0.0000000000
62531  -30.762  -9.687  -15.955 0.0000000000
60749  -29.606  -11.537  -15.030 0.0000000000
61648  -30.519  -10.597  -15.791 0.0000000000
60750  -30.511  -11.571  -15.479 0.0000000000
60751  -30.918  -11.555  -15.468 0.0000000000
126068  -31.344  9.888  -15.733 0.0000000000
79832  -31.500  10.633  -15.517 0.0000000000
79819  -32.094  10.426  -14.804 0.0000000000
69981  -23.446  -0.135  -17.941 0.0000000000
75422  -25.263  6.296  -20.374 0.0000000000
114359  -26.058  6.402  -20.547 0.0000000000
75423  -26.732  5.986  -20.500 0.0000000000
74545  -28.422  4.748  -19.399 0.0000000000
124557  -29.795  4.892  -18.295 0.0000000000
75409  -30.223  5.477  -17.981 0.0000000000
74528  -30.900  5.224  -17.506 0.0000000000
72853  -29.740  2.174  -18.049 0.0000000000
119739  -29.565  2.906  -18.317 0.0000000000
72854  -30.281  2.858  -17.819 0.0000000000
74512  -32.468  4.456  -15.814 0.0000000000
125065  -31.664  4.043  -16.781 0.0000000000
75387  -32.285  5.287  -15.886 0.0000000000
75379  -32.474  5.821  -15.380 0.0000000000
75369  -33.032  5.576  -14.579 0.0000000000
67160  -30.903  -3.599  -15.961 0.0000000000
67161  -31.620  -3.186  -16.019 0.0000000000
66226  -33.218  -4.022  -15.344 0.0000000000
60707  -21.890  -10.493  -11.683 0.0000000000
60708  -22.646  -10.376  -12.151 0.0000000000
60728  -22.409  -9.616  -12.494 0.0000000000
59821  -25.183  -11.544  -12.596 0.0000000000
60730  -24.373  -10.859  -12.549 0.0000000000
60731  -25.892  -10.812  -12.987 0.0000000000
59822  -26.165  -11.890  -12.829 0.0000000000
56774  -26.272  -14.411  -12.441 0.0000000000
59823  -27.061  -12.315  -13.129 0.0000000000
62506  -22.708  -8.436  -13.299 0.0000000000
61620  -23.044  -9.214  -12.956 0.0000000000
121183  -29.881  8.598  -18.141 0.0000000000
77168  -28.363  8.083  -19.453 0.0000000000
76307  -28.179  7.457  -19.634 0.0000000000
116061  -28.320  6.448  -19.627 0.0000000000
69002  -26.646  -2.025  -17.846 0.0000000000
69011  -26.609  -1.336  -18.258 0.0000000000
135720  -27.199  -1.517  -17.811 0.0000000000
69971  -27.486  -0.873  -17.962 0.0000000000
69973  -29.150  -0.354  -17.396 0.0000000000
69974  -30.022  -0.227  -17.191 0.0000000000
69963  -31.290  -0.591  -16.623 0.0000000000
128890  -32.572  -0.587  -15.999 0.0000000000
69964  -32.016  -0.838  -16.451 0.0000000000
68985  -32.624  -1.345  -16.056 0.0000000000
68042  -32.659  -2.176  -16.020 0.0000000000
66217  -23.718  -4.761  -16.132 0.0000000000
66231  -25.030  -4.451  -16.911 0.0000000000
66232  -25.716  -4.543  -16.717 0.0000000000
66233  -26.340  -4.518  -16.416 0.0000000000
66220  -27.840  -4.455  -15.889 0.0000000000
66219  -26.851  -4.877  -15.805 0.0000000000
116994  -26.981  -5.601  -15.416 0.0000000000
64314  -27.463  -6.184  -15.191 0.0000000000
116109  -26.808  -7.986  -14.101 0.0000000000
62519  -27.481  -8.518  -13.990 0.0000000000
122476  -29.103  -9.290  -14.582 0.0000000000
61643  -29.662  -10.166  -15.216 0.0000000000
61642  -29.027  -10.324  -14.551 0.0000000000
79847  -28.588  11.302  -18.809 0.0000000000
80695  -29.073  11.981  -18.448 0.0000000000
82398  -32.751  13.455  -14.690 0.0000000000
78955  -31.857  9.827  -15.123 0.0000000000
78956  -32.241  9.083  -14.828 0.0000000000
73707  -22.504  3.914  -19.185 0.0000000000
133622  -23.331  4.101  -19.563 0.0000000000
74544  -23.946  4.364  -19.772 0.0000000000
74550  -24.823  4.943  -20.180 0.0000000000
74551  -26.028  5.143  -20.418 0.0000000000
73717  -27.326  4.028  -19.839 0.0000000000
135169  -28.452  4.148  -19.271 0.0000000000
72838  -31.427  2.408  -16.766 0.0000000000
73684  -31.876  3.146  -16.580 0.0000000000
73685  -32.436  2.963  -16.023 0.0000000000
73669  -32.642  3.651  -15.570 0.0000000000
74486  -33.128  4.601  -14.671 0.0000000000
117781  -31.134  -4.977  -15.706 0.0000000000
118294  -32.466  -4.817  -15.664 0.0000000000
120406  -22.680  -11.854  -11.545 0.0000000000
59811  -23.458  -11.857  -11.859 0.0000000000
59819  -23.522  -11.014  -12.199 0.0000000000
58820  -24.846  -12.340  -12.321 0.0000000000
64299  -25.352  -6.663  -15.017 0.0000000000
119547  -24.639  -6.958  -14.879 0.0000000000
127423  -25.632  -8.401  -13.827 0.0000000000
60738  -26.005  -10.011  -13.317 0.0000000000
78984  -29.118  10.356  -18.799 0.0000000000
79839  -30.396  10.378  -17.087 0.0000000000
78978  -30.939  9.572  -16.430 0.0000000000
78061  -30.744  9.069  -16.915 0.0000000000
77129  -30.522  8.249  -17.482 0.0000000000
78050  -31.462  8.551  -16.177 0.0000000000
77119  -31.593  7.603  -16.241 0.0000000000
76270  -31.912  6.886  -15.851 0.0000000000
70968  -24.394  0.148  -18.469 0.0000000000
69984  -26.155  -0.661  -18.503 0.0000000000
70969  -25.447  0.012  -18.624 0.0000000000
71954  -24.886  0.715  -19.001 0.0000000000
132012  -25.096  1.307  -19.289 0.0000000000
71965  -25.618  1.825  -19.410 0.0000000000
129623  -26.824  2.358  -19.330 0.0000000000
72865  -27.448  2.566  -19.226 0.0000000000
71968  -27.903  1.981  -18.791 0.0000000000
71959  -29.153  1.706  -18.241 0.0000000000
72844  -30.253  2.011  -17.647 0.0000000000
70960  -30.307  0.617  -17.249 0.0000000000
71945  -30.569  1.472  -17.263 0.0000000000
71946  -31.104  1.747  -16.876 0.0000000000
72822  -32.509  2.071  -15.768 0.0000000000
72810  -33.357  2.222  -14.604 0.0000000000
122738  -33.384  1.523  -14.578 0.0000000000
129633  -33.632  0.984  -14.171 0.0000000000
127287  -25.074  -15.286  -11.663 0.0000000000
57767  -25.285  -14.141  -12.279 0.0000000000
68056  -24.440  -2.580  -17.618 0.0000000000
68057  -25.437  -2.619  -17.817 0.0000000000
118883  -24.965  -3.755  -17.314 0.0000000000
67180  -25.636  -3.244  -17.537 0.0000000000
68058  -26.159  -2.659  -17.782 0.0000000000
68048  -28.152  -2.077  -16.906 0.0000000000
68049  -29.053  -2.326  -16.556 0.0000000000
113223  -29.852  -2.599  -16.526 0.0000000000
67173  -29.386  -3.208  -16.341 0.0000000000
66237  -30.080  -3.855  -16.103 0.0000000000
66222  -29.821  -4.614  -15.782 0.0000000000
66223  -30.681  -4.403  -15.786 0.0000000000
126241  -30.395  -5.208  -15.668 0.0000000000
65209  -31.042  -5.808  -15.674 0.0000000000
64300  -26.085  -6.673  -14.858 0.0000000000
64302  -27.965  -6.865  -14.859 0.0000000000
63386  -27.520  -7.626  -14.420 0.0000000000
63399  -28.918  -6.872  -14.986 0.0000000000
64316  -29.937  -7.088  -15.398 0.0000000000
112769  -31.578  -7.506  -15.877 0.0000000000
63401  -31.797  -8.583  -16.180 0.0000000000
62532  -31.800  -9.587  -16.229 0.0000000000
61649  -31.166  -10.457  -16.218 0.0000000000
118848  -32.176  12.084  -14.882 0.0000000000
79820  -32.645  10.625  -14.211 0.0000000000
76316  -26.448  7.300  -20.476 0.0000000000
76317  -27.156  6.997  -20.308 0.0000000000
75416  -28.579  5.548  -19.368 0.0000000000
118547  -28.905  6.079  -19.047 0.0000000000
75400  -30.580  6.086  -17.625 0.0000000000
120483  -31.516  6.618  -16.518 0.0000000000
72866  -28.156  2.757  -18.993 0.0000000000
73699  -29.161  3.589  -18.588 0.0000000000
129856  -30.035  4.236  -18.187 0.0000000000
73695  -31.091  3.275  -17.185 0.0000000000
117980  -31.054  4.334  -17.366 0.0000000000
130220  -30.422  4.662  -17.847 0.0000000000
74529  -31.496  4.952  -16.948 0.0000000000
76279  -32.031  6.140  -15.860 0.0000000000
76271  -32.310  6.600  -15.487 0.0000000000
68051  -31.472  -2.476  -16.320 0.0000000000
68041  -32.149  -2.647  -16.151 0.0000000000
68043  -33.121  -2.593  -15.582 0.0000000000
66225  -32.678  -4.047  -15.629 0.0000000000
67163  -32.984  -3.319  -15.668 0.0000000000
67155  -33.477  -3.194  -14.911 0.0000000000
61621  -24.477  -10.037  -12.912 0.0000000000
60739  -26.682  -10.462  -13.317 0.0000000000
57771  -25.893  -13.467  -12.508 0.0000000000
58822  -26.480  -12.839  -12.750 0.0000000000
59827  -28.328  -11.903  -13.877 0.0000000000
64312  -24.943  -6.402  -15.384 0.0000000000
67175  -30.994  -2.943  -16.203 0.0000000000
68050  -30.607  -2.357  -16.457 0.0000000000
68059  -26.783  -2.564  -17.452 0.0000000000
69945  -33.227  0.015  -14.980 0.0000000000
69983  -25.458  -0.730  -18.368 0.0000000000
70952  -30.811  -0.020  -16.820 0.0000000000
70958  -28.616  0.208  -17.779 0.0000000000
71927  -32.570  1.094  -15.716 0.0000000000
71955  -25.821  0.945  -19.028 0.0000000000
71966  -26.421  1.723  -19.208 0.0000000000
72839  -32.076  2.307  -16.344 0.0000000000
72867  -28.843  2.901  -18.609 0.0000000000
73709  -25.347  3.449  -19.820 0.0000000000
73713  -28.473  3.575  -19.094 0.0000000000
74536  -30.456  3.825  -17.764 0.0000000000
74546  -28.818  4.227  -18.928 0.0000000000
74552  -27.011  4.876  -20.289 0.0000000000
75386  -31.743  5.583  -16.406 0.0000000000
75417  -29.022  5.060  -18.787 0.0000000000
75420  -22.915  6.543  -19.644 0.0000000000
75425  -28.073  5.554  -19.762 0.0000000000
76300  -29.930  6.338  -18.161 0.0000000000
76315  -25.675  7.724  -20.404 0.0000000000
77110  -32.547  6.971  -14.865 0.0000000000
118939  -32.466  7.672  -14.912 0.0000000000
121061  -26.718  8.148  -20.331 0.0000000000
122869  -27.764  6.330  -19.988 0.0000000000
123853  -33.358  2.916  -14.542 0.0000000000
124165  -32.653  -2.818  -15.885 0.0000000000
129137  -28.683  7.103  -19.294 0.0000000000
129920  -29.218  2.357  -18.374 0.0000000000
129956  -32.764  4.276  -15.213 0.0000000000
130432  -28.055  4.088  -19.528 0.0000000000
131435  -28.541  -4.106  -15.996 0.0000000000
132593  -26.699  -3.591  -16.766 0.0000000000
133151  -31.808  7.910  -15.764 0.0000000000
