#!ascii label  , from subject sub-v2s12x28860_ses-1 vox2ras=TkReg
858
135854  43.989  11.733  21.553 0.0000000000
137284  45.526  8.097  11.647 0.0000000000
89610  50.755  14.442  6.872 0.0000000000
118320  45.657  4.379  6.771 0.0000000000
82678  43.152  5.955  19.118 0.0000000000
87718  55.961  11.163  10.105 0.0000000000
83615  47.860  7.331  5.908 0.0000000000
89586  40.483  14.107  10.221 0.0000000000
87687  50.687  11.617  14.067 0.0000000000
86809  45.293  10.785  16.114 0.0000000000
80972  45.737  4.040  14.779 0.0000000000
90417  45.715  15.417  11.209 0.0000000000
88655  45.332  12.621  8.194 0.0000000000
87742  49.333  11.548  8.422 0.0000000000
86910  45.633  10.923  2.022 0.0000000000
91291  41.521  15.910  11.393 0.0000000000
89485  46.612  13.563  17.540 0.0000000000
88548  43.654  12.113  18.425 0.0000000000
82691  44.396  5.589  17.256 0.0000000000
127104  51.091  13.341  10.933 0.0000000000
90409  48.598  14.361  12.852 0.0000000000
89593  47.392  14.073  9.459 0.0000000000
91321  44.586  16.090  6.413 0.0000000000
128284  47.591  15.070  5.673 0.0000000000
86837  48.495  10.347  12.741 0.0000000000
135898  50.662  10.559  11.087 0.0000000000
86860  47.245  10.778  10.042 0.0000000000
82810  47.887  6.447  5.319 0.0000000000
85323  46.332  9.076  3.687 0.0000000000
82819  44.590  6.326  4.403 0.0000000000
85315  43.687  7.979  5.803 0.0000000000
81961  43.912  4.380  6.345 0.0000000000
131421  43.515  3.374  9.457 0.0000000000
86002  41.602  9.110  22.423 0.0000000000
86011  41.571  9.574  19.517 0.0000000000
134110  54.239  13.085  7.877 0.0000000000
82752  45.970  5.835  11.130 0.0000000000
84453  45.599  7.411  9.028 0.0000000000
140691  48.416  6.337  8.667 0.0000000000
83603  51.271  6.663  6.522 0.0000000000
89513  53.076  13.167  15.215 0.0000000000
89501  49.758  13.994  16.314 0.0000000000
87671  48.187  11.733  15.006 0.0000000000
86046  46.494  9.544  14.314 0.0000000000
86027  43.552  9.242  17.047 0.0000000000
84422  44.397  7.029  15.085 0.0000000000
83555  45.176  6.347  13.278 0.0000000000
80997  47.410  3.593  13.631 0.0000000000
83470  42.025  6.782  24.513 0.0000000000
92142  47.748  18.008  11.453 0.0000000000
92136  45.052  17.257  11.630 0.0000000000
92159  42.193  16.530  8.076 0.0000000000
89584  43.338  14.125  9.400 0.0000000000
87725  44.764  11.349  10.621 0.0000000000
87711  53.907  10.959  11.979 0.0000000000
127652  53.801  11.385  8.275 0.0000000000
88660  51.185  12.936  5.727 0.0000000000
86095  46.038  9.961  7.669 0.0000000000
87759  47.250  11.730  5.124 0.0000000000
133136  49.076  14.276  3.725 0.0000000000
131374  45.504  11.777  5.529 0.0000000000
86090  44.390  9.760  8.510 0.0000000000
91273  41.072  15.824  13.051 0.0000000000
92121  42.865  16.020  12.797 0.0000000000
88542  45.490  13.103  19.892 0.0000000000
88529  43.919  12.457  19.926 0.0000000000
89591  51.065  13.562  9.058 0.0000000000
122627  49.221  13.579  9.802 0.0000000000
89603  49.034  13.974  8.754 0.0000000000
90445  47.978  14.827  7.208 0.0000000000
141766  48.660  14.977  6.656 0.0000000000
86060  46.893  9.613  12.352 0.0000000000
86068  47.282  10.096  11.693 0.0000000000
124265  46.266  9.608  10.714 0.0000000000
82801  47.145  5.491  6.018 0.0000000000
83622  45.900  6.168  4.841 0.0000000000
82811  45.102  5.387  5.291 0.0000000000
82812  44.389  5.611  5.168 0.0000000000
81955  44.454  3.878  6.574 0.0000000000
81055  43.921  2.956  7.232 0.0000000000
81053  45.111  3.597  7.342 0.0000000000
85201  40.647  7.930  21.622 0.0000000000
88634  54.126  13.073  10.434 0.0000000000
88642  55.234  12.126  8.964 0.0000000000
82751  47.654  5.128  11.028 0.0000000000
82765  47.352  5.540  10.334 0.0000000000
131370  49.328  5.464  10.556 0.0000000000
83592  51.594  6.649  7.270 0.0000000000
81951  52.445  5.876  7.011 0.0000000000
82790  50.950  5.957  6.170 0.0000000000
88573  45.707  12.417  16.706 0.0000000000
88571  47.657  12.900  15.936 0.0000000000
87673  46.793  11.502  15.523 0.0000000000
86819  46.820  10.275  14.669 0.0000000000
86038  46.124  9.907  14.964 0.0000000000
84396  41.859  8.127  19.183 0.0000000000
86018  42.512  9.430  18.222 0.0000000000
84403  42.851  8.039  18.057 0.0000000000
138585  45.016  4.623  15.807 0.0000000000
118293  44.211  5.742  15.886 0.0000000000
82728  44.634  5.629  14.671 0.0000000000
141741  44.883  6.591  13.900 0.0000000000
81894  45.297  4.907  13.874 0.0000000000
81911  45.709  4.845  13.131 0.0000000000
80987  46.231  3.762  14.412 0.0000000000
80967  49.994  3.790  15.085 0.0000000000
139670  47.042  14.652  12.035 0.0000000000
91280  48.076  15.665  12.625 0.0000000000
91281  46.721  16.069  11.897 0.0000000000
92894  46.287  17.996  11.639 0.0000000000
91290  44.591  16.901  11.121 0.0000000000
92147  43.564  16.834  9.986 0.0000000000
91299  44.108  16.695  9.689 0.0000000000
89612  44.752  15.553  6.499 0.0000000000
90461  43.595  16.039  6.318 0.0000000000
127603  44.425  13.867  8.061 0.0000000000
88644  44.352  12.862  10.548 0.0000000000
88649  45.236  12.229  9.300 0.0000000000
88606  52.027  12.263  14.330 0.0000000000
88605  53.039  12.173  14.287 0.0000000000
87701  52.166  11.341  13.260 0.0000000000
86871  49.573  11.027  9.928 0.0000000000
86856  51.290  10.682  10.287 0.0000000000
87730  51.125  11.213  8.748 0.0000000000
87749  52.567  12.388  6.674 0.0000000000
88661  49.948  12.467  6.572 0.0000000000
83608  46.385  6.911  7.780 0.0000000000
85290  45.597  8.230  7.966 0.0000000000
85296  45.728  8.507  6.476 0.0000000000
86120  46.382  9.670  2.642 0.0000000000
86114  46.441  10.140  3.854 0.0000000000
87774  46.810  11.804  2.555 0.0000000000
88680  48.515  13.760  3.602 0.0000000000
88690  47.110  12.997  2.362 0.0000000000
88681  46.859  13.446  3.962 0.0000000000
130601  45.260  11.227  3.397 0.0000000000
84460  43.413  7.689  7.345 0.0000000000
85297  44.053  8.930  7.259 0.0000000000
85291  43.487  8.435  8.516 0.0000000000
85284  43.206  8.344  9.344 0.0000000000
87697  57.310  10.781  12.578 0.0000000000
91283  40.536  15.563  11.819 0.0000000000
122092  40.150  15.040  10.085 0.0000000000
89463  48.105  13.915  18.159 0.0000000000
89449  46.846  13.553  19.105 0.0000000000
89486  45.811  13.320  17.787 0.0000000000
87653  44.394  11.716  17.162 0.0000000000
82692  44.017  6.154  18.008 0.0000000000
89565  49.575  13.502  11.781 0.0000000000
89567  48.149  13.711  11.411 0.0000000000
90424  46.892  14.157  10.430 0.0000000000
90435  45.440  15.071  8.840 0.0000000000
129344  46.081  14.940  7.961 0.0000000000
90460  45.412  15.372  6.723 0.0000000000
88664  46.269  13.811  6.135 0.0000000000
86816  49.408  10.842  13.862 0.0000000000
86835  50.931  10.639  12.723 0.0000000000
86846  49.094  10.482  12.125 0.0000000000
86859  48.285  10.797  10.627 0.0000000000
87733  47.788  11.225  9.273 0.0000000000
84466  48.614  7.258  5.149 0.0000000000
136383  46.605  8.002  4.857 0.0000000000
83628  47.227  7.335  5.022 0.0000000000
84485  46.158  8.193  3.061 0.0000000000
84496  45.025  8.440  2.036 0.0000000000
86115  44.441  9.616  3.482 0.0000000000
84481  43.858  7.443  4.141 0.0000000000
83616  43.642  6.254  5.856 0.0000000000
132403  43.348  6.175  7.477 0.0000000000
81046  43.704  1.670  8.482 0.0000000000
86767  42.344  10.615  21.859 0.0000000000
87625  42.559  11.407  20.533 0.0000000000
134118  41.292  9.604  21.087 0.0000000000
118351  41.275  8.072  19.981 0.0000000000
83513  42.096  6.620  19.466 0.0000000000
89562  53.013  13.237  11.348 0.0000000000
89590  52.134  13.433  9.125 0.0000000000
89600  52.919  14.205  6.913 0.0000000000
83568  45.522  6.597  11.318 0.0000000000
85269  45.412  7.952  10.758 0.0000000000
135504  45.838  6.349  10.476 0.0000000000
83584  46.527  6.279  9.090 0.0000000000
83594  47.629  6.700  7.745 0.0000000000
138586  50.021  6.197  9.224 0.0000000000
139582  50.455  6.990  6.993 0.0000000000
83605  49.677  7.342  6.077 0.0000000000
82808  49.826  6.700  5.010 0.0000000000
82792  49.005  5.345  6.348 0.0000000000
81944  47.517  4.403  7.729 0.0000000000
81044  46.351  3.836  8.114 0.0000000000
89514  51.914  13.431  15.396 0.0000000000
88589  50.662  12.820  14.992 0.0000000000
89502  48.863  13.833  16.419 0.0000000000
88591  49.008  12.629  15.337 0.0000000000
88609  49.408  12.084  14.787 0.0000000000
86817  48.382  10.716  14.105 0.0000000000
86053  47.234  9.694  13.185 0.0000000000
85254  46.164  8.716  13.131 0.0000000000
87639  42.432  11.231  18.810 0.0000000000
86793  43.320  10.738  17.534 0.0000000000
86800  44.594  10.439  16.422 0.0000000000
83544  43.572  6.866  17.028 0.0000000000
131363  43.960  7.932  16.275 0.0000000000
86040  44.838  9.120  15.707 0.0000000000
85246  45.402  8.176  14.273 0.0000000000
85255  45.653  8.074  13.446 0.0000000000
84437  45.372  7.210  12.025 0.0000000000
83562  45.647  5.930  11.948 0.0000000000
81910  46.437  4.646  12.491 0.0000000000
81908  48.403  4.290  12.261 0.0000000000
80985  48.011  3.368  14.259 0.0000000000
133552  49.277  3.544  13.481 0.0000000000
86001  42.320  9.201  22.835 0.0000000000
85193  41.432  7.860  23.027 0.0000000000
83471  41.229  6.427  24.207 0.0000000000
92883  49.918  17.483  12.452 0.0000000000
92871  48.064  17.915  12.893 0.0000000000
92137  43.725  16.446  11.957 0.0000000000
92148  42.632  16.438  10.169 0.0000000000
133619  40.897  15.246  8.666 0.0000000000
92165  43.425  16.443  6.596 0.0000000000
90449  41.820  15.512  7.151 0.0000000000
90427  42.130  14.386  9.267 0.0000000000
87710  55.532  10.769  11.455 0.0000000000
119418  51.645  10.599  12.071 0.0000000000
86855  53.273  10.728  10.290 0.0000000000
87723  55.442  11.293  9.384 0.0000000000
87739  54.023  12.165  7.529 0.0000000000
88658  53.387  13.606  6.296 0.0000000000
90454  52.082  14.192  5.752 0.0000000000
86084  45.649  8.871  9.556 0.0000000000
86873  46.465  10.396  9.278 0.0000000000
87744  47.106  11.223  8.121 0.0000000000
86103  45.829  9.195  6.002 0.0000000000
86891  46.650  10.840  6.010 0.0000000000
88663  48.145  12.189  6.763 0.0000000000
88672  48.693  13.137  5.148 0.0000000000
88678  50.359  14.340  4.617 0.0000000000
139367  50.004  15.034  4.348 0.0000000000
90477  47.953  14.561  4.679 0.0000000000
88673  46.305  13.208  5.633 0.0000000000
88674  45.814  12.757  6.663 0.0000000000
86893  44.715  10.191  5.430 0.0000000000
86886  44.770  10.225  7.054 0.0000000000
140156  45.381  11.301  8.238 0.0000000000
86085  44.332  9.803  9.420 0.0000000000
81924  43.286  4.296  11.060 0.0000000000
119162  43.051  16.019  13.780 0.0000000000
120788  43.814  16.240  14.146 0.0000000000
87619  44.239  12.171  21.102 0.0000000000
88528  44.639  12.601  20.435 0.0000000000
125710  43.374  11.828  21.019 0.0000000000
131886  50.462  14.101  7.835 0.0000000000
120350  50.090  13.769  8.784 0.0000000000
89602  49.823  14.275  7.832 0.0000000000
90444  48.955  14.626  7.476 0.0000000000
90443  49.822  14.623  6.857 0.0000000000
139509  46.113  8.893  12.170 0.0000000000
86069  46.509  9.566  11.481 0.0000000000
85268  45.791  8.871  11.022 0.0000000000
81958  46.214  5.008  6.294 0.0000000000
82802  46.294  5.660  5.528 0.0000000000
81959  45.074  4.663  5.963 0.0000000000
88625  57.212  11.390  11.858 0.0000000000
88632  56.122  11.681  10.028 0.0000000000
88633  55.478  12.369  9.803 0.0000000000
88641  55.719  11.514  9.542 0.0000000000
138271  48.919  4.690  11.688 0.0000000000
82750  48.622  5.084  11.104 0.0000000000
81921  49.521  5.075  11.194 0.0000000000
136850  52.684  6.080  7.237 0.0000000000
81039  52.373  5.277  7.335 0.0000000000
81952  51.746  5.534  6.805 0.0000000000
125965  41.390  13.786  10.860 0.0000000000
87664  45.483  11.637  16.367 0.0000000000
87663  46.201  11.969  16.144 0.0000000000
87674  45.980  11.148  15.807 0.0000000000
86808  46.420  10.663  15.272 0.0000000000
125860  45.728  10.330  15.553 0.0000000000
84387  42.328  7.298  19.034 0.0000000000
127815  42.472  7.854  18.613 0.0000000000
84395  42.979  7.214  18.387 0.0000000000
82719  44.652  5.189  15.344 0.0000000000
81861  45.210  4.523  15.101 0.0000000000
82727  44.969  5.043  14.545 0.0000000000
81878  45.398  4.505  14.440 0.0000000000
81893  45.799  4.195  13.925 0.0000000000
90411  46.517  15.233  11.892 0.0000000000
91288  45.989  16.181  11.608 0.0000000000
91289  45.438  16.753  11.353 0.0000000000
91298  44.783  16.114  10.545 0.0000000000
89604  45.136  13.981  7.204 0.0000000000
89594  44.944  13.063  8.712 0.0000000000
88607  51.116  12.245  14.419 0.0000000000
87686  51.601  11.740  13.858 0.0000000000
86825  51.086  11.167  13.413 0.0000000000
87731  49.953  11.260  9.086 0.0000000000
87741  50.488  11.556  8.134 0.0000000000
87751  49.892  11.869  7.585 0.0000000000
84458  46.452  7.269  6.640 0.0000000000
128782  45.726  7.900  7.053 0.0000000000
86915  45.642  10.278  1.894 0.0000000000
86903  46.505  10.892  2.562 0.0000000000
87781  46.542  11.727  2.362 0.0000000000
87780  47.123  12.632  2.407 0.0000000000
87782  46.223  11.765  2.299 0.0000000000
87775  45.904  11.994  2.676 0.0000000000
86904  45.503  11.219  2.354 0.0000000000
126596  43.149  7.096  7.781 0.0000000000
127526  43.284  7.837  8.140 0.0000000000
84454  42.907  7.337  8.553 0.0000000000
84449  43.073  7.907  8.782 0.0000000000
91282  41.797  15.934  12.438 0.0000000000
91293  39.765  14.884  10.906 0.0000000000
91292  40.579  15.484  10.637 0.0000000000
88540  47.269  13.274  19.770 0.0000000000
88541  46.499  13.245  19.833 0.0000000000
88547  44.382  12.705  18.629 0.0000000000
89451  45.119  13.262  18.924 0.0000000000
88546  45.040  13.164  18.095 0.0000000000
88558  45.330  12.790  17.388 0.0000000000
88559  44.469  12.376  17.745 0.0000000000
142071  51.267  13.474  12.091 0.0000000000
89550  50.836  13.839  12.722 0.0000000000
89579  50.271  13.354  10.939 0.0000000000
89592  48.306  13.748  9.650 0.0000000000
89581  48.595  13.526  10.605 0.0000000000
89582  47.753  13.757  10.507 0.0000000000
90434  46.449  14.470  9.253 0.0000000000
126020  47.239  15.124  6.412 0.0000000000
90446  46.250  15.209  6.628 0.0000000000
90459  46.728  15.049  5.989 0.0000000000
89618  46.633  14.932  5.947 0.0000000000
86827  48.725  10.507  13.469 0.0000000000
86836  49.342  10.474  13.035 0.0000000000
123404  47.650  10.507  11.045 0.0000000000
141498  48.208  10.607  11.198 0.0000000000
86872  48.146  11.078  9.903 0.0000000000
83620  48.957  6.972  4.854 0.0000000000
84472  48.497  7.094  5.017 0.0000000000
83621  47.868  6.981  4.949 0.0000000000
133355  45.476  6.604  4.239 0.0000000000
84479  45.895  7.432  3.648 0.0000000000
83630  45.071  6.934  3.779 0.0000000000
84486  45.236  7.868  2.919 0.0000000000
83636  44.567  7.455  3.455 0.0000000000
84480  44.133  7.411  3.686 0.0000000000
83631  44.279  6.833  3.998 0.0000000000
82803  44.053  4.923  5.775 0.0000000000
82813  43.940  5.717  5.368 0.0000000000
82793  43.688  5.541  6.353 0.0000000000
136241  43.624  5.106  7.234 0.0000000000
81957  43.769  4.022  7.100 0.0000000000
134818  43.951  2.586  7.400 0.0000000000
86762  42.161  9.930  22.374 0.0000000000
86768  41.646  10.022  21.610 0.0000000000
86007  41.231  9.258  21.629 0.0000000000
85205  40.762  8.099  20.803 0.0000000000
84381  40.998  7.310  20.331 0.0000000000
84388  41.627  7.314  19.634 0.0000000000
83514  41.406  6.547  20.026 0.0000000000
88643  54.502  12.889  9.432 0.0000000000
89577  53.107  13.244  10.363 0.0000000000
89589  53.528  13.244  9.035 0.0000000000
122424  52.131  13.624  8.150 0.0000000000
89599  53.375  13.522  7.767 0.0000000000
84443  45.473  7.099  10.561 0.0000000000
82776  48.141  5.970  9.500 0.0000000000
82777  47.010  5.812  9.591 0.0000000000
83583  47.562  6.305  8.684 0.0000000000
83595  46.795  6.535  8.211 0.0000000000
82763  50.117  5.859  9.947 0.0000000000
82774  50.960  6.149  9.096 0.0000000000
83581  50.703  6.512  8.237 0.0000000000
83604  50.480  7.113  5.746 0.0000000000
83613  49.854  7.206  5.147 0.0000000000
83612  50.030  7.000  5.095 0.0000000000
82791  49.938  5.604  6.200 0.0000000000
120387  48.176  4.944  6.854 0.0000000000
81954  48.990  4.791  7.227 0.0000000000
89500  50.676  14.122  16.200 0.0000000000
89499  51.592  14.136  16.091 0.0000000000
89515  51.084  13.514  15.484 0.0000000000
89516  50.201  13.489  15.591 0.0000000000
89484  47.506  13.787  17.355 0.0000000000
89483  48.440  14.038  17.265 0.0000000000
88592  47.545  12.074  15.470 0.0000000000
88570  48.489  13.201  15.841 0.0000000000
125923  48.266  12.436  15.428 0.0000000000
137948  48.751  12.045  15.008 0.0000000000
87689  48.878  11.415  14.519 0.0000000000
87690  48.113  11.181  14.603 0.0000000000
86045  47.289  9.951  14.007 0.0000000000
86054  46.654  9.341  13.606 0.0000000000
85245  46.079  8.815  13.928 0.0000000000
86773  41.910  10.860  20.155 0.0000000000
87629  42.419  11.416  19.613 0.0000000000
124499  41.948  10.769  19.375 0.0000000000
86028  43.055  9.295  17.608 0.0000000000
86794  42.782  10.122  17.869 0.0000000000
129371  43.310  9.881  17.332 0.0000000000
86801  43.867  10.026  16.809 0.0000000000
86034  43.978  9.245  16.565 0.0000000000
83536  43.539  6.744  17.805 0.0000000000
83535  43.838  6.195  17.113 0.0000000000
142695  44.108  6.419  15.646 0.0000000000
84415  44.002  7.144  15.864 0.0000000000
85240  44.499  8.113  15.567 0.0000000000
85231  44.284  8.776  16.184 0.0000000000
85239  45.163  8.670  15.066 0.0000000000
85247  44.851  7.870  14.844 0.0000000000
84427  45.206  7.317  13.682 0.0000000000
84431  45.401  7.253  12.945 0.0000000000
132751  45.395  6.481  12.478 0.0000000000
82740  45.506  5.694  12.766 0.0000000000
81892  46.938  3.994  13.024 0.0000000000
81909  47.419  4.349  12.315 0.0000000000
81005  47.870  3.862  12.895 0.0000000000
80969  48.210  3.619  15.707 0.0000000000
80984  49.579  3.480  14.217 0.0000000000
80995  50.020  3.606  13.589 0.0000000000
85995  43.039  8.655  23.307 0.0000000000
84361  42.769  6.850  24.571 0.0000000000
85188  42.251  7.047  23.774 0.0000000000
123891  41.687  6.585  23.917 0.0000000000
92133  48.240  17.217  11.681 0.0000000000
126834  49.104  17.532  11.943 0.0000000000
92884  49.025  17.861  12.015 0.0000000000
93619  49.644  17.760  12.647 0.0000000000
92870  48.869  17.941  12.582 0.0000000000
92885  48.154  18.064  11.821 0.0000000000
92135  45.701  17.704  11.866 0.0000000000
128654  44.531  16.728  12.370 0.0000000000
141733  44.499  16.930  11.629 0.0000000000
92152  42.907  16.835  9.010 0.0000000000
92153  41.896  16.224  9.262 0.0000000000
92160  41.368  15.852  8.329 0.0000000000
91313  44.630  15.948  7.550 0.0000000000
91314  43.982  16.460  6.796 0.0000000000
89595  43.677  14.398  8.188 0.0000000000
91315  42.325  16.051  6.381 0.0000000000
90436  42.482  14.774  8.151 0.0000000000
90437  41.334  14.939  8.201 0.0000000000
118347  43.020  13.948  10.359 0.0000000000
125251  43.752  13.540  10.255 0.0000000000
129673  44.652  12.130  10.823 0.0000000000
88586  53.812  12.416  14.655 0.0000000000
87684  53.678  11.539  13.542 0.0000000000
139049  53.993  11.786  14.069 0.0000000000
87699  54.639  11.013  12.564 0.0000000000
87698  56.251  10.752  12.174 0.0000000000
86845  50.731  10.482  11.858 0.0000000000
86844  51.434  10.541  11.230 0.0000000000
86868  52.698  10.861  9.434 0.0000000000
139433  52.157  10.628  10.549 0.0000000000
86854  54.674  10.783  10.017 0.0000000000
86867  54.282  11.009  9.106 0.0000000000
134685  54.716  11.768  8.446 0.0000000000
123546  52.111  12.825  6.083 0.0000000000
87748  53.474  12.752  6.697 0.0000000000
88659  52.975  13.184  5.940 0.0000000000
88669  52.739  13.957  5.815 0.0000000000
89616  51.685  14.088  5.511 0.0000000000
84448  45.459  7.633  9.911 0.0000000000
85277  45.545  8.485  10.132 0.0000000000
129101  45.480  8.166  9.343 0.0000000000
131191  45.669  9.071  7.904 0.0000000000
86088  45.962  9.780  8.598 0.0000000000
86879  46.496  10.635  8.374 0.0000000000
86884  46.604  10.918  7.293 0.0000000000
85313  46.353  8.420  4.377 0.0000000000
85304  45.958  8.568  5.431 0.0000000000
86110  46.125  9.240  4.856 0.0000000000
86897  46.715  10.963  4.541 0.0000000000
130753  47.120  11.442  6.445 0.0000000000
87758  47.703  12.270  5.988 0.0000000000
88662  49.027  12.566  6.281 0.0000000000
88679  49.553  14.221  4.121 0.0000000000
90474  50.359  14.692  4.679 0.0000000000
90475  49.416  14.803  4.149 0.0000000000
90467  49.460  15.262  4.856 0.0000000000
90476  48.626  14.358  3.887 0.0000000000
88682  46.066  12.609  4.855 0.0000000000
134240  45.857  12.421  6.028 0.0000000000
85324  44.080  8.684  4.044 0.0000000000
86111  44.373  9.502  4.757 0.0000000000
85314  44.042  8.730  5.265 0.0000000000
124538  44.393  9.631  7.612 0.0000000000
86097  44.389  9.503  6.770 0.0000000000
86885  45.356  11.106  7.372 0.0000000000
86880  44.825  10.450  7.951 0.0000000000
86874  44.971  10.729  8.964 0.0000000000
85285  42.709  7.961  9.898 0.0000000000
128552  43.739  9.113  9.806 0.0000000000
81938  43.473  4.147  9.155 0.0000000000
81931  43.421  4.225  10.150 0.0000000000
91262  41.512  15.925  14.112 0.0000000000
91272  42.142  15.916  13.456 0.0000000000
88543  44.508  12.810  19.518 0.0000000000
88544  43.672  12.393  19.207 0.0000000000
121923  51.043  13.383  10.117 0.0000000000
119332  50.127  13.457  9.975 0.0000000000
90433  48.076  14.281  8.515 0.0000000000
86838  47.672  10.095  12.544 0.0000000000
86848  46.877  10.153  10.857 0.0000000000
133401  46.959  6.578  4.972 0.0000000000
82818  44.992  5.915  4.728 0.0000000000
81966  44.444  4.905  5.699 0.0000000000
81960  44.202  4.308  6.155 0.0000000000
81956  43.964  3.632  6.608 0.0000000000
81054  44.024  3.070  7.054 0.0000000000
122834  44.250  2.519  7.696 0.0000000000
85200  40.938  8.484  22.065 0.0000000000
89561  54.403  13.007  11.126 0.0000000000
88648  54.650  12.656  8.443 0.0000000000
119881  46.733  5.338  11.030 0.0000000000
82766  46.481  5.774  10.388 0.0000000000
82764  48.351  5.505  10.418 0.0000000000
82775  49.189  5.829  9.742 0.0000000000
83580  51.793  6.557  8.186 0.0000000000
83578  52.738  6.226  7.629 0.0000000000
83602  52.147  6.352  7.019 0.0000000000
82789  51.760  6.170  6.721 0.0000000000
82797  50.694  6.672  5.950 0.0000000000
81953  50.449  5.039  7.070 0.0000000000
90366  50.279  14.322  17.115 0.0000000000
88557  46.119  13.046  17.086 0.0000000000
89504  46.961  13.265  16.637 0.0000000000
88593  46.903  12.439  16.013 0.0000000000
87672  47.544  11.324  15.027 0.0000000000
86807  47.020  10.889  14.995 0.0000000000
85216  41.760  8.953  19.118 0.0000000000
86019  41.932  9.537  18.838 0.0000000000
85215  42.318  8.652  18.553 0.0000000000
85224  42.803  8.744  17.947 0.0000000000
85223  43.285  8.437  17.404 0.0000000000
81846  44.596  5.152  16.330 0.0000000000
119940  44.130  5.752  16.562 0.0000000000
83548  44.346  6.002  15.157 0.0000000000
83551  44.598  6.358  14.478 0.0000000000
82733  44.880  5.723  13.968 0.0000000000
138444  45.298  5.472  13.383 0.0000000000
136225  46.253  4.261  13.269 0.0000000000
80998  46.541  3.786  13.771 0.0000000000
81859  49.242  3.946  15.844 0.0000000000
124328  50.736  4.286  15.550 0.0000000000
90415  47.830  14.298  12.275 0.0000000000
126364  48.066  14.888  12.853 0.0000000000
90410  47.321  15.179  12.390 0.0000000000
140855  47.441  16.170  12.134 0.0000000000
92134  47.271  17.466  11.435 0.0000000000
92143  46.976  18.113  11.362 0.0000000000
92144  46.353  17.487  11.487 0.0000000000
92145  45.615  17.543  11.831 0.0000000000
124743  44.248  16.953  10.980 0.0000000000
92146  43.950  16.911  10.154 0.0000000000
92151  43.475  16.777  8.896 0.0000000000
121678  44.405  16.086  6.384 0.0000000000
89605  44.203  15.020  6.934 0.0000000000
89583  44.221  13.486  9.385 0.0000000000
87724  45.062  12.042  10.156 0.0000000000
87734  45.188  11.532  9.687 0.0000000000
88587  52.421  12.797  14.877 0.0000000000
141569  53.048  12.602  14.749 0.0000000000
87685  52.591  11.734  13.733 0.0000000000
87712  52.744  11.089  12.669 0.0000000000
86857  50.176  10.736  10.533 0.0000000000
86870  50.594  10.934  9.683 0.0000000000
86869  51.614  10.919  9.316 0.0000000000
87729  52.516  11.267  8.352 0.0000000000
141136  53.501  11.620  7.768 0.0000000000
87740  51.800  11.610  7.675 0.0000000000
87750  51.109  12.214  6.961 0.0000000000
84459  45.789  7.380  7.960 0.0000000000
132589  45.512  7.956  8.636 0.0000000000
139201  45.639  8.536  7.320 0.0000000000
86096  45.694  9.193  7.004 0.0000000000
85322  46.385  8.754  3.026 0.0000000000
130914  46.711  11.168  3.216 0.0000000000
87767  47.249  12.087  3.304 0.0000000000
87766  47.901  12.843  4.161 0.0000000000
87773  47.690  13.132  2.993 0.0000000000
88685  47.314  13.163  2.589 0.0000000000
89630  47.285  13.161  2.609 0.0000000000
129518  47.418  13.374  2.945 0.0000000000
88686  46.980  13.154  2.543 0.0000000000
88687  46.355  12.690  3.306 0.0000000000
87768  45.621  11.944  4.081 0.0000000000
134016  43.513  7.577  6.560 0.0000000000
85305  44.056  8.819  6.346 0.0000000000
85306  43.670  8.278  6.873 0.0000000000
85298  43.619  8.395  7.729 0.0000000000
86091  43.995  9.001  8.100 0.0000000000
86086  43.868  9.028  8.944 0.0000000000
87708  57.126  10.937  11.764 0.0000000000
90430  40.006  14.520  10.274 0.0000000000
89464  47.176  13.805  18.279 0.0000000000
89450  45.992  13.403  19.110 0.0000000000
89465  46.338  13.571  18.377 0.0000000000
87652  44.963  12.122  16.926 0.0000000000
86799  44.766  11.322  16.609 0.0000000000
83524  43.389  6.416  18.526 0.0000000000
82677  43.800  5.766  18.767 0.0000000000
82676  44.533  5.596  18.312 0.0000000000
82675  44.982  5.291  17.783 0.0000000000
81831  44.858  4.991  17.059 0.0000000000
81845  45.229  4.552  16.531 0.0000000000
81860  45.682  4.070  15.755 0.0000000000
80971  46.356  3.669  15.159 0.0000000000
90408  49.877  14.273  13.153 0.0000000000
89552  49.293  13.930  12.709 0.0000000000
89580  49.413  13.405  10.772 0.0000000000
138811  48.863  13.493  11.364 0.0000000000
89566  48.688  13.770  12.128 0.0000000000
90416  47.334  14.096  11.398 0.0000000000
122732  46.523  14.619  11.374 0.0000000000
90425  45.989  14.658  10.316 0.0000000000
90426  45.297  15.291  10.108 0.0000000000
90447  45.385  15.618  6.880 0.0000000000
123973  47.006  14.646  7.984 0.0000000000
89611  45.868  14.710  6.421 0.0000000000
88665  45.677  13.248  7.036 0.0000000000
87702  50.241  11.140  13.809 0.0000000000
86826  50.197  10.731  13.292 0.0000000000
118756  50.013  10.510  12.432 0.0000000000
120146  49.803  10.570  11.432 0.0000000000
86847  48.153  10.453  11.813 0.0000000000
121174  48.794  10.602  11.303 0.0000000000
86858  49.238  10.778  10.664 0.0000000000
136658  48.792  11.044  10.114 0.0000000000
87732  48.799  11.295  9.362 0.0000000000
87743  48.302  11.505  8.561 0.0000000000
84467  47.336  7.339  5.144 0.0000000000
84473  46.675  7.814  4.455 0.0000000000
85312  46.403  8.262  3.696 0.0000000000
83629  46.629  7.059  4.439 0.0000000000
84478  46.584  7.830  3.976 0.0000000000
85331  46.164  8.862  2.433 0.0000000000
85344  45.577  8.867  1.899 0.0000000000
86128  45.053  9.572  1.757 0.0000000000
86121  44.740  9.772  2.240 0.0000000000
85332  44.373  8.734  2.907 0.0000000000
84488  44.011  8.106  3.632 0.0000000000
85325  43.779  7.995  4.597 0.0000000000
83623  44.129  6.254  4.659 0.0000000000
83624  43.808  6.478  5.085 0.0000000000
84469  43.530  7.035  5.827 0.0000000000
83609  43.410  6.764  6.762 0.0000000000
82778  43.289  5.211  8.874 0.0000000000
122192  43.633  2.826  8.354 0.0000000000
81034  43.492  2.334  9.195 0.0000000000
86766  42.966  10.906  22.031 0.0000000000
87620  42.757  11.208  21.399 0.0000000000
86770  42.086  10.765  21.034 0.0000000000
86771  41.571  10.210  20.677 0.0000000000
86009  41.312  9.484  20.376 0.0000000000
123688  40.924  8.862  21.169 0.0000000000
125852  41.083  8.720  20.427 0.0000000000
85207  41.411  8.843  19.730 0.0000000000
143223  42.558  6.104  19.382 0.0000000000
89549  51.984  13.548  12.309 0.0000000000
89563  51.803  13.355  11.333 0.0000000000
89578  52.035  13.342  10.218 0.0000000000
89601  51.346  13.930  7.687 0.0000000000
140250  45.408  7.393  11.268 0.0000000000
83585  45.769  6.765  9.641 0.0000000000
83573  46.303  6.171  9.849 0.0000000000
83596  46.060  6.801  8.623 0.0000000000
83607  47.092  6.861  7.187 0.0000000000
83582  49.367  6.369  8.611 0.0000000000
83593  48.759  6.739  7.646 0.0000000000
83606  48.331  7.162  6.638 0.0000000000
83614  49.077  7.350  5.452 0.0000000000
84465  49.385  7.111  4.932 0.0000000000
82809  49.217  6.565  5.070 0.0000000000
82798  50.220  6.444  5.473 0.0000000000
82799  49.539  6.063  5.490 0.0000000000
82800  48.298  5.633  5.968 0.0000000000
131600  47.052  4.839  6.792 0.0000000000
136357  46.344  4.276  7.451 0.0000000000
81043  47.345  3.810  8.682 0.0000000000
139642  52.451  13.327  15.314 0.0000000000
88588  51.533  12.825  14.893 0.0000000000
88608  50.238  12.174  14.582 0.0000000000
125141  49.000  14.209  18.048 0.0000000000
89482  49.342  14.263  17.170 0.0000000000
89503  47.974  13.526  16.552 0.0000000000
89517  49.329  13.394  15.719 0.0000000000
88590  49.801  12.752  15.160 0.0000000000
87688  49.826  11.480  14.297 0.0000000000
86828  47.953  10.251  13.446 0.0000000000
86818  47.577  10.662  14.488 0.0000000000
139989  47.817  10.376  14.039 0.0000000000
86061  46.613  9.248  12.906 0.0000000000
87624  43.166  12.029  19.967 0.0000000000
87628  42.916  11.910  18.997 0.0000000000
86784  42.223  10.345  18.629 0.0000000000
87638  43.040  11.496  18.257 0.0000000000
87654  43.774  11.627  17.663 0.0000000000
86792  44.094  10.988  16.987 0.0000000000
84402  43.299  7.480  17.615 0.0000000000
84410  43.558  7.711  16.917 0.0000000000
83543  43.853  6.385  16.348 0.0000000000
84409  43.716  7.153  16.473 0.0000000000
85232  43.755  8.571  16.704 0.0000000000
86033  44.468  9.583  16.260 0.0000000000
86810  45.079  9.955  15.890 0.0000000000
86039  45.472  9.517  15.317 0.0000000000
86047  45.772  9.127  14.617 0.0000000000
84421  44.858  7.248  14.342 0.0000000000
85262  45.645  8.061  12.574 0.0000000000
139974  45.446  6.547  11.935 0.0000000000
82739  46.225  5.304  11.775 0.0000000000
142732  45.856  5.258  12.413 0.0000000000
81923  47.051  4.847  11.677 0.0000000000
81922  47.988  4.662  11.640 0.0000000000
80986  47.029  3.492  14.514 0.0000000000
80968  48.807  3.499  14.895 0.0000000000
137613  48.821  3.351  14.056 0.0000000000
80996  48.376  3.529  13.504 0.0000000000
81004  48.866  3.856  12.834 0.0000000000
81907  49.334  4.341  12.221 0.0000000000
133554  43.697  10.618  22.465 0.0000000000
86761  42.838  10.319  22.441 0.0000000000
85192  42.204  8.250  23.247 0.0000000000
83482  40.631  5.839  24.082 0.0000000000
92861  47.684  17.692  14.203 0.0000000000
92886  46.732  18.133  11.680 0.0000000000
92872  46.701  17.708  12.906 0.0000000000
92862  46.734  17.487  14.295 0.0000000000
92120  43.776  16.257  13.126 0.0000000000
92138  42.594  16.118  11.823 0.0000000000
134130  43.241  16.454  11.022 0.0000000000
137647  42.307  16.187  11.017 0.0000000000
91300  41.545  15.970  10.353 0.0000000000
90439  40.415  14.929  9.447 0.0000000000
90429  40.381  14.587  9.728 0.0000000000
91305  44.571  15.754  9.236 0.0000000000
91306  43.911  16.456  8.203 0.0000000000
92158  42.912  16.890  7.813 0.0000000000
91323  42.970  16.160  6.384 0.0000000000
138759  42.203  16.159  6.466 0.0000000000
92167  41.705  16.128  7.148 0.0000000000
91307  41.394  15.532  7.812 0.0000000000
90438  40.840  15.018  8.620 0.0000000000
90428  40.925  14.507  9.297 0.0000000000
89585  41.695  14.046  10.173 0.0000000000
87683  56.183  11.025  13.279 0.0000000000
87719  55.889  10.890  10.562 0.0000000000
86834  51.849  10.908  12.765 0.0000000000
86833  52.658  10.768  12.082 0.0000000000
121810  52.415  10.624  11.306 0.0000000000
86843  53.615  10.738  11.142 0.0000000000
86842  55.055  10.685  10.807 0.0000000000
86841  55.762  10.967  9.971 0.0000000000
139821  55.791  11.196  9.728 0.0000000000
87728  55.221  11.759  9.047 0.0000000000
88647  54.854  12.130  8.500 0.0000000000
120880  54.493  12.576  7.774 0.0000000000
87738  54.028  13.085  6.980 0.0000000000
88654  54.049  13.198  7.310 0.0000000000
89608  53.567  13.725  6.767 0.0000000000
130651  52.150  14.293  6.271 0.0000000000
90455  51.169  14.485  5.747 0.0000000000
86077  45.858  9.291  10.154 0.0000000000
86861  46.384  10.048  10.090 0.0000000000
86089  45.627  8.804  8.781 0.0000000000
86083  45.926  9.577  9.411 0.0000000000
86878  47.038  11.035  8.989 0.0000000000
133641  47.567  11.327  8.604 0.0000000000
87753  47.848  11.597  7.872 0.0000000000
84468  46.082  7.902  5.886 0.0000000000
86102  46.148  10.018  6.619 0.0000000000
86109  46.320  10.016  5.412 0.0000000000
87752  48.842  11.918  7.505 0.0000000000
88671  49.998  13.441  5.268 0.0000000000
88670  51.101  13.831  5.224 0.0000000000
89622  50.833  14.127  5.093 0.0000000000
90465  51.029  14.357  5.334 0.0000000000
90456  50.251  14.878  6.107 0.0000000000
90468  48.448  15.027  4.867 0.0000000000
90469  47.445  14.842  5.454 0.0000000000
89625  47.768  13.910  3.875 0.0000000000
89617  47.076  14.187  5.148 0.0000000000
87755  45.540  12.100  7.697 0.0000000000
86905  44.852  10.571  2.830 0.0000000000
86899  44.717  10.387  4.141 0.0000000000
86898  45.231  10.986  4.877 0.0000000000
86104  44.377  9.456  5.865 0.0000000000
134167  44.654  10.029  6.309 0.0000000000
86892  45.166  10.817  6.231 0.0000000000
87760  45.578  11.847  6.703 0.0000000000
87745  45.401  11.800  8.772 0.0000000000
86862  44.703  10.584  9.955 0.0000000000
86078  44.230  9.840  10.277 0.0000000000
132265  45.432  3.261  8.185 0.0000000000
81045  44.088  2.121  7.837 0.0000000000
81950  52.509  6.095  7.121 0.0000000000
83525  42.779  6.616  18.985 0.0000000000
83579  52.512  6.411  8.083 0.0000000000
83590  52.643  6.172  7.280 0.0000000000
83591  52.365  6.434  7.484 0.0000000000
83619  49.676  6.996  4.845 0.0000000000
83632  43.931  6.833  4.284 0.0000000000
84464  49.785  7.079  4.904 0.0000000000
84474  43.715  7.263  4.941 0.0000000000
84487  44.565  8.109  2.878 0.0000000000
84495  45.626  8.398  2.346 0.0000000000
85278  43.188  8.538  10.228 0.0000000000
85345  45.034  8.962  1.694 0.0000000000
85346  44.750  8.834  1.980 0.0000000000
86126  46.004  9.621  2.043 0.0000000000
86127  45.421  9.464  1.786 0.0000000000
86774  41.603  10.235  19.876 0.0000000000
86783  42.685  10.842  18.194 0.0000000000
86785  41.747  10.148  19.234 0.0000000000
86909  46.223  10.598  2.138 0.0000000000
86911  45.172  10.630  2.137 0.0000000000
86916  45.215  10.285  1.925 0.0000000000
87607  43.475  11.326  21.784 0.0000000000
87623  43.830  12.262  20.510 0.0000000000
87700  53.264  11.281  12.988 0.0000000000
87709  56.304  10.988  11.087 0.0000000000
87717  56.407  11.431  11.020 0.0000000000
87754  47.432  11.554  7.188 0.0000000000
87786  46.084  11.105  2.008 0.0000000000
88572  46.375  12.653  16.526 0.0000000000
88650  44.816  12.628  9.793 0.0000000000
88691  46.712  12.594  2.400 0.0000000000
89466  45.645  13.394  18.438 0.0000000000
89551  50.020  13.740  12.500 0.0000000000
89564  50.652  13.435  11.804 0.0000000000
89609  53.062  14.225  6.104 0.0000000000
89623  49.813  14.666  4.200 0.0000000000
89624  47.933  13.465  3.299 0.0000000000
90448  43.048  15.397  7.079 0.0000000000
90450  41.516  15.403  7.692 0.0000000000
90457  49.467  15.176  6.016 0.0000000000
90458  48.369  15.201  5.888 0.0000000000
90466  50.383  15.035  5.038 0.0000000000
91301  40.811  15.512  9.482 0.0000000000
91316  41.762  15.878  6.846 0.0000000000
91322  43.829  16.175  6.382 0.0000000000
92157  43.410  16.700  7.397 0.0000000000
92166  42.379  16.547  7.138 0.0000000000
92172  42.880  16.562  6.792 0.0000000000
119484  52.030  13.500  5.701 0.0000000000
123737  45.232  17.188  12.439 0.0000000000
127518  47.424  18.110  12.194 0.0000000000
128333  46.823  12.527  2.366 0.0000000000
130749  44.489  10.520  10.683 0.0000000000
132716  42.734  9.630  22.786 0.0000000000
136781  53.110  11.876  7.328 0.0000000000
137009  48.440  17.875  11.716 0.0000000000
137026  47.379  18.123  11.504 0.0000000000
137399  40.076  14.269  10.193 0.0000000000
140838  44.731  12.374  10.390 0.0000000000
142882  47.330  17.754  13.329 0.0000000000
