#!ascii label  , from subject sub-v2s12x28867_ses-1 vox2ras=TkReg
1897
62642  -36.166  -5.226  59.614 0.0000000000
76460  -51.449  8.643  38.663 0.0000000000
76390  -39.811  8.438  47.467 0.0000000000
138113  -2.727  -12.287  53.829 0.0000000000
148625  -18.928  -11.679  61.406 0.0000000000
146868  -3.851  -4.373  60.604 0.0000000000
60384  -2.500  -6.994  66.447 0.0000000000
72638  -45.974  4.195  43.670 0.0000000000
63644  -9.150  -4.645  54.964 0.0000000000
50061  -1.371  -17.466  57.749 0.0000000000
61671  -37.655  -6.461  50.344 0.0000000000
62637  -28.366  -5.730  60.104 0.0000000000
58364  -28.393  -9.419  63.749 0.0000000000
82306  -54.261  14.779  38.328 0.0000000000
74511  -42.890  6.732  45.172 0.0000000000
143990  -16.976  -17.334  55.382 0.0000000000
67408  -8.126  0.032  59.911 0.0000000000
60453  -2.502  -7.117  57.559 0.0000000000
63637  -1.615  -5.053  54.657 0.0000000000
57534  -2.328  -10.136  50.623 0.0000000000
48848  -5.286  -17.766  64.683 0.0000000000
51175  -1.981  -15.678  64.420 0.0000000000
72576  -39.568  4.215  49.787 0.0000000000
59316  -23.943  -8.312  66.463 0.0000000000
55488  -22.847  -11.724  58.498 0.0000000000
63535  -1.457  -4.379  62.940 0.0000000000
58385  -3.192  -9.791  60.376 0.0000000000
73636  -48.426  5.464  41.048 0.0000000000
47794  -9.393  -19.163  60.640 0.0000000000
47825  -14.437  -20.251  57.148 0.0000000000
63586  -6.876  -5.026  58.347 0.0000000000
64628  -4.140  -3.257  51.760 0.0000000000
56403  -4.325  -11.528  69.281 0.0000000000
55401  -1.476  -12.613  63.006 0.0000000000
54455  -1.442  -13.871  56.254 0.0000000000
62657  -38.332  -4.937  57.954 0.0000000000
61566  -34.481  -6.127  57.398 0.0000000000
61584  -37.216  -6.155  55.047 0.0000000000
61526  -33.098  -5.786  60.187 0.0000000000
62664  -31.817  -5.871  57.541 0.0000000000
61490  -32.597  -5.601  62.605 0.0000000000
79432  -53.280  11.973  37.959 0.0000000000
74573  -47.340  7.189  38.375 0.0000000000
76468  -49.382  8.719  36.456 0.0000000000
79456  -50.335  11.626  35.651 0.0000000000
76412  -41.296  8.569  46.657 0.0000000000
72600  -37.425  4.559  46.502 0.0000000000
74529  -38.058  6.870  45.077 0.0000000000
74545  -40.103  6.495  43.559 0.0000000000
58413  -4.252  -9.574  56.002 0.0000000000
59420  -2.962  -7.855  54.030 0.0000000000
56587  -3.131  -11.122  52.369 0.0000000000
55630  -1.828  -12.838  48.999 0.0000000000
126338  -1.659  -13.538  51.063 0.0000000000
51212  -6.564  -16.149  61.780 0.0000000000
51199  -3.751  -15.769  62.572 0.0000000000
70593  -40.443  2.561  50.533 0.0000000000
131515  -38.339  -3.223  50.698 0.0000000000
151288  -36.789  -4.278  48.246 0.0000000000
66565  -38.382  -1.363  49.566 0.0000000000
68630  -37.788  0.900  48.035 0.0000000000
63516  -25.608  -4.550  67.457 0.0000000000
146472  -27.961  -11.284  59.571 0.0000000000
55427  -25.526  -11.821  61.293 0.0000000000
85160  -52.139  17.336  36.439 0.0000000000
86112  -52.644  18.857  34.445 0.0000000000
62586  -1.572  -5.238  65.311 0.0000000000
60421  -1.909  -6.714  61.350 0.0000000000
59345  -2.334  -7.985  63.855 0.0000000000
71629  -47.473  3.413  42.498 0.0000000000
71624  -42.584  3.633  42.330 0.0000000000
70688  -44.873  2.028  41.604 0.0000000000
70722  -46.186  2.823  40.397 0.0000000000
46852  -8.911  -20.682  63.300 0.0000000000
46879  -11.452  -19.971  62.115 0.0000000000
64507  -6.552  -4.197  62.629 0.0000000000
64526  -7.949  -3.425  61.405 0.0000000000
144043  -5.480  -4.746  59.227 0.0000000000
61634  -2.368  -6.831  51.381 0.0000000000
64616  -2.845  -3.562  53.558 0.0000000000
61661  -3.442  -5.794  50.031 0.0000000000
54311  -4.739  -13.235  70.038 0.0000000000
51208  -1.315  -15.257  61.317 0.0000000000
54347  -1.320  -14.041  64.232 0.0000000000
136673  -1.061  -14.131  61.024 0.0000000000
55434  -1.357  -13.150  59.838 0.0000000000
52369  -1.266  -15.735  56.945 0.0000000000
62740  -38.984  -5.289  52.999 0.0000000000
62584  -28.574  -5.400  66.348 0.0000000000
62590  -31.309  -6.184  64.951 0.0000000000
59356  -29.284  -8.174  62.306 0.0000000000
85158  -55.265  17.787  38.362 0.0000000000
82318  -51.383  14.448  36.423 0.0000000000
73591  -44.519  5.319  44.567 0.0000000000
73611  -41.526  5.464  43.320 0.0000000000
145436  -17.549  -11.879  57.274 0.0000000000
53428  -15.993  -13.855  57.930 0.0000000000
130699  -8.745  -2.280  58.023 0.0000000000
62644  -1.645  -4.712  58.575 0.0000000000
132371  -2.618  -4.216  57.711 0.0000000000
61557  -1.974  -6.110  56.389 0.0000000000
60493  -2.453  -7.381  53.018 0.0000000000
58455  -2.568  -9.466  49.717 0.0000000000
48793  -5.177  -17.948  66.825 0.0000000000
51136  -2.968  -16.088  67.731 0.0000000000
49966  -3.686  -16.938  65.150 0.0000000000
50010  -2.258  -15.639  62.290 0.0000000000
75406  -39.567  7.136  49.300 0.0000000000
70619  -37.972  2.501  47.646 0.0000000000
55388  -22.432  -11.890  64.129 0.0000000000
57442  -26.408  -9.185  64.987 0.0000000000
55406  -23.834  -12.202  62.396 0.0000000000
55459  -21.183  -11.548  59.998 0.0000000000
64490  -5.477  -4.057  63.698 0.0000000000
64475  -3.896  -3.512  65.172 0.0000000000
64521  -2.225  -4.121  61.575 0.0000000000
149583  -1.440  -5.287  60.478 0.0000000000
140622  -2.980  -7.588  58.689 0.0000000000
57498  -3.688  -10.646  58.093 0.0000000000
74566  -50.165  7.164  40.216 0.0000000000
143667  -45.866  5.144  39.571 0.0000000000
46831  -6.998  -19.963  65.637 0.0000000000
47785  -7.479  -18.626  62.339 0.0000000000
50045  -8.595  -17.992  59.636 0.0000000000
51249  -15.696  -15.895  58.528 0.0000000000
143904  -15.434  -18.187  58.663 0.0000000000
46894  -13.474  -19.033  60.588 0.0000000000
47811  -12.059  -19.207  58.690 0.0000000000
48936  -10.040  -18.167  57.838 0.0000000000
67400  -8.269  -0.613  61.948 0.0000000000
65498  -8.566  -2.650  59.312 0.0000000000
125920  -8.268  -4.841  57.003 0.0000000000
125787  -3.695  -3.819  55.958 0.0000000000
63626  -5.202  -4.466  55.343 0.0000000000
147000  -6.603  -5.200  53.748 0.0000000000
144836  -2.773  -8.965  67.583 0.0000000000
54322  -2.225  -13.763  66.676 0.0000000000
56427  -2.159  -11.507  66.032 0.0000000000
58356  -2.132  -10.102  64.246 0.0000000000
57465  -2.298  -11.041  62.010 0.0000000000
56498  -1.965  -11.874  58.660 0.0000000000
55519  -1.586  -13.139  55.602 0.0000000000
48980  -0.804  -18.681  56.205 0.0000000000
141324  -1.122  -17.093  55.085 0.0000000000
152088  -1.504  -14.237  53.124 0.0000000000
62656  -37.439  -5.166  58.412 0.0000000000
64563  -37.023  -3.669  59.539 0.0000000000
61541  -35.250  -5.644  59.087 0.0000000000
61554  -36.427  -5.851  57.327 0.0000000000
61528  -34.177  -5.664  60.007 0.0000000000
136204  -33.537  -6.021  58.534 0.0000000000
63560  -35.291  -4.808  61.079 0.0000000000
62620  -34.174  -5.419  61.581 0.0000000000
77485  -52.209  9.908  37.980 0.0000000000
129798  -49.398  7.787  38.472 0.0000000000
75528  -48.299  7.873  37.405 0.0000000000
76465  -50.466  8.657  37.567 0.0000000000
77495  -51.210  9.897  36.833 0.0000000000
133503  -40.782  8.865  47.466 0.0000000000
145001  -41.445  9.222  47.883 0.0000000000
77293  -40.825  9.338  48.364 0.0000000000
74509  -37.771  6.369  45.902 0.0000000000
75424  -38.683  7.624  46.568 0.0000000000
76426  -39.987  8.119  45.879 0.0000000000
57507  -4.224  -11.169  54.951 0.0000000000
57516  -4.395  -10.312  54.411 0.0000000000
56571  -3.336  -11.548  53.361 0.0000000000
55583  -1.942  -11.948  51.409 0.0000000000
150205  -2.128  -12.480  53.137 0.0000000000
52329  -7.012  -15.126  60.509 0.0000000000
52316  -5.733  -15.170  61.448 0.0000000000
66535  -39.715  -1.560  51.357 0.0000000000
65598  -38.208  -2.265  49.824 0.0000000000
67574  -39.535  -0.300  50.331 0.0000000000
130384  -39.328  0.388  49.801 0.0000000000
86099  -53.744  18.477  36.455 0.0000000000
86103  -52.032  18.404  35.152 0.0000000000
87135  -54.221  19.487  35.096 0.0000000000
61471  -2.001  -6.074  65.413 0.0000000000
135145  -1.640  -6.249  64.035 0.0000000000
60402  -2.075  -6.884  64.864 0.0000000000
71628  -46.628  3.233  42.674 0.0000000000
72641  -48.341  4.437  43.639 0.0000000000
71609  -43.860  3.865  43.044 0.0000000000
70675  -43.925  2.675  42.126 0.0000000000
71626  -44.845  2.785  42.357 0.0000000000
70690  -46.263  2.256  41.583 0.0000000000
46855  -11.525  -20.898  63.495 0.0000000000
46868  -11.803  -20.116  63.024 0.0000000000
145193  -19.225  -11.808  63.399 0.0000000000
138472  -17.591  -12.358  61.210 0.0000000000
65537  -9.289  -3.084  56.242 0.0000000000
63552  -5.559  -4.455  61.553 0.0000000000
63553  -6.499  -4.436  61.025 0.0000000000
63563  -4.580  -4.507  60.293 0.0000000000
60531  -2.564  -7.827  50.353 0.0000000000
61648  -2.420  -6.098  50.973 0.0000000000
60542  -3.443  -7.561  49.763 0.0000000000
128486  -7.279  -12.117  69.307 0.0000000000
52249  -5.517  -14.494  70.162 0.0000000000
51220  -1.524  -15.709  60.194 0.0000000000
148188  -1.091  -14.880  61.264 0.0000000000
52337  -1.282  -14.931  60.087 0.0000000000
143898  -1.557  -15.064  58.894 0.0000000000
51263  -1.275  -16.539  57.400 0.0000000000
62699  -38.773  -5.752  55.274 0.0000000000
61615  -37.916  -6.243  53.671 0.0000000000
63659  -39.515  -4.783  53.697 0.0000000000
64620  -39.705  -3.870  53.420 0.0000000000
61504  -30.628  -6.137  61.997 0.0000000000
128989  -30.209  -6.782  62.534 0.0000000000
61502  -28.842  -6.696  61.455 0.0000000000
59370  -28.708  -8.623  60.637 0.0000000000
84195  -54.941  16.346  38.674 0.0000000000
80413  -52.218  12.868  37.045 0.0000000000
80425  -51.051  12.902  36.192 0.0000000000
82304  -52.886  14.537  37.359 0.0000000000
84211  -53.073  16.128  37.296 0.0000000000
74534  -43.315  6.065  44.784 0.0000000000
74490  -45.085  6.741  46.320 0.0000000000
75447  -44.708  7.353  46.676 0.0000000000
74532  -41.578  6.626  44.289 0.0000000000
73610  -40.577  5.802  43.116 0.0000000000
74547  -42.012  5.892  43.910 0.0000000000
73613  -43.209  5.018  43.816 0.0000000000
67418  -8.074  0.030  58.937 0.0000000000
132113  -8.601  -1.514  57.853 0.0000000000
66426  -8.545  -1.337  59.206 0.0000000000
61530  -1.641  -5.673  58.266 0.0000000000
62658  -1.682  -4.981  57.616 0.0000000000
60452  -2.183  -6.574  56.991 0.0000000000
59437  -3.188  -8.840  52.552 0.0000000000
60494  -2.478  -7.263  53.756 0.0000000000
59436  -2.804  -8.582  51.932 0.0000000000
60517  -2.452  -8.099  51.176 0.0000000000
58449  -2.221  -9.844  49.945 0.0000000000
57549  -2.271  -10.537  49.697 0.0000000000
48824  -5.132  -17.957  65.909 0.0000000000
48813  -4.485  -17.527  66.149 0.0000000000
49967  -4.403  -17.368  64.976 0.0000000000
137897  -3.219  -15.731  60.942 0.0000000000
51198  -3.171  -15.708  62.383 0.0000000000
50011  -2.746  -15.692  61.578 0.0000000000
128117  -2.157  -15.779  61.101 0.0000000000
73538  -39.411  5.197  49.524 0.0000000000
148862  -39.009  2.541  49.218 0.0000000000
69614  -37.850  1.716  47.785 0.0000000000
71560  -38.673  3.420  48.518 0.0000000000
72584  -38.637  4.284  48.382 0.0000000000
59315  -23.254  -8.565  67.078 0.0000000000
57434  -22.507  -10.773  66.501 0.0000000000
56433  -23.127  -10.819  65.851 0.0000000000
60399  -28.716  -8.087  65.383 0.0000000000
60392  -27.505  -7.580  66.020 0.0000000000
143213  -27.769  -9.208  64.581 0.0000000000
129107  -24.375  -12.109  59.909 0.0000000000
128075  -24.729  -11.948  61.813 0.0000000000
55461  -23.214  -11.966  60.635 0.0000000000
55444  -22.603  -11.877  61.147 0.0000000000
133368  -21.882  -11.583  59.232 0.0000000000
56502  -20.527  -11.226  58.459 0.0000000000
64457  -1.677  -3.832  65.096 0.0000000000
64473  -1.935  -3.582  64.530 0.0000000000
64487  -2.301  -3.605  63.133 0.0000000000
64503  -1.744  -4.205  62.232 0.0000000000
63549  -1.529  -4.705  61.237 0.0000000000
140885  -1.356  -5.059  61.721 0.0000000000
60428  -2.633  -7.527  60.933 0.0000000000
60436  -2.800  -7.499  59.917 0.0000000000
151483  -3.271  -8.207  59.889 0.0000000000
58401  -3.859  -9.452  58.381 0.0000000000
57480  -3.516  -10.397  58.939 0.0000000000
74559  -48.603  6.240  40.542 0.0000000000
140789  -50.379  6.756  40.932 0.0000000000
74555  -49.891  6.165  41.381 0.0000000000
71656  -46.674  3.598  40.614 0.0000000000
71668  -45.850  3.592  40.035 0.0000000000
72669  -46.976  4.705  40.467 0.0000000000
74565  -47.922  6.511  39.790 0.0000000000
46809  -7.643  -19.743  66.557 0.0000000000
46876  -9.269  -19.816  61.890 0.0000000000
46875  -8.252  -19.285  62.337 0.0000000000
47793  -8.366  -18.649  61.362 0.0000000000
48882  -7.953  -18.366  61.332 0.0000000000
48896  -8.683  -18.516  60.194 0.0000000000
52391  -15.847  -15.302  56.606 0.0000000000
143207  -15.804  -14.666  58.045 0.0000000000
132351  -16.310  -16.860  56.773 0.0000000000
47849  -15.643  -20.214  56.221 0.0000000000
48941  -16.363  -18.508  57.321 0.0000000000
133174  -15.175  -19.928  57.787 0.0000000000
47805  -14.573  -19.204  59.647 0.0000000000
47803  -14.083  -19.830  58.814 0.0000000000
46901  -13.348  -19.333  59.312 0.0000000000
47824  -12.876  -19.836  57.289 0.0000000000
48938  -11.703  -18.807  57.121 0.0000000000
67392  -8.222  -0.708  62.753 0.0000000000
63575  -7.632  -4.412  59.391 0.0000000000
64554  -8.306  -3.309  59.978 0.0000000000
63588  -8.113  -4.190  58.810 0.0000000000
64576  -8.527  -3.762  58.258 0.0000000000
63599  -7.607  -5.014  57.764 0.0000000000
63606  -2.218  -4.218  56.174 0.0000000000
145472  -3.018  -4.052  57.166 0.0000000000
63624  -2.783  -3.748  55.707 0.0000000000
147423  -3.400  -3.479  53.023 0.0000000000
64603  -4.031  -3.608  54.527 0.0000000000
64604  -4.535  -3.784  53.834 0.0000000000
63641  -5.988  -5.059  54.208 0.0000000000
63667  -5.499  -4.184  52.556 0.0000000000
63680  -5.509  -3.940  51.712 0.0000000000
58318  -3.622  -10.081  68.583 0.0000000000
51150  -2.170  -15.989  65.947 0.0000000000
143645  -2.436  -14.953  67.396 0.0000000000
149730  -1.825  -14.842  66.352 0.0000000000
147441  -1.384  -12.853  63.684 0.0000000000
55377  -1.759  -12.666  65.213 0.0000000000
128327  -1.661  -12.197  64.650 0.0000000000
57437  -1.975  -10.989  65.467 0.0000000000
56448  -1.860  -11.652  63.600 0.0000000000
57458  -2.405  -10.480  62.825 0.0000000000
56462  -1.769  -11.812  61.783 0.0000000000
54449  -1.442  -13.779  57.485 0.0000000000
56484  -1.626  -12.149  59.372 0.0000000000
146154  -1.564  -12.850  57.694 0.0000000000
56511  -1.804  -12.608  56.955 0.0000000000
54456  -1.521  -13.483  55.863 0.0000000000
48996  -0.962  -18.815  55.348 0.0000000000
141512  -0.942  -17.110  55.610 0.0000000000
62681  -39.280  -4.996  56.906 0.0000000000
145093  -34.017  -6.462  55.902 0.0000000000
61597  -35.421  -6.434  54.665 0.0000000000
127289  -36.073  -6.148  56.569 0.0000000000
62679  -37.923  -5.580  56.675 0.0000000000
62628  -30.250  -5.588  60.527 0.0000000000
61537  -32.554  -5.900  58.916 0.0000000000
61550  -33.094  -6.149  57.914 0.0000000000
61506  -32.512  -5.681  61.633 0.0000000000
80402  -53.459  12.793  37.874 0.0000000000
75546  -47.696  8.238  35.978 0.0000000000
76478  -48.183  8.906  35.401 0.0000000000
77513  -48.366  10.097  34.758 0.0000000000
77501  -50.129  9.979  35.817 0.0000000000
79442  -52.111  12.002  37.035 0.0000000000
75444  -41.898  8.162  45.988 0.0000000000
76414  -43.308  8.257  46.833 0.0000000000
76393  -42.810  8.786  47.383 0.0000000000
149274  -42.622  10.348  49.012 0.0000000000
70641  -36.240  2.804  45.712 0.0000000000
72608  -36.735  4.382  45.105 0.0000000000
72618  -37.129  5.360  44.782 0.0000000000
74542  -37.522  6.015  44.150 0.0000000000
73608  -38.500  6.090  42.998 0.0000000000
137834  -38.655  6.992  44.366 0.0000000000
75468  -40.576  7.819  45.280 0.0000000000
59388  -3.238  -7.927  57.221 0.0000000000
60463  -2.595  -7.150  56.577 0.0000000000
59410  -3.663  -8.668  55.536 0.0000000000
131123  -3.661  -9.612  52.866 0.0000000000
57527  -2.693  -10.669  51.465 0.0000000000
56634  -1.956  -11.173  49.853 0.0000000000
56602  -2.281  -11.354  51.419 0.0000000000
54548  -1.634  -13.015  50.256 0.0000000000
49999  -6.273  -17.497  62.887 0.0000000000
51189  -4.943  -16.673  63.572 0.0000000000
51211  -5.468  -15.783  62.350 0.0000000000
132512  -40.017  2.951  50.145 0.0000000000
63705  -37.964  -5.070  50.342 0.0000000000
62765  -37.463  -5.558  49.169 0.0000000000
64674  -37.585  -3.820  49.596 0.0000000000
136712  -37.292  -2.710  48.785 0.0000000000
135924  -37.332  -1.901  48.645 0.0000000000
145282  -37.610  -0.469  48.412 0.0000000000
69600  -39.103  1.631  49.347 0.0000000000
61458  -25.390  -6.410  66.783 0.0000000000
57471  -28.360  -10.295  61.558 0.0000000000
57464  -27.209  -10.498  62.331 0.0000000000
56476  -26.975  -11.309  60.658 0.0000000000
55476  -25.609  -12.309  58.800 0.0000000000
84218  -50.110  16.895  35.142 0.0000000000
85177  -50.466  17.750  33.694 0.0000000000
85184  -51.283  18.106  32.442 0.0000000000
127527  -51.615  17.724  31.652 0.0000000000
149624  -1.253  -4.959  63.861 0.0000000000
62612  -1.372  -5.239  62.129 0.0000000000
142162  -1.498  -5.833  63.375 0.0000000000
60422  -2.428  -7.611  61.924 0.0000000000
59358  -2.880  -8.470  61.528 0.0000000000
145967  -47.978  3.825  41.802 0.0000000000
72652  -48.877  4.563  42.772 0.0000000000
69689  -43.555  1.634  41.053 0.0000000000
134501  -43.921  0.864  40.245 0.0000000000
130849  -44.833  1.123  39.851 0.0000000000
69692  -45.911  1.719  41.035 0.0000000000
70706  -46.808  2.643  41.507 0.0000000000
46833  -8.667  -20.551  65.961 0.0000000000
45914  -10.371  -21.160  64.641 0.0000000000
46866  -10.381  -20.794  62.570 0.0000000000
129595  -10.164  -19.857  61.354 0.0000000000
47895  -14.734  -20.047  54.410 0.0000000000
47847  -13.255  -20.067  56.514 0.0000000000
65465  -7.687  -2.943  62.921 0.0000000000
65466  -8.132  -2.320  62.441 0.0000000000
64525  -7.454  -3.854  61.837 0.0000000000
126065  -7.036  -4.574  60.099 0.0000000000
126582  -6.107  -4.907  58.820 0.0000000000
62719  -1.793  -5.802  53.353 0.0000000000
64615  -2.261  -3.790  54.198 0.0000000000
63665  -1.689  -5.005  52.826 0.0000000000
63678  -2.351  -4.439  51.346 0.0000000000
63679  -2.882  -3.848  50.760 0.0000000000
56406  -7.515  -11.008  69.402 0.0000000000
56402  -6.298  -11.571  70.319 0.0000000000
55349  -4.770  -12.580  69.973 0.0000000000
51186  -1.471  -15.403  63.165 0.0000000000
53338  -1.246  -14.782  63.980 0.0000000000
53351  -0.914  -14.753  63.067 0.0000000000
54380  -0.942  -14.059  62.565 0.0000000000
130247  -1.051  -13.440  61.996 0.0000000000
142849  -1.363  -12.355  61.599 0.0000000000
54418  -1.217  -13.637  60.459 0.0000000000
53409  -1.519  -14.320  58.724 0.0000000000
127892  -1.300  -15.056  56.555 0.0000000000
60536  -36.710  -6.996  51.262 0.0000000000
61613  -36.321  -6.500  53.715 0.0000000000
61627  -37.388  -6.538  52.442 0.0000000000
61657  -38.041  -6.343  51.227 0.0000000000
63686  -38.824  -3.920  51.935 0.0000000000
65569  -39.655  -2.663  52.312 0.0000000000
60406  -29.567  -7.886  64.641 0.0000000000
61484  -31.901  -6.067  63.666 0.0000000000
60415  -30.332  -7.231  63.918 0.0000000000
151412  -28.967  -9.322  62.773 0.0000000000
58384  -28.960  -9.453  61.085 0.0000000000
81401  -49.795  13.061  35.323 0.0000000000
83245  -51.305  15.976  36.332 0.0000000000
84216  -53.496  16.955  37.304 0.0000000000
72620  -44.801  4.688  44.129 0.0000000000
73593  -46.474  5.274  44.812 0.0000000000
74514  -45.488  6.295  45.836 0.0000000000
73619  -39.043  5.544  42.424 0.0000000000
72650  -42.456  4.244  42.744 0.0000000000
72636  -43.527  4.455  43.441 0.0000000000
55456  -18.394  -11.855  59.333 0.0000000000
54432  -17.014  -12.582  59.249 0.0000000000
55503  -16.510  -12.880  57.079 0.0000000000
130845  -15.877  -14.594  56.009 0.0000000000
148873  -9.072  -2.238  56.784 0.0000000000
64582  -9.094  -3.748  56.458 0.0000000000
64552  -2.699  -4.262  59.885 0.0000000000
63571  -3.301  -4.348  59.189 0.0000000000
63582  -1.909  -4.326  57.947 0.0000000000
63594  -1.876  -4.513  56.939 0.0000000000
62686  -1.742  -5.383  55.407 0.0000000000
60474  -2.285  -6.686  55.065 0.0000000000
147872  -2.296  -6.836  54.317 0.0000000000
62704  -1.799  -5.823  54.152 0.0000000000
61604  -2.126  -6.506  53.064 0.0000000000
52251  -4.741  -15.573  69.420 0.0000000000
49914  -3.865  -17.016  67.182 0.0000000000
49947  -3.156  -16.702  66.036 0.0000000000
51176  -2.475  -16.031  64.739 0.0000000000
49981  -3.628  -16.409  64.006 0.0000000000
128805  -2.946  -16.026  63.690 0.0000000000
51187  -2.007  -15.659  63.576 0.0000000000
50009  -1.708  -15.513  61.836 0.0000000000
50024  -1.758  -15.790  60.678 0.0000000000
129675  -1.841  -16.510  59.545 0.0000000000
75413  -39.479  7.642  48.560 0.0000000000
77272  -40.479  9.483  49.545 0.0000000000
76348  -39.919  8.253  50.208 0.0000000000
138067  -36.769  -6.011  47.939 0.0000000000
70628  -36.519  2.288  46.418 0.0000000000
74472  -38.820  6.461  48.062 0.0000000000
54357  -21.314  -11.717  64.519 0.0000000000
54389  -20.875  -11.868  63.016 0.0000000000
62582  -26.897  -5.250  66.806 0.0000000000
61465  -25.972  -6.712  66.433 0.0000000000
135315  -25.449  -8.192  65.601 0.0000000000
57455  -26.538  -10.310  63.470 0.0000000000
57447  -25.205  -10.405  64.325 0.0000000000
56439  -24.157  -10.849  64.641 0.0000000000
54373  -23.051  -12.029  63.524 0.0000000000
54410  -21.631  -11.933  62.348 0.0000000000
55441  -19.416  -11.574  60.261 0.0000000000
55471  -18.932  -11.557  58.812 0.0000000000
84245  -51.939  17.177  30.933 0.0000000000
84257  -53.137  16.808  30.049 0.0000000000
84264  -52.889  16.099  28.525 0.0000000000
149640  -5.867  -4.271  63.067 0.0000000000
63543  -4.743  -4.435  62.159 0.0000000000
64476  -4.894  -3.821  64.581 0.0000000000
64506  -4.019  -4.094  62.762 0.0000000000
63550  -3.338  -4.237  61.114 0.0000000000
64550  -1.804  -4.414  60.763 0.0000000000
136503  -1.520  -5.334  59.183 0.0000000000
136798  -1.690  -6.282  58.908 0.0000000000
61509  -1.490  -5.745  60.878 0.0000000000
60435  -2.028  -6.766  59.437 0.0000000000
142570  -2.432  -7.106  58.354 0.0000000000
59389  -3.536  -8.430  57.981 0.0000000000
58409  -4.266  -9.772  56.962 0.0000000000
56542  -3.525  -11.698  55.474 0.0000000000
75520  -51.014  8.183  39.120 0.0000000000
70736  -44.999  2.784  39.272 0.0000000000
72684  -44.936  4.412  39.068 0.0000000000
72695  -44.641  4.881  38.383 0.0000000000
74572  -46.570  6.645  38.623 0.0000000000
74574  -47.991  7.143  38.940 0.0000000000
47751  -6.385  -18.889  66.376 0.0000000000
47774  -6.475  -18.816  64.481 0.0000000000
46841  -7.440  -20.221  64.726 0.0000000000
46861  -6.918  -19.104  63.918 0.0000000000
48859  -6.422  -18.304  63.319 0.0000000000
141917  -7.739  -17.218  60.658 0.0000000000
54431  -16.311  -13.328  59.482 0.0000000000
52331  -15.681  -14.736  60.149 0.0000000000
150172  -15.671  -15.569  59.972 0.0000000000
50114  -16.559  -17.945  56.788 0.0000000000
50047  -15.596  -16.621  58.875 0.0000000000
51236  -15.510  -16.908  59.970 0.0000000000
148560  -14.727  -18.225  60.998 0.0000000000
47788  -13.917  -18.681  61.850 0.0000000000
46870  -13.052  -19.361  62.405 0.0000000000
148655  -12.648  -19.325  60.826 0.0000000000
46900  -11.480  -19.390  60.300 0.0000000000
136007  -10.326  -19.159  59.804 0.0000000000
47823  -12.282  -19.324  57.684 0.0000000000
48916  -11.408  -19.052  58.107 0.0000000000
48897  -9.426  -18.862  59.546 0.0000000000
50064  -9.010  -17.836  58.884 0.0000000000
68436  -8.142  0.039  60.784 0.0000000000
66403  -8.380  -2.036  61.589 0.0000000000
66413  -8.492  -1.753  60.744 0.0000000000
136650  -8.545  -1.450  59.917 0.0000000000
65513  -8.649  -2.887  58.536 0.0000000000
64581  -8.804  -4.012  57.316 0.0000000000
63611  -8.551  -4.764  56.202 0.0000000000
63585  -4.061  -4.459  58.482 0.0000000000
63597  -4.740  -4.533  57.692 0.0000000000
127393  -5.640  -4.905  57.258 0.0000000000
64591  -3.429  -3.591  55.154 0.0000000000
63608  -4.743  -4.209  56.175 0.0000000000
63610  -6.260  -5.161  56.729 0.0000000000
131534  -6.831  -5.253  56.038 0.0000000000
63628  -7.362  -5.332  55.292 0.0000000000
62705  -7.882  -5.362  54.624 0.0000000000
129168  -6.877  -5.131  53.024 0.0000000000
52250  -3.802  -15.111  68.735 0.0000000000
54315  -3.811  -13.536  68.792 0.0000000000
54314  -3.231  -13.037  68.084 0.0000000000
54338  -1.679  -13.879  65.370 0.0000000000
55372  -2.342  -12.910  66.618 0.0000000000
56420  -2.800  -11.649  67.372 0.0000000000
131235  -2.387  -10.201  66.746 0.0000000000
58331  -2.254  -9.652  66.224 0.0000000000
59328  -2.365  -8.869  65.651 0.0000000000
58349  -2.470  -9.064  64.173 0.0000000000
58366  -2.590  -9.486  62.752 0.0000000000
57472  -2.681  -10.667  60.759 0.0000000000
148875  -1.511  -11.952  61.121 0.0000000000
56471  -2.154  -11.284  60.353 0.0000000000
57490  -2.828  -11.144  59.328 0.0000000000
57497  -2.929  -11.380  58.454 0.0000000000
144989  -2.285  -12.210  56.990 0.0000000000
56558  -2.222  -12.586  54.637 0.0000000000
48933  -1.174  -18.858  57.395 0.0000000000
48963  -0.938  -18.926  57.041 0.0000000000
143636  -1.188  -17.493  57.213 0.0000000000
51277  -1.116  -16.598  56.795 0.0000000000
52386  -1.172  -15.795  56.361 0.0000000000
144891  -1.264  -15.102  55.965 0.0000000000
51308  -1.250  -16.245  54.803 0.0000000000
53454  -1.326  -14.790  55.066 0.0000000000
53455  -1.371  -14.292  54.776 0.0000000000
135839  -1.637  -13.256  54.320 0.0000000000
55555  -1.855  -12.880  53.284 0.0000000000
54532  -1.701  -14.092  51.907 0.0000000000
138899  -1.568  -14.685  50.086 0.0000000000
62643  -36.951  -5.032  59.103 0.0000000000
63580  -37.307  -4.396  59.257 0.0000000000
63568  -36.448  -4.628  59.811 0.0000000000
62654  -35.539  -5.453  59.536 0.0000000000
62655  -36.280  -5.418  58.877 0.0000000000
62641  -35.321  -5.405  60.077 0.0000000000
147718  -34.435  -5.732  59.358 0.0000000000
62632  -35.815  -5.175  60.183 0.0000000000
62631  -35.178  -5.341  60.686 0.0000000000
63567  -35.798  -4.699  60.460 0.0000000000
77470  -51.865  9.207  38.322 0.0000000000
77472  -53.061  10.207  39.020 0.0000000000
77471  -52.569  9.597  38.837 0.0000000000
76459  -50.732  8.417  38.360 0.0000000000
75530  -49.954  8.222  38.033 0.0000000000
76466  -51.198  8.890  37.919 0.0000000000
77484  -51.558  9.540  37.552 0.0000000000
76391  -40.252  8.812  48.113 0.0000000000
75425  -39.068  7.917  47.310 0.0000000000
75443  -39.443  8.166  46.566 0.0000000000
56559  -3.317  -11.885  54.484 0.0000000000
57515  -4.071  -11.028  53.899 0.0000000000
55556  -2.600  -12.064  52.949 0.0000000000
52328  -6.029  -14.800  60.613 0.0000000000
66550  -39.378  -1.230  50.657 0.0000000000
148115  -2.329  -6.292  66.060 0.0000000000
60395  -2.321  -7.001  65.705 0.0000000000
71612  -46.491  3.803  43.264 0.0000000000
72639  -46.764  4.230  43.700 0.0000000000
71610  -44.814  3.605  42.986 0.0000000000
71611  -45.784  3.671  43.140 0.0000000000
71627  -45.690  3.009  42.568 0.0000000000
46844  -12.460  -19.665  64.678 0.0000000000
136343  -12.356  -19.926  64.104 0.0000000000
47769  -12.706  -19.375  63.910 0.0000000000
55405  -18.790  -11.775  62.084 0.0000000000
54387  -18.595  -11.967  62.859 0.0000000000
55421  -18.233  -11.957  61.389 0.0000000000
64592  -9.323  -3.534  55.850 0.0000000000
64605  -9.529  -3.739  55.094 0.0000000000
63551  -4.465  -4.439  61.199 0.0000000000
60541  -2.847  -7.796  49.966 0.0000000000
146291  -5.913  -14.972  70.019 0.0000000000
145780  -1.647  -16.256  59.257 0.0000000000
51232  -1.498  -15.522  59.624 0.0000000000
51243  -1.491  -16.224  58.418 0.0000000000
62700  -39.515  -5.409  55.420 0.0000000000
62714  -39.042  -5.721  54.630 0.0000000000
63648  -39.761  -5.096  54.606 0.0000000000
63660  -40.065  -4.236  54.186 0.0000000000
62617  -29.227  -6.152  61.236 0.0000000000
61503  -29.700  -6.452  61.834 0.0000000000
62626  -28.479  -6.192  60.843 0.0000000000
150149  -54.668  15.645  38.629 0.0000000000
132478  -53.225  13.933  37.561 0.0000000000
138489  -52.367  13.747  37.096 0.0000000000
82305  -53.595  14.521  37.779 0.0000000000
83233  -53.569  15.260  37.680 0.0000000000
74489  -44.231  6.864  46.076 0.0000000000
75471  -43.363  7.153  45.786 0.0000000000
75487  -42.042  7.121  44.835 0.0000000000
74533  -42.459  6.337  44.529 0.0000000000
68435  -7.718  0.622  60.354 0.0000000000
67419  -8.410  -0.691  59.490 0.0000000000
60444  -1.935  -6.561  58.036 0.0000000000
61543  -1.752  -5.938  57.334 0.0000000000
58433  -3.090  -9.358  51.916 0.0000000000
58441  -2.614  -9.063  51.213 0.0000000000
127669  -2.371  -9.432  50.517 0.0000000000
56620  -2.065  -10.531  50.187 0.0000000000
48836  -5.906  -18.417  65.055 0.0000000000
48835  -5.188  -17.916  65.435 0.0000000000
50012  -2.886  -15.857  60.608 0.0000000000
73529  -39.688  5.624  50.126 0.0000000000
73530  -40.213  5.102  50.620 0.0000000000
60551  -37.137  -7.220  49.897 0.0000000000
70612  -39.027  3.071  49.201 0.0000000000
71561  -39.039  3.810  49.172 0.0000000000
60381  -23.658  -7.629  67.147 0.0000000000
134999  -23.322  -9.171  66.725 0.0000000000
58336  -23.439  -9.715  66.250 0.0000000000
59342  -28.674  -8.642  64.609 0.0000000000
59336  -28.421  -8.477  65.107 0.0000000000
58354  -28.317  -9.100  64.371 0.0000000000
55474  -23.784  -12.070  59.088 0.0000000000
149362  -23.708  -12.014  60.066 0.0000000000
135215  -22.949  -11.841  59.648 0.0000000000
56503  -21.939  -11.410  58.242 0.0000000000
56517  -21.201  -11.188  57.926 0.0000000000
56518  -21.926  -11.148  57.383 0.0000000000
64472  -1.596  -3.953  63.954 0.0000000000
147176  -1.918  -3.620  63.695 0.0000000000
63542  -1.530  -4.640  61.986 0.0000000000
62606  -1.347  -4.842  62.465 0.0000000000
59365  -3.202  -8.515  60.546 0.0000000000
58386  -3.416  -8.952  59.835 0.0000000000
58393  -3.634  -9.198  59.180 0.0000000000
147414  -3.332  -10.082  59.672 0.0000000000
73637  -49.119  5.928  41.198 0.0000000000
143624  -49.519  5.611  41.755 0.0000000000
72670  -47.477  4.041  41.152 0.0000000000
73635  -47.721  5.046  40.813 0.0000000000
145357  -47.962  5.830  40.530 0.0000000000
46888  -9.149  -19.296  61.328 0.0000000000
133180  -9.056  -19.065  61.062 0.0000000000
147600  -8.739  -18.671  60.667 0.0000000000
47800  -9.124  -18.861  60.191 0.0000000000
51282  -16.620  -16.674  55.979 0.0000000000
148117  -16.197  -16.118  56.450 0.0000000000
47848  -14.387  -20.301  56.236 0.0000000000
47826  -15.435  -20.072  57.058 0.0000000000
47814  -14.792  -20.009  58.515 0.0000000000
149894  -14.598  -20.128  57.804 0.0000000000
47813  -13.780  -20.073  57.815 0.0000000000
66389  -8.194  -1.514  63.107 0.0000000000
63574  -6.988  -4.822  59.164 0.0000000000
63587  -7.631  -4.692  58.590 0.0000000000
63622  -1.803  -4.563  55.439 0.0000000000
63623  -2.253  -4.054  55.424 0.0000000000
64627  -3.408  -3.396  52.208 0.0000000000
64617  -4.200  -3.478  52.875 0.0000000000
63655  -5.055  -3.998  53.145 0.0000000000
64629  -4.872  -3.634  52.238 0.0000000000
64638  -4.780  -3.414  51.232 0.0000000000
64637  -4.098  -3.257  50.746 0.0000000000
132714  -4.744  -11.281  69.670 0.0000000000
57417  -3.739  -10.995  68.656 0.0000000000
51161  -2.146  -15.849  65.150 0.0000000000
52264  -1.903  -15.413  66.201 0.0000000000
52272  -1.885  -15.492  65.554 0.0000000000
55392  -1.570  -12.300  63.831 0.0000000000
56440  -1.703  -11.776  64.225 0.0000000000
144251  -1.765  -12.125  63.099 0.0000000000
57457  -2.107  -11.557  62.745 0.0000000000
56454  -1.588  -12.249  62.347 0.0000000000
133686  -1.466  -13.732  56.814 0.0000000000
55484  -1.515  -13.288  57.243 0.0000000000
55500  -1.543  -13.375  56.517 0.0000000000
47903  -0.926  -19.813  53.786 0.0000000000
150017  -0.952  -19.969  54.552 0.0000000000
48997  -1.069  -19.007  54.389 0.0000000000
61565  -33.842  -6.319  56.720 0.0000000000
126583  -34.610  -6.348  56.315 0.0000000000
61567  -35.226  -6.185  56.699 0.0000000000
62666  -37.742  -5.374  57.597 0.0000000000
61555  -37.220  -5.690  57.220 0.0000000000
62667  -38.551  -5.174  57.240 0.0000000000
62680  -38.701  -5.396  56.575 0.0000000000
62629  -31.508  -5.761  60.218 0.0000000000
62640  -31.370  -5.793  59.300 0.0000000000
127828  -32.836  -5.858  59.542 0.0000000000
61552  -34.032  -6.019  58.247 0.0000000000
61551  -33.672  -6.161  57.670 0.0000000000
130643  -33.179  -6.219  56.931 0.0000000000
61517  -33.352  -5.679  60.806 0.0000000000
61507  -33.173  -5.632  61.425 0.0000000000
61516  -32.832  -5.748  60.847 0.0000000000
61515  -32.130  -5.792  61.023 0.0000000000
142444  -54.615  13.680  38.984 0.0000000000
80393  -53.864  12.492  38.504 0.0000000000
132264  -46.065  6.773  37.936 0.0000000000
74581  -46.047  7.051  37.252 0.0000000000
74582  -46.684  7.174  37.792 0.0000000000
75538  -48.875  8.296  36.934 0.0000000000
140269  -48.187  8.160  36.660 0.0000000000
75537  -48.575  8.534  36.165 0.0000000000
76477  -47.460  8.612  35.307 0.0000000000
76479  -49.054  9.048  35.741 0.0000000000
77500  -49.426  9.723  35.510 0.0000000000
77493  -49.809  9.282  36.084 0.0000000000
78495  -51.820  10.282  37.289 0.0000000000
78512  -51.355  10.722  36.688 0.0000000000
79431  -52.591  11.558  37.571 0.0000000000
80401  -52.778  12.388  37.460 0.0000000000
76413  -42.326  8.438  46.716 0.0000000000
76392  -41.792  8.854  47.337 0.0000000000
78320  -41.930  10.197  48.962 0.0000000000
77294  -42.706  9.794  48.517 0.0000000000
71586  -36.945  4.032  46.013 0.0000000000
72609  -37.232  4.895  45.703 0.0000000000
74528  -37.564  6.196  44.975 0.0000000000
73588  -37.105  5.422  43.890 0.0000000000
147293  -37.944  6.545  44.447 0.0000000000
74543  -38.175  6.400  43.747 0.0000000000
76427  -40.900  8.241  45.928 0.0000000000
75469  -41.508  7.738  45.337 0.0000000000
59399  -3.772  -8.771  56.578 0.0000000000
57520  -3.672  -10.599  52.996 0.0000000000
58425  -4.154  -10.195  53.581 0.0000000000
57528  -3.269  -10.186  52.064 0.0000000000
130383  -1.780  -12.718  51.228 0.0000000000
53521  -1.614  -14.276  49.217 0.0000000000
53506  -1.599  -13.868  50.122 0.0000000000
51202  -6.242  -16.647  62.525 0.0000000000
51201  -5.595  -16.642  63.086 0.0000000000
70603  -39.876  2.333  50.040 0.0000000000
64675  -37.926  -4.051  50.425 0.0000000000
65597  -37.634  -2.894  49.423 0.0000000000
65613  -37.754  -2.069  49.229 0.0000000000
66578  -37.801  -1.394  49.006 0.0000000000
66577  -37.461  -1.128  48.528 0.0000000000
67602  -38.146  -0.611  48.974 0.0000000000
142741  -39.633  1.033  49.927 0.0000000000
68599  -39.202  1.045  49.485 0.0000000000
62572  -24.637  -5.537  67.536 0.0000000000
62573  -25.387  -5.355  67.328 0.0000000000
56478  -28.223  -10.665  60.774 0.0000000000
56467  -27.381  -11.017  61.055 0.0000000000
56477  -27.779  -11.179  60.322 0.0000000000
83254  -50.582  16.233  35.815 0.0000000000
85165  -50.838  17.264  35.475 0.0000000000
85174  -51.278  17.992  34.869 0.0000000000
86111  -51.853  18.472  34.148 0.0000000000
128036  -50.976  18.148  33.165 0.0000000000
86116  -51.722  18.409  33.118 0.0000000000
86117  -52.555  18.796  33.363 0.0000000000
62592  -1.314  -4.987  64.507 0.0000000000
144162  -1.352  -5.351  63.804 0.0000000000
130249  -2.009  -7.224  64.179 0.0000000000
60409  -1.804  -6.821  63.343 0.0000000000
60410  -2.288  -7.751  62.916 0.0000000000
59350  -2.636  -8.551  62.439 0.0000000000
71644  -47.503  3.162  41.950 0.0000000000
71645  -48.156  3.839  42.492 0.0000000000
71642  -42.494  2.966  41.732 0.0000000000
141945  -44.011  1.996  41.511 0.0000000000
70687  -43.251  2.424  41.651 0.0000000000
69690  -44.498  1.344  40.974 0.0000000000
69705  -44.758  1.130  40.360 0.0000000000
69691  -45.313  1.421  40.975 0.0000000000
70677  -46.945  2.721  42.067 0.0000000000
147797  -47.528  3.509  41.590 0.0000000000
45906  -10.793  -20.956  65.367 0.0000000000
126822  -11.151  -20.531  62.643 0.0000000000
126949  -11.119  -20.971  63.096 0.0000000000
46878  -10.705  -20.153  61.948 0.0000000000
46877  -9.891  -20.235  61.871 0.0000000000
47872  -14.548  -20.240  55.349 0.0000000000
48988  -13.620  -19.617  54.721 0.0000000000
64508  -7.293  -3.706  62.664 0.0000000000
65473  -7.815  -3.193  62.173 0.0000000000
148185  -7.061  -4.177  62.152 0.0000000000
132136  -5.400  -4.612  59.908 0.0000000000
145673  -6.131  -4.556  60.263 0.0000000000
63573  -6.200  -4.719  59.570 0.0000000000
62733  -1.980  -5.875  52.530 0.0000000000
62754  -2.613  -5.371  50.619 0.0000000000
62746  -2.264  -5.245  51.132 0.0000000000
63691  -2.654  -4.599  50.578 0.0000000000
64635  -2.747  -3.774  51.710 0.0000000000
54308  -5.648  -12.951  70.439 0.0000000000
55351  -6.952  -12.048  69.839 0.0000000000
55345  -5.703  -12.207  70.362 0.0000000000
55344  -5.176  -12.127  70.202 0.0000000000
51197  -1.311  -15.261  62.369 0.0000000000
52305  -1.020  -15.108  62.738 0.0000000000
53385  -1.123  -14.667  60.811 0.0000000000
52324  -1.017  -14.562  61.530 0.0000000000
53375  -0.960  -14.055  61.778 0.0000000000
54400  -1.058  -13.504  61.276 0.0000000000
151114  -1.438  -14.795  57.967 0.0000000000
129456  -1.423  -14.311  57.712 0.0000000000
127893  -1.360  -14.950  57.197 0.0000000000
60535  -35.674  -7.583  51.089 0.0000000000
60524  -36.176  -7.106  51.574 0.0000000000
61598  -36.318  -6.334  54.708 0.0000000000
149460  -35.910  -6.497  54.182 0.0000000000
61599  -36.956  -6.368  54.219 0.0000000000
62726  -38.522  -5.964  53.352 0.0000000000
138597  -37.419  -6.385  53.056 0.0000000000
61628  -37.948  -6.336  52.900 0.0000000000
61643  -38.032  -6.403  52.100 0.0000000000
148214  -38.371  -6.010  51.869 0.0000000000
62751  -38.407  -5.560  51.392 0.0000000000
63672  -38.907  -4.533  52.394 0.0000000000
137249  -29.964  -5.537  57.213 0.0000000000
62589  -30.567  -5.998  65.473 0.0000000000
61475  -29.675  -7.272  65.348 0.0000000000
61476  -30.585  -6.849  65.124 0.0000000000
62598  -32.650  -5.537  63.495 0.0000000000
62603  -32.406  -5.724  63.235 0.0000000000
150413  -30.041  -7.358  62.792 0.0000000000
61495  -30.340  -7.122  63.235 0.0000000000
59357  -29.841  -7.979  63.019 0.0000000000
60414  -29.454  -8.454  63.792 0.0000000000
58373  -29.325  -8.738  62.977 0.0000000000
134251  -29.131  -9.085  62.155 0.0000000000
58400  -28.834  -9.597  59.472 0.0000000000
86089  -55.388  18.669  37.942 0.0000000000
79455  -49.718  11.188  35.315 0.0000000000
79467  -49.074  11.418  34.961 0.0000000000
81403  -51.159  13.683  36.285 0.0000000000
81402  -50.493  13.394  35.797 0.0000000000
82329  -50.573  14.330  35.931 0.0000000000
82317  -50.931  15.220  36.155 0.0000000000
140506  -51.721  15.285  36.601 0.0000000000
84212  -53.945  16.142  37.744 0.0000000000
85157  -54.241  16.959  37.714 0.0000000000
85163  -54.498  17.696  37.567 0.0000000000
73592  -45.482  5.183  44.625 0.0000000000
73572  -45.033  5.797  45.180 0.0000000000
75448  -45.547  7.286  46.905 0.0000000000
76394  -43.743  8.581  47.511 0.0000000000
74544  -39.074  6.593  43.585 0.0000000000
73609  -39.555  6.065  42.970 0.0000000000
142434  -41.273  4.503  42.418 0.0000000000
72634  -41.918  4.721  42.920 0.0000000000
73590  -43.679  5.442  44.409 0.0000000000
72619  -43.984  4.831  44.035 0.0000000000
54443  -17.195  -12.381  58.426 0.0000000000
55486  -17.108  -12.349  57.570 0.0000000000
54474  -16.112  -13.548  56.414 0.0000000000
67434  -7.991  -0.020  57.967 0.0000000000
66455  -8.906  -2.113  57.304 0.0000000000
65536  -9.128  -2.971  56.915 0.0000000000
149807  -1.864  -4.309  59.444 0.0000000000
63570  -2.120  -4.209  59.122 0.0000000000
139209  -1.858  -4.314  58.983 0.0000000000
129504  -1.730  -5.312  56.707 0.0000000000
63605  -1.758  -4.846  56.100 0.0000000000
149551  -1.851  -5.602  55.993 0.0000000000
59409  -3.060  -7.778  55.054 0.0000000000
60475  -2.583  -7.133  55.566 0.0000000000
60488  -2.514  -7.166  54.626 0.0000000000
61589  -2.107  -6.412  54.468 0.0000000000
60487  -2.264  -6.848  53.603 0.0000000000
135614  -2.051  -6.342  53.765 0.0000000000
141919  -2.361  -7.129  52.653 0.0000000000
59452  -2.300  -9.090  50.076 0.0000000000
55610  -1.872  -11.962  49.376 0.0000000000
48780  -4.964  -17.531  67.812 0.0000000000
48779  -4.595  -17.461  67.194 0.0000000000
49948  -3.696  -17.062  65.778 0.0000000000
49931  -3.824  -17.142  66.385 0.0000000000
49965  -3.051  -16.491  65.220 0.0000000000
51162  -2.605  -16.268  65.582 0.0000000000
51188  -4.143  -16.298  63.509 0.0000000000
49997  -2.809  -15.746  62.786 0.0000000000
49964  -2.540  -15.957  64.099 0.0000000000
49996  -2.374  -15.730  63.264 0.0000000000
49995  -1.794  -15.551  62.815 0.0000000000
48880  -2.094  -16.917  59.223 0.0000000000
50025  -1.938  -16.361  59.967 0.0000000000
74473  -39.296  6.750  48.632 0.0000000000
76357  -39.734  8.144  49.351 0.0000000000
62772  -37.047  -5.319  48.454 0.0000000000
61683  -37.122  -6.279  48.667 0.0000000000
69613  -37.205  1.262  47.388 0.0000000000
69631  -37.268  2.014  47.159 0.0000000000
70629  -37.262  2.741  46.820 0.0000000000
73546  -39.116  5.795  48.751 0.0000000000
73545  -38.572  5.401  48.083 0.0000000000
55381  -22.210  -11.483  65.255 0.0000000000
55380  -21.754  -11.504  65.448 0.0000000000
54358  -21.904  -11.656  64.740 0.0000000000
54370  -21.122  -11.865  63.632 0.0000000000
54371  -21.859  -12.052  63.617 0.0000000000
59326  -27.241  -8.067  65.689 0.0000000000
129913  -26.668  -7.260  66.019 0.0000000000
59325  -26.384  -8.029  65.628 0.0000000000
60391  -25.809  -7.436  65.970 0.0000000000
59333  -25.933  -8.704  65.289 0.0000000000
56459  -26.331  -11.045  62.286 0.0000000000
57463  -26.692  -10.505  62.860 0.0000000000
55407  -24.249  -12.031  62.461 0.0000000000
56452  -25.140  -11.253  63.177 0.0000000000
56447  -24.722  -11.068  63.892 0.0000000000
125915  -24.721  -10.129  64.878 0.0000000000
56446  -23.979  -11.383  64.076 0.0000000000
55390  -23.518  -11.746  63.819 0.0000000000
54392  -23.413  -12.166  62.855 0.0000000000
55443  -21.563  -11.678  60.858 0.0000000000
55423  -22.001  -11.877  61.644 0.0000000000
55422  -20.813  -11.640  61.525 0.0000000000
55442  -20.467  -11.541  60.573 0.0000000000
55457  -19.199  -11.550  59.547 0.0000000000
55472  -19.852  -11.371  59.024 0.0000000000
56532  -20.287  -10.752  56.820 0.0000000000
148314  -19.710  -10.978  57.293 0.0000000000
86128  -52.798  18.119  31.799 0.0000000000
85192  -52.398  17.702  31.414 0.0000000000
84260  -52.664  16.312  29.427 0.0000000000
85206  -53.935  17.013  29.947 0.0000000000
130715  -6.063  -3.576  64.335 0.0000000000
63536  -5.034  -4.460  63.001 0.0000000000
64450  -3.972  -3.249  66.050 0.0000000000
64504  -2.158  -3.846  62.371 0.0000000000
64488  -3.318  -3.785  63.354 0.0000000000
64505  -3.006  -3.848  62.536 0.0000000000
64523  -3.691  -4.201  61.921 0.0000000000
64522  -2.730  -4.048  61.717 0.0000000000
64538  -2.436  -4.192  60.760 0.0000000000
62622  -1.381  -4.981  60.929 0.0000000000
63561  -1.569  -4.673  60.592 0.0000000000
62633  -1.456  -4.916  60.091 0.0000000000
61520  -1.555  -5.899  59.891 0.0000000000
61499  -1.514  -5.858  61.762 0.0000000000
60427  -1.981  -6.714  60.375 0.0000000000
60445  -2.558  -7.233  59.043 0.0000000000
142221  -2.045  -6.781  58.718 0.0000000000
59378  -3.028  -7.650  58.092 0.0000000000
137997  -4.119  -9.986  57.711 0.0000000000
128454  -4.003  -10.831  57.095 0.0000000000
57503  -4.126  -11.130  55.993 0.0000000000
75514  -50.558  7.638  39.657 0.0000000000
75515  -51.474  7.904  39.895 0.0000000000
69724  -45.433  1.687  40.093 0.0000000000
70720  -45.038  1.893  39.519 0.0000000000
70721  -45.598  2.550  39.884 0.0000000000
133413  -45.479  4.462  39.585 0.0000000000
71667  -45.198  3.590  39.438 0.0000000000
72676  -45.332  5.293  38.916 0.0000000000
73651  -45.715  6.197  38.388 0.0000000000
73644  -46.088  5.877  39.198 0.0000000000
140709  -48.822  6.796  39.960 0.0000000000
136492  -48.592  7.094  39.398 0.0000000000
75513  -49.503  7.337  39.480 0.0000000000
151152  -6.966  -19.097  66.916 0.0000000000
46819  -6.655  -19.445  66.098 0.0000000000
47760  -6.217  -18.922  65.755 0.0000000000
47768  -6.439  -18.990  65.283 0.0000000000
45922  -8.899  -20.942  64.342 0.0000000000
142842  -8.193  -20.644  65.117 0.0000000000
133585  -8.105  -20.545  64.012 0.0000000000
46874  -7.634  -19.121  62.752 0.0000000000
46862  -7.340  -19.403  63.405 0.0000000000
47779  -7.160  -18.947  63.210 0.0000000000
140098  -6.687  -18.740  63.684 0.0000000000
47784  -6.999  -18.690  62.931 0.0000000000
48870  -6.910  -18.312  62.537 0.0000000000
48881  -7.477  -18.298  61.883 0.0000000000
50044  -8.169  -17.805  60.254 0.0000000000
139015  -7.980  -18.081  60.870 0.0000000000
51224  -7.655  -16.006  60.164 0.0000000000
51235  -8.209  -16.944  59.734 0.0000000000
54442  -16.398  -13.108  58.587 0.0000000000
54421  -16.988  -12.655  60.036 0.0000000000
53412  -15.894  -14.018  58.643 0.0000000000
126155  -15.730  -15.462  57.848 0.0000000000
52355  -15.739  -14.989  58.607 0.0000000000
52343  -15.694  -15.340  59.336 0.0000000000
48973  -16.873  -18.541  56.181 0.0000000000
145039  -16.664  -18.800  56.754 0.0000000000
48917  -15.839  -18.261  57.989 0.0000000000
50066  -15.658  -17.337  58.329 0.0000000000
148644  -15.193  -17.569  60.780 0.0000000000
141077  -15.027  -17.957  60.098 0.0000000000
47795  -14.083  -19.047  59.951 0.0000000000
150847  -14.192  -18.835  60.326 0.0000000000
47787  -13.757  -18.871  61.068 0.0000000000
47780  -13.486  -19.010  62.064 0.0000000000
46882  -13.247  -19.221  61.600 0.0000000000
46881  -12.654  -19.578  61.996 0.0000000000
146573  -13.089  -19.110  60.268 0.0000000000
46907  -12.764  -19.328  59.027 0.0000000000
46906  -12.011  -19.169  59.519 0.0000000000
46899  -10.754  -19.380  60.220 0.0000000000
47802  -11.241  -19.244  59.447 0.0000000000
48971  -12.483  -19.197  55.541 0.0000000000
48939  -12.242  -19.194  56.543 0.0000000000
48937  -10.919  -17.849  56.871 0.0000000000
48915  -10.555  -18.741  58.153 0.0000000000
141514  -9.961  -18.796  58.840 0.0000000000
48914  -9.405  -18.395  58.751 0.0000000000
147133  -8.106  -0.137  62.314 0.0000000000
68424  -8.063  0.118  61.619 0.0000000000
146812  -8.292  -0.464  61.259 0.0000000000
65474  -8.168  -2.749  61.711 0.0000000000
65485  -8.338  -2.757  60.903 0.0000000000
129120  -8.524  -2.313  60.065 0.0000000000
145432  -8.606  -1.918  59.446 0.0000000000
139740  -8.759  -4.360  56.560 0.0000000000
63584  -2.898  -4.361  58.380 0.0000000000
126296  -3.959  -3.983  56.863 0.0000000000
63596  -3.568  -4.292  57.704 0.0000000000
126581  -4.891  -4.432  56.925 0.0000000000
64590  -2.599  -3.694  54.968 0.0000000000
64602  -3.169  -3.481  54.384 0.0000000000
63639  -4.810  -4.111  54.623 0.0000000000
63625  -4.334  -3.925  55.302 0.0000000000
151963  -5.443  -4.741  56.628 0.0000000000
63609  -5.744  -4.900  56.016 0.0000000000
63627  -6.163  -5.156  55.153 0.0000000000
63642  -6.908  -5.306  54.474 0.0000000000
63657  -7.448  -5.332  53.815 0.0000000000
59308  -2.795  -8.190  67.490 0.0000000000
51137  -3.639  -16.431  68.035 0.0000000000
148503  -4.260  -15.350  69.121 0.0000000000
134027  -3.397  -15.810  68.242 0.0000000000
53319  -2.538  -14.218  67.366 0.0000000000
148715  -2.848  -14.574  67.829 0.0000000000
130133  -3.072  -13.878  67.986 0.0000000000
54323  -2.679  -13.403  67.365 0.0000000000
53339  -1.553  -14.372  64.803 0.0000000000
54348  -1.511  -13.594  64.702 0.0000000000
54331  -1.885  -13.286  65.847 0.0000000000
55371  -2.059  -12.397  65.926 0.0000000000
56428  -2.430  -12.021  66.659 0.0000000000
57424  -2.733  -10.733  67.368 0.0000000000
57443  -1.937  -10.496  64.888 0.0000000000
58339  -2.097  -9.998  65.576 0.0000000000
58348  -2.294  -9.461  64.916 0.0000000000
133104  -2.352  -8.211  64.754 0.0000000000
58374  -2.567  -10.071  62.068 0.0000000000
131737  -2.547  -10.604  61.432 0.0000000000
133205  -1.184  -12.980  60.708 0.0000000000
56461  -1.302  -12.397  60.896 0.0000000000
55435  -1.402  -12.525  60.061 0.0000000000
136763  -1.623  -12.527  58.439 0.0000000000
56485  -2.013  -11.522  59.679 0.0000000000
57479  -2.730  -10.829  60.063 0.0000000000
56512  -2.148  -12.060  57.730 0.0000000000
55501  -1.624  -13.044  56.288 0.0000000000
55502  -1.904  -12.599  56.135 0.0000000000
55520  -1.787  -12.804  55.341 0.0000000000
47885  -0.839  -19.487  56.008 0.0000000000
50084  -0.946  -18.178  56.957 0.0000000000
139341  -0.905  -18.213  56.685 0.0000000000
50108  -0.979  -17.467  56.726 0.0000000000
51292  -0.957  -16.641  56.113 0.0000000000
51307  -1.110  -16.384  55.424 0.0000000000
52399  -1.174  -15.748  55.758 0.0000000000
52416  -1.292  -15.407  54.562 0.0000000000
53445  -1.381  -14.107  55.183 0.0000000000
126209  -1.323  -14.750  54.492 0.0000000000
53469  -1.392  -14.265  54.133 0.0000000000
54502  -1.569  -13.605  53.823 0.0000000000
54517  -1.700  -13.404  52.772 0.0000000000
63591  -38.133  -4.700  58.460 0.0000000000
140603  -37.646  -4.720  58.816 0.0000000000
139946  -34.746  -5.868  58.432 0.0000000000
61553  -35.448  -5.955  57.458 0.0000000000
61542  -35.824  -5.720  58.231 0.0000000000
62665  -36.849  -5.582  57.973 0.0000000000
61527  -33.588  -5.732  60.039 0.0000000000
135424  -33.232  -5.828  59.602 0.0000000000
151332  -33.898  -5.769  59.570 0.0000000000
61540  -33.980  -5.885  58.952 0.0000000000
63559  -34.774  -4.937  61.622 0.0000000000
62621  -34.787  -5.303  61.232 0.0000000000
62630  -34.384  -5.529  60.980 0.0000000000
64548  -35.637  -3.939  60.688 0.0000000000
78497  -52.997  11.176  38.178 0.0000000000
142755  -53.615  11.627  38.629 0.0000000000
78484  -53.313  10.845  38.835 0.0000000000
75517  -48.091  7.521  38.189 0.0000000000
75527  -47.454  7.533  37.576 0.0000000000
75529  -49.158  8.075  37.698 0.0000000000
76464  -49.674  8.475  37.239 0.0000000000
76469  -50.155  8.933  36.792 0.0000000000
77494  -50.505  9.585  36.472 0.0000000000
77483  -50.883  9.212  37.159 0.0000000000
139168  -41.694  9.673  48.409 0.0000000000
77273  -41.030  9.906  49.064 0.0000000000
73560  -37.578  5.431  46.401 0.0000000000
74488  -38.136  6.843  46.676 0.0000000000
74510  -38.321  7.221  45.822 0.0000000000
75483  -38.668  7.342  45.110 0.0000000000
75467  -39.138  7.765  45.684 0.0000000000
76411  -40.322  8.465  46.639 0.0000000000
57508  -4.446  -10.396  55.463 0.0000000000
58421  -4.246  -9.497  54.936 0.0000000000
56586  -2.631  -11.549  52.019 0.0000000000
55571  -2.206  -12.143  52.367 0.0000000000
55570  -1.941  -12.689  52.227 0.0000000000
51223  -7.231  -16.066  61.008 0.0000000000
134184  -6.580  -15.354  61.147 0.0000000000
65588  -39.147  -2.038  50.913 0.0000000000
65587  -38.563  -2.512  50.503 0.0000000000
66549  -38.784  -1.725  50.255 0.0000000000
66566  -38.993  -1.014  50.090 0.0000000000
67589  -38.859  -0.428  49.659 0.0000000000
68583  -39.856  0.641  50.316 0.0000000000
64444  -26.072  -3.675  67.385 0.0000000000
55478  -27.291  -11.891  58.808 0.0000000000
85161  -53.043  17.767  36.645 0.0000000000
85166  -51.602  17.724  35.763 0.0000000000
86098  -53.080  18.486  36.081 0.0000000000
86104  -52.833  18.735  35.390 0.0000000000
87136  -54.863  19.748  35.471 0.0000000000
61478  -1.601  -5.729  64.626 0.0000000000
71630  -47.987  3.841  43.124 0.0000000000
71613  -47.266  3.729  43.124 0.0000000000
72640  -47.606  4.252  43.674 0.0000000000
71625  -43.442  3.452  42.524 0.0000000000
71643  -43.103  3.060  42.083 0.0000000000
151834  -44.157  3.289  42.626 0.0000000000
70689  -45.690  1.856  41.385 0.0000000000
140387  -45.664  2.326  41.975 0.0000000000
70676  -46.354  2.570  42.168 0.0000000000
139839  -11.539  -20.588  65.011 0.0000000000
46843  -12.020  -20.319  64.388 0.0000000000
46856  -11.872  -20.467  63.672 0.0000000000
126859  -11.521  -20.290  62.692 0.0000000000
126588  -20.295  -11.724  64.115 0.0000000000
65543  -9.186  -2.381  56.325 0.0000000000
65544  -9.445  -2.733  55.602 0.0000000000
63545  -6.444  -4.350  61.892 0.0000000000
63564  -5.453  -4.516  60.705 0.0000000000
61649  -2.531  -7.000  50.728 0.0000000000
62745  -2.245  -5.983  51.708 0.0000000000
62762  -2.865  -6.160  50.442 0.0000000000
61660  -3.152  -6.847  50.061 0.0000000000
54309  -6.229  -13.400  70.183 0.0000000000
53307  -5.538  -13.786  70.395 0.0000000000
52314  -1.062  -14.936  61.939 0.0000000000
52325  -1.241  -15.113  60.602 0.0000000000
53394  -1.298  -14.371  59.997 0.0000000000
131391  -1.392  -15.529  57.705 0.0000000000
61585  -38.014  -5.941  55.106 0.0000000000
61600  -37.607  -6.211  54.309 0.0000000000
62713  -38.300  -5.971  54.489 0.0000000000
62727  -39.104  -5.503  53.889 0.0000000000
136784  -39.302  -4.433  53.018 0.0000000000
62678  -31.807  -5.874  56.614 0.0000000000
145875  -31.866  -5.842  62.366 0.0000000000
61496  -31.653  -6.065  62.947 0.0000000000
60420  -29.472  -7.242  62.232 0.0000000000
60426  -28.711  -7.445  61.620 0.0000000000
59364  -28.917  -8.481  61.521 0.0000000000
60434  -28.207  -7.608  60.995 0.0000000000
84213  -54.567  16.181  38.330 0.0000000000
80412  -51.588  12.468  36.584 0.0000000000
81391  -51.685  13.265  36.633 0.0000000000
136588  -51.741  13.910  36.660 0.0000000000
82319  -52.108  14.514  36.875 0.0000000000
83246  -52.562  15.308  37.133 0.0000000000
73571  -44.190  5.931  44.960 0.0000000000
74513  -44.649  6.333  45.632 0.0000000000
75427  -45.143  7.870  47.279 0.0000000000
74546  -41.092  6.220  43.692 0.0000000000
73612  -42.399  5.214  43.561 0.0000000000
73589  -42.845  5.609  44.202 0.0000000000
55522  -17.040  -11.944  55.996 0.0000000000
67435  -8.420  -0.836  58.506 0.0000000000
59428  -3.435  -8.712  53.423 0.0000000000
59427  -2.757  -8.047  52.957 0.0000000000
60505  -2.522  -7.850  52.094 0.0000000000
135916  -2.551  -8.447  51.352 0.0000000000
59443  -2.452  -8.766  50.689 0.0000000000
48814  -5.237  -18.043  66.428 0.0000000000
142752  -4.594  -17.541  66.593 0.0000000000
48823  -4.406  -17.465  65.619 0.0000000000
138521  -3.534  -15.638  61.658 0.0000000000
51209  -3.215  -15.665  61.617 0.0000000000
50026  -2.414  -16.182  60.131 0.0000000000
74465  -39.453  6.175  49.358 0.0000000000
74456  -39.679  6.578  50.071 0.0000000000
69615  -38.297  1.565  48.329 0.0000000000
145231  -38.356  2.090  48.210 0.0000000000
70620  -38.625  2.669  48.520 0.0000000000
138376  -38.347  3.121  47.878 0.0000000000
71569  -38.259  3.816  47.788 0.0000000000
72585  -39.036  4.757  48.976 0.0000000000
58330  -22.860  -9.823  66.865 0.0000000000
57435  -23.006  -10.339  66.381 0.0000000000
55382  -22.698  -11.451  65.012 0.0000000000
61468  -28.258  -6.360  66.374 0.0000000000
132305  -27.789  -7.023  66.274 0.0000000000
60393  -28.288  -7.742  65.977 0.0000000000
59335  -27.731  -8.602  65.331 0.0000000000
58346  -27.378  -9.048  64.981 0.0000000000
128341  -25.104  -12.073  60.567 0.0000000000
56458  -25.505  -11.602  61.957 0.0000000000
127455  -24.538  -12.146  61.150 0.0000000000
145575  -24.114  -12.207  61.450 0.0000000000
55425  -23.872  -12.242  61.879 0.0000000000
133850  -23.293  -12.186  61.926 0.0000000000
130806  -23.505  -12.134  61.448 0.0000000000
55460  -22.230  -11.791  60.264 0.0000000000
55473  -20.811  -11.379  59.217 0.0000000000
147082  -21.264  -11.346  58.642 0.0000000000
56516  -20.393  -10.964  57.636 0.0000000000
84235  -48.873  17.216  32.412 0.0000000000
64474  -2.878  -3.659  64.914 0.0000000000
126935  -3.684  -3.756  64.264 0.0000000000
129990  -2.599  -3.628  63.963 0.0000000000
64520  -1.691  -4.477  61.542 0.0000000000
59371  -3.291  -8.067  59.318 0.0000000000
59379  -3.461  -8.351  58.635 0.0000000000
145064  -49.496  6.641  40.533 0.0000000000
72677  -46.190  4.500  40.054 0.0000000000
139531  -46.532  5.374  39.864 0.0000000000
74564  -46.922  6.197  39.495 0.0000000000
73645  -47.298  5.657  40.214 0.0000000000
46821  -7.462  -20.105  66.126 0.0000000000
46864  -8.632  -19.951  62.568 0.0000000000
149772  -8.804  -19.424  61.958 0.0000000000
46887  -8.628  -18.997  61.702 0.0000000000
47786  -8.012  -18.886  62.217 0.0000000000
47792  -7.880  -18.575  61.824 0.0000000000
48895  -8.345  -18.400  60.814 0.0000000000
52375  -15.775  -14.792  57.372 0.0000000000
51266  -15.872  -15.866  57.087 0.0000000000
137924  -15.830  -16.348  57.584 0.0000000000
48972  -16.287  -19.458  56.962 0.0000000000
48940  -15.831  -19.229  57.637 0.0000000000
47815  -15.348  -19.226  58.459 0.0000000000
48898  -15.030  -18.803  59.389 0.0000000000
131453  -14.982  -19.641  59.147 0.0000000000
47804  -14.589  -19.649  59.244 0.0000000000
46908  -13.455  -19.706  58.545 0.0000000000
47812  -12.923  -19.622  58.117 0.0000000000
48970  -11.345  -17.760  56.046 0.0000000000
64553  -7.848  -4.113  60.144 0.0000000000
64539  -8.063  -3.604  60.707 0.0000000000
63576  -8.100  -3.961  59.502 0.0000000000
64567  -8.367  -3.494  59.077 0.0000000000
63600  -8.240  -4.508  57.979 0.0000000000
126421  -7.338  -5.224  56.887 0.0000000000
63595  -2.244  -4.207  57.214 0.0000000000
63607  -2.911  -3.879  56.506 0.0000000000
136625  -3.752  -3.448  53.729 0.0000000000
145303  -5.468  -4.655  54.673 0.0000000000
63640  -5.297  -4.367  53.973 0.0000000000
63656  -5.897  -4.755  53.272 0.0000000000
63668  -6.224  -4.595  52.322 0.0000000000
52265  -2.300  -15.882  66.659 0.0000000000
52258  -2.522  -15.653  67.310 0.0000000000
52257  -2.088  -15.247  66.837 0.0000000000
53318  -2.106  -14.552  66.812 0.0000000000
55383  -1.295  -13.407  63.977 0.0000000000
55384  -1.508  -12.868  64.481 0.0000000000
56434  -1.856  -11.902  65.346 0.0000000000
134831  -1.786  -11.417  64.809 0.0000000000
126169  -1.871  -11.047  64.226 0.0000000000
57450  -2.164  -10.805  63.553 0.0000000000
55452  -1.490  -13.322  59.026 0.0000000000
55453  -1.491  -12.790  59.154 0.0000000000
55469  -1.471  -13.157  58.188 0.0000000000
56497  -1.744  -12.486  57.718 0.0000000000
55485  -1.610  -12.942  57.016 0.0000000000
47886  -0.994  -19.669  55.202 0.0000000000
50125  -0.854  -17.645  56.117 0.0000000000
50144  -0.935  -17.881  55.492 0.0000000000
50145  -1.115  -17.961  54.748 0.0000000000
52433  -1.356  -15.203  53.536 0.0000000000
61580  -33.874  -6.448  55.081 0.0000000000
61596  -34.566  -6.507  54.413 0.0000000000
61581  -34.668  -6.436  55.347 0.0000000000
61582  -35.573  -6.344  55.714 0.0000000000
61583  -36.587  -6.202  55.692 0.0000000000
128867  -37.033  -5.958  56.433 0.0000000000
136106  -37.662  -5.919  55.802 0.0000000000
61568  -38.412  -5.692  55.912 0.0000000000
127149  -39.142  -5.414  56.091 0.0000000000
62639  -30.387  -5.513  59.627 0.0000000000
62652  -30.658  -5.680  58.659 0.0000000000
62653  -31.775  -5.849  58.541 0.0000000000
61538  -33.068  -5.980  58.876 0.0000000000
134743  -32.530  -5.984  58.163 0.0000000000
129741  -33.307  -6.372  55.880 0.0000000000
62610  -33.145  -5.482  62.283 0.0000000000
62611  -33.736  -5.366  62.083 0.0000000000
61498  -32.773  -5.613  61.943 0.0000000000
61497  -32.269  -5.703  62.415 0.0000000000
61505  -31.624  -5.835  61.905 0.0000000000
61514  -31.084  -5.794  61.228 0.0000000000
81382  -53.907  14.071  38.110 0.0000000000
82295  -54.720  14.653  38.911 0.0000000000
81370  -54.481  14.160  38.677 0.0000000000
129820  -47.554  7.823  36.780 0.0000000000
125865  -46.908  7.682  36.160 0.0000000000
75545  -46.250  7.646  35.615 0.0000000000
76476  -46.941  8.138  35.473 0.0000000000
76491  -48.100  9.496  34.888 0.0000000000
78520  -49.656  10.434  35.393 0.0000000000
78521  -50.275  10.772  35.706 0.0000000000
78511  -50.740  10.339  36.251 0.0000000000
79440  -50.860  11.185  36.149 0.0000000000
81380  -52.945  13.210  37.429 0.0000000000
75470  -42.449  7.499  45.510 0.0000000000
75445  -42.867  7.869  46.180 0.0000000000
77312  -43.376  9.179  48.042 0.0000000000
77311  -42.295  9.265  47.916 0.0000000000
73606  -36.753  5.110  43.257 0.0000000000
73607  -37.533  5.801  43.201 0.0000000000
75484  -39.336  7.456  44.837 0.0000000000
74531  -40.635  6.886  44.146 0.0000000000
75486  -41.118  7.329  44.701 0.0000000000
59398  -3.131  -7.831  56.097 0.0000000000
59421  -3.606  -8.637  54.474 0.0000000000
141357  -4.093  -9.484  53.893 0.0000000000
57535  -2.730  -9.798  51.259 0.0000000000
147803  -2.214  -10.724  50.822 0.0000000000
56619  -1.970  -11.213  50.647 0.0000000000
55596  -1.749  -12.042  50.304 0.0000000000
143913  -1.687  -12.617  49.561 0.0000000000
54560  -1.634  -13.378  49.361 0.0000000000
49983  -5.598  -17.447  63.738 0.0000000000
51200  -4.760  -16.034  63.015 0.0000000000
51210  -4.237  -15.587  62.099 0.0000000000
71551  -39.552  3.361  49.728 0.0000000000
72577  -40.185  4.308  50.450 0.0000000000
71552  -40.094  3.603  50.273 0.0000000000
62766  -37.800  -5.772  49.939 0.0000000000
61670  -37.423  -6.491  49.491 0.0000000000
63704  -37.662  -4.797  49.738 0.0000000000
63717  -37.363  -4.568  48.953 0.0000000000
141358  -37.953  -3.083  50.120 0.0000000000
64693  -37.288  -3.595  48.863 0.0000000000
64704  -36.876  -3.303  48.389 0.0000000000
65624  -36.805  -2.526  48.224 0.0000000000
135078  -36.272  -2.284  47.576 0.0000000000
66589  -36.883  -1.636  48.099 0.0000000000
68614  -38.066  0.198  48.541 0.0000000000
68598  -38.691  0.298  49.225 0.0000000000
68615  -38.584  1.100  48.819 0.0000000000
69585  -39.326  2.171  49.522 0.0000000000
151592  -24.421  -6.127  67.417 0.0000000000
60382  -24.445  -7.455  66.607 0.0000000000
150610  -28.407  -9.851  62.674 0.0000000000
57456  -27.813  -9.709  63.625 0.0000000000
143797  -28.092  -10.195  62.397 0.0000000000
56460  -26.983  -10.835  61.693 0.0000000000
55447  -26.309  -11.675  60.704 0.0000000000
130609  -26.761  -11.893  59.479 0.0000000000
55462  -25.872  -12.090  59.763 0.0000000000
55446  -25.640  -11.945  60.673 0.0000000000
133222  -25.077  -12.149  59.772 0.0000000000
143405  -24.165  -12.304  58.467 0.0000000000
55505  -23.146  -11.882  57.472 0.0000000000
128712  -49.372  17.078  34.043 0.0000000000
85173  -50.583  17.593  34.594 0.0000000000
85176  -49.797  17.436  33.484 0.0000000000
85182  -49.638  17.453  32.633 0.0000000000
85183  -50.466  17.776  32.737 0.0000000000
85191  -50.917  17.757  31.920 0.0000000000
85185  -52.126  18.222  32.194 0.0000000000
86118  -53.356  19.237  33.789 0.0000000000
142596  -1.428  -4.392  64.717 0.0000000000
63529  -1.324  -4.599  63.865 0.0000000000
62599  -1.275  -4.873  63.293 0.0000000000
137600  -1.332  -5.257  62.941 0.0000000000
61491  -1.535  -5.938  62.638 0.0000000000
60416  -1.853  -6.785  62.314 0.0000000000
72661  -48.206  4.623  41.437 0.0000000000
73627  -48.927  5.142  41.645 0.0000000000
72662  -48.637  4.440  42.081 0.0000000000
147615  -48.490  4.259  43.118 0.0000000000
70686  -42.627  2.231  41.154 0.0000000000
146480  -44.290  0.743  39.777 0.0000000000
69706  -45.411  1.445  40.518 0.0000000000
70704  -45.950  2.065  40.603 0.0000000000
147828  -46.335  2.203  41.117 0.0000000000
70705  -46.559  2.676  40.918 0.0000000000
71657  -47.123  3.203  41.316 0.0000000000
46823  -9.586  -20.351  66.159 0.0000000000
45913  -9.674  -21.103  64.708 0.0000000000
45923  -9.832  -21.165  63.865 0.0000000000
45924  -10.629  -21.218  63.990 0.0000000000
46854  -10.518  -21.147  63.342 0.0000000000
46865  -9.452  -20.507  62.488 0.0000000000
46889  -9.645  -19.617  61.238 0.0000000000
46898  -10.031  -19.412  60.603 0.0000000000
143839  -17.360  -17.902  54.794 0.0000000000
50130  -17.108  -18.231  55.482 0.0000000000
48990  -16.924  -19.284  55.500 0.0000000000
47873  -15.919  -20.200  55.360 0.0000000000
47871  -13.426  -19.886  55.512 0.0000000000
65459  -7.911  -2.283  63.224 0.0000000000
64524  -7.072  -4.297  61.609 0.0000000000
63554  -7.485  -4.155  61.001 0.0000000000
63638  -1.948  -4.174  54.825 0.0000000000
63654  -1.596  -5.018  53.728 0.0000000000
134177  -1.930  -4.129  53.314 0.0000000000
63677  -2.035  -5.127  51.953 0.0000000000
63666  -2.130  -4.323  52.280 0.0000000000
64626  -2.689  -3.757  52.674 0.0000000000
64636  -3.454  -3.445  51.208 0.0000000000
64649  -3.567  -3.469  50.263 0.0000000000
55347  -6.944  -11.446  70.107 0.0000000000
151384  -6.695  -11.220  70.296 0.0000000000
56401  -5.677  -11.559  70.270 0.0000000000
56404  -4.779  -11.918  69.834 0.0000000000
55348  -4.363  -12.269  69.390 0.0000000000
51174  -1.756  -15.533  63.797 0.0000000000
52283  -1.722  -15.209  64.804 0.0000000000
52296  -1.228  -15.220  63.477 0.0000000000
53363  -0.924  -14.629  62.264 0.0000000000
54362  -1.084  -14.069  63.483 0.0000000000
55391  -1.176  -13.292  62.990 0.0000000000
55400  -1.249  -12.804  62.184 0.0000000000
55414  -1.144  -12.895  61.442 0.0000000000
54430  -1.436  -13.760  59.446 0.0000000000
54441  -1.473  -13.764  58.418 0.0000000000
53423  -1.394  -14.323  56.834 0.0000000000
133567  -36.206  -7.433  50.823 0.0000000000
61656  -37.260  -6.851  50.844 0.0000000000
60499  -35.787  -6.663  52.841 0.0000000000
61614  -37.107  -6.395  53.502 0.0000000000
61626  -36.920  -6.530  52.727 0.0000000000
60512  -36.339  -6.727  52.349 0.0000000000
60525  -36.803  -6.784  52.027 0.0000000000
61642  -37.369  -6.694  51.668 0.0000000000
62757  -38.152  -5.795  50.668 0.0000000000
63697  -38.295  -4.856  50.935 0.0000000000
64642  -38.500  -3.780  51.241 0.0000000000
133073  -39.328  -3.630  52.565 0.0000000000
64643  -39.096  -3.170  51.789 0.0000000000
64657  -38.844  -2.821  51.130 0.0000000000
65577  -39.416  -2.340  51.595 0.0000000000
60400  -29.357  -7.841  65.079 0.0000000000
58355  -28.876  -8.914  64.148 0.0000000000
62596  -31.674  -6.149  64.289 0.0000000000
61488  -30.932  -6.544  63.454 0.0000000000
60408  -30.777  -6.741  64.030 0.0000000000
61482  -30.666  -6.910  64.561 0.0000000000
59344  -29.756  -7.872  64.247 0.0000000000
59343  -29.218  -8.357  64.430 0.0000000000
58365  -28.987  -9.174  63.484 0.0000000000
58379  -28.696  -9.762  62.058 0.0000000000
133221  -28.709  -10.115  60.936 0.0000000000
57477  -28.641  -10.365  60.179 0.0000000000
141984  -28.967  -9.379  60.196 0.0000000000
58392  -28.892  -9.934  60.176 0.0000000000
80424  -50.402  12.513  35.678 0.0000000000
131397  -48.853  12.048  34.805 0.0000000000
80439  -48.248  12.404  34.458 0.0000000000
84219  -51.365  16.836  36.176 0.0000000000
84215  -52.108  16.263  36.717 0.0000000000
140961  -52.728  16.922  36.926 0.0000000000
85162  -53.934  17.748  37.150 0.0000000000
86100  -54.523  18.541  36.988 0.0000000000
72637  -45.178  4.174  43.603 0.0000000000
72621  -46.197  4.667  44.230 0.0000000000
73573  -45.927  5.791  45.339 0.0000000000
75446  -43.791  7.539  46.444 0.0000000000
75426  -44.248  7.998  47.052 0.0000000000
72635  -42.774  4.617  43.238 0.0000000000
72651  -43.099  4.073  42.887 0.0000000000
139933  -44.326  4.278  43.559 0.0000000000
137386  -18.636  -11.750  59.936 0.0000000000
55439  -17.818  -12.164  59.842 0.0000000000
55455  -17.719  -12.217  59.115 0.0000000000
54450  -16.454  -12.976  57.815 0.0000000000
55521  -16.616  -12.676  56.432 0.0000000000
54457  -16.031  -13.728  57.255 0.0000000000
53436  -15.827  -14.415  56.785 0.0000000000
52404  -16.297  -15.654  55.772 0.0000000000
51296  -16.771  -16.441  55.227 0.0000000000
132267  -17.094  -17.108  54.772 0.0000000000
67446  -8.334  -0.724  57.519 0.0000000000
63612  -9.055  -4.294  55.817 0.0000000000
142745  -3.181  -4.275  60.458 0.0000000000
63562  -3.697  -4.364  59.960 0.0000000000
63583  -2.023  -4.148  58.215 0.0000000000
60462  -2.309  -6.595  55.997 0.0000000000
61573  -2.033  -6.162  55.440 0.0000000000
133587  -1.827  -5.855  54.829 0.0000000000
61620  -2.285  -6.660  52.215 0.0000000000
60504  -2.426  -7.394  51.753 0.0000000000
51138  -4.386  -16.821  68.342 0.0000000000
51141  -3.389  -16.620  67.413 0.0000000000
141369  -4.098  -17.233  66.854 0.0000000000
49913  -3.343  -16.786  66.779 0.0000000000
51140  -2.782  -16.291  67.083 0.0000000000
51151  -2.693  -16.360  66.370 0.0000000000
49982  -4.529  -16.967  64.214 0.0000000000
135260  -3.835  -16.808  64.612 0.0000000000
49998  -3.376  -15.958  63.215 0.0000000000
49980  -3.163  -16.383  64.522 0.0000000000
149385  -2.773  -16.199  64.653 0.0000000000
145570  -2.169  -15.770  64.121 0.0000000000
50041  -1.624  -17.110  58.582 0.0000000000
146894  -39.403  7.993  47.922 0.0000000000
76374  -40.169  8.962  48.943 0.0000000000
76358  -40.116  8.870  49.878 0.0000000000
75398  -39.758  7.508  50.096 0.0000000000
61682  -36.697  -6.876  48.130 0.0000000000
62782  -36.394  -5.715  47.301 0.0000000000
71577  -36.666  3.053  46.196 0.0000000000
71578  -37.124  3.416  46.481 0.0000000000
73552  -37.694  4.895  47.053 0.0000000000
72593  -38.137  4.694  47.641 0.0000000000
73553  -37.917  5.503  47.280 0.0000000000
136722  -38.248  6.277  47.408 0.0000000000
74480  -39.117  7.331  47.968 0.0000000000
56426  -21.865  -11.049  66.661 0.0000000000
55376  -21.277  -11.467  65.945 0.0000000000
54345  -20.664  -11.654  64.961 0.0000000000
54388  -19.704  -11.754  62.776 0.0000000000
54408  -19.728  -11.643  61.866 0.0000000000
62575  -26.503  -5.073  67.023 0.0000000000
61467  -27.142  -6.137  66.497 0.0000000000
62581  -26.501  -5.692  66.825 0.0000000000
61459  -25.891  -5.962  66.909 0.0000000000
60383  -25.201  -7.000  66.420 0.0000000000
59324  -24.526  -8.583  65.782 0.0000000000
57449  -27.178  -9.876  63.875 0.0000000000
145451  -26.991  -9.549  64.525 0.0000000000
57448  -26.242  -10.069  64.108 0.0000000000
146389  -25.522  -11.344  62.596 0.0000000000
57454  -25.635  -10.651  63.690 0.0000000000
57441  -25.794  -9.758  64.639 0.0000000000
58345  -25.181  -9.406  65.092 0.0000000000
58338  -25.045  -8.842  65.378 0.0000000000
58337  -24.213  -9.390  65.593 0.0000000000
57440  -23.841  -10.482  65.262 0.0000000000
56445  -23.353  -11.373  64.671 0.0000000000
54372  -22.418  -12.099  63.566 0.0000000000
54412  -23.399  -12.211  62.421 0.0000000000
54411  -22.654  -12.169  62.534 0.0000000000
147775  -22.370  -12.178  63.203 0.0000000000
54390  -21.825  -12.101  63.123 0.0000000000
54409  -20.564  -11.719  62.326 0.0000000000
126215  -19.639  -11.591  61.039 0.0000000000
56500  -18.575  -11.594  58.018 0.0000000000
56501  -19.560  -11.268  58.094 0.0000000000
56515  -18.982  -11.365  57.283 0.0000000000
84244  -50.989  17.220  31.164 0.0000000000
84255  -51.477  16.561  30.413 0.0000000000
84256  -52.328  16.634  30.252 0.0000000000
84259  -51.892  16.051  29.699 0.0000000000
84265  -53.569  16.330  28.180 0.0000000000
64491  -6.592  -3.822  63.431 0.0000000000
63544  -5.703  -4.410  62.378 0.0000000000
64489  -4.414  -4.069  63.634 0.0000000000
64551  -1.969  -4.258  59.913 0.0000000000
63569  -1.731  -4.461  59.874 0.0000000000
143222  -1.616  -4.603  59.396 0.0000000000
138794  -1.389  -5.237  61.459 0.0000000000
139214  -3.897  -9.030  57.523 0.0000000000
57504  -4.363  -10.387  56.354 0.0000000000
76461  -52.107  8.847  39.038 0.0000000000
76455  -51.649  8.409  39.269 0.0000000000
148598  -40.606  9.441  48.961 0.0000000000
69746  -44.474  1.290  39.126 0.0000000000
70735  -44.558  2.353  38.872 0.0000000000
71678  -44.478  3.644  38.706 0.0000000000
73659  -45.055  5.756  37.936 0.0000000000
142711  -47.342  6.765  39.049 0.0000000000
75518  -48.737  7.446  38.748 0.0000000000
75519  -50.201  7.953  38.857 0.0000000000
47739  -5.854  -18.495  66.588 0.0000000000
47750  -5.843  -18.530  66.277 0.0000000000
47759  -5.831  -18.505  65.771 0.0000000000
46822  -8.204  -20.160  66.311 0.0000000000
46832  -7.579  -20.364  65.529 0.0000000000
46851  -7.633  -20.017  63.714 0.0000000000
46850  -7.146  -19.651  64.215 0.0000000000
146694  -6.858  -19.647  65.024 0.0000000000
46849  -6.744  -19.239  64.587 0.0000000000
48849  -6.072  -18.323  64.198 0.0000000000
50013  -6.922  -17.461  62.042 0.0000000000
50028  -7.559  -17.731  61.277 0.0000000000
147348  -7.261  -16.981  61.365 0.0000000000
55420  -17.613  -12.280  60.567 0.0000000000
140197  -16.989  -12.746  60.783 0.0000000000
149144  -16.534  -13.185  60.294 0.0000000000
54420  -16.036  -13.801  60.167 0.0000000000
54405  -16.409  -13.402  60.978 0.0000000000
52330  -15.506  -15.337  60.813 0.0000000000
132144  -16.787  -17.568  56.132 0.0000000000
50088  -16.105  -17.391  57.504 0.0000000000
148585  -15.730  -16.627  58.070 0.0000000000
51237  -15.701  -16.021  59.489 0.0000000000
52342  -15.596  -16.130  60.375 0.0000000000
129119  -15.453  -16.212  61.297 0.0000000000
138269  -15.333  -16.961  61.752 0.0000000000
50014  -14.977  -17.714  61.672 0.0000000000
48883  -14.550  -18.666  60.247 0.0000000000
48871  -14.406  -18.345  61.811 0.0000000000
48860  -14.072  -18.487  62.492 0.0000000000
46869  -12.417  -19.667  62.731 0.0000000000
46880  -11.956  -19.863  62.377 0.0000000000
46892  -12.213  -19.604  61.472 0.0000000000
132939  -12.384  -19.260  60.259 0.0000000000
46891  -11.608  -19.649  61.206 0.0000000000
46890  -10.826  -19.659  61.069 0.0000000000
47801  -9.609  -19.034  60.034 0.0000000000
152186  -11.369  -19.193  58.853 0.0000000000
47810  -9.928  -18.977  59.496 0.0000000000
48913  -8.980  -18.572  59.571 0.0000000000
50065  -9.549  -17.462  57.764 0.0000000000
139184  -8.606  -17.203  59.076 0.0000000000
66394  -8.325  -1.395  62.234 0.0000000000
138444  -8.418  -1.171  61.396 0.0000000000
67409  -8.421  -0.763  60.508 0.0000000000
66442  -8.657  -1.900  58.695 0.0000000000
65527  -8.863  -3.041  57.754 0.0000000000
63572  -4.534  -4.565  59.375 0.0000000000
128732  -5.142  -4.728  58.591 0.0000000000
126855  -5.861  -4.960  58.038 0.0000000000
63598  -6.632  -5.149  57.517 0.0000000000
62669  -7.987  -5.251  56.082 0.0000000000
62687  -8.146  -5.271  55.292 0.0000000000
63629  -8.627  -4.939  55.535 0.0000000000
63643  -8.635  -5.139  54.776 0.0000000000
142293  -8.419  -5.295  53.972 0.0000000000
129176  -7.933  -5.277  53.061 0.0000000000
63669  -7.259  -4.904  52.054 0.0000000000
63681  -6.306  -4.256  51.359 0.0000000000
60385  -2.565  -7.859  66.894 0.0000000000
52248  -5.004  -14.686  69.946 0.0000000000
131753  -4.452  -14.789  69.461 0.0000000000
53310  -4.687  -13.985  69.951 0.0000000000
139830  -2.964  -15.265  67.968 0.0000000000
53313  -3.425  -14.427  68.413 0.0000000000
136171  -4.369  -13.581  69.566 0.0000000000
54310  -4.357  -12.983  69.485 0.0000000000
55354  -3.863  -12.650  68.764 0.0000000000
56413  -3.827  -11.838  68.720 0.0000000000
53331  -1.693  -14.766  65.625 0.0000000000
53326  -1.820  -14.180  66.121 0.0000000000
146223  -1.679  -13.242  65.120 0.0000000000
55364  -2.777  -12.537  67.372 0.0000000000
55353  -3.279  -12.177  68.077 0.0000000000
56412  -3.229  -11.307  68.045 0.0000000000
58325  -2.647  -9.726  67.353 0.0000000000
57430  -2.191  -10.571  66.131 0.0000000000
58332  -2.383  -9.451  66.744 0.0000000000
59317  -2.387  -8.800  66.450 0.0000000000
140512  -2.380  -7.932  66.114 0.0000000000
127730  -2.331  -7.812  65.419 0.0000000000
59346  -2.545  -8.782  63.344 0.0000000000
58357  -2.428  -9.794  63.546 0.0000000000
144021  -2.744  -9.229  62.024 0.0000000000
58380  -2.988  -9.647  61.273 0.0000000000
56463  -2.067  -11.364  61.096 0.0000000000
127584  -1.621  -11.860  60.349 0.0000000000
56513  -3.062  -11.571  57.539 0.0000000000
56528  -3.105  -11.854  56.434 0.0000000000
56541  -2.539  -12.357  55.431 0.0000000000
48910  -1.521  -18.210  57.857 0.0000000000
149466  -1.143  -18.111  57.289 0.0000000000
47860  -0.856  -19.392  56.676 0.0000000000
47843  -0.932  -19.101  57.193 0.0000000000
53432  -1.368  -14.467  56.114 0.0000000000
143834  -1.304  -17.042  54.328 0.0000000000
52415  -1.253  -15.582  55.197 0.0000000000
133036  -1.289  -15.122  55.494 0.0000000000
53444  -1.357  -14.564  55.557 0.0000000000
54472  -1.414  -13.970  55.658 0.0000000000
54473  -1.465  -13.552  55.253 0.0000000000
54488  -1.440  -13.755  54.703 0.0000000000
150919  -1.488  -13.417  54.874 0.0000000000
55541  -1.611  -13.085  54.874 0.0000000000
133312  -2.067  -12.733  53.875 0.0000000000
144557  -1.818  -13.278  51.891 0.0000000000
52488  -1.599  -15.257  49.169 0.0000000000
45904  -9.128  -20.924  65.334 0.0000000000
45915  -11.093  -21.087  64.474 0.0000000000
45925  -11.149  -21.118  63.728 0.0000000000
46830  -6.618  -19.449  65.633 0.0000000000
46834  -9.476  -20.626  66.036 0.0000000000
46842  -11.634  -20.888  64.111 0.0000000000
46853  -9.765  -21.018  63.017 0.0000000000
46863  -7.882  -19.677  62.956 0.0000000000
46867  -11.498  -20.625  63.100 0.0000000000
46893  -12.902  -19.328  61.161 0.0000000000
46902  -13.864  -19.297  59.610 0.0000000000
47762  -12.708  -19.037  65.114 0.0000000000
47796  -14.232  -18.611  61.066 0.0000000000
49908  -4.102  -17.004  67.661 0.0000000000
50046  -15.345  -17.561  59.188 0.0000000000
51131  -4.071  -15.972  68.748 0.0000000000
51225  -15.419  -16.921  60.984 0.0000000000
52282  -1.553  -15.338  64.075 0.0000000000
53306  -5.106  -13.472  70.338 0.0000000000
53308  -6.014  -14.276  70.215 0.0000000000
53309  -4.093  -14.219  69.204 0.0000000000
53397  -15.802  -14.369  59.375 0.0000000000
54307  -5.150  -12.785  70.320 0.0000000000
54346  -21.263  -11.593  65.236 0.0000000000
54356  -20.764  -11.697  64.422 0.0000000000
54369  -20.119  -11.778  63.544 0.0000000000
54391  -22.909  -12.200  63.011 0.0000000000
54407  -17.862  -12.293  62.082 0.0000000000
55346  -6.397  -12.019  70.272 0.0000000000
55350  -6.392  -12.606  70.190 0.0000000000
55370  -21.961  -11.406  65.976 0.0000000000
55389  -22.911  -11.746  64.322 0.0000000000
55397  -23.746  -12.006  63.138 0.0000000000
55408  -24.840  -11.681  62.503 0.0000000000
55424  -22.816  -12.071  61.840 0.0000000000
55426  -24.378  -12.137  61.590 0.0000000000
55440  -18.485  -11.809  60.666 0.0000000000
55445  -24.061  -12.175  60.859 0.0000000000
55458  -20.154  -11.469  59.786 0.0000000000
55463  -26.319  -11.851  60.147 0.0000000000
55464  -27.096  -11.518  60.026 0.0000000000
55475  -24.702  -12.301  58.830 0.0000000000
55477  -26.510  -12.213  58.692 0.0000000000
55489  -23.693  -12.176  58.082 0.0000000000
56400  -5.165  -11.438  70.015 0.0000000000
56432  -22.498  -11.176  66.045 0.0000000000
56437  -22.452  -11.352  65.574 0.0000000000
56438  -22.917  -11.220  65.432 0.0000000000
56453  -25.999  -10.907  63.062 0.0000000000
56466  -26.416  -11.382  61.368 0.0000000000
56491  -28.373  -10.813  59.848 0.0000000000
56529  -17.675  -11.622  56.677 0.0000000000
57406  -7.018  -10.835  70.285 0.0000000000
57416  -3.096  -10.396  68.039 0.0000000000
57428  -22.048  -10.577  67.113 0.0000000000
57429  -22.524  -10.326  66.878 0.0000000000
57431  -2.444  -11.109  66.710 0.0000000000
57436  -23.616  -10.153  65.766 0.0000000000
57470  -27.761  -10.617  61.639 0.0000000000
58344  -24.260  -9.912  65.277 0.0000000000
58347  -28.102  -8.863  64.835 0.0000000000
58363  -27.795  -9.485  64.153 0.0000000000
58372  -28.596  -9.584  63.014 0.0000000000
59318  -2.510  -8.837  67.069 0.0000000000
59323  -23.849  -9.073  66.142 0.0000000000
59327  -28.048  -8.218  65.723 0.0000000000
59334  -26.902  -8.631  65.349 0.0000000000
59337  -29.005  -8.238  64.839 0.0000000000
60390  -24.868  -7.757  66.022 0.0000000000
60394  -28.963  -7.588  65.616 0.0000000000
60401  -30.025  -7.430  64.855 0.0000000000
60407  -30.182  -7.369  64.432 0.0000000000
61457  -24.589  -6.716  67.041 0.0000000000
61466  -26.544  -6.424  66.477 0.0000000000
61470  -29.800  -6.538  65.620 0.0000000000
61477  -31.113  -6.511  64.619 0.0000000000
61483  -31.247  -6.411  64.091 0.0000000000
61489  -32.081  -5.889  63.049 0.0000000000
61508  -33.745  -5.584  61.210 0.0000000000
61513  -28.096  -6.800  61.048 0.0000000000
61518  -33.950  -5.633  60.609 0.0000000000
61519  -34.601  -5.545  60.399 0.0000000000
61525  -32.529  -5.819  60.214 0.0000000000
61529  -34.845  -5.574  59.795 0.0000000000
61539  -33.527  -5.854  59.292 0.0000000000
62574  -26.058  -5.216  67.150 0.0000000000
62604  -32.876  -5.475  62.906 0.0000000000
62618  -30.018  -5.877  61.287 0.0000000000
62619  -33.473  -5.532  61.750 0.0000000000
62627  -29.236  -5.758  60.648 0.0000000000
62739  -38.607  -5.354  52.152 0.0000000000
62755  -3.078  -4.920  50.076 0.0000000000
63517  -26.287  -4.495  67.191 0.0000000000
63548  -34.277  -5.107  62.058 0.0000000000
63633  -40.135  -4.917  55.441 0.0000000000
63685  -38.568  -4.639  51.665 0.0000000000
69599  -38.757  1.993  48.884 0.0000000000
73539  -39.748  4.838  50.159 0.0000000000
73570  -37.445  5.665  45.536 0.0000000000
74512  -43.784  6.488  45.404 0.0000000000
76373  -39.776  8.351  48.387 0.0000000000
76395  -44.643  8.418  47.657 0.0000000000
77499  -48.703  9.565  35.208 0.0000000000
77514  -49.032  10.218  35.081 0.0000000000
78483  -52.749  10.394  38.430 0.0000000000
78496  -52.392  10.724  37.758 0.0000000000
78513  -51.952  11.146  37.151 0.0000000000
78527  -48.670  10.794  34.791 0.0000000000
78528  -49.231  10.809  35.108 0.0000000000
79441  -51.478  11.600  36.596 0.0000000000
79457  -50.964  12.052  36.112 0.0000000000
80394  -54.445  12.987  39.038 0.0000000000
80423  -49.624  12.094  35.211 0.0000000000
80440  -49.029  12.778  34.887 0.0000000000
81369  -54.078  13.405  38.426 0.0000000000
81381  -53.544  13.492  37.840 0.0000000000
83221  -55.075  15.308  39.266 0.0000000000
83234  -54.353  15.521  38.271 0.0000000000
84261  -53.539  16.570  29.144 0.0000000000
85147  -54.799  17.110  38.179 0.0000000000
85167  -52.371  18.183  36.004 0.0000000000
85172  -49.924  17.295  34.310 0.0000000000
85178  -51.111  18.125  33.927 0.0000000000
85190  -50.267  17.512  31.850 0.0000000000
86088  -54.964  18.104  37.700 0.0000000000
87137  -55.292  20.005  35.879 0.0000000000
125814  -48.750  7.742  38.090 0.0000000000
126080  -22.429  -11.632  64.687 0.0000000000
126114  -23.448  -10.985  65.203 0.0000000000
126804  -21.264  -11.814  64.036 0.0000000000
128108  -21.867  -11.929  64.053 0.0000000000
128137  -8.013  -20.441  65.863 0.0000000000
128416  -31.064  -6.306  62.709 0.0000000000
128530  -24.923  -12.027  61.227 0.0000000000
129446  -12.285  -19.820  63.469 0.0000000000
129845  -8.155  -20.213  63.267 0.0000000000
131219  -31.441  -6.241  63.545 0.0000000000
131715  -54.874  15.749  38.847 0.0000000000
132204  -32.189  -5.851  59.450 0.0000000000
135734  -37.384  3.920  46.688 0.0000000000
136223  -38.540  -5.920  54.026 0.0000000000
136667  -25.079  -5.977  67.173 0.0000000000
137644  -24.209  -12.170  61.976 0.0000000000
138142  -1.765  -3.824  63.032 0.0000000000
138835  -36.334  -7.609  50.062 0.0000000000
140400  -27.404  -10.097  63.118 0.0000000000
140633  -39.822  7.772  45.252 0.0000000000
140745  -7.817  0.574  61.048 0.0000000000
140937  -38.444  -5.970  52.563 0.0000000000
141694  -1.759  -4.361  54.146 0.0000000000
142854  -27.060  -6.868  66.214 0.0000000000
143820  -29.938  -7.763  63.725 0.0000000000
143905  -36.510  -6.510  52.996 0.0000000000
144142  -36.735  -7.249  50.573 0.0000000000
144349  -24.671  -12.124  60.512 0.0000000000
144640  -28.145  -9.810  63.126 0.0000000000
144955  -28.505  -7.200  66.122 0.0000000000
145215  -5.129  -14.064  70.270 0.0000000000
147625  -27.460  -11.591  59.349 0.0000000000
147818  -2.785  -7.175  50.319 0.0000000000
147952  -7.449  -18.815  62.670 0.0000000000
148162  -24.292  -11.674  63.284 0.0000000000
149195  -11.155  -19.831  61.659 0.0000000000
149277  -12.550  -19.545  64.318 0.0000000000
149415  -22.332  -12.064  62.107 0.0000000000
149537  -36.718  -4.872  59.446 0.0000000000
149552  -17.949  -12.059  60.945 0.0000000000
149771  -35.762  -7.247  51.539 0.0000000000
149775  -37.154  -6.072  55.733 0.0000000000
149776  -13.695  -18.773  62.449 0.0000000000
150228  -33.010  -5.690  61.185 0.0000000000
150470  -5.972  -12.417  70.410 0.0000000000
151550  -52.304  18.529  32.754 0.0000000000
151637  -36.733  3.509  46.064 0.0000000000
151763  -0.875  -19.622  56.301 0.0000000000
151984  -45.503  4.564  44.085 0.0000000000
152001  -4.616  -17.523  66.879 0.0000000000
