#!ascii label  , from subject sub-v2s12x28867_ses-1 vox2ras=TkReg
1842
26345  -26.965  -43.497  -5.537 0.5000000000
26344  -25.422  -43.289  -5.286 0.4000000060
27356  -25.434  -42.270  -5.315 0.6000000238
126703  -26.604  -42.102  -5.463 0.6000000238
27358  -28.817  -42.304  -5.603 0.6000000238
133395  -27.632  -42.764  -5.535 0.5000000000
28345  -29.414  -41.521  -5.628 0.6000000238
28342  -25.626  -41.404  -5.399 0.6999999881
27346  -24.943  -42.438  -5.046 0.6999999881
28343  -27.035  -41.316  -5.476 0.6999999881
127379  -27.726  -42.005  -5.526 0.6999999881
28344  -28.320  -41.492  -5.547 0.6999999881
28346  -30.256  -41.392  -5.581 0.5000000000
29340  -29.871  -40.751  -5.781 0.6999999881
27360  -30.086  -42.277  -5.455 0.5000000000
26259  -23.676  -43.435  0.584 0.5000000000
143557  -25.004  -41.097  -5.198 0.6999999881
29337  -26.087  -40.802  -5.487 0.6999999881
126640  -27.840  -40.881  -5.503 0.6999999881
132613  -26.591  -39.116  -5.545 0.6999999881
127863  -27.926  -40.237  -5.529 0.6999999881
29338  -26.942  -40.523  -5.495 0.6999999881
30323  -27.917  -39.346  -5.592 0.6999999881
29341  -30.670  -40.472  -5.797 0.6000000238
28299  -28.284  -41.094  -2.529 0.6999999881
29317  -27.871  -40.018  -3.189 0.6999999881
29327  -24.875  -40.605  -5.052 0.6999999881
29328  -24.945  -40.205  -4.910 0.6999999881
27271  -23.465  -42.534  0.482 0.6000000238
25301  -22.318  -44.252  -0.365 0.4000000060
29336  -25.221  -40.654  -5.303 0.6999999881
127601  -29.042  -40.060  -5.693 0.6999999881
29349  -30.220  -39.864  -5.993 0.6999999881
31271  -29.561  -38.474  -6.100 0.6999999881
29342  -31.168  -40.034  -5.740 0.6000000238
29297  -29.207  -39.898  -2.310 0.6999999881
29296  -28.621  -40.457  -2.533 0.6999999881
29316  -26.743  -40.248  -3.611 0.6999999881
30301  -28.302  -39.312  -3.301 0.6999999881
31234  -28.936  -38.601  -3.380 0.6999999881
27255  -24.505  -41.913  1.364 0.6000000238
30300  -26.840  -39.324  -3.767 0.6999999881
30312  -24.976  -39.302  -4.966 0.6999999881
31231  -25.486  -38.859  -4.537 0.6999999881
31233  -27.667  -38.598  -3.715 0.6999999881
32139  -28.425  -37.783  -3.752 0.6999999881
27285  -22.360  -42.564  -0.372 0.5000000000
131595  -22.953  -43.009  0.067 0.5000000000
31259  -27.087  -38.523  -5.626 0.6999999881
31258  -25.762  -38.592  -5.446 0.6999999881
32156  -27.416  -37.125  -4.205 0.6999999881
26269  -22.337  -43.396  -0.388 0.4000000060
31260  -28.434  -38.492  -5.784 0.6999999881
31245  -25.028  -38.875  -5.060 0.6999999881
31247  -25.509  -38.077  -4.587 0.6999999881
32138  -26.885  -37.927  -4.155 0.6999999881
25315  -20.986  -44.189  -1.297 0.4000000060
32168  -26.117  -37.276  -5.611 0.6999999881
32155  -25.880  -37.311  -4.565 0.6999999881
32978  -26.501  -36.375  -4.524 0.6999999881
30324  -29.256  -39.228  -5.841 0.6999999881
32169  -27.558  -37.637  -5.811 0.6999999881
33829  -25.397  -35.330  -5.652 0.6999999881
137054  -25.259  -36.363  -5.212 0.6999999881
30331  -30.116  -39.076  -6.134 0.6999999881
33003  -25.930  -35.797  -5.965 0.6999999881
31248  -31.502  -39.210  -5.503 0.6000000238
31272  -30.484  -38.425  -6.276 0.6999999881
32181  -29.702  -37.038  -6.355 0.6999999881
32141  -32.867  -37.357  -3.467 0.5000000000
32125  -35.209  -37.952  -2.430 0.4000000060
31217  -34.146  -38.271  -2.257 0.5000000000
31214  -29.729  -38.391  -2.776 0.6999999881
29244  -24.036  -40.431  0.768 0.6000000238
31246  -24.994  -38.343  -4.980 0.6999999881
27270  -22.915  -42.212  0.056 0.5000000000
32179  -27.224  -36.706  -5.968 0.6999999881
32167  -25.307  -37.075  -5.291 0.6999999881
31270  -28.993  -37.721  -6.083 0.6999999881
33004  -27.022  -35.813  -6.174 0.6999999881
32994  -31.855  -36.212  -4.792 0.6999999881
144725  -31.087  -38.733  -6.209 0.6999999881
32171  -31.814  -37.206  -4.900 0.6999999881
32170  -31.398  -37.590  -5.674 0.6999999881
32980  -32.430  -36.838  -4.150 0.6999999881
30192  -27.884  -38.880  1.966 0.6999999881
31153  -29.146  -38.745  1.138 0.6999999881
32095  -30.111  -38.246  -0.338 0.8000000119
132437  -27.386  -39.540  2.348 0.6000000238
31132  -27.155  -38.842  2.047 0.6000000238
140546  -28.457  -38.161  1.247 0.6000000238
30191  -26.443  -39.323  2.176 0.6000000238
136212  -25.839  -38.651  1.576 0.6000000238
31215  -30.206  -38.020  -2.191 0.6999999881
29225  -24.719  -39.951  1.288 0.6000000238
30222  -25.543  -39.564  1.751 0.6000000238
30240  -24.164  -39.482  0.609 0.6000000238
32140  -29.464  -37.282  -3.454 0.6999999881
28265  -22.434  -41.779  -0.342 0.5000000000
28266  -22.634  -41.021  -0.286 0.6000000238
32956  -30.115  -36.835  -2.903 0.6999999881
148328  -27.897  -36.423  -4.224 0.6999999881
32180  -28.628  -36.819  -6.186 0.6999999881
32992  -25.950  -36.491  -5.719 0.6999999881
33815  -25.446  -35.890  -4.987 0.6999999881
33007  -30.495  -36.057  -6.166 0.8000000119
32183  -30.930  -36.894  -6.064 0.6999999881
135326  -25.318  -34.856  -5.298 0.6999999881
130888  -31.316  -35.900  -5.304 0.8000000119
149042  -29.394  -36.475  -6.386 0.6999999881
33842  -27.439  -34.933  -6.385 0.6999999881
32142  -33.563  -37.188  -3.071 0.5000000000
32144  -35.805  -37.277  -2.839 0.5000000000
32970  -36.357  -36.765  -3.370 0.5000000000
32145  -36.439  -37.484  -3.098 0.4000000060
31152  -27.293  -37.984  1.472 0.6000000238
31169  -29.198  -38.136  0.787 0.6999999881
32077  -29.694  -37.718  0.312 0.8000000119
31151  -26.580  -38.534  1.760 0.6000000238
149683  -30.086  -37.637  -0.131 0.8000000119
32096  -30.269  -37.462  -0.580 0.8000000119
146646  -30.467  -36.775  -1.706 0.8000000119
30221  -24.924  -38.847  1.012 0.6000000238
32123  -30.391  -37.276  -2.068 0.8000000119
28264  -21.949  -41.224  -0.747 0.6000000238
29243  -23.508  -39.918  0.244 0.6000000238
144399  -23.663  -39.122  0.123 0.6000000238
33798  -30.048  -35.860  -2.920 0.6999999881
27284  -21.760  -42.029  -0.782 0.5000000000
33804  -28.632  -35.270  -3.880 0.6999999881
34632  -29.390  -34.955  -3.183 0.6999999881
27300  -21.122  -42.285  -1.390 0.5000000000
28282  -21.327  -41.450  -1.336 0.5000000000
32979  -27.754  -35.709  -4.313 0.6999999881
33816  -26.494  -35.360  -4.580 0.6999999881
145467  -30.506  -35.308  -5.848 0.8000000119
33006  -29.914  -36.169  -6.450 0.8000000119
33005  -28.121  -36.133  -6.231 0.6999999881
141432  -26.898  -34.073  -6.377 0.6999999881
34658  -25.236  -34.447  -5.489 0.6999999881
126476  -29.142  -35.944  -6.457 0.6999999881
32124  -34.221  -37.476  -2.648 0.5000000000
32063  -27.958  -37.207  1.073 0.6999999881
32064  -28.873  -37.315  0.843 0.8000000119
32065  -29.507  -36.900  0.573 0.8000000119
128960  -26.295  -37.799  1.305 0.6999999881
149471  -28.243  -36.878  1.012 0.8000000119
32910  -30.293  -36.211  0.096 0.8000000119
31150  -25.464  -37.866  0.963 0.6000000238
32928  -30.368  -36.663  -0.591 0.8000000119
30239  -24.165  -38.508  0.285 0.6000000238
32942  -30.488  -36.254  -1.368 0.6999999881
29255  -22.222  -40.399  -0.709 0.6000000238
30253  -23.160  -39.331  -0.288 0.6000000238
147974  -30.086  -35.146  -2.526 0.8000000119
33799  -30.419  -35.633  -2.057 0.6999999881
29275  -21.558  -40.614  -1.269 0.6000000238
34624  -29.676  -34.438  -2.401 0.8000000119
28281  -20.677  -41.667  -1.900 0.4000000060
131632  -25.591  -34.964  -4.888 0.6999999881
34646  -26.403  -34.392  -4.525 0.6999999881
34631  -28.336  -34.395  -3.621 0.6999999881
26295  -19.715  -43.203  -3.007 0.4000000060
34645  -25.319  -34.046  -4.928 0.6999999881
33817  -27.625  -34.815  -4.259 0.6999999881
141148  -30.072  -35.492  -6.290 0.8000000119
33843  -28.330  -35.360  -6.430 0.8000000119
34644  -25.073  -33.688  -5.273 0.6999999881
35525  -25.797  -33.379  -6.111 0.6999999881
33819  -32.108  -35.529  -4.495 0.8000000119
135569  -32.587  -36.045  -4.040 0.6999999881
32967  -34.001  -36.001  -3.263 0.5000000000
32981  -36.564  -36.084  -3.932 0.5000000000
32969  -35.600  -36.506  -3.075 0.5000000000
142995  -37.577  -36.479  -4.362 0.4000000060
32886  -27.595  -36.608  1.055 0.6000000238
32887  -28.890  -36.802  1.054 0.8000000119
134241  -30.016  -36.483  0.555 0.8000000119
31167  -24.777  -37.760  0.452 0.6999999881
32889  -30.249  -35.843  0.915 0.8000000119
31183  -23.455  -38.274  -0.406 0.6000000238
144255  -30.488  -35.793  -0.563 0.8000000119
33790  -30.514  -35.314  -1.256 0.8000000119
29276  -21.844  -39.727  -1.233 0.6000000238
30252  -22.796  -38.736  -0.710 0.6000000238
34625  -30.328  -34.841  -1.879 0.8000000119
35481  -27.740  -33.392  -3.255 0.8000000119
34623  -28.786  -33.979  -2.857 0.8000000119
29274  -20.880  -40.811  -1.854 0.5000000000
35479  -25.448  -32.038  -4.207 0.8000000119
35499  -26.029  -33.319  -4.432 0.6999999881
28297  -20.202  -41.073  -2.456 0.4000000060
34662  -30.706  -34.948  -5.381 0.8000000119
127468  -29.385  -35.109  -6.420 0.8000000119
34671  -28.378  -34.355  -6.436 0.8000000119
35526  -26.849  -33.043  -6.356 0.8000000119
35497  -24.860  -32.619  -5.205 0.6999999881
33818  -31.462  -35.393  -4.949 0.8000000119
35514  -25.077  -32.688  -5.606 0.6999999881
35528  -28.548  -33.555  -6.125 0.8000000119
34633  -32.816  -34.621  -3.726 0.8000000119
35515  -29.127  -33.654  -5.730 0.8000000119
33808  -34.664  -35.437  -3.223 0.6000000238
142838  -36.054  -36.070  -3.408 0.5000000000
32885  -26.856  -36.004  1.066 0.6000000238
31168  -25.274  -37.070  0.563 0.6000000238
32864  -28.985  -36.500  1.740 0.6999999881
32076  -24.707  -36.521  0.170 0.6000000238
147641  -26.287  -36.211  0.858 0.6000000238
33764  -30.515  -35.397  0.253 0.8000000119
31182  -22.749  -37.684  -1.111 0.6000000238
31166  -24.092  -37.321  -0.173 0.6000000238
127013  -30.568  -35.167  0.984 0.6999999881
30269  -22.174  -38.626  -1.320 0.5000000000
34616  -30.417  -34.476  -1.124 0.8000000119
148334  -20.826  -39.229  -2.196 0.3000000119
35472  -29.133  -33.565  -2.109 0.8000000119
34615  -29.947  -34.074  -1.675 0.8000000119
35471  -28.097  -32.954  -2.466 0.8000000119
37163  -25.360  -30.709  -3.935 0.8000000119
34660  -29.433  -34.286  -6.067 0.8000000119
36398  -25.881  -32.437  -6.012 0.8000000119
36379  -24.850  -31.544  -4.751 0.8000000119
35527  -27.636  -32.839  -6.167 0.8000000119
35500  -28.312  -32.824  -5.624 0.8000000119
33807  -33.683  -35.170  -3.442 0.6999999881
34637  -36.618  -34.672  -4.214 0.6000000238
33831  -37.946  -35.489  -5.404 0.3000000119
33740  -27.379  -36.177  1.603 0.6000000238
145104  -28.212  -36.299  2.204 0.6999999881
32865  -29.581  -36.121  1.981 0.6999999881
33787  -20.137  -34.146  -2.618 0.5000000000
32909  -25.493  -35.921  0.570 0.6000000238
33742  -30.404  -35.379  1.676 0.6999999881
31200  -21.977  -37.135  -1.817 0.5000000000
32094  -23.943  -35.596  -0.556 0.5000000000
32908  -24.674  -34.987  0.170 0.6000000238
132075  -30.673  -34.662  1.500 0.6999999881
31213  -21.003  -36.671  -2.612 0.3000000119
134369  -30.619  -34.473  0.523 0.8000000119
35447  -30.430  -33.551  0.514 0.8000000119
34608  -30.406  -33.871  -0.335 0.8000000119
36344  -27.370  -31.741  -2.090 0.8999999762
36334  -28.744  -32.218  -1.005 0.8999999762
35463  -29.392  -33.230  -1.388 0.8000000119
29294  -20.325  -39.951  -2.471 0.4000000060
36342  -25.939  -30.715  -3.320 0.8999999762
36360  -25.940  -31.421  -3.393 0.8999999762
35462  -28.413  -32.563  -1.725 0.8999999762
35504  -31.914  -34.294  -3.994 0.8000000119
34647  -30.454  -34.448  -5.133 0.8000000119
36390  -25.959  -31.638  -5.725 0.8000000119
36389  -25.207  -31.794  -5.588 0.8000000119
34649  -32.023  -34.944  -4.424 0.8000000119
34634  -33.685  -34.356  -3.411 0.6999999881
142803  -35.392  -34.888  -3.305 0.6000000238
34663  -37.341  -34.451  -5.708 0.6000000238
33820  -36.847  -35.481  -4.496 0.6000000238
33739  -26.341  -35.465  2.073 0.6000000238
32884  -25.894  -35.374  1.277 0.6000000238
33719  -29.119  -36.128  2.769 0.6999999881
33763  -25.010  -34.530  1.096 0.6000000238
33720  -30.036  -35.633  2.490 0.8000000119
32940  -22.068  -34.209  -1.975 0.6000000238
32926  -23.022  -34.980  -1.338 0.5000000000
140849  -21.521  -38.015  -1.909 0.4000000060
36333  -27.663  -31.381  -1.309 0.8000000119
36323  -29.972  -32.818  0.126 0.8000000119
37164  -26.211  -30.576  -3.174 0.8999999762
35457  -29.709  -33.012  -0.660 0.8000000119
37149  -26.641  -30.107  -2.391 0.8000000119
35501  -29.259  -33.425  -5.162 0.8000000119
36381  -27.399  -31.723  -4.971 0.8000000119
37194  -25.088  -31.050  -5.251 0.6999999881
35503  -30.899  -34.158  -4.417 0.8000000119
36391  -27.068  -31.935  -5.764 0.8000000119
35502  -30.089  -33.841  -4.791 0.8000000119
35488  -36.499  -33.741  -3.984 0.6999999881
37201  -36.790  -31.889  -7.308 0.6000000238
149678  -36.951  -31.645  -7.606 0.6000000238
37207  -37.571  -31.652  -7.714 0.6000000238
33701  -28.830  -35.772  3.812 0.8000000119
143064  -21.634  -35.212  -0.082 0.5000000000
33762  -24.152  -33.775  0.683 0.5000000000
33721  -30.603  -34.939  2.380 0.8000000119
33777  -22.165  -33.446  -0.800 0.5000000000
33779  -23.791  -34.049  -0.219 0.5000000000
33703  -30.370  -35.088  3.243 0.8000000119
34551  -30.672  -34.350  3.038 0.8000000119
33788  -20.846  -33.775  -2.143 0.5000000000
35420  -30.632  -33.788  1.276 0.8000000119
138223  -30.597  -33.128  1.922 0.8000000119
36322  -29.049  -31.952  -0.246 0.8000000119
36332  -26.810  -30.516  -1.754 0.8000000119
35482  -29.548  -33.135  -4.296 0.8000000119
37165  -26.733  -30.530  -3.307 0.8000000119
36361  -27.665  -31.520  -3.994 0.8999999762
35485  -33.085  -33.791  -3.401 0.8000000119
35484  -31.409  -33.679  -3.668 0.8000000119
35487  -35.823  -33.453  -3.517 0.6999999881
127850  -34.258  -33.744  -3.292 0.6999999881
36392  -37.062  -32.856  -5.602 0.6999999881
36369  -36.253  -32.776  -3.843 0.6999999881
126170  -36.677  -32.205  -4.656 0.6999999881
133458  -36.701  -31.725  -6.436 0.6999999881
33699  -26.339  -35.317  3.767 0.8000000119
148890  -26.574  -35.372  3.002 0.6000000238
128249  -27.205  -35.551  3.514 0.6000000238
33700  -27.902  -35.603  4.066 0.8000000119
31149  -23.374  -38.275  1.864 0.6000000238
32060  -22.994  -36.942  1.330 0.5000000000
33738  -25.147  -34.430  2.121 0.6000000238
33718  -25.772  -34.896  3.035 0.6000000238
33702  -29.690  -35.542  3.504 0.8000000119
150971  -23.289  -41.015  2.937 0.6000000238
30220  -23.300  -39.444  2.125 0.6000000238
31130  -24.131  -38.223  2.668 0.6000000238
32883  -23.384  -35.448  1.626 0.5000000000
34572  -23.592  -33.417  1.277 0.5000000000
30142  -21.136  -40.160  4.676 0.5000000000
29162  -22.585  -40.739  4.250 0.5000000000
30166  -23.830  -39.699  3.882 0.6000000238
131180  -23.782  -39.019  2.598 0.6000000238
32907  -22.190  -34.114  0.151 0.5000000000
33736  -23.481  -33.814  1.529 0.5000000000
34538  -30.499  -34.554  3.733 0.8000000119
30143  -22.858  -40.038  4.375 0.5000000000
34571  -23.214  -33.269  0.704 0.5000000000
138478  -20.267  -40.118  4.540 0.4000000060
33778  -22.864  -33.377  -0.474 0.5000000000
35399  -30.795  -33.376  2.890 0.6999999881
36305  -29.319  -31.722  0.507 0.8000000119
36306  -30.146  -32.669  1.049 0.8000000119
37991  -26.979  -29.493  -1.862 0.8000000119
37136  -27.230  -30.241  -1.135 0.8000000119
37109  -29.748  -31.418  1.081 0.8000000119
37124  -28.506  -30.781  -0.009 0.8000000119
148994  -32.253  -33.623  -3.417 0.8999999762
35483  -30.485  -33.507  -3.940 0.8999999762
36362  -28.814  -32.248  -3.658 0.8000000119
37150  -26.795  -29.874  -2.352 0.8000000119
36363  -29.922  -32.735  -3.389 1.0000000000
37166  -27.947  -31.036  -3.059 0.8000000119
126819  -35.001  -33.041  -3.256 0.8000000119
33677  -27.000  -35.408  4.422 0.8000000119
33679  -28.525  -35.458  4.652 0.8000000119
30167  -24.269  -38.891  4.027 0.6000000238
32853  -25.700  -35.296  3.813 0.6000000238
33680  -29.416  -35.349  4.416 0.8000000119
29163  -23.262  -40.342  4.045 0.5000000000
30189  -23.784  -39.833  3.022 0.6000000238
32046  -24.588  -37.108  2.973 0.6000000238
33716  -24.526  -34.296  2.685 0.6000000238
34537  -30.145  -35.017  4.095 0.8000000119
34525  -30.500  -34.284  4.517 0.6999999881
30144  -23.454  -39.594  4.285 0.5000000000
32862  -24.657  -35.419  3.097 0.6000000238
33717  -24.926  -34.449  2.992 0.6000000238
30141  -20.399  -39.294  4.490 0.4000000060
31073  -22.299  -38.363  4.967 0.4000000060
31097  -22.594  -39.187  4.680 0.4000000060
32025  -23.599  -38.052  5.023 0.4000000060
35387  -30.762  -33.885  3.740 0.6999999881
31072  -21.474  -37.828  4.919 0.4000000060
32026  -24.632  -37.527  4.503 0.4000000060
144460  -30.721  -32.592  2.357 0.6999999881
134921  -22.101  -36.336  5.909 0.4000000060
32811  -23.690  -36.554  6.079 0.5000000000
36289  -30.339  -32.157  1.736 0.6999999881
32834  -20.706  -36.921  4.772 0.3000000119
148544  -22.984  -36.257  6.277 0.5000000000
37122  -27.323  -29.597  -1.411 0.8000000119
37123  -27.778  -29.912  -0.645 0.8000000119
37108  -29.116  -30.465  0.420 0.8000000119
37096  -30.379  -31.033  1.463 0.8000000119
36366  -32.901  -32.968  -3.020 0.8000000119
36364  -30.914  -33.077  -3.106 1.0000000000
36345  -29.159  -31.753  -2.743 0.8000000119
37152  -29.595  -31.267  -1.893 0.8000000119
125943  -27.266  -29.981  -2.470 0.8000000119
37992  -27.498  -29.521  -1.587 0.8000000119
37978  -28.037  -29.398  -0.973 0.8000000119
36365  -31.882  -33.142  -2.985 1.0000000000
37137  -29.034  -29.878  -1.352 0.8000000119
36367  -33.876  -32.936  -3.203 0.8000000119
36346  -30.317  -32.311  -2.463 0.8000000119
37151  -28.278  -30.289  -2.131 0.8000000119
36368  -35.401  -32.198  -3.509 0.8999999762
37185  -36.225  -31.302  -4.422 0.6999999881
37195  -36.653  -31.464  -5.241 0.6999999881
38057  -35.717  -30.497  -7.806 0.6999999881
38069  -35.423  -30.190  -8.089 0.6999999881
38058  -36.083  -30.595  -7.923 0.6999999881
38059  -36.952  -31.035  -7.807 0.6000000238
38968  -36.031  -30.133  -8.149 0.6999999881
38980  -35.065  -29.959  -8.179 0.6999999881
39949  -37.387  -28.746  -7.706 0.6000000238
39948  -36.275  -29.321  -7.932 0.6000000238
33678  -27.727  -35.432  4.755 0.8000000119
31131  -24.471  -38.268  3.473 0.5000000000
32836  -25.692  -35.802  4.920 0.8000000119
139031  -26.577  -35.413  5.077 0.8000000119
129290  -27.207  -35.353  5.206 0.8000000119
33664  -29.101  -35.137  5.272 0.8000000119
30145  -23.931  -39.114  4.223 0.5000000000
32035  -24.717  -37.573  3.736 0.6000000238
32835  -25.029  -36.657  5.036 0.5000000000
33676  -26.227  -35.433  4.602 0.8000000119
34524  -29.922  -34.830  4.962 0.6999999881
31074  -22.963  -38.431  4.945 0.4000000060
32012  -24.275  -37.496  5.061 0.5000000000
32852  -25.512  -35.774  4.372 0.6999999881
34514  -29.629  -34.536  5.795 0.6999999881
35374  -30.734  -33.629  5.058 0.6999999881
32819  -21.672  -36.987  5.338 0.3000000119
133038  -30.851  -33.554  4.420 0.6999999881
36256  -31.071  -33.048  3.880 0.6999999881
36257  -31.408  -32.082  3.902 0.6999999881
138280  -23.291  -34.852  6.925 0.5000000000
36275  -31.280  -31.787  2.992 0.6999999881
33645  -21.543  -35.416  5.938 0.4000000060
33646  -22.536  -35.419  6.480 0.4000000060
37968  -29.364  -29.365  0.070 0.8000000119
37084  -30.863  -31.740  2.285 0.6999999881
37967  -28.577  -29.737  -0.353 0.8000000119
37979  -29.650  -29.150  -0.336 0.8000000119
38887  -30.990  -28.720  0.224 0.6999999881
36335  -30.776  -31.797  -1.670 0.8000000119
130274  -29.269  -29.337  -0.732 0.8000000119
37167  -33.679  -32.248  -3.037 0.8999999762
139178  -34.386  -32.171  -3.273 0.8999999762
37168  -34.034  -31.579  -3.150 0.8999999762
36349  -33.106  -32.196  -2.519 0.8000000119
36347  -31.359  -32.584  -2.313 0.8000000119
37139  -32.318  -31.439  -0.908 0.8000000119
37184  -35.479  -31.290  -3.790 0.8999999762
37169  -34.649  -31.460  -3.395 0.8000000119
38043  -36.053  -30.121  -5.483 0.8999999762
38958  -35.302  -29.861  -7.128 0.8000000119
127651  -38.007  -32.247  -7.666 0.4000000060
38049  -35.803  -30.411  -6.912 0.8000000119
38967  -35.126  -30.094  -8.088 0.6999999881
39959  -35.395  -29.828  -8.216 0.6999999881
42960  -37.053  -25.961  -7.520 0.5000000000
33662  -27.332  -35.220  5.861 0.6999999881
33663  -28.073  -35.227  5.459 0.8000000119
33650  -26.114  -35.135  6.514 0.6999999881
34513  -28.726  -34.796  6.089 0.6999999881
148520  -22.332  -36.975  5.609 0.4000000060
33649  -25.294  -35.337  6.612 0.6000000238
34512  -27.810  -34.870  6.334 0.6999999881
34515  -30.340  -34.106  5.449 0.6999999881
36246  -31.164  -32.815  4.921 0.6999999881
126211  -24.029  -35.001  7.062 0.5000000000
127182  -23.263  -34.055  7.168 0.4000000060
35353  -21.938  -33.807  6.473 0.3000000119
34498  -22.585  -34.393  6.749 0.3000000119
143705  -23.883  -33.788  7.419 0.5000000000
37066  -31.545  -31.249  3.288 0.6999999881
35355  -23.416  -33.280  7.254 0.4000000060
150935  -29.891  -29.383  0.435 0.6999999881
37097  -31.037  -30.702  1.835 0.6999999881
37956  -30.496  -29.772  0.951 0.6999999881
38898  -30.362  -28.737  -0.065 0.6999999881
36336  -31.792  -32.036  -1.517 0.8000000119
143274  -30.153  -30.793  -1.308 0.8000000119
37994  -30.099  -29.724  -0.819 0.8000000119
37138  -31.225  -31.013  -0.925 0.8000000119
144000  -33.639  -31.719  -2.769 0.8000000119
38032  -35.585  -30.384  -4.343 0.8000000119
38943  -35.401  -29.438  -4.921 0.8000000119
38951  -35.631  -29.512  -6.086 0.8999999762
39946  -34.107  -29.166  -7.997 0.8000000119
39957  -34.041  -28.996  -8.130 0.8000000119
128774  -36.357  -27.020  -7.506 0.6999999881
41016  -36.624  -28.105  -7.623 0.6000000238
41027  -33.814  -28.374  -8.362 0.6999999881
41014  -34.676  -27.759  -8.153 0.6999999881
137571  -32.554  -26.296  -8.512 0.6999999881
34490  -25.888  -34.122  7.435 0.6000000238
34491  -26.628  -34.052  7.385 0.6000000238
34502  -27.362  -34.370  7.100 0.6999999881
35356  -28.900  -33.490  7.140 0.6999999881
34504  -29.266  -34.108  6.527 0.6999999881
33648  -24.505  -35.544  6.644 0.5000000000
35357  -29.661  -33.245  6.770 0.6999999881
35364  -30.109  -33.744  6.227 0.6999999881
34500  -25.592  -34.758  7.098 0.6000000238
34511  -21.276  -34.082  6.044 0.3000000119
143772  -24.328  -34.339  7.359 0.5000000000
34489  -25.074  -34.225  7.431 0.5000000000
35347  -27.104  -33.531  7.509 0.6000000238
36219  -24.092  -33.018  7.522 0.4000000060
35344  -24.579  -33.603  7.534 0.5000000000
36221  -25.771  -32.685  7.714 0.6000000238
36247  -31.529  -31.795  5.009 0.6999999881
37944  -31.635  -30.436  2.500 0.6999999881
37032  -23.835  -31.551  6.950 0.3000000119
38874  -31.506  -28.789  0.989 0.6999999881
37125  -31.968  -30.661  -0.539 0.8000000119
37982  -32.074  -29.718  -0.257 0.8000000119
38899  -31.124  -28.753  -0.056 0.6999999881
38888  -31.735  -28.716  0.405 0.6999999881
39859  -31.717  -28.681  0.711 0.6999999881
37995  -33.791  -30.818  -1.643 0.8000000119
146528  -32.908  -29.966  -0.307 0.8000000119
38031  -34.835  -29.819  -3.898 0.8000000119
37155  -33.929  -31.060  -2.738 0.8000000119
37154  -33.361  -31.538  -2.121 0.8000000119
37140  -33.106  -31.343  -1.042 0.8000000119
39939  -34.369  -29.018  -7.218 0.8000000119
40994  -34.033  -27.377  -5.496 0.8000000119
39912  -34.752  -28.521  -3.739 0.8000000119
40974  -34.835  -27.697  -3.828 0.8000000119
42032  -33.915  -26.736  -5.198 0.8000000119
42052  -35.963  -26.242  -7.473 0.6000000238
42958  -35.393  -25.633  -7.568 0.6999999881
42065  -33.073  -27.104  -8.562 0.8000000119
42050  -33.901  -27.218  -8.312 0.6000000238
42969  -32.253  -25.341  -8.591 0.6999999881
43982  -32.953  -24.467  -8.611 0.6000000238
144677  -34.001  -25.365  -8.016 0.6000000238
139402  -27.992  -33.609  7.350 0.6000000238
35346  -26.245  -33.445  7.614 0.6000000238
36232  -29.927  -32.417  6.834 0.6999999881
35358  -30.297  -33.030  6.474 0.6999999881
36223  -27.637  -32.705  7.567 0.6000000238
36233  -30.616  -32.365  6.379 0.6999999881
36239  -31.194  -32.209  5.825 0.6999999881
37016  -24.363  -32.190  7.442 0.4000000060
36220  -24.882  -32.792  7.631 0.4000000060
37020  -27.801  -31.749  7.502 0.5000000000
37036  -30.170  -31.516  6.741 0.6999999881
37018  -26.285  -31.909  7.656 0.5000000000
37875  -26.951  -31.277  7.456 0.5000000000
37045  -31.714  -31.075  5.005 0.6999999881
37052  -31.675  -31.220  4.211 0.6999999881
37033  -24.617  -31.465  7.215 0.3000000119
37017  -25.289  -31.841  7.539 0.4000000060
38873  -30.894  -28.988  0.639 0.6999999881
37926  -31.855  -30.546  3.535 0.6999999881
37884  -24.460  -30.836  6.764 0.3000000119
129584  -25.077  -30.192  6.506 0.3000000119
38862  -31.970  -29.433  1.985 0.6999999881
37945  -32.101  -29.889  2.923 0.6999999881
39860  -32.267  -28.602  1.456 0.6999999881
38863  -32.505  -29.090  2.752 0.6999999881
37983  -33.430  -30.534  -0.713 0.8000000119
149150  -32.289  -28.656  0.428 0.6999999881
137273  -32.858  -28.442  2.178 0.6999999881
39870  -32.365  -28.410  0.763 0.6999999881
40934  -34.007  -27.427  1.022 0.6999999881
38934  -34.747  -29.422  -3.451 0.8000000119
38921  -34.691  -29.749  -2.379 0.8000000119
38900  -32.348  -29.015  0.101 0.6999999881
149468  -33.475  -27.780  0.986 0.6999999881
38942  -34.744  -28.847  -4.393 0.8000000119
38007  -34.216  -30.482  -2.414 0.8000000119
37996  -34.339  -30.199  -1.656 0.8000000119
38907  -34.639  -29.581  -1.354 0.8000000119
133004  -34.274  -29.266  -0.646 0.8000000119
40944  -34.813  -27.618  -0.341 0.8000000119
41984  -35.063  -26.769  0.150 0.6999999881
152118  -34.659  -28.294  -5.166 0.8000000119
39901  -35.072  -28.865  -2.810 0.8000000119
40975  -35.359  -27.343  -3.265 0.8000000119
40952  -35.616  -27.476  -1.889 0.8000000119
39931  -34.730  -28.448  -6.083 0.8000000119
41004  -34.087  -28.096  -6.426 0.8000000119
40986  -34.445  -27.243  -4.616 0.8000000119
39913  -35.250  -28.036  -3.109 0.8000000119
129705  -35.533  -26.087  -3.292 0.8000000119
39938  -33.705  -28.730  -7.638 0.8000000119
40993  -33.530  -27.312  -6.118 0.8000000119
42024  -34.500  -26.326  -4.446 0.8000000119
42012  -35.133  -26.756  -3.763 0.8000000119
43928  -34.954  -24.884  -3.910 0.8000000119
131318  -31.399  -27.661  -8.023 0.8000000119
42943  -33.282  -25.618  -5.543 0.8000000119
148343  -32.035  -27.882  -8.028 0.8000000119
42959  -36.355  -25.347  -7.493 0.5000000000
43967  -34.791  -24.990  -7.710 0.6000000238
41024  -30.734  -27.290  -7.994 0.8000000119
135918  -30.867  -27.094  -8.231 0.8000000119
43968  -35.793  -24.750  -7.577 0.6000000238
43983  -35.251  -24.004  -7.926 0.6000000238
44933  -33.556  -23.646  -8.749 0.6000000238
130744  -34.039  -24.433  -8.220 0.6000000238
148295  -28.471  -32.917  7.401 0.6999999881
36222  -26.675  -32.721  7.692 0.6000000238
37035  -29.508  -31.843  7.118 0.6999999881
37037  -30.935  -31.633  6.279 0.6999999881
141932  -27.776  -30.776  7.272 0.5000000000
37888  -29.707  -30.507  6.787 0.6999999881
37874  -26.058  -31.053  7.324 0.4000000060
37886  -26.802  -30.320  6.997 0.4000000060
37044  -31.437  -31.208  5.736 0.6999999881
37911  -31.912  -30.418  4.506 0.6999999881
38795  -25.604  -29.641  6.236 0.3000000119
137003  -26.347  -29.570  6.370 0.3000000119
151802  -27.438  -30.145  6.899 0.5000000000
38820  -32.136  -29.125  5.106 0.6999999881
37902  -32.233  -29.552  4.498 0.6999999881
37899  -24.321  -30.165  6.204 0.3000000119
39788  -26.569  -28.345  5.287 0.3000000119
38849  -32.554  -29.002  3.802 0.6999999881
150488  -33.316  -27.667  2.987 0.6999999881
39884  -34.444  -28.454  -0.465 0.8000000119
39872  -34.042  -27.952  0.332 0.6999999881
40919  -33.564  -27.626  1.632 0.6999999881
39883  -33.737  -28.670  -0.077 0.6999999881
146687  -34.479  -27.339  0.438 0.6999999881
41968  -35.505  -25.902  0.196 0.6999999881
39924  -34.594  -28.052  -4.501 0.8000000119
143116  -35.333  -27.034  -0.646 0.8000000119
128626  -34.371  -27.855  -5.368 0.8000000119
42899  -36.029  -25.994  -1.489 0.8000000119
42927  -35.080  -25.787  -3.854 0.8000000119
42928  -35.549  -25.201  -3.232 0.8000000119
42042  -32.673  -27.376  -6.851 0.8000000119
41002  -31.710  -27.472  -7.611 0.8000000119
42031  -33.160  -26.455  -5.924 0.8000000119
43938  -33.783  -25.105  -5.022 0.8000000119
43951  -33.850  -24.340  -5.194 0.8000000119
41012  -30.739  -27.251  -7.892 0.8000000119
42040  -31.041  -26.733  -7.272 0.8000000119
42030  -32.602  -25.775  -6.147 0.8000000119
43949  -32.233  -25.213  -6.322 0.8000000119
44897  -34.510  -23.777  -4.732 0.8000000119
140861  -31.288  -25.375  -8.674 0.8000000119
36230  -28.401  -32.283  7.439 0.6000000238
37034  -28.724  -31.563  7.330 0.6000000238
37873  -25.219  -30.900  7.092 0.3000000119
141674  -29.402  -31.199  7.094 0.6000000238
127188  -27.979  -30.053  6.844 0.5000000000
150398  -30.325  -29.936  6.518 0.6999999881
37900  -31.466  -30.260  5.826 0.6999999881
38798  -28.725  -29.862  6.724 0.6000000238
38818  -31.025  -29.653  6.300 0.6999999881
38819  -31.573  -29.373  5.673 0.6999999881
38813  -25.774  -28.970  5.581 0.3000000119
38814  -26.814  -28.894  5.987 0.3000000119
39792  -31.068  -28.605  6.157 0.6999999881
38831  -24.908  -29.158  5.248 0.3000000119
138921  -28.156  -26.602  4.601 0.3000000119
39810  -32.427  -28.275  5.022 0.6999999881
38832  -32.454  -28.858  4.571 0.6999999881
41910  -26.437  -26.592  3.332 0.3000000119
41890  -26.950  -26.620  3.800 0.3000000119
41891  -27.564  -26.612  4.260 0.3000000119
41912  -28.108  -26.126  4.083 0.3000000119
42827  -26.700  -25.573  2.380 0.3000000119
40903  -33.641  -27.325  2.422 0.6999999881
40920  -34.090  -27.057  1.748 0.6999999881
41985  -35.606  -26.361  -0.610 0.8000000119
43915  -35.981  -25.016  -2.536 0.8000000119
43929  -35.308  -24.392  -3.472 0.8000000119
42041  -32.108  -26.642  -6.749 0.8000000119
42952  -31.641  -25.912  -6.659 0.8000000119
43958  -31.353  -25.164  -6.679 0.8000000119
43959  -32.368  -24.461  -6.395 0.8000000119
44904  -33.338  -24.069  -5.904 0.8000000119
42966  -29.555  -25.877  -8.107 0.8000000119
42967  -30.351  -26.010  -8.427 0.8000000119
43980  -30.555  -24.795  -8.793 0.6999999881
43981  -31.775  -24.431  -8.905 0.6000000238
143629  -30.215  -29.042  6.438 0.6000000238
40847  -28.021  -27.684  5.457 0.4000000060
137203  -30.004  -28.087  6.243 0.6000000238
144174  -31.434  -28.036  5.662 0.6999999881
39793  -31.772  -28.591  5.474 0.6999999881
41880  -30.475  -26.794  5.534 0.4000000060
40863  -32.339  -27.401  5.175 0.6999999881
39829  -32.759  -28.291  4.174 0.6999999881
42809  -29.500  -25.143  3.908 0.3000000119
42796  -31.128  -25.609  4.991 0.4000000060
41895  -32.109  -26.635  5.263 0.6000000238
41913  -33.615  -26.186  3.740 0.6999999881
41933  -33.531  -27.046  3.314 0.6999999881
41914  -34.187  -25.558  3.207 0.6999999881
41948  -34.553  -26.340  1.722 0.6999999881
42849  -35.469  -25.383  0.995 0.6999999881
41991  -35.646  -26.855  -1.332 0.8000000119
42914  -35.909  -25.873  -2.527 0.8000000119
143807  -36.237  -25.179  -1.882 0.8000000119
43939  -34.399  -24.565  -4.518 0.8000000119
142747  -35.491  -23.576  -3.426 0.8000000119
43950  -33.065  -24.919  -5.768 0.8000000119
146724  -34.412  -23.082  -5.922 0.8000000119
42956  -29.455  -25.494  -7.764 0.8000000119
44913  -31.305  -24.381  -6.971 0.8000000119
131709  -32.184  -23.869  -6.852 0.8000000119
44914  -32.954  -23.660  -6.514 0.8000000119
139434  -31.517  -23.536  -7.352 0.8000000119
44932  -32.662  -23.788  -8.975 0.6000000238
43979  -29.741  -25.045  -8.476 0.8000000119
43995  -31.873  -23.481  -9.399 0.6000000238
44943  -30.034  -23.241  -9.486 0.6999999881
45830  -30.135  -22.400  -9.911 0.6999999881
39791  -29.226  -28.619  6.315 0.6000000238
40849  -30.727  -27.645  5.873 0.6000000238
41893  -29.523  -26.478  5.173 0.3000000119
148971  -31.962  -27.949  5.394 0.6000000238
42795  -29.481  -25.791  4.563 0.3000000119
125749  -30.320  -26.028  5.092 0.3000000119
41894  -31.277  -26.345  5.379 0.5000000000
43780  -30.986  -24.991  4.556 0.3000000119
41897  -33.126  -26.321  4.330 0.6999999881
43799  -28.945  -24.509  2.494 0.3000000119
43800  -29.571  -24.530  3.208 0.3000000119
43803  -33.312  -24.418  4.117 0.4000000060
43843  -29.082  -24.098  1.849 0.3000000119
42830  -34.784  -24.965  2.619 0.6000000238
43844  -35.814  -24.592  1.032 0.6000000238
42831  -35.374  -24.799  1.778 0.6000000238
42883  -36.260  -24.807  -0.458 0.8000000119
42864  -35.895  -25.123  0.258 0.6999999881
44801  -36.120  -23.812  1.053 0.6000000238
42900  -36.259  -25.214  -1.161 0.8000000119
44821  -36.389  -23.991  -0.342 0.6999999881
43864  -36.182  -24.354  0.331 0.6999999881
44870  -35.748  -24.356  -2.890 0.8000000119
43916  -36.212  -24.381  -2.181 0.8000000119
44871  -36.019  -23.604  -2.603 0.6999999881
44847  -36.355  -23.608  -1.777 0.6999999881
149767  -36.489  -22.962  -0.710 0.6999999881
43940  -34.877  -24.029  -3.987 0.8000000119
44890  -35.942  -22.853  -3.023 0.6999999881
133134  -36.275  -22.889  -2.235 0.6999999881
44906  -34.877  -22.989  -5.242 0.8000000119
44898  -35.133  -23.234  -4.292 0.8000000119
45789  -36.037  -22.095  -4.136 0.6999999881
45776  -36.169  -22.162  -3.452 0.6999999881
42951  -30.581  -25.948  -7.040 0.8000000119
43957  -30.165  -25.118  -7.171 0.8000000119
44915  -33.758  -23.389  -6.210 0.8000000119
45796  -35.418  -22.299  -5.561 0.8000000119
43966  -30.193  -24.020  -7.545 0.8000000119
44924  -32.550  -23.238  -7.130 0.8000000119
45803  -34.238  -22.746  -6.520 0.8000000119
42049  -29.652  -26.231  -7.951 0.8000000119
45809  -29.804  -23.351  -8.333 0.8000000119
45811  -31.919  -22.727  -7.727 0.8000000119
46734  -33.456  -21.789  -7.822 0.8000000119
43978  -29.351  -25.112  -8.135 0.8000000119
44931  -29.590  -23.663  -8.647 0.8000000119
45817  -29.539  -23.009  -9.095 0.6999999881
44945  -33.001  -23.020  -9.375 0.6000000238
45832  -32.760  -22.255  -9.865 0.6000000238
44942  -29.633  -23.484  -9.116 0.8000000119
45829  -29.750  -22.758  -9.433 0.6999999881
45843  -29.927  -21.755  -10.124 0.6999999881
150709  -32.356  -26.273  4.959 0.5000000000
42797  -32.597  -25.877  4.669 0.5000000000
42811  -31.914  -25.129  4.686 0.4000000060
42812  -32.896  -25.059  4.452 0.5000000000
42813  -33.659  -25.167  3.969 0.6000000238
44756  -30.904  -23.501  2.849 0.3000000119
149611  -33.751  -24.572  3.812 0.5000000000
42829  -34.178  -24.719  3.471 0.6000000238
45675  -30.994  -22.895  2.261 0.3000000119
44757  -31.624  -23.186  3.103 0.3000000119
43823  -34.579  -24.101  3.138 0.6000000238
44780  -29.577  -23.577  1.572 0.3000000119
45697  -30.785  -22.511  1.486 0.3000000119
45677  -33.007  -22.465  2.913 0.3000000119
44781  -30.265  -23.041  1.549 0.3000000119
131111  -35.667  -24.004  1.739 0.6000000238
44799  -29.402  -22.947  0.283 0.3000000119
137766  -36.440  -23.106  -0.091 0.6999999881
45747  -36.468  -22.792  -1.315 0.6999999881
46725  -34.787  -22.092  -6.835 0.8000000119
46718  -35.954  -21.751  -5.426 0.6999999881
46708  -36.241  -21.695  -4.701 0.6999999881
46726  -35.562  -21.754  -6.270 0.6999999881
45813  -33.929  -22.343  -7.218 0.8000000119
46735  -34.416  -21.607  -7.501 0.6999999881
45810  -30.684  -22.995  -7.961 0.8000000119
46746  -31.531  -21.364  -8.707 0.6999999881
46733  -32.387  -21.962  -8.139 0.8000000119
46748  -33.951  -21.182  -8.091 0.6000000238
133264  -33.900  -21.055  -10.306 0.6000000238
45818  -29.600  -22.789  -8.896 0.6999999881
46744  -29.814  -22.082  -9.234 0.6999999881
46745  -30.253  -21.535  -9.120 0.6999999881
45844  -30.417  -21.915  -10.260 0.6999999881
46768  -31.617  -21.131  -10.602 0.6999999881
46754  -29.852  -21.981  -9.705 0.6999999881
52197  -30.393  -16.328  -11.337 0.5000000000
149604  -30.404  -15.981  -11.619 0.5000000000
144229  -34.802  -23.578  2.764 0.6000000238
44760  -35.331  -23.412  2.280 0.6000000238
45702  -35.353  -22.607  2.128 0.6000000238
149919  -36.167  -22.339  1.039 0.6000000238
45732  -36.480  -22.406  -0.464 0.6999999881
145914  -36.533  -21.907  -1.050 0.6999999881
45761  -36.324  -22.219  -2.675 0.6999999881
45746  -28.128  -22.584  -1.554 0.3000000119
46709  -36.542  -21.496  -3.954 0.6999999881
137792  -36.457  -22.170  -1.884 0.6999999881
46695  -36.543  -21.547  -3.068 0.6999999881
46747  -32.930  -21.115  -8.520 0.6999999881
47659  -35.965  -21.014  -6.711 0.6999999881
46727  -36.289  -21.149  -6.009 0.6000000238
46736  -35.317  -21.343  -7.166 0.6999999881
45819  -30.036  -22.426  -8.647 0.6999999881
45820  -31.123  -22.157  -8.384 0.6999999881
128562  -31.882  -20.739  -9.004 0.6999999881
47672  -32.694  -20.219  -9.019 0.6000000238
47671  -30.746  -20.799  -9.302 0.6999999881
46756  -32.357  -21.718  -10.326 0.6000000238
46769  -32.858  -21.078  -10.507 0.5000000000
46766  -29.829  -21.196  -10.060 0.6999999881
49855  -29.729  -18.736  -10.885 0.6999999881
48735  -29.796  -18.943  -11.076 0.6999999881
148872  -30.090  -17.696  -11.326 0.6000000238
45679  -34.767  -22.943  2.627 0.5000000000
46606  -34.753  -22.201  2.326 0.4000000060
46626  -35.388  -21.766  1.715 0.5000000000
46627  -35.997  -21.840  1.154 0.6000000238
46647  -35.772  -21.146  1.152 0.5000000000
144432  -36.166  -21.443  0.696 0.6000000238
141534  -36.535  -21.065  -0.933 0.6000000238
46672  -28.579  -21.878  -1.785 0.3000000119
46673  -29.284  -21.598  -1.404 0.3000000119
46683  -36.537  -21.553  -2.270 0.6999999881
47637  -37.038  -20.780  -4.199 0.6000000238
47621  -36.920  -20.863  -3.394 0.6000000238
46719  -36.538  -21.191  -5.266 0.6000000238
130525  -33.991  -20.367  -8.505 0.6000000238
47660  -36.627  -20.330  -6.504 0.6000000238
47664  -34.807  -20.838  -7.846 0.6000000238
49858  -32.857  -18.650  -9.465 0.6000000238
48724  -29.967  -19.410  -10.348 0.6999999881
48750  -30.580  -19.141  -11.371 0.6999999881
47690  -31.237  -19.838  -11.218 0.6000000238
48751  -33.089  -19.111  -11.361 0.5000000000
49878  -31.340  -18.455  -11.591 0.6000000238
127570  -31.908  -19.190  -11.430 0.6000000238
51095  -32.412  -17.759  -11.744 0.5000000000
49867  -29.670  -18.023  -10.972 0.6000000238
51094  -30.765  -17.517  -11.645 0.5000000000
144388  -29.650  -18.348  -11.008 0.5000000000
133410  -30.553  -16.563  -11.779 0.5000000000
52209  -31.670  -16.707  -12.018 0.5000000000
53266  -30.421  -15.723  -11.986 0.5000000000
129057  -30.529  -15.031  -12.089 0.5000000000
47545  -35.140  -20.942  1.459 0.4000000060
48574  -35.259  -19.739  0.581 0.4000000060
47562  -32.787  -20.277  0.724 0.4000000060
47585  -36.336  -20.488  -0.229 0.6000000238
47597  -29.702  -20.857  -1.733 0.3000000119
47598  -30.396  -20.541  -1.417 0.3000000119
47599  -31.105  -20.182  -1.068 0.3000000119
130788  -36.757  -20.848  -2.547 0.6000000238
48651  -30.189  -19.178  -3.128 0.3000000119
47638  -37.381  -20.120  -4.391 0.6000000238
47650  -37.081  -20.588  -5.017 0.6000000238
47673  -35.122  -20.027  -8.219 0.6000000238
48701  -35.904  -19.489  -7.932 0.6000000238
48713  -34.515  -19.607  -8.596 0.6000000238
48702  -36.560  -19.538  -7.231 0.6000000238
48712  -33.542  -19.443  -9.055 0.6000000238
145836  -34.480  -18.929  -8.820 0.6000000238
47681  -31.320  -20.089  -9.396 0.6999999881
49859  -33.530  -17.975  -9.399 0.6000000238
49856  -30.138  -18.477  -10.478 0.6999999881
144262  -29.997  -17.211  -11.084 0.5000000000
52196  -30.382  -16.487  -11.462 0.5000000000
54256  -30.580  -14.792  -11.992 0.5000000000
47563  -33.840  -20.151  1.090 0.4000000060
47565  -35.552  -20.445  0.902 0.4000000060
47564  -34.811  -20.223  1.130 0.4000000060
47566  -36.099  -20.785  0.520 0.5000000000
48601  -34.777  -19.079  0.157 0.4000000060
48603  -36.260  -19.617  -0.399 0.4000000060
47600  -36.549  -20.236  -1.041 0.4000000060
129731  -36.753  -20.119  -1.912 0.5000000000
48637  -30.416  -19.551  -2.491 0.3000000119
48638  -31.138  -19.153  -2.262 0.3000000119
48621  -31.484  -19.491  -1.460 0.4000000060
47622  -37.104  -20.007  -2.875 0.4000000060
49756  -31.575  -18.470  -2.537 0.3000000119
48622  -32.258  -19.128  -1.059 0.4000000060
47651  -37.413  -19.925  -5.033 0.5000000000
145644  -37.257  -20.287  -3.720 0.6000000238
48679  -37.191  -20.045  -5.702 0.5000000000
49819  -36.865  -18.666  -7.082 0.5000000000
48714  -35.248  -19.195  -8.424 0.6000000238
147427  -36.961  -17.933  -7.001 0.5000000000
149675  -33.794  -18.684  -9.195 0.6000000238
49846  -34.389  -18.168  -9.023 0.6000000238
49857  -31.451  -18.549  -9.826 0.6000000238
51075  -33.223  -17.112  -9.605 0.6000000238
147549  -31.026  -17.675  -10.282 0.5000000000
51073  -30.031  -17.620  -10.788 0.5000000000
51084  -30.617  -16.782  -10.725 0.5000000000
54242  -31.120  -15.105  -11.454 0.5000000000
54257  -31.272  -14.185  -11.848 0.5000000000
55298  -31.213  -13.556  -12.547 0.5000000000
48573  -34.322  -19.625  0.628 0.4000000060
48575  -35.945  -20.008  0.301 0.4000000060
48602  -35.694  -19.243  -0.001 0.4000000060
48623  -36.552  -19.406  -1.215 0.4000000060
49716  -35.213  -18.523  -0.398 0.4000000060
48639  -36.850  -19.290  -2.067 0.4000000060
48640  -37.265  -19.005  -2.860 0.4000000060
151306  -31.058  -18.688  -2.784 0.3000000119
145607  -37.622  -18.618  -4.632 0.4000000060
48652  -37.442  -19.516  -3.737 0.5000000000
49787  -30.652  -17.926  -3.695 0.3000000119
49820  -37.294  -18.252  -6.435 0.4000000060
140667  -36.401  -18.019  -7.605 0.5000000000
51042  -37.214  -17.424  -6.530 0.4000000060
51062  -34.918  -17.571  -8.710 0.6000000238
51063  -35.654  -17.745  -8.227 0.5000000000
139291  -36.725  -17.232  -7.156 0.5000000000
51076  -34.201  -17.376  -9.206 0.6000000238
137120  -34.668  -16.874  -8.854 0.5000000000
138963  -35.286  -16.886  -8.397 0.5000000000
52180  -31.624  -16.214  -10.433 0.5000000000
51074  -31.905  -16.902  -10.072 0.6000000238
52182  -34.050  -16.529  -9.327 0.6000000238
52181  -32.932  -16.127  -9.905 0.6000000238
53244  -32.015  -15.486  -10.609 0.5000000000
54243  -32.277  -14.646  -10.965 0.5000000000
55305  -31.196  -12.990  -12.923 0.5000000000
53170  -29.387  -15.311  -5.155 0.3000000119
54143  -30.867  -14.637  -4.590 0.4000000060
54144  -31.665  -14.237  -4.258 0.4000000060
53245  -34.096  -15.639  -9.380 0.5000000000
55186  -29.946  -13.747  -5.796 0.4000000060
54224  -33.379  -15.059  -10.124 0.5000000000
55257  -35.575  -13.663  -8.774 0.5000000000
54208  -35.910  -14.020  -8.059 0.5000000000
54244  -34.189  -14.261  -10.081 0.5000000000
125899  -33.317  -14.279  -10.601 0.6000000238
56360  -31.673  -12.380  -12.842 0.5000000000
150043  -31.787  -13.504  -11.941 0.6000000238
56352  -32.759  -12.443  -12.103 0.5000000000
56361  -32.276  -11.864  -12.699 0.6000000238
57358  -32.403  -11.246  -12.973 0.4000000060
55173  -31.061  -13.804  -4.868 0.4000000060
55151  -32.939  -13.855  -3.419 0.4000000060
136351  -34.703  -13.500  -10.108 0.5000000000
132488  -34.429  -13.033  -10.680 0.5000000000
56345  -34.524  -12.428  -11.021 0.5000000000
55289  -35.127  -12.676  -10.244 0.5000000000
54258  -32.654  -13.825  -11.266 0.5000000000
55300  -33.691  -12.908  -11.283 0.5000000000
59231  -33.728  -9.967  -12.873 0.4000000060
144693  -33.814  -12.237  -11.585 0.5000000000
57359  -33.546  -10.834  -12.539 0.5000000000
133042  -32.628  -12.670  -4.180 0.4000000060
56249  -30.934  -12.697  -5.904 0.4000000060
54226  -34.916  -14.012  -9.362 0.5000000000
55258  -36.235  -13.244  -8.280 0.4000000060
57338  -34.429  -11.751  -11.446 0.4000000060
133105  -34.293  -11.177  -11.878 0.4000000060
56333  -36.171  -12.165  -9.301 0.4000000060
57351  -35.016  -11.155  -11.325 0.4000000060
59232  -34.877  -9.500  -12.324 0.5000000000
148274  -35.029  -8.748  -12.621 0.4000000060
58235  -35.529  -10.541  -11.098 0.4000000060
62502  -34.648  -6.246  -14.146 0.4000000060
59218  -34.732  -10.421  -11.926 0.4000000060
60299  -35.704  -8.076  -12.327 0.4000000060
59220  -36.255  -9.232  -11.011 0.4000000060
61384  -35.336  -7.471  -13.013 0.4000000060
62486  -35.529  -6.786  -13.227 0.4000000060
62503  -35.843  -6.084  -13.456 0.4000000060
145614  -35.335  -5.658  -14.122 0.4000000060
60280  -35.676  -8.951  -11.824 0.3000000119
60266  -36.814  -8.636  -10.519 0.4000000060
61362  -36.533  -7.568  -11.672 0.3000000119
61385  -36.099  -7.221  -12.475 0.4000000060
63444  -36.172  -5.447  -13.734 0.4000000060
60281  -36.365  -8.388  -11.364 0.3000000119
62465  -36.796  -6.798  -11.961 0.4000000060
62487  -36.363  -6.469  -12.700 0.5000000000
61348  -36.970  -7.839  -10.859 0.4000000060
61363  -37.214  -7.059  -11.186 0.4000000060
30311  -24.935  -39.967  -5.032 0.6999999881
31184  -30.106  -38.911  -1.006 0.6999999881
135459  -23.326  -40.900  0.262 0.6000000238
32957  -30.409  -36.443  -2.187 0.8000000119
32061  -25.929  -36.960  0.836 0.6000000238
32863  -28.159  -36.628  1.338 0.6999999881
35464  -30.123  -33.755  -1.061 0.8000000119
32121  -20.563  -34.807  -2.956 0.4000000060
35516  -29.787  -34.069  -5.473 0.8000000119
147291  -28.123  -35.960  3.192 0.6000000238
136322  -30.747  -34.084  2.171 0.8000000119
137921  -21.501  -39.332  4.706 0.4000000060
33698  -25.100  -35.007  3.545 0.6000000238
31099  -24.144  -38.354  4.487 0.5000000000
32822  -25.240  -36.111  5.557 0.6000000238
37980  -30.184  -28.992  -0.359 0.6999999881
35365  -30.757  -33.184  5.867 0.6999999881
36231  -29.149  -32.541  7.237 0.6999999881
42936  -34.444  -25.424  -4.433 0.8000000119
37889  -30.848  -30.713  6.379 0.6999999881
41949  -35.050  -26.162  0.966 0.6999999881
138690  -34.543  -25.797  2.368 0.6999999881
42848  -35.010  -25.600  1.738 0.6000000238
130094  -28.963  -27.827  5.796 0.6000000238
131122  -36.767  -20.667  -5.712 0.6000000238
56351  -31.753  -12.965  -12.377 0.5000000000
134213  -36.555  -18.744  -1.460 0.4000000060
57339  -35.196  -11.806  -10.742 0.4000000060
147287  -27.914  -43.350  -5.564 0.5000000000
26346  -28.716  -43.241  -5.586 0.5000000000
27347  -24.924  -42.692  -4.932 0.6999999881
28347  -30.868  -40.877  -5.476 0.5000000000
134080  -24.707  -42.695  1.425 0.5000000000
30325  -30.934  -39.851  -6.078 0.6999999881
30282  -29.346  -39.247  -2.687 0.6999999881
32153  -25.064  -37.707  -5.038 0.6999999881
32154  -25.074  -37.519  -4.976 0.6999999881
32976  -25.243  -36.950  -5.103 0.6999999881
31262  -31.769  -38.263  -5.056 0.6999999881
31236  -33.347  -37.849  -2.824 0.5000000000
32157  -32.255  -37.704  -4.196 0.6000000238
32143  -34.158  -36.734  -2.997 0.5000000000
141599  -28.734  -36.071  -3.988 0.6999999881
32993  -31.369  -36.620  -5.445 0.6999999881
31185  -30.317  -37.980  -1.325 0.8000000119
32965  -29.504  -36.446  -3.510 0.6999999881
32982  -37.016  -36.639  -3.968 0.4000000060
32078  -30.051  -37.030  0.016 0.8000000119
34661  -30.178  -34.645  -5.702 0.8000000119
32062  -26.938  -36.906  0.970 0.6999999881
30267  -21.148  -39.933  -1.755 0.5000000000
33809  -35.474  -35.734  -3.259 0.5000000000
32888  -29.642  -36.352  1.152 0.6999999881
32093  -23.348  -36.748  -0.896 0.6000000238
131239  -30.576  -34.884  -0.439 0.8000000119
35480  -26.603  -32.720  -3.704 0.8000000119
34635  -34.515  -34.592  -3.274 0.6999999881
33810  -36.194  -35.306  -3.636 0.6000000238
33741  -30.026  -35.878  1.661 0.6999999881
37182  -25.833  -30.567  -4.102 0.8999999762
36382  -28.550  -32.553  -4.627 0.8000000119
131703  -36.994  -34.131  -4.827 0.6000000238
128536  -37.957  -34.102  -7.025 0.4000000060
33797  -19.652  -34.584  -2.981 0.3000000119
32092  -22.560  -36.043  -1.675 0.5000000000
32120  -20.045  -35.913  -3.285 0.4000000060
36343  -26.439  -30.939  -2.579 0.8999999762
129318  -27.318  -35.808  2.582 0.6000000238
32108  -21.611  -35.245  -2.423 0.4000000060
33789  -21.558  -33.591  -1.685 0.5000000000
32941  -22.398  -33.649  -1.238 0.5000000000
36321  -28.011  -31.061  -0.585 0.8000000119
127706  -36.869  -33.226  -4.654 0.6999999881
147399  -36.660  -30.430  -7.923 0.6000000238
138425  -37.573  -30.220  -7.868 0.4000000060
32906  -21.859  -33.582  -0.678 0.5000000000
33737  -24.321  -33.697  1.580 0.5000000000
34597  -22.810  -33.268  0.097 0.5000000000
150759  -22.611  -37.871  1.204 0.5000000000
32059  -22.464  -35.469  0.767 0.5000000000
32045  -23.833  -37.105  2.107 0.6000000238
128959  -22.189  -36.873  0.696 0.5000000000
34550  -24.303  -33.849  2.292 0.5000000000
128966  -23.425  -40.614  3.410 0.6000000238
32882  -22.762  -33.988  0.826 0.5000000000
32861  -24.031  -34.489  2.399 0.6000000238
133857  -24.179  -35.991  2.415 0.6000000238
33735  -23.023  -33.285  0.726 0.5000000000
33715  -23.987  -33.650  2.101 0.5000000000
31095  -20.913  -38.527  4.642 0.4000000060
36274  -31.062  -32.462  3.039 0.6999999881
38006  -27.438  -29.496  -1.842 0.8000000119
31117  -24.529  -38.225  4.092 0.5000000000
133923  -25.095  -36.438  3.958 0.6000000238
138285  -22.919  -36.882  5.833 0.4000000060
32820  -23.664  -37.281  5.538 0.4000000060
33659  -24.997  -35.922  6.093 0.5000000000
32821  -24.460  -36.646  5.675 0.5000000000
33647  -23.620  -35.724  6.583 0.5000000000
145062  -24.288  -36.156  6.254 0.5000000000
37095  -29.784  -30.220  0.764 0.6999999881
41015  -35.502  -27.996  -7.862 0.6999999881
33660  -25.930  -35.588  5.441 0.6999999881
33661  -26.563  -35.363  5.802 0.6999999881
148187  -25.737  -35.567  6.081 0.6000000238
37085  -31.304  -31.225  2.561 0.6999999881
34497  -21.814  -34.661  6.338 0.4000000060
33651  -26.959  -34.993  6.472 0.6000000238
34501  -26.447  -34.616  7.051 0.6000000238
34503  -28.366  -34.305  6.846 0.6999999881
35354  -22.694  -33.532  6.857 0.3000000119
37957  -31.302  -29.660  1.454 0.6999999881
36229  -23.604  -32.461  7.221 0.3000000119
39932  -35.037  -29.220  -6.653 0.8999999762
39956  -33.153  -28.415  -8.204 0.8000000119
39945  -33.114  -28.531  -8.080 0.8000000119
42970  -33.500  -26.232  -8.299 0.6000000238
42051  -35.002  -26.622  -7.756 0.6000000238
42064  -31.916  -27.244  -8.387 0.8000000119
35345  -25.388  -33.478  7.607 0.6000000238
38901  -33.496  -29.482  -0.321 0.8000000119
39861  -32.978  -28.116  1.400 0.6999999881
41003  -33.250  -28.112  -7.194 0.8000000119
41026  -32.466  -27.913  -8.261 0.8000000119
143520  -31.686  -30.596  5.276 0.6999999881
37927  -32.230  -29.783  3.688 0.6999999881
38794  -25.002  -29.580  5.889 0.3000000119
39849  -32.938  -28.312  3.137 0.6999999881
41967  -34.510  -26.842  0.987 0.6999999881
134690  -35.458  -28.162  -2.303 0.8000000119
139894  -35.426  -28.078  -1.653 0.8000000119
40963  -35.550  -27.420  -2.626 0.8000000119
37885  -25.860  -30.259  6.745 0.3000000119
38796  -27.277  -29.606  6.533 0.5000000000
38797  -28.019  -29.504  6.527 0.5000000000
38815  -27.686  -28.919  6.215 0.4000000060
39809  -25.915  -28.382  4.830 0.3000000119
41934  -34.061  -26.496  2.670 0.6999999881
38817  -29.453  -29.504  6.561 0.6000000238
40862  -28.659  -26.984  5.210 0.3000000119
41892  -28.753  -26.248  4.608 0.3000000119
40881  -32.781  -27.570  4.495 0.6999999881
42794  -28.736  -25.616  3.980 0.3000000119
43994  -30.732  -23.840  -9.301 0.6999999881
40848  -29.693  -27.280  5.652 0.6000000238
40850  -31.493  -27.245  5.525 0.6000000238
41896  -32.682  -26.736  4.703 0.6999999881
40864  -33.240  -26.948  4.116 0.6999999881
45775  -35.661  -22.699  -3.815 0.8000000119
45795  -34.923  -22.523  -6.082 0.8000000119
45802  -33.424  -22.993  -6.835 0.8000000119
45831  -31.067  -22.358  -10.141 0.6000000238
145985  -31.930  -22.201  -10.180 0.6000000238
42810  -30.262  -25.367  4.507 0.3000000119
129385  -31.975  -25.951  5.139 0.5000000000
129874  -33.233  -25.726  4.296 0.5000000000
43821  -29.628  -24.035  2.414 0.3000000119
43822  -30.386  -24.016  3.138 0.3000000119
138727  -33.872  -23.996  3.652 0.5000000000
43824  -35.156  -24.145  2.430 0.6000000238
43900  -36.378  -24.405  -1.266 0.8000000119
44783  -36.273  -22.964  0.912 0.6000000238
45788  -35.613  -22.396  -4.740 0.6999999881
47689  -30.149  -19.703  -10.997 0.6999999881
44737  -31.341  -23.828  3.635 0.3000000119
44755  -30.271  -23.506  2.281 0.3000000119
44758  -32.577  -23.056  3.348 0.3000000119
44800  -29.766  -23.138  0.984 0.3000000119
46644  -31.064  -21.896  0.984 0.3000000119
45703  -35.863  -22.420  1.478 0.6000000238
47680  -29.846  -20.392  -10.103 0.6999999881
47670  -30.022  -20.850  -9.656 0.6999999881
46664  -36.394  -21.449  -0.107 0.6000000238
133547  -36.626  -20.896  -1.726 0.6999999881
47665  -35.826  -20.412  -7.461 0.6000000238
131456  -30.157  -20.146  -9.764 0.6999999881
48736  -32.606  -19.771  -11.125 0.5000000000
46625  -34.643  -21.486  1.958 0.4000000060
48726  -32.118  -19.383  -9.454 0.6000000238
131781  -32.349  -17.797  -9.729 0.6000000238
149732  -30.856  -15.503  -12.305 0.4000000060
47544  -34.305  -20.769  1.587 0.4000000060
47584  -32.201  -20.086  0.038 0.4000000060
47610  -30.080  -20.216  -2.126 0.3000000119
150253  -30.690  -19.035  -2.773 0.3000000119
48665  -37.530  -19.431  -4.553 0.5000000000
48692  -37.216  -19.273  -6.348 0.5000000000
49834  -36.382  -18.889  -7.644 0.5000000000
48725  -30.628  -19.328  -9.847 0.5000000000
49736  -31.872  -18.781  -1.844 0.4000000060
49757  -32.270  -18.143  -2.233 0.4000000060
49803  -37.545  -18.516  -5.641 0.5000000000
49758  -36.824  -18.456  -2.136 0.4000000060
140975  -37.660  -17.954  -5.109 0.4000000060
52154  -36.008  -16.945  -7.753 0.5000000000
54142  -30.125  -14.976  -4.858 0.3000000119
54145  -32.318  -14.224  -3.727 0.4000000060
54225  -34.452  -14.818  -9.353 0.5000000000
55175  -32.310  -13.429  -4.077 0.4000000060
59219  -35.577  -9.772  -11.460 0.4000000060
58236  -36.105  -10.035  -10.675 0.4000000060
63423  -36.666  -5.779  -12.983 0.4000000060
63445  -37.011  -5.137  -13.367 0.3000000119
24379  -29.381  -45.712  -1.022 0.5000000000
24391  -28.400  -45.332  -2.208 0.5000000000
24320  -29.259  -45.594  2.425 0.4000000060
126683  -29.829  -45.014  1.412 0.5000000000
130954  -29.823  -45.289  0.446 0.5000000000
142211  -29.545  -45.164  -0.590 0.5000000000
25331  -28.713  -44.564  -1.831 0.6000000238
144397  -28.293  -43.982  -2.249 0.6000000238
25276  -29.614  -44.860  2.067 0.5000000000
25258  -29.397  -44.092  2.312 0.5000000000
25290  -29.816  -44.481  0.850 0.5000000000
26270  -29.455  -43.711  -0.651 0.5000000000
26226  -28.952  -43.281  2.534 0.5000000000
27301  -29.129  -43.176  -1.259 0.6000000238
131441  -28.480  -43.210  -2.025 0.6000000238
26284  -28.936  -43.843  -1.532 0.6000000238
26296  -27.667  -43.437  -2.808 0.6000000238
131934  -26.750  -42.904  -3.531 0.6000000238
27314  -27.855  -42.450  -2.659 0.6000000238
26317  -26.684  -43.888  -3.559 0.6000000238
27334  -25.632  -42.382  -4.273 0.6000000238
26227  -29.543  -43.284  2.067 0.5000000000
143943  -29.714  -43.606  0.562 0.5000000000
26225  -27.934  -43.589  2.673 0.5000000000
149870  -29.309  -42.668  2.234 0.5000000000
142868  -28.909  -42.387  -1.537 0.6000000238
137634  -27.204  -43.032  2.604 0.5000000000
27240  -28.116  -42.748  2.628 0.5000000000
28298  -27.678  -41.521  -2.908 0.6000000238
27335  -26.748  -41.987  -3.495 0.6000000238
131027  -24.840  -41.767  -5.035 0.6000000238
27273  -29.692  -42.619  0.808 0.5000000000
27286  -29.512  -42.760  -0.363 0.5000000000
27241  -28.837  -42.361  2.469 0.5000000000
28238  -29.460  -41.701  1.684 0.5000000000
27257  -29.555  -42.454  1.695 0.5000000000
145857  -29.624  -42.044  0.193 0.5000000000
150370  -27.439  -42.357  2.600 0.5000000000
140321  -28.084  -41.973  2.600 0.5000000000
28283  -28.469  -41.683  -2.189 0.6000000238
27238  -25.832  -42.630  2.261 0.5000000000
151761  -26.465  -41.753  2.508 0.5000000000
29295  -27.717  -40.753  -3.061 0.6000000238
28320  -26.722  -41.112  -3.537 0.6000000238
28333  -24.938  -41.099  -4.895 0.6000000238
28319  -25.669  -41.524  -4.238 0.6000000238
28221  -29.279  -41.987  2.139 0.5000000000
29245  -29.621  -41.007  0.700 0.5000000000
28267  -29.636  -41.329  0.088 0.6000000238
131642  -29.439  -40.906  -0.860 0.6000000238
28220  -28.774  -41.554  2.401 0.5000000000
133415  -29.408  -41.832  -0.647 0.6000000238
27272  -24.089  -42.672  0.980 0.5000000000
30299  -25.610  -39.735  -4.346 0.6000000238
29199  -28.690  -40.623  2.301 0.5000000000
136631  -29.250  -41.228  2.021 0.5000000000
125861  -29.628  -40.399  0.931 0.5000000000
30254  -29.788  -39.844  -0.684 0.6000000238
133874  -27.185  -40.906  2.572 0.5000000000
129425  -25.894  -41.905  2.368 0.5000000000
28217  -26.215  -41.033  2.459 0.6000000238
147573  -28.941  -39.900  1.965 0.6000000238
29227  -29.282  -40.468  1.701 0.5000000000
30241  -29.824  -39.707  0.336 0.5000000000
29198  -27.747  -40.355  2.505 0.6000000238
30270  -29.688  -39.498  -1.705 0.6000000238
28236  -24.608  -40.925  1.401 0.5000000000
29226  -25.371  -40.494  1.910 0.5000000000
29197  -26.798  -40.192  2.489 0.6000000238
151838  -23.842  -42.050  0.838 0.4000000060
30193  -28.283  -39.727  2.253 0.6000000238
30224  -29.377  -39.582  1.231 0.6000000238
125890  -30.025  -39.108  -0.211 0.6000000238
31201  -30.043  -38.716  -1.950 0.6000000238
31170  -29.696  -38.769  0.472 0.6999999881
35529  -37.268  -33.339  -6.528 0.5000000000
37887  -28.755  -30.644  7.115 0.5000000000
42882  -35.946  -25.576  -0.555 0.6000000238
127299  -30.712  -20.456  -10.782 0.5000000000
64358  -37.738  -4.671  -12.970 0.3000000119
64379  -37.990  -3.912  -13.376 0.3000000119
66287  -38.502  -2.460  -13.560 0.3000000119
129826  -28.576  -46.253  2.897 0.4000000060
23398  -29.780  -46.476  1.366 0.5000000000
131248  -29.857  -46.246  0.514 0.5000000000
25330  -27.692  -44.983  -2.780 0.5000000000
141242  -29.181  -44.839  2.481 0.4000000060
151899  -28.176  -44.615  -2.390 0.6000000238
26297  -27.641  -44.249  -2.823 0.6000000238
26316  -25.590  -43.276  -4.294 0.5000000000
25256  -27.593  -45.140  2.886 0.4000000060
143027  -27.580  -44.311  2.717 0.5000000000
26223  -26.134  -44.230  2.313 0.5000000000
26224  -26.969  -43.852  2.603 0.5000000000
149158  -25.585  -43.873  1.896 0.3000000119
26242  -24.477  -43.372  1.170 0.4000000060
26258  -22.952  -43.855  0.089 0.4000000060
148464  -37.533  -34.525  -6.026 0.4000000060
36407  -37.745  -32.916  -7.470 0.4000000060
36400  -37.240  -32.879  -7.186 0.4000000060
38816  -28.543  -29.112  6.404 0.5000000000
45833  -33.706  -22.254  -9.567 0.5000000000
46757  -33.341  -21.666  -10.068 0.5000000000
44759  -34.316  -23.378  3.159 0.4000000060
64359  -38.240  -4.122  -12.556 0.3000000119
134708  -38.668  -2.048  -12.859 0.3000000119
23387  -27.838  -45.929  3.111 0.4000000060
29277  -28.888  -41.019  -1.894 0.6000000238
28254  -23.934  -41.337  0.851 0.5000000000
27256  -25.248  -42.293  1.854 0.5000000000
28237  -25.280  -41.422  1.948 0.6000000238
44934  -34.541  -23.461  -8.491 0.5000000000
26243  -25.281  -43.189  1.748 0.4000000060
25316  -29.107  -45.189  -1.427 0.6000000238
24332  -29.690  -45.698  1.820 0.4000000060
25302  -29.657  -44.449  -0.082 0.5000000000
25317  -29.333  -44.474  -1.068 0.6000000238
127153  -29.734  -44.069  1.656 0.5000000000
25257  -28.538  -44.359  2.659 0.5000000000
28255  -29.648  -41.740  0.977 0.5000000000
28218  -27.155  -41.666  2.585 0.5000000000
28219  -27.982  -41.189  2.572 0.5000000000
63424  -37.433  -5.386  -12.606 0.4000000060
25348  -26.077  -44.739  -3.816 0.4000000060
147829  -25.558  -44.034  -4.258 0.4000000060
25255  -26.797  -44.677  2.666 0.4000000060
148425  -20.991  -37.242  -0.172 0.4000000060
32091  -20.758  -35.856  -0.634 0.3000000119
32925  -21.105  -33.982  -1.279 0.4000000060
32939  -21.064  -33.949  -2.414 0.4000000060
31165  -22.028  -38.089  0.704 0.4000000060
144247  -21.458  -37.012  0.170 0.4000000060
27236  -22.155  -42.530  2.782 0.4000000060
29224  -22.417  -40.837  1.854 0.4000000060
30218  -21.858  -39.184  0.870 0.4000000060
31148  -22.595  -38.823  1.389 0.4000000060
26194  -20.953  -43.221  4.040 0.3000000119
27219  -22.036  -42.524  3.344 0.3000000119
27204  -21.037  -42.535  4.302 0.4000000060
30219  -22.547  -39.859  1.587 0.4000000060
27205  -21.561  -42.631  3.890 0.4000000060
28197  -22.529  -41.773  3.487 0.5000000000
28181  -20.930  -41.762  4.508 0.4000000060
29161  -21.665  -41.055  4.474 0.4000000060
28198  -23.055  -41.359  3.210 0.5000000000
39789  -27.418  -28.302  5.667 0.3000000119
44739  -33.049  -23.718  3.851 0.3000000119
44738  -32.192  -23.556  3.708 0.3000000119
43802  -32.308  -24.226  4.246 0.3000000119
129873  -33.557  -23.190  3.381 0.3000000119
45678  -34.056  -22.550  2.834 0.3000000119
53228  -34.748  -15.249  -8.809 0.4000000060
47543  -33.332  -20.725  1.490 0.3000000119
53229  -35.303  -15.364  -8.307 0.4000000060
140991  -35.222  -14.548  -8.621 0.4000000060
48571  -32.723  -19.861  0.256 0.3000000119
48598  -31.824  -19.779  -0.662 0.3000000119
53212  -36.295  -15.784  -7.388 0.4000000060
53211  -35.838  -15.548  -7.772 0.3000000119
56332  -35.663  -12.587  -9.605 0.4000000060
57322  -35.709  -11.992  -9.994 0.3000000119
48572  -33.330  -19.714  0.447 0.3000000119
48600  -33.717  -19.169  0.020 0.3000000119
48599  -32.711  -19.486  -0.228 0.3000000119
49714  -33.120  -18.758  -0.663 0.3000000119
49715  -34.141  -18.543  -0.428 0.3000000119
49739  -34.560  -17.900  -0.926 0.3000000119
49717  -36.127  -18.706  -0.711 0.3000000119
49738  -33.541  -18.105  -1.159 0.3000000119
50953  -34.898  -17.343  -1.456 0.3000000119
49741  -36.323  -18.087  -1.433 0.3000000119
50951  -33.017  -17.782  -1.884 0.3000000119
136920  -37.499  -18.612  -3.702 0.3000000119
50978  -32.570  -17.493  -2.540 0.3000000119
51002  -32.142  -17.159  -3.132 0.3000000119
134516  -37.613  -17.807  -4.439 0.3000000119
52081  -32.368  -16.420  -3.273 0.3000000119
136179  -37.544  -17.607  -5.779 0.3000000119
53190  -37.346  -16.022  -6.151 0.3000000119
139375  -37.210  -15.182  -6.243 0.3000000119
54160  -30.383  -14.180  -5.184 0.3000000119
53189  -36.784  -15.704  -6.832 0.3000000119
138779  -36.314  -15.150  -7.376 0.3000000119
55188  -31.338  -13.076  -5.251 0.3000000119
55187  -30.655  -13.424  -5.541 0.3000000119
56313  -35.928  -12.900  -8.997 0.3000000119
57340  -35.947  -10.788  -10.422 0.3000000119
50954  -35.862  -17.345  -1.570 0.3000000119
50952  -33.903  -17.502  -1.607 0.3000000119
50955  -36.632  -17.532  -2.203 0.3000000119
49759  -37.222  -18.108  -2.885 0.3000000119
49775  -37.451  -17.744  -3.669 0.3000000119
50979  -33.340  -17.222  -2.248 0.3000000119
50980  -34.197  -16.989  -2.007 0.3000000119
52039  -35.133  -16.824  -1.892 0.3000000119
52061  -36.703  -16.756  -2.596 0.3000000119
52062  -37.111  -16.603  -3.170 0.3000000119
51003  -37.342  -17.054  -3.539 0.3000000119
51021  -37.534  -17.122  -4.149 0.3000000119
52057  -32.837  -16.864  -2.748 0.3000000119
52058  -33.615  -16.636  -2.448 0.3000000119
52059  -34.471  -16.437  -2.265 0.3000000119
133011  -37.665  -17.185  -4.989 0.3000000119
52080  -31.595  -16.693  -3.629 0.3000000119
52082  -33.078  -16.150  -2.842 0.3000000119
52123  -37.567  -16.352  -5.365 0.3000000119
53171  -37.462  -15.430  -5.558 0.3000000119
54120  -32.066  -14.950  -3.714 0.3000000119
54176  -36.786  -14.783  -6.824 0.3000000119
55174  -31.646  -13.420  -4.620 0.3000000119
56232  -32.013  -12.669  -4.766 0.3000000119
56233  -32.643  -12.071  -4.573 0.3000000119
54189  -36.374  -14.368  -7.439 0.3000000119
55231  -36.551  -13.578  -7.542 0.3000000119
56314  -36.517  -12.452  -8.530 0.3000000119
58207  -36.860  -10.774  -9.175 0.3000000119
58220  -36.478  -10.414  -9.953 0.3000000119
57323  -36.250  -11.311  -9.728 0.3000000119
52040  -36.048  -16.776  -2.053 0.3000000119
52060  -35.388  -16.281  -2.234 0.3000000119
126196  -36.226  -16.167  -2.456 0.3000000119
134509  -36.772  -16.167  -2.851 0.3000000119
53112  -37.088  -15.859  -3.367 0.3000000119
53108  -33.920  -15.930  -2.576 0.3000000119
53109  -34.810  -15.747  -2.428 0.3000000119
53110  -35.690  -15.613  -2.456 0.3000000119
53111  -36.496  -15.483  -2.788 0.3000000119
52083  -37.379  -16.495  -3.775 0.3000000119
53136  -32.580  -15.579  -3.326 0.3000000119
53137  -33.345  -15.332  -2.886 0.3000000119
54097  -34.324  -15.003  -2.592 0.3000000119
55189  -37.376  -14.054  -5.527 0.3000000119
54161  -37.381  -14.756  -5.748 0.3000000119
55176  -33.079  -12.995  -3.578 0.3000000119
55205  -37.291  -13.603  -6.221 0.3000000119
56234  -33.165  -12.210  -3.880 0.3000000119
54190  -36.891  -13.969  -6.868 0.3000000119
57238  -32.725  -11.369  -4.905 0.3000000119
57239  -33.339  -10.983  -4.405 0.3000000119
56294  -36.820  -12.760  -7.709 0.3000000119
57306  -36.742  -11.621  -8.849 0.3000000119
53138  -36.865  -15.161  -3.314 0.3000000119
54123  -34.442  -13.990  -2.614 0.3000000119
55134  -35.222  -13.737  -2.564 0.3000000119
55154  -36.631  -13.859  -3.068 0.3000000119
53139  -37.231  -15.269  -3.867 0.3000000119
53155  -37.485  -15.533  -4.667 0.3000000119
54122  -33.559  -14.386  -2.900 0.3000000119
127226  -36.821  -13.028  -3.308 0.3000000119
54124  -36.977  -14.555  -3.563 0.3000000119
54146  -37.466  -14.731  -5.096 0.3000000119
55152  -33.731  -13.432  -2.958 0.3000000119
126940  -34.731  -13.039  -2.636 0.3000000119
56210  -33.916  -12.454  -3.125 0.3000000119
57240  -34.043  -10.586  -3.785 0.3000000119
58132  -34.914  -10.212  -3.497 0.3000000119
132543  -37.674  -11.880  -6.068 0.3000000119
55232  -37.132  -13.158  -6.943 0.3000000119
58144  -33.538  -10.195  -4.494 0.3000000119
56295  -37.423  -12.213  -7.030 0.3000000119
56315  -37.118  -11.948  -7.988 0.3000000119
57307  -37.381  -11.034  -8.229 0.3000000119
59193  -36.724  -9.525  -10.104 0.3000000119
55135  -35.921  -14.110  -2.636 0.3000000119
55153  -35.900  -13.157  -2.676 0.3000000119
55155  -37.204  -13.743  -3.898 0.3000000119
140241  -37.384  -13.999  -4.757 0.3000000119
56211  -34.647  -12.383  -2.766 0.3000000119
56213  -36.302  -12.253  -2.937 0.3000000119
150652  -37.439  -13.632  -5.084 0.3000000119
130075  -34.637  -11.803  -2.949 0.3000000119
146945  -35.500  -10.665  -3.298 0.3000000119
56252  -37.567  -12.373  -5.211 0.3000000119
59118  -33.696  -9.453  -4.580 0.3000000119
148356  -34.733  -11.014  -3.286 0.3000000119
58133  -35.877  -9.894  -3.453 0.3000000119
133501  -34.263  -9.795  -4.000 0.3000000119
59109  -35.061  -9.410  -3.640 0.3000000119
59120  -35.801  -8.867  -3.615 0.3000000119
57278  -37.780  -11.371  -6.750 0.3000000119
58199  -37.839  -10.853  -7.352 0.3000000119
58208  -37.369  -10.189  -8.764 0.3000000119
58221  -36.925  -10.073  -9.477 0.3000000119
140651  -37.279  -8.801  -9.738 0.3000000119
133575  -37.296  -12.915  -3.918 0.3000000119
55177  -37.419  -13.182  -4.637 0.3000000119
57222  -36.692  -11.542  -3.379 0.3000000119
57223  -37.374  -11.641  -3.890 0.3000000119
56235  -37.463  -12.340  -4.284 0.3000000119
137180  -36.318  -10.760  -3.368 0.3000000119
58134  -37.161  -10.927  -3.694 0.3000000119
139077  -37.595  -11.093  -4.194 0.3000000119
57257  -37.741  -11.553  -5.344 0.3000000119
59119  -34.459  -8.984  -4.174 0.3000000119
58186  -38.266  -10.219  -6.312 0.3000000119
147579  -35.109  -8.385  -3.957 0.3000000119
59121  -36.668  -9.319  -3.642 0.3000000119
59110  -36.868  -10.146  -3.603 0.3000000119
58200  -38.192  -10.196  -7.095 0.3000000119
59177  -37.847  -10.227  -7.909 0.3000000119
59185  -37.801  -9.502  -8.423 0.3000000119
60250  -37.720  -8.792  -8.931 0.3000000119
61349  -37.579  -7.291  -10.362 0.3000000119
60267  -37.394  -8.077  -10.094 0.3000000119
58161  -37.888  -10.877  -4.916 0.3000000119
60187  -34.363  -8.216  -4.495 0.3000000119
58145  -37.617  -10.354  -4.114 0.3000000119
58146  -37.965  -10.149  -4.831 0.3000000119
58162  -38.179  -10.246  -5.521 0.3000000119
61272  -35.086  -7.595  -4.283 0.3000000119
60188  -35.918  -7.913  -3.841 0.3000000119
60189  -36.676  -8.448  -3.813 0.3000000119
59122  -37.742  -9.609  -4.395 0.3000000119
59123  -38.175  -9.586  -5.144 0.3000000119
59160  -38.381  -9.518  -6.762 0.3000000119
137095  -38.445  -8.799  -7.259 0.3000000119
59178  -38.223  -9.518  -7.594 0.3000000119
60242  -38.473  -8.077  -7.734 0.3000000119
59186  -38.226  -8.789  -8.111 0.3000000119
61338  -38.325  -6.942  -8.883 0.3000000119
60251  -38.173  -7.960  -8.666 0.3000000119
144660  -37.688  -8.228  -9.387 0.3000000119
62428  -38.105  -6.734  -9.770 0.3000000119
61337  -37.872  -7.534  -9.515 0.3000000119
61271  -34.232  -7.436  -4.773 0.3000000119
128971  -34.982  -6.689  -4.531 0.3000000119
61259  -35.869  -6.974  -4.248 0.3000000119
61261  -37.654  -7.517  -4.715 0.3000000119
60201  -38.301  -8.897  -5.444 0.3000000119
60224  -38.446  -8.732  -6.327 0.3000000119
61273  -37.885  -6.836  -5.166 0.3000000119
61293  -38.451  -7.897  -6.136 0.3000000119
128090  -38.540  -6.830  -7.505 0.3000000119
61310  -38.549  -7.429  -7.273 0.3000000119
126698  -38.540  -8.081  -6.914 0.3000000119
139874  -38.466  -6.184  -8.700 0.3000000119
61328  -38.485  -7.309  -8.055 0.3000000119
62449  -37.888  -6.399  -10.676 0.3000000119
62429  -38.387  -6.272  -9.279 0.3000000119
62466  -37.477  -6.319  -11.548 0.3000000119
63399  -37.957  -5.778  -11.226 0.3000000119
62488  -37.120  -6.089  -12.283 0.3000000119
62344  -35.844  -6.009  -4.522 0.3000000119
145115  -36.529  -6.559  -4.418 0.3000000119
62346  -37.524  -6.022  -5.034 0.3000000119
125770  -38.358  -7.138  -5.912 0.3000000119
126288  -38.497  -6.728  -6.675 0.3000000119
62450  -38.367  -5.937  -9.907 0.3000000119
129671  -37.768  -5.608  -11.888 0.3000000119
62345  -36.798  -5.893  -4.623 0.3000000119
26315  -24.944  -43.790  -4.859 0.4000000060
26209  -21.328  -43.224  3.533 0.3000000119
28216  -22.903  -41.318  2.660 0.4000000060
136501  -22.097  -40.110  4.561 0.4000000060
28183  -22.304  -41.508  4.042 0.4000000060
39790  -28.288  -28.371  6.005 0.3000000119
49737  -32.652  -18.439  -1.462 0.3000000119
49740  -35.607  -17.918  -0.970 0.3000000119
52169  -35.529  -16.150  -8.089 0.4000000060
53135  -31.860  -15.815  -3.682 0.3000000119
53154  -31.385  -15.205  -4.116 0.3000000119
54121  -32.790  -14.724  -3.341 0.3000000119
56250  -31.570  -12.311  -5.562 0.3000000119
50981  -37.138  -17.297  -2.983 0.3000000119
26222  -21.613  -43.248  2.885 0.4000000060
135680  -21.526  -41.910  1.513 0.4000000060
29223  -21.765  -40.224  1.075 0.4000000060
137343  -20.371  -43.029  4.394 0.3000000119
27206  -22.051  -42.105  3.797 0.4000000060
54177  -37.194  -14.389  -6.256 0.3000000119
52104  -37.535  -16.434  -4.493 0.3000000119
56251  -32.207  -11.872  -5.269 0.3000000119
57255  -31.760  -11.580  -5.893 0.3000000119
54100  -36.507  -14.660  -2.911 0.3000000119
54098  -35.155  -14.468  -2.534 0.3000000119
54099  -35.868  -14.892  -2.562 0.3000000119
140569  -37.457  -12.757  -6.164 0.3000000119
143656  -37.444  -13.270  -5.467 0.3000000119
57221  -33.786  -11.488  -3.578 0.3000000119
54125  -37.331  -14.635  -4.305 0.3000000119
56214  -37.083  -12.285  -3.581 0.3000000119
56212  -35.319  -12.317  -2.713 0.3000000119
58185  -37.995  -10.997  -5.932 0.3000000119
148191  -33.242  -9.834  -5.051 0.3000000119
144941  -35.656  -11.435  -2.981 0.3000000119
59135  -38.361  -9.553  -5.930 0.3000000119
139152  -37.342  -9.003  -3.951 0.3000000119
61260  -36.788  -7.458  -4.193 0.3000000119
60190  -37.441  -8.257  -4.335 0.3000000119
61262  -38.070  -8.253  -4.983 0.3000000119
62319  -37.238  -6.662  -4.608 0.3000000119
61274  -38.193  -7.650  -5.389 0.3000000119
63381  -38.277  -5.474  -10.613 0.3000000119
62347  -38.145  -6.298  -5.730 0.3000000119
63310  -38.151  -4.966  -6.326 0.3000000119
33821  -37.398  -35.440  -5.077 0.4000000060
26282  -20.251  -43.221  -2.359 0.3000000119
26283  -20.898  -43.228  -1.476 0.3000000119
27313  -19.915  -42.468  -2.741 0.3000000119
26268  -21.658  -42.875  -0.839 0.3000000119
28180  -19.935  -41.586  4.573 0.3000000119
29160  -20.644  -40.906  4.621 0.3000000119
29159  -19.678  -40.585  4.468 0.3000000119
30238  -21.035  -39.617  0.369 0.3000000119
28234  -21.034  -41.494  0.865 0.3000000119
28215  -22.230  -41.843  2.206 0.3000000119
128913  -21.200  -38.270  0.177 0.3000000119
27254  -21.011  -42.467  1.157 0.3000000119
29242  -21.088  -40.634  0.680 0.3000000119
139887  -37.119  -36.032  -4.553 0.3000000119
24319  -28.523  -45.356  2.777 0.4000000060
24350  -29.900  -45.748  1.159 0.5000000000
24363  -29.656  -45.919  -0.316 0.5000000000
25349  -27.105  -44.632  -3.282 0.5000000000
26241  -21.704  -42.615  2.096 0.4000000060
26244  -29.684  -43.197  1.448 0.5000000000
26331  -24.955  -43.560  -4.980 0.4000000060
27237  -22.659  -42.013  2.978 0.5000000000
27239  -26.595  -42.389  2.519 0.5000000000
27299  -20.476  -42.457  -2.037 0.3000000119
27357  -26.365  -42.793  -5.444 0.4000000060
27359  -29.528  -42.759  -5.525 0.5000000000
28182  -21.650  -41.977  4.211 0.4000000060
28235  -21.654  -41.146  1.346 0.3000000119
28253  -23.392  -41.771  0.416 0.5000000000
28284  -29.074  -41.571  -1.435 0.6000000238
28331  -24.905  -40.772  -5.115 0.6999999881
28332  -24.898  -41.138  -5.065 0.6999999881
28341  -24.954  -41.638  -5.153 0.6999999881
29178  -22.902  -41.078  3.775 0.5000000000
29195  -23.209  -40.488  2.503 0.6000000238
29196  -26.016  -40.092  2.325 0.5000000000
29256  -22.889  -40.198  -0.225 0.6000000238
29257  -29.751  -40.524  0.098 0.6000000238
29278  -29.328  -40.299  -1.676 0.6999999881
29315  -25.651  -40.638  -4.264 0.6000000238
29339  -28.787  -40.840  -5.594 0.6999999881
30190  -24.152  -39.080  3.326 0.6000000238
30223  -28.718  -39.150  1.715 0.6999999881
30268  -21.421  -39.014  -1.739 0.3000000119
30281  -28.718  -39.823  -2.826 0.6999999881
30310  -24.930  -40.421  -5.117 0.6999999881
30313  -31.510  -39.744  -5.057 0.6000000238
30320  -25.074  -39.950  -5.193 0.6999999881
30321  -25.634  -39.400  -5.413 0.6999999881
30322  -26.798  -39.786  -5.526 0.6999999881
30326  -31.188  -39.327  -6.039 0.6999999881
30332  -30.802  -39.264  -6.194 0.6999999881
31096  -21.755  -38.653  4.837 0.4000000060
31098  -23.504  -38.803  4.591 0.4000000060
31232  -26.430  -38.561  -4.132 0.6999999881
31261  -31.365  -38.543  -5.886 0.6999999881
31273  -31.065  -37.956  -6.189 0.6999999881
32109  -30.431  -37.085  -1.252 0.8000000119
32122  -29.978  -37.649  -2.839 0.6999999881
32126  -36.171  -38.031  -2.705 0.4000000060
32146  -36.989  -37.335  -3.525 0.4000000060
32182  -30.481  -37.470  -6.320 0.6999999881
32927  -23.240  -34.156  -0.877 0.5000000000
32954  -19.787  -34.778  -3.170 0.3000000119
32955  -20.249  -34.173  -2.712 0.4000000060
32958  -34.998  -37.017  -2.773 0.5000000000
32964  -28.658  -36.866  -3.909 0.6999999881
32966  -33.260  -36.555  -3.458 0.5000000000
32968  -34.837  -36.234  -3.056 0.5000000000
32977  -25.269  -36.772  -4.967 0.6999999881
32991  -25.329  -36.246  -5.347 0.6999999881
33008  -30.937  -35.989  -5.749 0.8000000119
33761  -22.491  -33.352  0.011 0.5000000000
33776  -21.541  -33.563  -1.465 0.5000000000
33805  -29.345  -35.711  -3.538 0.6999999881
33806  -32.717  -35.337  -3.898 0.6999999881
33814  -25.298  -35.630  -5.401 0.6999999881
33830  -30.963  -35.419  -5.403 0.8000000119
33841  -26.271  -35.087  -6.180 0.6999999881
34499  -24.790  -34.910  7.114 0.5000000000
34573  -23.917  -33.482  1.741 0.5000000000
34598  -23.680  -33.360  1.088 0.5000000000
34607  -23.333  -33.296  0.321 0.5000000000
34630  -27.264  -33.851  -4.056 0.6999999881
34636  -36.031  -34.323  -3.550 0.6000000238
34648  -31.154  -34.793  -4.808 0.8000000119
34650  -37.104  -34.907  -5.106 0.6000000238
34659  -25.583  -34.377  -6.020 0.6999999881
34664  -37.652  -34.873  -5.845 0.4000000060
34670  -25.196  -33.662  -5.682 0.6999999881
34672  -30.002  -34.909  -6.123 0.8000000119
34673  -37.568  -34.209  -6.418 0.4000000060
34674  -38.116  -34.551  -6.514 0.3000000119
35470  -26.968  -32.158  -2.846 0.8999999762
35486  -35.235  -33.996  -3.287 0.6999999881
35498  -24.994  -32.862  -4.898 0.6999999881
35517  -37.169  -33.746  -5.654 0.5000000000
35530  -37.616  -33.558  -7.112 0.4000000060
36348  -32.290  -32.537  -2.319 0.8000000119
36358  -24.928  -30.911  -4.480 0.8000000119
36359  -25.119  -31.034  -3.926 0.8000000119
36380  -26.022  -30.877  -5.122 0.6999999881
36383  -36.115  -31.925  -3.948 0.6999999881
36388  -24.801  -31.658  -5.212 0.8000000119
36399  -26.735  -32.346  -6.105 0.8000000119
36406  -37.261  -32.283  -7.502 0.6000000238
37019  -27.057  -32.049  7.646 0.6000000238
37126  -32.720  -30.748  -0.578 0.8000000119
37153  -32.652  -31.940  -1.675 0.8000000119
37181  -25.116  -30.741  -4.656 0.8000000119
37183  -26.572  -30.853  -4.361 0.8999999762
37193  -24.758  -31.017  -4.883 0.8000000119
37901  -31.877  -29.927  5.152 0.6999999881
37981  -31.109  -29.647  -0.473 0.8000000119
37993  -28.194  -29.421  -1.274 0.8000000119
38020  -34.783  -30.697  -3.555 0.8999999762
38033  -36.372  -30.755  -4.977 0.6999999881
38044  -36.463  -30.901  -5.972 0.6999999881
38050  -36.318  -31.154  -7.194 0.6999999881
38886  -30.162  -28.811  0.162 0.6999999881
38897  -28.890  -29.388  -0.558 0.8000000119
38902  -34.139  -30.128  -0.903 0.8000000119
38908  -35.231  -28.901  -1.773 0.8000000119
38950  -35.113  -28.819  -5.565 0.8000000119
38966  -34.793  -29.741  -7.786 0.8000000119
38969  -37.015  -29.710  -7.844 0.6000000238
38979  -34.783  -29.651  -8.136 0.6999999881
39830  -33.145  -27.651  3.762 0.6999999881
39850  -33.235  -27.934  2.279 0.6999999881
39871  -33.231  -28.209  0.608 0.6999999881
39882  -32.935  -28.706  0.296 0.6999999881
39885  -35.077  -28.263  -1.051 0.8000000119
39890  -34.792  -28.920  -1.050 0.8000000119
39944  -32.593  -28.179  -8.095 0.8000000119
39947  -35.450  -29.049  -8.188 0.6999999881
39958  -34.843  -29.547  -8.246 0.6999999881
40945  -35.365  -27.550  -1.155 0.6999999881
41011  -30.228  -26.849  -7.975 0.8000000119
41013  -32.078  -28.034  -7.875 0.8000000119
41025  -31.502  -27.639  -8.098 0.8000000119
41028  -34.602  -28.796  -8.326 0.6999999881
42002  -35.781  -26.734  -2.164 0.8000000119
42013  -35.619  -26.720  -2.964 0.8000000119
42023  -33.829  -25.938  -5.029 0.8000000119
42039  -30.221  -26.572  -7.642 0.8000000119
42063  -30.100  -26.686  -8.053 0.8000000119
42950  -29.831  -25.941  -7.472 0.8000000119
42955  -29.354  -25.578  -8.004 0.8000000119
42957  -34.423  -25.967  -7.849 0.6000000238
42968  -31.489  -26.312  -8.521 0.8000000119
43964  -29.240  -25.009  -7.991 0.8000000119
43965  -29.524  -24.788  -7.688 0.8000000119
43969  -36.600  -24.657  -7.620 0.5000000000
43992  -29.619  -24.305  -8.567 0.8000000119
43993  -30.013  -24.012  -9.137 0.6999999881
44782  -35.826  -23.200  1.642 0.6000000238
44905  -34.125  -23.642  -5.508 0.8000000119
44922  -29.436  -24.527  -8.178 0.8000000119
44923  -29.460  -24.330  -7.932 0.8000000119
44925  -36.352  -24.055  -7.780 0.5000000000
44944  -30.911  -23.000  -9.721 0.6999999881
44946  -34.090  -22.871  -9.046 0.5000000000
45719  -36.311  -22.204  0.475 0.6000000238
45812  -32.985  -22.518  -7.477 0.8000000119
45845  -31.277  -21.787  -10.415 0.6999999881
46743  -29.694  -22.515  -9.244 0.6999999881
46755  -29.847  -21.334  -9.707 0.6999999881
46767  -30.344  -21.230  -10.399 0.6999999881
47691  -33.481  -20.308  -10.720 0.6000000238
48620  -30.752  -19.845  -1.792 0.3000000119
48680  -37.497  -19.318  -5.350 0.5000000000
48723  -29.944  -19.464  -10.652 0.6999999881
49833  -35.868  -18.638  -8.132 0.5000000000
49847  -35.148  -18.376  -8.575 0.6000000238
49876  -29.757  -17.788  -11.061 0.5000000000
49877  -30.099  -18.289  -11.312 0.6000000238
49879  -32.491  -18.610  -11.556 0.6000000238
51093  -30.159  -17.195  -11.331 0.5000000000
52140  -37.032  -16.613  -6.656 0.3000000119
52141  -37.462  -16.842  -6.038 0.3000000119
52155  -36.502  -16.406  -7.256 0.4000000060
52168  -34.800  -16.057  -8.700 0.4000000060
52208  -30.815  -16.059  -12.177 0.4000000060
53258  -30.482  -15.572  -11.765 0.5000000000
54188  -35.781  -14.801  -7.909 0.4000000060
55273  -35.347  -13.239  -9.511 0.4000000060
55288  -33.814  -13.602  -10.730 0.5000000000
55299  -32.669  -13.149  -11.654 0.6000000238
57292  -37.535  -11.492  -7.470 0.3000000119
57350  -33.402  -11.664  -12.191 0.5000000000
58256  -32.565  -10.438  -13.402 0.4000000060
59194  -37.310  -9.487  -9.264 0.3000000119
60191  -37.908  -8.932  -4.681 0.3000000119
62374  -38.372  -5.810  -6.438 0.3000000119
62391  -38.517  -6.139  -7.321 0.3000000119
62412  -38.499  -6.512  -8.107 0.3000000119
125842  -36.465  -31.112  -7.627 0.6999999881
126185  -33.135  -11.638  -4.308 0.3000000119
126356  -32.500  -27.992  -7.701 0.8000000119
127029  -36.707  -21.161  -4.638 0.6000000238
127594  -36.965  -32.524  -6.684 0.6000000238
128070  -36.472  -23.495  -0.930 0.6999999881
128444  -35.736  -11.406  -10.329 0.3000000119
128640  -33.268  -35.825  -3.574 0.6999999881
128857  -34.425  -30.359  -3.133 0.8000000119
128973  -30.369  -36.707  -6.337 0.6999999881
129700  -29.903  -37.830  -6.312 0.6999999881
130581  -33.240  -25.323  -8.360 0.6000000238
130938  -37.393  -15.911  -4.021 0.3000000119
130990  -26.200  -43.322  2.361 0.3000000119
132237  -21.632  -43.767  -0.827 0.4000000060
132717  -24.985  -41.889  -4.826 0.6000000238
132796  -30.839  -15.900  -11.068 0.5000000000
133140  -38.065  -10.736  -6.678 0.3000000119
133178  -20.495  -43.860  -1.915 0.3000000119
133294  -25.861  -40.171  -5.472 0.6999999881
134128  -27.792  -33.504  -6.380 0.8000000119
134154  -35.500  -11.135  -10.769 0.4000000060
135465  -20.180  -41.861  -2.460 0.3000000119
135709  -25.026  -33.415  -5.443 0.6999999881
135841  -31.972  -22.719  -9.776 0.6000000238
136159  -35.526  -27.085  -7.674 0.6999999881
136626  -26.281  -37.976  -5.575 0.6999999881
137147  -29.406  -37.970  -3.327 0.6999999881
137212  -22.507  -39.529  -0.705 0.6000000238
137333  -35.165  -15.145  -2.497 0.3000000119
138369  -33.182  -28.019  -8.443 0.8000000119
138604  -25.347  -37.859  -5.304 0.6999999881
139600  -34.278  -31.014  -3.227 0.8000000119
140563  -29.717  -42.082  -5.565 0.6000000238
140911  -32.097  -20.436  -10.838 0.6000000238
141143  -29.487  -41.091  1.360 0.5000000000
141685  -37.621  -11.642  -4.616 0.3000000119
141687  -26.092  -44.034  -5.472 0.5000000000
142472  -35.276  -30.179  -7.762 0.8000000119
142528  -37.300  -9.666  -3.828 0.3000000119
142972  -22.625  -37.646  5.339 0.4000000060
143445  -30.001  -20.349  -10.429 0.6999999881
143728  -36.015  -16.158  -7.642 0.4000000060
144992  -30.979  -14.246  -12.499 0.5000000000
145653  -36.545  -21.527  -1.586 0.6999999881
145670  -28.807  -29.370  -0.817 0.8000000119
146254  -37.583  -18.198  -4.099 0.3000000119
146418  -26.863  -29.758  -1.684 0.8000000119
147336  -22.939  -41.548  0.028 0.5000000000
148021  -36.319  -23.659  0.386 0.6999999881
148160  -20.424  -42.319  4.499 0.4000000060
148279  -37.020  -32.430  -7.250 0.6000000238
148533  -23.746  -34.415  7.236 0.5000000000
148800  -37.580  -17.004  -5.552 0.3000000119
149067  -28.098  -29.543  -1.600 0.8000000119
149122  -35.646  -32.869  -3.502 0.6999999881
149592  -31.033  -35.130  -5.156 0.8000000119
150141  -29.694  -35.657  -6.426 0.6999999881
150200  -37.574  -19.050  -4.146 0.5000000000
150686  -25.469  -35.829  5.834 0.6000000238
150895  -33.288  -13.384  -11.223 0.5000000000
150945  -36.905  -32.134  -5.665 0.6999999881
151171  -38.508  -7.464  -6.599 0.3000000119
151525  -35.105  -8.887  -3.760 0.3000000119
151812  -38.344  -8.286  -5.643 0.3000000119
