#!ascii label  , from subject sub-v2s12x28894_ses-1 vox2ras=TkReg
871
10171  32.901  -53.214  16.836 0.3000000119
15157  27.262  -48.193  13.583 0.6000000238
121202  28.482  -43.947  14.831 0.6999999881
18702  28.343  -43.173  14.348 0.6999999881
9524  32.375  -53.849  17.418 0.4000000060
11620  28.872  -51.664  13.683 0.4000000060
10836  33.121  -51.982  15.955 0.5000000000
10822  33.336  -52.650  16.259 0.5000000000
15156  28.216  -48.009  13.624 0.6999999881
16043  27.333  -46.722  14.458 0.6999999881
15139  27.743  -47.401  14.142 0.5000000000
16921  28.647  -45.419  15.252 0.6000000238
17787  28.351  -44.803  15.024 0.6000000238
11598  32.028  -51.741  16.490 0.5000000000
116727  29.609  -51.665  13.913 0.4000000060
10823  32.627  -52.250  16.586 0.6000000238
12517  28.127  -51.386  12.610 0.4000000060
13359  28.523  -50.117  12.495 0.5000000000
11617  32.666  -51.440  14.753 0.6000000238
119475  27.784  -49.841  12.645 0.6000000238
11609  33.296  -51.663  15.295 0.6000000238
15155  29.136  -47.812  13.663 0.6000000238
16031  28.950  -45.992  15.332 0.6000000238
16920  29.311  -45.467  15.598 0.6000000238
124405  29.892  -44.131  16.187 0.6999999881
17786  28.932  -44.718  15.395 0.6999999881
18689  29.327  -43.824  15.477 0.6999999881
19680  29.489  -42.864  15.368 0.6999999881
20683  29.390  -41.619  14.567 0.6999999881
19679  29.816  -42.648  16.001 0.6999999881
20674  29.617  -42.032  15.456 0.6999999881
117409  29.309  -42.319  14.776 0.6999999881
19671  29.932  -42.076  16.361 0.6999999881
11611  31.607  -51.412  15.962 0.5000000000
11612  30.976  -51.300  15.236 0.5000000000
11619  30.257  -51.403  14.509 0.5000000000
11642  28.980  -52.025  12.626 0.4000000060
11618  31.783  -51.390  15.013 0.5000000000
13358  29.650  -49.820  12.467 0.5000000000
14247  28.418  -49.251  12.791 0.6000000238
11628  32.756  -51.654  13.650 0.6000000238
10860  32.134  -52.456  12.175 0.5000000000
15137  29.428  -47.277  14.315 0.6999999881
16041  28.973  -46.620  14.859 0.6000000238
15138  28.593  -47.318  14.227 0.6999999881
17785  29.627  -44.782  15.929 0.6000000238
120231  30.262  -43.884  16.850 0.6000000238
18688  29.856  -43.373  16.085 0.6999999881
120473  30.180  -42.911  16.876 0.6000000238
134182  29.779  -41.491  15.964 0.6999999881
123439  29.606  -41.183  15.289 0.6999999881
131840  29.642  -52.181  12.514 0.4000000060
11630  30.102  -52.139  13.510 0.4000000060
12516  29.163  -51.009  12.378 0.5000000000
14246  29.233  -49.045  12.724 0.6000000238
10849  30.806  -52.485  13.035 0.4000000060
14229  28.781  -48.539  13.188 0.6000000238
11629  31.817  -51.745  13.914 0.4000000060
11640  30.929  -52.346  12.163 0.4000000060
10861  31.256  -52.495  12.341 0.4000000060
12529  31.659  -51.274  11.805 0.4000000060
16040  29.882  -46.814  14.913 0.6000000238
16030  29.591  -46.184  15.443 0.6000000238
17773  30.339  -44.819  16.676 0.6000000238
114916  30.100  -45.651  16.072 0.6000000238
18672  30.591  -43.585  17.716 0.6000000238
21735  29.620  -40.323  15.309 0.6999999881
21734  29.805  -40.833  16.058 0.6999999881
20664  30.043  -41.362  16.645 0.6000000238
115122  30.086  -40.682  16.753 0.6000000238
11641  30.159  -52.234  12.360 0.4000000060
12515  30.171  -50.703  12.278 0.4000000060
14228  29.834  -48.229  13.124 0.6999999881
12530  30.732  -51.709  12.044 0.4000000060
124079  29.971  -47.638  13.728 0.8000000119
12528  32.469  -50.985  11.640 0.5000000000
16029  30.396  -46.490  15.592 0.6000000238
16908  30.720  -45.588  16.713 0.5000000000
22786  29.502  -39.737  14.299 0.6999999881
19657  31.191  -42.580  18.646 0.6000000238
116915  30.573  -42.757  17.952 0.6000000238
22777  29.630  -39.442  15.451 0.8000000119
125286  30.694  -41.903  18.210 0.6000000238
19666  30.312  -42.029  17.272 0.6000000238
13357  30.607  -49.542  12.383 0.5000000000
14245  30.173  -48.838  12.645 0.6000000238
14244  31.560  -49.123  12.156 0.5000000000
129068  32.964  -48.420  11.811 0.6999999881
13373  32.002  -50.120  11.883 0.4000000060
15124  30.766  -47.146  14.915 0.6999999881
16028  31.194  -46.774  15.767 0.6999999881
16897  31.020  -45.237  17.357 0.6000000238
16014  30.864  -46.191  16.319 0.6000000238
17759  31.425  -44.827  18.074 0.6000000238
116651  29.521  -38.829  14.768 0.6000000238
18657  30.934  -43.311  18.337 0.6000000238
21723  29.886  -39.976  16.326 0.6999999881
22773  29.839  -39.031  16.279 0.6999999881
20649  30.811  -41.164  18.390 0.6999999881
20657  30.403  -41.097  17.530 0.6999999881
15166  31.517  -48.198  12.463 0.5000000000
130674  31.321  -47.828  12.824 0.6000000238
15154  30.674  -47.795  13.209 0.6000000238
15164  33.018  -47.834  12.773 0.6999999881
14243  32.293  -48.315  12.115 0.6000000238
15136  30.723  -47.507  13.966 0.6999999881
14242  33.895  -48.074  12.302 0.6999999881
14256  33.637  -48.317  11.801 0.6999999881
16907  31.314  -45.953  17.056 0.5000000000
16013  31.611  -46.535  16.534 0.6000000238
24781  29.326  -37.414  14.327 0.5000000000
17745  31.876  -44.250  18.544 0.6000000238
16896  31.745  -45.593  17.745 0.6000000238
23786  29.529  -37.992  15.190 0.6000000238
24767  29.493  -37.054  15.187 0.5000000000
18671  31.129  -44.015  18.256 0.6000000238
122920  30.209  -38.431  16.935 0.6000000238
24754  29.705  -37.447  15.972 0.5000000000
25762  30.092  -36.916  16.606 0.5000000000
133490  31.629  -42.189  18.979 0.6999999881
123960  31.342  -41.650  18.859 0.6999999881
21700  31.218  -39.798  18.684 0.6999999881
22760  30.599  -39.565  17.861 0.6999999881
23772  30.625  -38.234  17.744 0.5000000000
20648  31.247  -40.723  18.804 0.6999999881
133069  30.986  -38.862  18.349 0.6000000238
15153  31.408  -47.628  13.339 0.6000000238
135637  32.544  -47.689  13.145 0.6999999881
15152  32.125  -47.605  13.593 0.6000000238
14227  33.735  -48.158  13.388 0.6999999881
15135  31.482  -47.475  14.275 0.6999999881
16027  31.880  -47.025  15.996 0.6999999881
15123  31.680  -47.261  15.227 0.6999999881
16000  32.054  -46.280  17.284 0.6000000238
25784  29.192  -36.576  14.449 0.4000000060
17758  32.240  -45.066  18.288 0.5000000000
25763  29.833  -36.121  16.225 0.4000000060
120021  31.967  -42.642  18.998 0.6000000238
18656  31.541  -43.403  18.625 0.6000000238
24748  30.391  -37.584  17.234 0.5000000000
24753  30.038  -37.717  16.586 0.5000000000
133136  30.507  -38.880  17.575 0.5000000000
24747  30.770  -37.518  18.053 0.4000000060
20632  31.859  -41.016  19.236 0.6000000238
122740  31.603  -39.123  18.987 0.6999999881
23752  31.676  -38.361  18.997 0.5000000000
14215  33.651  -48.227  14.382 0.6000000238
15133  33.132  -47.940  14.948 0.6999999881
15134  32.306  -47.586  14.601 0.6999999881
14197  34.764  -48.162  15.137 0.6999999881
14198  33.953  -48.198  15.114 0.6999999881
15122  32.560  -47.453  15.685 0.6000000238
16012  32.448  -46.886  16.593 0.6000000238
17744  32.759  -44.306  18.482 0.6000000238
16895  32.545  -45.773  17.796 0.5000000000
19637  32.650  -42.075  19.065 0.6000000238
18655  32.340  -43.485  18.734 0.6000000238
25757  30.530  -36.686  17.571 0.4000000060
130905  30.246  -36.157  16.864 0.5000000000
19638  31.988  -41.809  19.199 0.6000000238
22735  31.935  -39.670  19.255 0.6000000238
15121  33.450  -47.742  15.742 0.6999999881
116511  35.041  -47.551  15.658 0.6999999881
15109  33.806  -47.312  16.341 0.6000000238
15110  33.083  -47.344  16.297 0.6000000238
15119  35.568  -47.790  15.191 0.6999999881
15998  33.546  -46.398  17.196 0.5000000000
18670  33.688  -44.274  18.144 0.6000000238
17757  33.126  -45.127  18.140 0.6000000238
18654  33.319  -43.368  18.510 0.6000000238
126086  32.725  -42.796  18.837 0.5000000000
20631  32.677  -41.155  19.238 0.6000000238
21685  32.325  -40.323  19.315 0.6000000238
23737  32.238  -38.937  19.310 0.5000000000
133714  35.374  -46.340  16.309 0.6999999881
16010  34.811  -46.154  16.717 0.6999999881
15997  34.184  -45.955  17.257 0.6000000238
17756  34.119  -45.031  17.634 0.5000000000
19655  34.034  -42.743  18.231 0.6000000238
18669  34.190  -43.480  17.970 0.6000000238
20646  34.044  -41.633  18.522 0.6000000238
21699  33.646  -40.915  18.983 0.6000000238
22734  32.703  -39.550  19.353 0.5000000000
10866  34.447  -52.061  11.906 0.5000000000
116043  34.039  -50.004  11.493 0.5000000000
114464  35.514  -49.957  11.373 0.5000000000
12526  34.783  -50.536  11.450 0.5000000000
14255  34.464  -48.415  11.779 0.6999999881
14240  35.839  -48.461  12.143 0.6999999881
14254  35.342  -48.603  11.773 0.5000000000
130299  35.668  -49.114  11.462 0.5000000000
14226  34.605  -48.351  13.103 0.6999999881
14241  34.911  -48.351  12.219 0.6999999881
9539  32.898  -54.204  16.689 0.3000000119
18701  28.964  -42.957  14.674 0.6999999881
16042  28.378  -46.051  14.986 0.6000000238
21741  29.468  -40.764  14.379 0.6999999881
13372  32.695  -49.988  11.671 0.6000000238
17760  30.756  -44.427  17.555 0.6000000238
21711  30.309  -40.172  17.269 0.6999999881
134112  29.631  -38.716  15.592 0.6000000238
22772  30.222  -39.341  17.031 0.6999999881
23781  29.771  -38.227  16.136 0.6000000238
21701  30.693  -40.417  18.151 0.6999999881
130675  29.680  -36.736  15.886 0.5000000000
23771  31.063  -38.118  18.363 0.5000000000
15999  32.840  -46.423  17.296 0.5000000000
15108  34.756  -46.991  16.243 0.6999999881
16894  33.414  -45.824  17.606 0.5000000000
20647  33.306  -41.634  18.953 0.6000000238
21684  33.151  -40.226  19.254 0.6000000238
121861  34.088  -46.644  16.791 0.6000000238
16906  34.871  -45.334  17.065 0.5000000000
14223  37.289  -48.544  12.969 0.6000000238
16945  41.150  -45.898  11.625 0.6000000238
17813  41.095  -44.883  11.528 0.4000000060
15149  38.972  -47.322  13.368 0.5000000000
14224  36.382  -48.594  13.027 0.6000000238
13351  26.119  -50.509  13.116 0.5000000000
17818  42.416  -44.165  10.769 0.4000000060
14230  27.725  -49.029  13.081 0.5000000000
15158  26.270  -48.340  13.599 0.5000000000
16057  40.013  -46.868  12.597 0.5000000000
18722  42.528  -43.569  10.939 0.4000000060
14231  26.627  -49.329  13.176 0.5000000000
15140  26.884  -47.436  14.088 0.5000000000
16940  40.495  -45.354  12.195 0.6000000238
127403  38.474  -47.931  13.298 0.5000000000
19715  44.338  -42.877  11.368 0.4000000060
126111  45.756  -42.887  11.561 0.4000000060
116311  25.112  -46.456  14.404 0.5000000000
16941  39.964  -45.945  12.777 0.5000000000
16044  26.573  -46.658  14.404 0.5000000000
16931  25.459  -45.780  14.483 0.5000000000
15150  37.782  -48.110  13.592 0.6000000238
14211  36.861  -48.324  13.953 0.6000000238
120708  35.174  -48.550  13.819 0.6000000238
16928  28.006  -45.369  14.860 0.5000000000
129206  26.517  -44.944  14.492 0.5000000000
120234  25.806  -45.010  14.466 0.4000000060
16053  38.702  -46.365  13.836 0.5000000000
16937  39.311  -45.657  13.372 0.5000000000
16038  37.972  -46.610  14.364 0.6000000238
131209  37.068  -46.749  14.932 0.6000000238
14212  36.134  -48.100  14.601 0.6000000238
15118  36.315  -47.285  15.157 0.6000000238
14213  35.323  -48.378  14.517 0.6000000238
18723  41.625  -43.696  11.050 0.4000000060
19716  42.830  -42.929  11.268 0.4000000060
17795  27.012  -44.361  14.409 0.5000000000
17796  26.200  -44.252  14.378 0.5000000000
18704  25.733  -43.427  14.308 0.4000000060
17794  27.776  -44.560  14.658 0.6000000238
17797  25.253  -44.209  14.431 0.4000000060
16926  38.142  -45.722  14.373 0.6000000238
16039  37.579  -46.119  14.736 0.6000000238
16025  37.128  -45.789  15.200 0.6000000238
20696  43.978  -41.619  12.088 0.4000000060
120462  26.724  -43.528  14.203 0.5000000000
19696  26.327  -42.758  14.047 0.4000000060
19697  25.213  -42.553  14.295 0.4000000060
17814  40.326  -44.274  11.891 0.6000000238
120317  40.918  -43.887  11.302 0.4000000060
17810  39.029  -44.114  12.998 0.6000000238
17809  39.721  -44.831  12.744 0.6000000238
16938  38.666  -45.306  13.856 0.5000000000
17791  38.128  -44.822  14.295 0.6000000238
17806  38.550  -44.432  13.655 0.5000000000
128398  36.496  -46.354  15.499 0.6000000238
20695  45.606  -41.860  12.062 0.4000000060
20706  41.822  -42.365  11.659 0.4000000060
18715  28.018  -42.788  13.907 0.6000000238
19707  26.884  -42.172  13.647 0.5000000000
19708  25.856  -41.965  13.964 0.5000000000
135130  24.135  -42.286  14.528 0.5000000000
19718  40.262  -42.751  11.523 0.4000000060
133034  40.979  -42.755  11.405 0.4000000060
19719  39.543  -42.705  11.805 0.5000000000
18712  38.321  -43.634  13.239 0.5000000000
17807  37.939  -43.959  13.992 0.5000000000
17792  37.500  -44.384  14.611 0.6000000238
17782  37.107  -44.861  15.213 0.6000000238
114790  36.025  -45.958  16.090 0.6000000238
21762  43.132  -40.895  12.507 0.4000000060
21761  44.788  -41.052  12.388 0.4000000060
20689  29.202  -41.217  13.744 0.6000000238
21763  41.855  -40.900  12.603 0.4000000060
20697  42.490  -41.597  12.153 0.4000000060
20691  27.498  -41.569  13.371 0.6000000238
20692  26.524  -41.364  13.561 0.5000000000
20693  25.431  -41.190  13.948 0.4000000060
20707  40.681  -42.251  11.754 0.4000000060
18725  39.183  -43.021  11.960 0.5000000000
18698  37.211  -43.549  14.237 0.5000000000
17793  36.894  -43.962  14.964 0.6000000238
16918  36.595  -45.410  15.669 0.6000000238
16919  36.095  -45.046  16.219 0.6000000238
21746  42.434  -40.285  13.055 0.4000000060
129942  28.157  -41.749  13.389 0.6000000238
21756  27.344  -40.645  13.194 0.5000000000
21758  25.068  -40.623  14.017 0.5000000000
21764  40.807  -40.946  12.660 0.4000000060
20708  39.828  -42.247  11.866 0.4000000060
19720  39.109  -42.255  12.080 0.5000000000
18720  37.950  -42.927  12.711 0.5000000000
17783  36.528  -44.464  15.617 0.5000000000
21745  43.884  -40.370  12.959 0.4000000060
21755  28.945  -40.803  13.118 0.6000000238
21770  28.446  -40.317  12.874 0.5000000000
22800  26.687  -39.798  13.317 0.5000000000
113885  38.519  -42.720  12.308 0.5000000000
19702  37.142  -42.533  13.014 0.4000000060
18699  36.504  -43.193  14.501 0.4000000060
17784  35.984  -44.106  16.101 0.4000000060
17771  35.488  -44.703  16.663 0.6000000238
17772  34.917  -44.399  17.203 0.4000000060
22791  43.060  -39.646  13.421 0.4000000060
21754  29.284  -40.360  13.477 0.6000000238
21747  41.341  -40.299  13.124 0.4000000060
116671  29.427  -38.861  13.793 0.5000000000
21769  29.092  -39.985  12.867 0.5000000000
22806  27.754  -39.689  12.882 0.5000000000
126219  27.060  -38.976  13.195 0.4000000060
22805  28.642  -39.458  12.726 0.4000000060
20702  37.708  -41.862  12.555 0.5000000000
19713  36.903  -41.960  12.837 0.5000000000
19703  36.206  -42.139  13.161 0.6000000238
18700  35.985  -42.798  14.880 0.4000000060
18687  35.780  -43.197  15.803 0.4000000060
19693  35.711  -42.192  14.353 0.5000000000
134575  29.330  -38.351  13.564 0.5000000000
23811  29.209  -38.594  13.080 0.6000000238
24785  29.179  -37.799  13.451 0.4000000060
19669  35.355  -42.833  16.409 0.5000000000
19670  34.853  -43.407  17.232 0.5000000000
19704  35.681  -41.826  13.586 0.5000000000
19692  36.042  -42.511  13.930 0.5000000000
19678  35.621  -42.263  15.342 0.5000000000
22792  41.851  -39.654  13.488 0.4000000060
134509  34.531  -42.841  17.658 0.4000000060
117066  34.933  -42.446  17.063 0.5000000000
20682  35.494  -41.531  14.301 0.5000000000
25789  29.002  -36.967  13.698 0.4000000060
21698  34.355  -40.764  18.424 0.4000000060
117774  34.591  -41.336  17.903 0.4000000060
133812  34.037  -42.226  18.362 0.5000000000
20656  34.511  -42.117  17.857 0.5000000000
20662  35.313  -41.960  16.271 0.5000000000
20673  35.442  -41.398  15.397 0.5000000000
21722  35.358  -40.566  15.683 0.5000000000
132480  35.302  -41.244  16.232 0.4000000060
16929  27.189  -45.309  14.609 0.5000000000
18703  27.651  -43.593  14.307 0.6000000238
19695  28.565  -42.600  14.120 0.6000000238
13360  26.979  -50.180  12.769 0.5000000000
23800  29.399  -38.200  14.163 0.5000000000
16009  35.456  -45.597  16.539 0.6000000238
16045  25.800  -46.545  14.390 0.5000000000
119960  27.019  -46.095  14.571 0.5000000000
16930  26.344  -45.760  14.513 0.5000000000
18705  24.426  -43.210  14.453 0.4000000060
18718  39.542  -43.731  12.241 0.6000000238
18716  27.251  -42.860  13.880 0.6000000238
20698  41.279  -41.633  12.195 0.4000000060
19705  28.416  -42.187  13.693 0.6000000238
19706  27.730  -42.257  13.578 0.6000000238
20684  24.622  -41.656  14.358 0.5000000000
21757  25.999  -40.504  13.597 0.5000000000
20703  28.253  -41.127  13.152 0.5000000000
18714  36.721  -42.825  13.663 0.5000000000
20701  38.554  -41.787  12.370 0.5000000000
22799  29.298  -39.478  13.251 0.6000000238
18680  35.426  -43.760  16.599 0.3000000119
20663  34.949  -41.504  17.056 0.4000000060
3229  29.365  -65.804  16.691 0.3000000119
3710  28.700  -63.889  18.152 0.3000000119
3718  29.170  -64.931  17.211 0.3000000119
4708  29.045  -62.012  19.393 0.3000000119
4722  28.843  -62.845  18.984 0.3000000119
4721  29.771  -62.598  18.847 0.3000000119
5741  28.847  -60.805  19.137 0.3000000119
5185  29.323  -61.312  19.261 0.3000000119
4719  32.321  -62.896  18.354 0.3000000119
4720  30.640  -62.482  18.632 0.3000000119
5753  30.428  -60.951  18.402 0.3000000119
5215  30.079  -60.703  17.852 0.3000000119
5197  31.583  -61.855  18.326 0.3000000119
4749  33.253  -62.643  16.701 0.3000000119
5229  32.444  -61.931  17.411 0.3000000119
5213  31.703  -61.462  17.959 0.4000000060
5214  30.957  -60.975  17.819 0.4000000060
4760  30.787  -61.657  15.443 0.4000000060
5247  29.898  -61.717  14.532 0.3000000119
4259  33.330  -63.499  14.340 0.3000000119
113995  32.570  -63.002  14.579 0.4000000060
128835  31.685  -62.247  14.895 0.4000000060
4770  34.013  -63.372  14.356 0.3000000119
5262  31.422  -61.887  13.858 0.4000000060
5796  33.583  -60.561  15.160 0.4000000060
5246  33.814  -61.588  14.814 0.4000000060
126724  30.353  -61.683  14.064 0.4000000060
5820  31.423  -61.014  13.298 0.3000000119
5808  33.762  -61.320  13.991 0.4000000060
4772  32.818  -63.078  13.904 0.3000000119
4778  32.373  -62.392  13.692 0.4000000060
6386  33.953  -59.749  14.602 0.4000000060
5819  32.769  -60.676  13.138 0.5000000000
5274  32.563  -62.109  13.474 0.4000000060
11608  34.036  -51.767  14.965 0.5000000000
6982  34.323  -58.828  15.222 0.4000000060
127628  31.831  -61.744  13.529 0.4000000060
8941  32.777  -55.113  16.331 0.3000000119
9550  34.072  -54.072  15.720 0.4000000060
7682  31.894  -58.022  13.697 0.3000000119
13361  26.680  -51.043  12.890 0.4000000060
12512  25.994  -51.019  13.305 0.4000000060
11651  33.007  -51.740  11.689 0.4000000060
11650  34.002  -51.442  11.602 0.4000000060
10847  33.043  -52.285  12.114 0.4000000060
5807  34.036  -60.340  13.838 0.4000000060
5273  33.183  -62.201  13.519 0.3000000119
5818  33.370  -60.975  13.371 0.5000000000
10867  33.512  -52.175  11.882 0.4000000060
11616  33.541  -51.512  14.430 0.4000000060
10179  33.977  -53.055  15.889 0.4000000060
5832  31.973  -60.404  13.028 0.4000000060
116695  34.445  -52.495  15.299 0.5000000000
6422  31.906  -59.593  13.007 0.5000000000
8952  33.108  -55.483  15.711 0.4000000060
7681  32.419  -58.174  13.323 0.3000000119
132440  33.744  -55.109  15.495 0.4000000060
14232  25.600  -49.606  13.375 0.4000000060
13371  33.299  -49.236  11.581 0.4000000060
6385  35.205  -59.120  14.146 0.4000000060
122978  33.706  -60.615  13.516 0.4000000060
10859  34.099  -52.161  12.157 0.4000000060
11615  34.400  -51.660  14.201 0.5000000000
126057  35.336  -59.025  13.745 0.4000000060
5817  33.920  -60.176  13.260 0.4000000060
10839  35.133  -52.032  14.188 0.5000000000
6980  36.359  -58.020  14.456 0.4000000060
7668  36.753  -57.544  14.546 0.4000000060
6408  34.925  -59.239  13.455 0.4000000060
6418  34.892  -58.905  13.232 0.5000000000
7687  34.502  -58.318  13.124 0.5000000000
10858  35.031  -52.155  12.177 0.4000000060
11625  35.567  -52.263  13.538 0.5000000000
8319  38.036  -56.742  15.139 0.4000000060
7005  33.580  -57.900  13.230 0.5000000000
10177  34.943  -53.046  15.217 0.4000000060
8346  33.826  -56.991  13.785 0.4000000060
8333  33.895  -56.245  14.466 0.4000000060
8951  33.443  -55.913  15.087 0.4000000060
8950  34.460  -54.910  15.211 0.4000000060
122724  34.930  -51.526  11.636 0.4000000060
12525  36.049  -50.627  11.397 0.3000000119
6994  36.344  -58.052  14.008 0.4000000060
7679  35.919  -58.003  13.628 0.4000000060
10846  35.530  -52.298  12.719 0.4000000060
8318  38.444  -55.971  15.338 0.4000000060
134839  37.958  -56.854  15.002 0.4000000060
124111  35.284  -57.507  13.530 0.5000000000
8345  34.620  -57.028  13.645 0.5000000000
10845  36.226  -52.651  13.001 0.5000000000
10838  35.866  -52.647  14.230 0.4000000060
8959  38.555  -55.794  14.980 0.4000000060
114484  34.423  -56.558  14.034 0.4000000060
10186  35.531  -53.232  14.892 0.4000000060
9561  35.235  -54.867  14.898 0.4000000060
9560  35.794  -54.054  14.897 0.4000000060
14253  36.251  -48.775  11.639 0.4000000060
130500  35.701  -51.515  11.613 0.3000000119
125889  36.379  -57.591  13.933 0.4000000060
8343  36.537  -56.888  14.122 0.4000000060
10864  36.108  -52.064  11.871 0.3000000119
8342  37.840  -56.083  14.522 0.4000000060
134218  37.633  -55.589  14.419 0.4000000060
8331  36.186  -56.432  14.171 0.4000000060
8962  35.620  -55.668  14.453 0.5000000000
8958  38.773  -55.090  14.872 0.4000000060
8965  38.488  -54.909  14.509 0.4000000060
8961  36.472  -55.385  14.479 0.4000000060
9559  36.521  -54.361  14.547 0.4000000060
10844  36.735  -53.209  13.849 0.4000000060
14239  36.721  -48.544  12.066 0.4000000060
8960  37.284  -54.926  14.383 0.4000000060
5280  26.781  -61.311  13.894 0.3000000119
4737  33.259  -62.669  17.741 0.3000000119
4258  33.965  -63.870  14.893 0.3000000119
6968  35.002  -57.866  15.610 0.4000000060
6967  36.262  -57.878  15.065 0.4000000060
8304  36.605  -56.691  15.911 0.4000000060
8302  38.137  -56.167  15.606 0.4000000060
12524  36.860  -50.390  11.332 0.3000000119
8949  38.876  -55.124  15.236 0.4000000060
133767  36.728  -49.045  11.416 0.4000000060
12523  37.726  -50.321  11.351 0.4000000060
11639  36.926  -51.967  11.891 0.4000000060
10183  39.351  -53.705  14.553 0.4000000060
9563  38.387  -54.313  14.184 0.4000000060
9564  37.828  -54.203  14.071 0.4000000060
10184  37.089  -53.899  14.229 0.4000000060
116433  37.037  -53.053  12.862 0.3000000119
10856  36.568  -52.490  12.313 0.4000000060
10841  39.686  -52.932  13.774 0.4000000060
10834  34.628  -52.007  14.689 0.4000000060
14238  37.554  -48.562  11.948 0.4000000060
4232  27.437  -63.814  17.978 0.3000000119
4217  29.799  -63.579  18.384 0.3000000119
5186  28.496  -61.380  19.438 0.3000000119
5268  26.281  -61.124  14.204 0.3000000119
5267  27.073  -61.631  14.321 0.3000000119
4707  29.854  -61.864  19.093 0.3000000119
5196  32.416  -62.262  18.102 0.3000000119
5198  30.688  -61.663  18.641 0.4000000060
5231  30.456  -61.065  16.834 0.4000000060
131126  32.358  -62.234  16.015 0.3000000119
4759  33.215  -63.405  15.242 0.3000000119
5230  31.570  -61.392  16.901 0.4000000060
4773  32.071  -62.392  14.084 0.4000000060
4757  34.601  -63.479  15.242 0.3000000119
134751  33.614  -58.821  15.946 0.4000000060
5831  33.552  -60.121  13.086 0.4000000060
123520  33.164  -58.585  13.034 0.5000000000
8334  32.885  -57.357  13.883 0.3000000119
6420  33.419  -59.308  12.944 0.5000000000
7641  37.378  -57.119  15.221 0.4000000060
10189  37.539  -53.544  13.553 0.4000000060
15171  40.363  -48.158  11.592 0.4000000060
15162  39.771  -47.656  12.178 0.4000000060
16061  41.934  -46.563  11.245 0.4000000060
16944  42.009  -45.496  11.102 0.3000000119
16056  40.536  -46.331  12.184 0.5000000000
15163  39.020  -48.029  12.585 0.4000000060
14222  38.141  -48.412  12.758 0.4000000060
16023  39.985  -46.378  15.138 0.3000000119
15129  40.337  -47.122  14.652 0.3000000119
17803  42.919  -44.428  12.630 0.3000000119
17801  45.270  -44.569  12.186 0.3000000119
19714  45.943  -43.387  11.644 0.3000000119
18721  43.764  -43.476  11.014 0.3000000119
16925  40.875  -45.645  14.214 0.3000000119
133103  41.676  -45.033  13.298 0.3000000119
18710  42.491  -43.639  12.971 0.3000000119
16024  39.295  -46.297  15.729 0.3000000119
131729  39.687  -45.795  15.479 0.3000000119
18708  45.339  -43.739  12.276 0.3000000119
19709  46.132  -42.684  11.839 0.3000000119
131135  41.138  -44.713  13.707 0.3000000119
18694  42.187  -42.792  13.390 0.3000000119
19701  44.543  -43.061  12.963 0.3000000119
18696  40.418  -43.396  14.039 0.3000000119
18695  41.108  -43.026  13.593 0.3000000119
19688  42.602  -41.789  14.007 0.3000000119
19690  40.574  -42.519  14.056 0.3000000119
20680  41.690  -41.526  14.331 0.3000000119
17781  39.549  -44.335  15.384 0.3000000119
19686  45.189  -42.388  13.383 0.3000000119
19685  46.394  -42.062  12.950 0.3000000119
21760  46.329  -41.400  12.515 0.3000000119
19675  40.012  -41.983  14.439 0.3000000119
19687  43.561  -42.468  13.498 0.3000000119
20667  46.529  -41.046  13.858 0.3000000119
20670  41.325  -41.012  14.700 0.3000000119
20668  43.384  -41.107  14.556 0.3000000119
122761  44.879  -41.173  14.406 0.3000000119
21728  44.059  -40.506  14.997 0.3000000119
22790  44.768  -39.781  13.292 0.3000000119
21743  46.949  -40.631  12.852 0.3000000119
22789  46.780  -39.930  13.004 0.3000000119
23804  43.780  -38.939  13.890 0.3000000119
23792  42.664  -38.453  14.252 0.3000000119
127874  42.335  -39.021  13.875 0.3000000119
23805  41.356  -39.068  13.873 0.3000000119
16943  43.021  -45.525  10.711 0.3000000119
129322  41.125  -46.840  11.599 0.4000000060
19721  45.209  -43.629  11.265 0.3000000119
20686  46.796  -41.532  12.673 0.3000000119
134441  41.059  -47.617  11.549 0.5000000000
16916  40.221  -45.606  14.942 0.3000000119
18693  43.184  -43.108  13.099 0.3000000119
17802  44.319  -44.544  12.350 0.3000000119
126377  45.531  -44.188  11.452 0.3000000119
17816  44.400  -44.590  10.730 0.3000000119
18711  41.572  -43.705  13.321 0.3000000119
17790  40.490  -44.285  14.249 0.3000000119
19700  45.811  -42.736  12.580 0.3000000119
19689  41.449  -42.199  13.876 0.3000000119
21729  42.841  -40.447  15.105 0.3000000119
21716  43.433  -39.859  15.523 0.3000000119
20678  45.838  -41.708  13.638 0.3000000119
20671  40.448  -41.181  14.753 0.3000000119
21727  45.599  -40.507  14.702 0.3000000119
11638  37.799  -51.854  11.952 0.3000000119
11637  38.816  -51.603  12.099 0.4000000060
11636  40.655  -51.425  12.850 0.4000000060
11645  40.285  -50.982  12.196 0.4000000060
11647  38.075  -51.113  11.633 0.3000000119
12519  41.425  -50.266  12.145 0.4000000060
12513  41.585  -50.350  12.574 0.3000000119
12522  38.742  -50.507  11.550 0.4000000060
12520  40.728  -50.363  11.911 0.4000000060
14249  42.905  -48.572  11.844 0.3000000119
13366  39.187  -49.604  11.458 0.3000000119
13365  40.279  -49.706  11.598 0.4000000060
120531  42.140  -49.194  11.737 0.4000000060
14251  38.699  -48.923  11.468 0.3000000119
14250  39.742  -48.932  11.466 0.4000000060
15170  41.987  -47.583  11.298 0.4000000060
13367  38.186  -49.513  11.317 0.3000000119
14237  38.391  -48.571  11.851 0.3000000119
13368  37.224  -49.408  11.301 0.3000000119
123536  40.918  -49.067  11.536 0.4000000060
11646  39.502  -51.053  11.968 0.4000000060
5228  33.638  -60.954  15.929 0.3000000119
10842  38.765  -53.066  13.238 0.3000000119
5765  35.636  -61.303  17.404 0.3000000119
5212  34.989  -61.537  16.828 0.3000000119
5779  33.985  -60.957  16.823 0.3000000119
116996  33.401  -60.150  16.192 0.3000000119
10854  38.336  -52.468  12.519 0.3000000119
6352  33.583  -59.645  18.328 0.3000000119
6362  33.478  -59.883  17.561 0.3000000119
118809  33.145  -59.205  17.892 0.3000000119
6970  33.355  -58.823  16.576 0.3000000119
121686  35.039  -57.149  16.236 0.3000000119
10853  39.357  -52.363  12.875 0.3000000119
6928  33.436  -58.696  19.516 0.3000000119
6942  32.801  -58.346  18.609 0.3000000119
6929  32.822  -58.246  19.201 0.3000000119
6954  33.082  -58.625  17.507 0.3000000119
7644  34.282  -57.475  16.443 0.3000000119
8272  32.687  -56.976  18.916 0.3000000119
7612  32.975  -57.246  18.189 0.3000000119
7626  33.799  -57.286  17.043 0.3000000119
7627  33.240  -57.668  17.554 0.3000000119
8284  36.067  -55.962  16.642 0.3000000119
8940  37.797  -55.768  16.129 0.3000000119
9537  39.011  -54.645  15.915 0.3000000119
7600  32.673  -57.460  19.541 0.3000000119
8305  35.535  -56.613  16.410 0.3000000119
8285  35.164  -56.006  17.017 0.3000000119
8925  37.234  -55.157  16.632 0.3000000119
10852  40.210  -52.091  13.275 0.3000000119
8914  33.628  -55.514  18.549 0.3000000119
8260  32.897  -56.090  19.135 0.3000000119
8270  34.002  -55.854  17.886 0.3000000119
8927  34.784  -55.484  17.585 0.3000000119
124704  36.494  -55.343  16.810 0.3000000119
9521  38.744  -54.303  16.263 0.3000000119
126664  39.442  -53.768  15.204 0.3000000119
10840  40.274  -52.259  13.930 0.3000000119
11623  41.162  -50.989  13.033 0.3000000119
10843  37.872  -53.142  12.907 0.3000000119
8912  35.113  -54.711  17.868 0.3000000119
8926  35.711  -55.210  17.276 0.3000000119
10155  38.144  -53.931  16.668 0.3000000119
123403  39.751  -52.835  15.013 0.3000000119
114184  33.280  -59.525  16.943 0.3000000119
5752  34.027  -60.298  17.971 0.3000000119
5767  33.805  -60.447  17.378 0.3000000119
4268  34.138  -63.726  14.758 0.3000000119
4269  33.730  -63.577  14.317 0.3000000119
4270  33.292  -63.328  13.975 0.3000000119
4709  27.998  -62.155  19.494 0.3000000119
4748  34.128  -63.233  17.075 0.3000000119
4758  33.871  -63.525  15.832 0.3000000119
4771  33.460  -63.127  13.926 0.3000000119
4777  32.960  -62.866  13.698 0.3000000119
5199  30.004  -61.243  18.936 0.3000000119
5245  34.291  -62.757  14.674 0.3000000119
5261  33.720  -62.417  13.925 0.4000000060
5263  30.998  -61.846  14.327 0.4000000060
5275  30.909  -61.469  13.725 0.4000000060
5285  32.201  -61.286  13.243 0.4000000060
5751  35.055  -60.627  18.031 0.3000000119
5754  29.548  -60.761  18.632 0.3000000119
5766  34.519  -60.812  17.442 0.3000000119
5780  33.503  -60.271  16.813 0.3000000119
6387  33.431  -59.535  15.858 0.4000000060
6397  34.729  -59.513  13.672 0.4000000060
6409  34.292  -59.817  13.390 0.4000000060
6419  34.322  -59.554  13.150 0.4000000060
6421  32.669  -59.810  12.967 0.4000000060
6941  33.105  -58.935  18.722 0.3000000119
6955  32.824  -58.073  18.140 0.3000000119
6969  33.905  -58.240  16.094 0.4000000060
6981  35.670  -58.455  14.608 0.4000000060
6995  35.855  -58.614  14.012 0.4000000060
7004  35.548  -58.651  13.666 0.4000000060
7011  34.059  -58.791  12.970 0.5000000000
7012  32.507  -58.996  12.957 0.5000000000
7599  33.048  -58.036  19.952 0.3000000119
7613  32.690  -57.751  18.770 0.3000000119
7642  36.687  -57.367  15.339 0.4000000060
7643  35.862  -57.259  15.764 0.4000000060
7645  33.511  -57.999  16.870 0.3000000119
7656  37.470  -57.127  14.852 0.4000000060
7657  36.899  -57.555  14.986 0.4000000060
7667  37.758  -56.744  14.770 0.4000000060
7678  36.881  -57.253  14.447 0.4000000060
7680  34.494  -57.630  13.349 0.5000000000
8261  32.604  -56.789  19.536 0.3000000119
8271  33.304  -56.384  18.354 0.3000000119
8283  36.981  -55.924  16.347 0.3000000119
8286  34.551  -56.723  16.851 0.3000000119
8287  33.697  -56.726  17.563 0.3000000119
8303  37.569  -56.465  15.702 0.4000000060
8329  38.214  -56.496  14.954 0.4000000060
8330  36.947  -55.977  14.397 0.4000000060
8332  35.251  -56.637  13.916 0.5000000000
8341  38.201  -56.241  14.780 0.4000000060
8344  36.015  -57.269  13.752 0.4000000060
8897  33.309  -55.251  19.147 0.3000000119
8913  34.367  -55.076  18.183 0.3000000119
8924  38.036  -55.057  16.392 0.3000000119
8938  38.799  -55.193  15.649 0.3000000119
8939  38.395  -55.549  15.889 0.4000000060
8963  34.664  -55.790  14.532 0.4000000060
8966  38.342  -55.602  14.665 0.4000000060
9509  35.367  -53.864  18.173 0.3000000119
9523  36.570  -54.579  17.200 0.3000000119
9538  38.653  -54.908  16.150 0.3000000119
9548  39.137  -54.577  15.526 0.4000000060
9549  34.963  -53.907  15.271 0.4000000060
9551  33.353  -54.594  16.073 0.3000000119
9558  39.180  -54.507  15.040 0.4000000060
9562  38.929  -54.401  14.526 0.4000000060
10167  39.205  -54.110  15.853 0.3000000119
10170  33.449  -53.618  16.296 0.4000000060
10178  34.486  -53.331  15.522 0.4000000060
10185  36.286  -53.492  14.489 0.4000000060
10187  38.961  -53.706  13.954 0.4000000060
10188  38.238  -53.647  13.603 0.4000000060
10833  35.110  -52.504  14.779 0.5000000000
10835  33.711  -52.192  15.639 0.5000000000
10837  39.769  -52.909  14.524 0.4000000060
10848  31.861  -52.351  12.809 0.4000000060
10850  29.763  -52.484  12.830 0.4000000060
10851  28.796  -52.284  12.877 0.4000000060
10855  37.399  -52.546  12.353 0.3000000119
10857  35.808  -52.293  12.232 0.4000000060
10862  30.380  -52.459  12.478 0.4000000060
10863  29.627  -52.307  12.644 0.4000000060
10865  35.311  -52.032  11.900 0.3000000119
10868  32.580  -52.328  11.938 0.5000000000
10869  31.724  -52.419  12.016 0.4000000060
11610  32.488  -51.615  15.774 0.5000000000
11622  26.390  -51.180  13.388 0.4000000060
11624  40.623  -51.553  13.466 0.3000000119
11626  34.871  -51.923  13.213 0.4000000060
11627  33.693  -51.805  13.145 0.4000000060
11631  29.208  -52.273  13.203 0.4000000060
11634  26.839  -51.341  13.105 0.4000000060
11635  41.026  -50.763  12.457 0.4000000060
11643  28.016  -51.924  12.942 0.4000000060
11648  37.310  -51.193  11.557 0.4000000060
11649  36.487  -51.348  11.562 0.3000000119
11652  32.149  -51.938  11.747 0.5000000000
12514  31.125  -50.398  12.121 0.4000000060
12521  39.777  -50.378  11.712 0.4000000060
12527  33.254  -50.601  11.558 0.4000000060
13356  42.022  -49.832  12.553 0.3000000119
13363  41.968  -49.873  12.120 0.4000000060
13364  41.361  -49.837  11.810 0.4000000060
13369  36.328  -49.559  11.350 0.3000000119
13370  34.846  -49.255  11.462 0.5000000000
14214  34.455  -48.435  14.270 0.6999999881
14225  35.489  -48.514  13.015 0.6999999881
14236  39.318  -48.395  11.782 0.4000000060
14252  37.796  -48.887  11.466 0.3000000119
14257  32.468  -49.104  11.794 0.6999999881
15116  39.661  -47.097  15.215 0.3000000119
15120  34.303  -47.735  15.760 0.6999999881
15130  38.264  -47.345  13.875 0.6000000238
15131  37.497  -47.415  14.353 0.6000000238
15132  36.780  -47.596  14.635 0.6000000238
15148  39.515  -47.323  12.864 0.5000000000
15151  32.914  -47.876  13.824 0.6999999881
15165  32.169  -47.765  12.708 0.6999999881
15167  30.776  -48.168  12.766 0.6000000238
16011  33.277  -46.878  16.786 0.5000000000
16026  35.666  -46.887  15.735 0.6000000238
16037  40.626  -46.397  14.505 0.3000000119
16052  39.453  -46.598  13.203 0.5000000000
16062  40.482  -47.240  11.959 0.5000000000
16917  39.661  -45.149  15.478 0.3000000119
16927  37.612  -45.275  14.768 0.6000000238
16948  42.436  -44.831  10.809 0.4000000060
17780  40.074  -44.745  14.897 0.3000000119
17804  41.936  -44.434  13.044 0.3000000119
17805  39.093  -44.862  13.382 0.5000000000
17808  45.304  -44.490  11.557 0.3000000119
17811  45.164  -44.661  11.284 0.3000000119
17812  41.726  -44.428  11.044 0.4000000060
17815  45.032  -44.715  10.851 0.3000000119
18686  36.303  -43.584  15.343 0.4000000060
18697  39.928  -43.854  14.658 0.3000000119
18709  43.694  -43.734  12.693 0.3000000119
18713  37.522  -43.218  13.432 0.4000000060
18717  45.792  -43.975  11.723 0.3000000119
18719  38.742  -43.328  12.499 0.5000000000
18724  40.051  -43.305  11.597 0.6000000238
18726  45.003  -44.179  10.894 0.3000000119
18727  44.429  -43.979  10.856 0.3000000119
19656  33.447  -42.355  18.658 0.6000000238
19694  29.017  -42.077  14.064 0.6000000238
19699  46.250  -42.277  12.220 0.3000000119
19710  46.011  -43.103  11.874 0.3000000119
19711  38.450  -42.286  12.292 0.5000000000
19712  37.759  -42.355  12.558 0.5000000000
19717  41.681  -43.101  11.198 0.4000000060
20669  42.241  -41.008  14.626 0.3000000119
20677  46.744  -41.452  13.214 0.3000000119
20679  44.166  -41.763  13.959 0.3000000119
20681  40.903  -41.714  14.344 0.3000000119
20688  35.674  -41.237  13.288 0.5000000000
20690  28.722  -41.529  13.485 0.6000000238
20694  46.295  -42.130  12.193 0.4000000060
20704  44.946  -42.300  11.703 0.4000000060
20705  43.321  -42.229  11.678 0.4000000060
21686  31.700  -40.304  19.157 0.6000000238
21710  34.836  -40.599  17.481 0.4000000060
21731  40.916  -40.477  15.149 0.3000000119
21739  47.065  -40.650  13.232 0.3000000119
21744  45.822  -40.586  12.795 0.3000000119
22804  29.102  -39.244  12.842 0.6000000238
23812  28.845  -38.641  12.736 0.4000000060
114586  33.482  -61.555  13.599 0.3000000119
115437  27.468  -50.753  12.631 0.6000000238
115617  34.070  -48.905  11.553 0.6999999881
116674  33.026  -47.933  12.135 0.6999999881
116923  40.858  -43.234  11.299 0.4000000060
116941  42.457  -48.386  11.527 0.4000000060
117553  38.022  -55.128  14.332 0.4000000060
117784  31.374  -62.362  18.481 0.3000000119
119547  40.892  -43.809  13.696 0.3000000119
119691  35.219  -58.280  13.351 0.4000000060
119708  29.630  -61.498  15.615 0.3000000119
120987  39.871  -51.647  12.529 0.4000000060
121011  30.978  -51.702  14.185 0.5000000000
121318  29.774  -51.813  12.318 0.4000000060
122048  32.903  -58.657  18.192 0.3000000119
123073  41.525  -48.379  11.481 0.4000000060
123449  30.929  -48.689  12.464 0.5000000000
123465  27.667  -46.048  14.713 0.5000000000
124041  37.031  -48.830  11.575 0.4000000060
124242  28.463  -52.167  13.100 0.4000000060
124521  34.175  -61.954  15.343 0.3000000119
125151  40.564  -45.026  14.451 0.3000000119
125205  37.240  -56.687  14.504 0.4000000060
126921  28.113  -46.693  14.575 0.6000000238
128633  35.390  -50.865  11.455 0.3000000119
128812  38.252  -54.501  16.478 0.3000000119
128939  35.940  -54.845  14.684 0.4000000060
129146  46.006  -42.456  11.862 0.4000000060
129198  34.386  -44.125  17.657 0.5000000000
130256  32.662  -52.219  12.599 0.4000000060
130667  31.080  -61.287  18.235 0.4000000060
130875  34.011  -55.599  14.940 0.4000000060
131440  35.906  -48.552  13.886 0.6000000238
131552  30.146  -47.280  14.371 0.6999999881
131956  31.421  -52.081  11.870 0.4000000060
133311  35.175  -40.791  16.627 0.4000000060
133541  38.674  -55.519  15.303 0.4000000060
133667  35.524  -41.353  13.650 0.5000000000
133797  31.622  -61.796  15.824 0.4000000060
133841  38.978  -42.605  12.100 0.5000000000
135627  37.521  -46.700  14.616 0.6000000238
135822  34.449  -56.152  17.381 0.3000000119
136057  32.825  -61.515  13.291 0.5000000000
