#!ascii label  , from subject sub-v2s12x28857_ses-1 vox2ras=TkReg
1752
24278  -28.381  -40.797  9.349 0.5000000000
24279  -29.411  -40.628  9.756 0.6000000238
25094  -28.824  -39.929  9.499 0.6000000238
25093  -27.139  -39.439  9.038 0.6000000238
116984  -27.753  -40.102  9.152 0.5000000000
117616  -26.544  -39.422  8.468 0.6000000238
116856  -29.244  -39.064  9.591 0.6999999881
25095  -29.781  -39.798  9.794 0.6999999881
116869  -28.172  -39.242  9.373 0.6999999881
25971  -26.703  -39.047  8.967 0.6999999881
25977  -26.122  -38.708  8.232 0.5000000000
25970  -26.198  -38.676  8.526 0.6999999881
25112  -26.322  -39.314  8.134 0.5000000000
24242  -24.523  -40.470  14.375 0.5000000000
25958  -28.636  -38.330  9.479 0.6999999881
25957  -27.351  -38.586  9.269 0.6999999881
26816  -27.972  -37.623  9.446 0.6999999881
26815  -26.663  -37.889  9.251 0.6999999881
116428  -27.288  -36.933  9.443 0.6999999881
26831  -25.804  -38.000  8.639 0.6000000238
124220  -32.317  -37.916  12.522 0.6999999881
123592  -31.873  -37.747  11.442 0.6999999881
25959  -29.719  -38.158  9.662 0.6999999881
25960  -30.554  -38.317  10.002 0.6999999881
25058  -24.442  -39.516  14.420 0.6000000238
23398  -23.749  -40.958  13.986 0.4000000060
25956  -26.399  -38.490  9.041 0.6999999881
27566  -25.279  -37.343  8.854 0.6999999881
27565  -24.697  -36.895  9.006 0.6999999881
27573  -25.388  -37.438  8.747 0.6000000238
26792  -31.993  -38.038  13.634 0.6999999881
26793  -32.298  -37.588  12.972 0.6999999881
112459  -31.438  -37.689  10.734 0.6999999881
26800  -32.208  -37.367  12.130 0.6999999881
27532  -32.215  -36.854  12.781 0.6999999881
25915  -25.675  -38.338  15.123 0.6000000238
108616  -31.679  -37.008  11.250 0.6999999881
119975  -29.954  -36.991  9.753 0.6999999881
26808  -30.879  -36.875  10.334 0.6999999881
27549  -31.935  -36.323  12.067 0.6999999881
24252  -23.112  -40.292  13.535 0.5000000000
24241  -23.694  -39.944  14.024 0.5000000000
112553  -28.495  -36.749  9.552 0.6999999881
27548  -31.399  -36.149  11.079 0.6999999881
116408  -22.910  -40.992  13.395 0.4000000060
27557  -25.757  -37.247  9.212 0.6999999881
27547  -30.773  -35.926  10.554 0.6999999881
117799  -22.192  -40.949  12.800 0.4000000060
27558  -27.970  -36.057  9.577 0.6999999881
28358  -29.373  -35.244  10.165 0.6999999881
28347  -30.318  -35.248  10.559 0.6999999881
107318  -26.690  -36.105  9.479 0.6999999881
109343  -27.756  -34.702  9.940 0.6999999881
28372  -24.295  -36.384  8.936 0.6000000238
28365  -24.271  -36.391  9.015 0.6999999881
28354  -24.477  -36.331  9.129 0.6999999881
30026  -24.539  -33.762  8.462 0.5000000000
29242  -25.184  -34.818  8.361 0.5000000000
124089  -27.544  -34.407  7.318 0.4000000060
111989  -26.736  -34.896  7.711 0.5000000000
106013  -32.071  -36.125  13.055 0.6999999881
26773  -25.020  -37.202  14.948 0.6000000238
28349  -31.523  -35.604  11.678 0.6999999881
122082  -27.599  -35.421  9.667 0.6999999881
27556  -25.344  -36.524  9.277 0.6999999881
29212  -27.067  -34.367  9.978 0.6999999881
114198  -22.939  -34.043  9.390 0.6999999881
28371  -23.848  -35.810  9.009 0.6999999881
29229  -23.734  -34.471  8.747 0.6999999881
123714  -23.806  -33.881  8.659 0.6999999881
27518  -28.389  -36.769  15.603 0.6999999881
109124  -29.509  -36.053  15.602 0.6999999881
28326  -30.268  -35.778  15.344 0.8000000119
28331  -30.936  -35.621  14.858 0.8000000119
106424  -28.086  -36.047  15.714 0.6000000238
126199  -28.832  -36.289  15.684 0.6000000238
27517  -27.385  -36.593  15.557 0.6000000238
28323  -27.112  -35.691  15.652 0.6000000238
28334  -31.713  -35.420  13.473 0.6999999881
26774  -25.987  -37.416  15.314 0.6000000238
111649  -26.359  -36.667  15.417 0.6000000238
26785  -24.818  -37.988  14.670 0.6000000238
28339  -31.714  -35.357  12.523 0.6999999881
115810  -23.561  -38.898  14.064 0.5000000000
114640  -24.125  -37.706  14.425 0.6000000238
28348  -31.060  -35.360  11.086 0.6999999881
28355  -25.693  -35.633  9.472 0.6999999881
29208  -23.222  -34.651  9.273 0.8000000119
29220  -23.545  -35.202  9.089 0.6999999881
29211  -26.049  -34.534  9.775 0.6999999881
29214  -28.669  -34.424  10.326 0.6999999881
30890  -22.270  -33.939  9.862 0.8000000119
29210  -24.707  -35.334  9.403 0.6999999881
30027  -25.486  -33.779  8.125 0.5000000000
29244  -27.043  -33.983  7.486 0.5000000000
106565  -26.810  -32.717  7.540 0.5000000000
108495  -27.832  -33.718  7.153 0.4000000060
28324  -28.804  -35.619  15.888 0.6000000238
28325  -29.618  -35.019  15.826 0.8000000119
110639  -30.551  -34.735  15.356 0.8999999762
28308  -27.767  -35.137  15.945 0.6000000238
121124  -30.918  -34.252  15.000 0.8000000119
108274  -31.185  -34.863  14.715 0.8000000119
29174  -31.516  -34.785  13.993 0.8000000119
27516  -25.870  -35.919  15.405 0.6000000238
27515  -25.208  -36.226  15.218 0.6000000238
29180  -31.555  -34.683  13.171 0.8000000119
25925  -23.479  -37.847  14.163 0.6000000238
26784  -24.249  -36.979  14.512 0.6000000238
27514  -24.193  -36.039  14.655 0.6000000238
25068  -22.640  -39.226  13.419 0.5000000000
29983  -30.418  -33.582  11.628 0.6999999881
29189  -31.075  -34.071  12.026 0.6999999881
121487  -21.553  -39.051  12.817 0.5000000000
25935  -22.546  -37.946  13.541 0.5000000000
29202  -30.615  -34.487  11.235 0.6999999881
29201  -29.744  -34.486  10.622 0.6999999881
30880  -21.961  -33.766  10.161 0.8000000119
29209  -23.748  -35.063  9.303 0.8000000119
107718  -24.899  -34.317  9.676 0.6999999881
29993  -25.988  -33.528  10.158 0.6999999881
29213  -27.688  -33.892  10.323 0.6999999881
29991  -23.780  -34.115  9.755 0.6999999881
30028  -26.507  -33.423  7.630 0.5000000000
29140  -27.982  -34.211  16.257 0.6999999881
28309  -28.686  -34.859  16.151 0.6999999881
29161  -29.861  -33.910  15.914 0.8000000119
29141  -29.021  -34.062  16.275 0.8000000119
29162  -30.472  -33.733  15.403 0.8000000119
29160  -26.707  -34.914  15.750 0.6000000238
29173  -31.227  -34.202  14.439 0.8000000119
28322  -26.008  -35.215  15.538 0.6000000238
29955  -31.357  -34.065  13.697 0.6999999881
108673  -23.395  -36.796  14.230 0.6000000238
124431  -23.452  -36.010  14.413 0.6000000238
29971  -31.268  -33.941  12.844 0.8000000119
29963  -30.968  -33.217  13.469 0.6999999881
26783  -22.448  -36.753  13.817 0.6000000238
123633  -30.712  -33.152  12.446 0.8000000119
25066  -20.478  -38.397  12.645 0.4000000060
127093  -28.466  -33.638  10.556 0.6999999881
29200  -29.210  -33.773  10.732 0.6999999881
23419  -19.680  -40.829  12.353 0.4000000060
29995  -27.973  -33.087  10.590 0.6999999881
29982  -29.624  -33.237  11.198 0.6999999881
29992  -24.920  -33.556  9.976 0.8000000119
29994  -27.064  -33.212  10.417 0.6999999881
30902  -21.654  -33.242  9.831 0.8000000119
30903  -22.792  -33.139  9.227 0.6999999881
30904  -23.871  -32.532  8.540 0.5000000000
31761  -26.541  -31.969  7.721 0.5000000000
30921  -26.059  -32.743  7.713 0.5000000000
115480  -27.963  -33.107  7.236 0.4000000060
29926  -28.121  -33.239  16.373 0.6000000238
29927  -29.004  -32.860  16.256 0.6999999881
29942  -30.340  -32.768  15.165 0.8000000119
29139  -26.856  -34.248  16.108 0.6999999881
29159  -25.581  -34.036  15.823 0.6999999881
123273  -30.826  -33.608  14.816 0.8000000119
108570  -24.890  -34.368  15.505 0.6000000238
110265  -23.756  -34.107  15.385 0.6000000238
29954  -30.665  -32.771  14.299 0.8000000119
120864  -23.059  -35.095  14.702 0.6000000238
115484  -30.573  -32.422  13.156 0.8000000119
30871  -29.215  -32.527  11.261 0.8000000119
30872  -30.064  -32.731  11.759 0.8000000119
26791  -21.413  -36.935  13.400 0.5000000000
30869  -28.071  -31.810  10.803 0.8000000119
29981  -28.812  -33.088  10.807 0.6999999881
30865  -20.807  -32.860  10.744 0.8000000119
30881  -22.920  -33.713  10.128 0.8000000119
29980  -24.273  -33.169  10.169 0.8000000119
30882  -25.439  -32.793  10.299 0.8000000119
30884  -27.433  -32.320  10.614 0.6999999881
30889  -21.433  -33.390  10.287 0.8000000119
30868  -24.859  -32.131  10.400 0.8000000119
30901  -20.886  -32.886  10.421 0.8000000119
30867  -23.612  -32.567  10.397 0.8000000119
31746  -24.479  -31.560  8.372 0.6000000238
31745  -23.418  -31.869  8.671 0.6000000238
31748  -25.835  -31.412  8.096 0.5000000000
29925  -26.982  -33.333  16.353 0.6000000238
29138  -25.923  -33.357  16.222 0.6000000238
30827  -29.051  -31.525  16.045 0.6999999881
110713  -26.855  -32.123  16.454 0.6000000238
29940  -24.579  -32.783  16.386 0.6000000238
29158  -24.034  -33.413  15.779 0.6000000238
30831  -30.226  -31.707  14.678 0.6999999881
125710  -22.130  -35.438  14.277 0.5000000000
122520  -30.653  -32.588  13.680 0.8000000119
26790  -20.618  -36.207  13.718 0.3000000119
31700  -29.874  -31.216  12.073 0.8000000119
30854  -30.185  -32.050  12.448 0.8000000119
31716  -28.768  -31.846  11.234 0.8000000119
30853  -29.568  -31.930  11.738 0.8000000119
31715  -27.366  -31.287  10.687 0.8000000119
30883  -26.435  -32.599  10.453 0.8000000119
30870  -28.387  -32.432  10.825 0.6999999881
31727  -25.872  -31.917  10.486 0.8000000119
31712  -24.316  -31.425  10.556 0.8000000119
31744  -22.396  -32.147  9.257 0.6999999881
32556  -24.668  -30.764  8.489 0.6000000238
31749  -27.375  -31.580  8.014 0.3000000119
125992  -28.004  -32.252  16.389 0.6000000238
30826  -28.238  -31.410  16.334 0.6999999881
113062  -24.000  -36.237  16.431 0.5000000000
29924  -25.636  -32.293  16.491 0.6000000238
30830  -29.690  -31.532  15.433 0.6999999881
28321  -22.754  -34.262  15.399 0.5000000000
29157  -23.250  -33.609  15.904 0.5000000000
109961  -24.549  -31.919  16.783 0.6000000238
31681  -30.420  -31.122  14.204 0.6999999881
27512  -21.325  -35.212  14.962 0.3000000119
27526  -22.149  -34.548  14.957 0.5000000000
32483  -30.690  -30.608  13.017 0.8000000119
31690  -30.415  -31.404  13.239 0.8000000119
32523  -29.134  -31.081  11.526 0.8999999762
112035  -30.246  -31.131  12.656 0.8000000119
25933  -20.340  -37.183  13.164 0.4000000060
32521  -27.797  -30.463  10.843 0.8999999762
116465  -28.290  -31.186  11.023 0.8999999762
113613  -20.349  -32.435  11.189 0.8000000119
31710  -21.548  -32.212  10.880 0.8000000119
31728  -26.691  -31.842  10.564 0.8000000119
31726  -20.228  -32.664  11.066 0.8000000119
31743  -21.201  -32.262  9.834 0.6999999881
32554  -23.121  -31.102  8.821 0.6000000238
32557  -25.690  -30.536  8.450 0.6000000238
30825  -27.172  -31.118  16.497 0.6000000238
111771  -28.388  -30.618  16.522 0.6999999881
30824  -26.003  -30.883  16.795 0.6000000238
31668  -29.127  -30.748  16.316 0.6999999881
113212  -25.144  -31.320  16.874 0.6000000238
31669  -29.823  -30.716  15.980 0.8000000119
29136  -22.848  -33.988  15.761 0.6000000238
29939  -23.754  -32.915  16.532 0.5000000000
30817  -24.532  -31.670  17.071 0.6000000238
31672  -29.973  -31.001  15.258 0.6999999881
32467  -30.545  -30.776  14.934 0.8000000119
27513  -21.956  -34.717  15.302 0.4000000060
27525  -20.921  -35.679  14.209 0.4000000060
30839  -30.416  -31.932  13.822 0.8000000119
121702  -29.711  -30.544  11.807 0.8000000119
32520  -26.866  -30.340  10.663 0.8999999762
32499  -30.317  -30.434  12.360 0.8000000119
107458  -23.827  -30.747  10.769 0.8000000119
33242  -24.955  -29.757  10.913 0.8000000119
31714  -26.324  -31.109  10.584 0.6999999881
32517  -21.099  -31.411  11.287 0.8000000119
117613  -25.787  -30.213  10.670 0.8000000119
31713  -25.355  -31.177  10.548 0.8000000119
32541  -20.432  -31.689  10.518 0.8000000119
112619  -22.586  -30.986  10.947 0.8000000119
32543  -22.799  -30.289  9.138 0.6999999881
32555  -23.870  -30.449  8.751 0.6999999881
33268  -24.747  -29.331  9.218 0.6000000238
33285  -25.518  -29.651  8.909 0.6000000238
33286  -26.330  -29.848  8.773 0.6000000238
31665  -25.934  -30.501  17.098 0.6000000238
108255  -29.404  -30.188  17.061 0.8000000119
27490  -25.088  -35.395  16.989 0.5000000000
29912  -24.375  -31.924  17.206 0.5000000000
29119  -24.071  -33.299  17.091 0.5000000000
29922  -23.860  -32.609  16.733 0.5000000000
32468  -31.338  -30.426  15.328 0.8000000119
28307  -23.912  -34.331  16.729 0.5000000000
32474  -30.758  -30.684  13.759 0.8000000119
32475  -31.307  -30.361  14.276 0.8000000119
32484  -31.231  -30.178  13.439 0.8000000119
33245  -28.240  -29.849  11.157 0.8000000119
119984  -30.579  -29.723  12.314 0.8000000119
32518  -23.479  -30.096  11.157 0.8000000119
33243  -26.487  -29.482  10.809 0.8000000119
116987  -19.982  -32.208  11.297 0.8000000119
32496  -22.156  -30.170  11.465 0.8000000119
32542  -21.471  -30.927  9.611 0.6999999881
33265  -20.616  -30.518  10.324 0.6999999881
33267  -23.874  -29.698  9.125 0.6999999881
33266  -21.864  -29.795  9.598 0.6999999881
33979  -22.239  -28.858  9.887 0.6999999881
109181  -24.007  -28.879  9.549 0.6999999881
31662  -28.252  -29.925  18.035 0.8000000119
32462  -26.890  -30.087  17.497 0.6000000238
118493  -28.765  -29.901  17.930 0.6000000238
32456  -28.046  -30.128  17.416 0.8000000119
109050  -29.346  -35.249  18.909 0.6000000238
123055  -28.151  -35.220  17.806 0.5000000000
111976  -25.848  -30.555  17.816 0.6000000238
112277  -26.695  -30.395  18.072 0.6000000238
28261  -29.012  -36.036  20.061 0.6000000238
27461  -29.162  -35.964  19.161 0.6000000238
28276  -28.891  -35.520  18.441 0.6000000238
115897  -27.396  -34.034  17.748 0.5000000000
29913  -25.149  -31.919  17.685 0.5000000000
30767  -28.418  -33.096  22.309 0.5000000000
110055  -28.657  -33.995  21.799 0.5000000000
29059  -29.182  -34.428  21.062 0.6000000238
119436  -25.012  -33.770  17.430 0.5000000000
29914  -26.504  -32.525  17.896 0.5000000000
32463  -30.469  -30.472  16.156 0.8000000119
29864  -28.919  -33.164  21.819 0.5000000000
105448  -24.514  -32.651  17.360 0.5000000000
114438  -28.117  -31.491  22.937 0.4000000060
29118  -23.920  -32.468  16.822 0.5000000000
32476  -32.111  -30.062  14.755 0.6999999881
33224  -31.155  -29.314  12.547 0.8000000119
33208  -31.615  -29.585  13.114 0.8000000119
33201  -31.889  -29.834  13.875 0.6999999881
33221  -27.902  -29.039  11.205 0.8000000119
32497  -29.108  -30.095  11.499 0.8000000119
33223  -30.450  -29.025  12.006 0.8000000119
32495  -20.259  -30.648  11.654 0.8999999762
33218  -24.892  -29.090  11.285 0.8000000119
33244  -27.395  -29.640  10.852 0.8000000119
33241  -24.232  -29.522  11.241 1.0000000000
118802  -25.623  -29.317  11.016 0.8000000119
32540  -19.764  -31.075  11.217 0.8000000119
33259  -19.742  -29.976  10.932 0.6999999881
31663  -29.051  -29.908  18.064 0.8000000119
104907  -30.509  -30.043  17.221 0.8000000119
29877  -29.594  -33.774  20.576 0.6000000238
30820  -27.823  -30.417  18.163 0.6000000238
29872  -29.271  -33.543  21.342 0.5000000000
121782  -29.469  -34.592  20.149 0.6000000238
29905  -29.541  -33.761  18.811 0.6000000238
29915  -27.421  -31.690  18.109 0.6000000238
32464  -31.413  -30.222  16.395 0.8000000119
32469  -32.218  -30.053  15.713 0.6999999881
117314  -29.300  -32.847  21.599 0.5000000000
123973  -29.477  -32.621  18.613 0.6000000238
113201  -29.005  -31.002  22.396 0.4000000060
31625  -29.273  -31.583  22.065 0.4000000060
30768  -29.518  -32.213  21.594 0.4000000060
109144  -32.865  -29.638  15.189 0.6999999881
108195  -28.503  -29.690  22.962 0.4000000060
32416  -29.073  -30.277  22.482 0.4000000060
30777  -30.214  -32.154  20.460 0.4000000060
33202  -32.611  -29.487  14.295 0.6999999881
33858  -29.148  -28.252  22.668 0.4000000060
115404  -30.130  -29.003  21.989 0.5000000000
33209  -32.313  -29.200  13.487 0.6999999881
33140  -28.509  -28.267  23.052 0.3000000119
33147  -29.516  -28.987  22.421 0.5000000000
32426  -30.176  -30.505  21.428 0.5000000000
118161  -28.754  -29.304  11.418 0.8000000119
33222  -29.512  -28.843  11.583 0.8000000119
33930  -31.864  -28.886  12.833 0.8000000119
33215  -21.404  -29.641  11.820 0.8000000119
33240  -23.348  -29.360  11.483 1.0000000000
33938  -24.822  -28.352  11.554 0.8000000119
118482  -25.432  -28.696  11.342 0.8000000119
33219  -26.145  -28.714  11.211 0.8000000119
116968  -28.502  -28.447  11.415 0.8000000119
33216  -22.447  -29.218  11.713 1.0000000000
33941  -27.571  -28.165  11.334 0.8000000119
32516  -19.747  -30.955  11.426 0.8000000119
112933  -24.114  -28.120  11.761 0.8000000119
33940  -26.639  -27.989  11.408 0.8000000119
33239  -18.983  -30.168  12.098 0.8999999762
33970  -20.267  -28.717  10.703 0.6999999881
33978  -21.047  -29.362  10.238 0.6999999881
33971  -22.520  -28.053  10.246 0.6999999881
33980  -23.218  -28.423  9.888 0.6999999881
33270  -26.170  -29.077  9.249 0.6000000238
34816  -24.196  -27.887  10.094 0.6999999881
34809  -23.223  -27.482  10.406 0.6999999881
33983  -26.442  -28.203  9.590 0.6000000238
33982  -25.680  -28.383  9.575 0.6000000238
32457  -29.719  -29.841  18.006 0.8000000119
113694  -29.762  -33.886  19.581 0.5000000000
30804  -30.002  -31.273  19.006 0.8000000119
31648  -29.822  -30.147  18.476 0.8000000119
32458  -31.472  -29.847  17.328 0.8000000119
29887  -29.893  -33.073  19.144 0.6000000238
30785  -30.124  -32.314  19.523 0.5000000000
113075  -29.244  -30.909  18.378 0.8000000119
32459  -32.253  -29.847  16.637 0.6999999881
32425  -29.538  -30.784  22.008 0.4000000060
30769  -29.994  -32.072  21.164 0.5000000000
33194  -32.985  -29.606  16.069 0.6999999881
114401  -28.869  -28.947  22.794 0.3000000119
33203  -33.334  -29.129  14.699 0.6999999881
33859  -29.831  -28.266  22.304 0.5000000000
33916  -32.984  -28.875  13.918 0.6999999881
106440  -28.856  -26.655  22.586 0.4000000060
34688  -29.408  -27.498  22.507 0.4000000060
33942  -30.199  -28.053  11.787 0.8000000119
112635  -29.190  -27.756  11.553 0.8000000119
34780  -30.718  -27.331  12.217 0.6999999881
33939  -25.626  -27.894  11.579 0.8000000119
113880  -28.186  -27.471  11.495 0.8000000119
33214  -20.257  -29.585  12.180 0.8999999762
33207  -19.310  -29.330  12.308 0.8999999762
33936  -21.793  -28.679  12.155 0.8999999762
33929  -22.716  -27.718  12.334 0.8000000119
34773  -23.685  -27.580  12.161 0.8000000119
34775  -25.440  -26.914  12.007 0.8000000119
33935  -18.963  -28.939  12.220 0.8999999762
33927  -19.587  -28.303  12.467 0.8000000119
33969  -19.300  -29.178  11.522 0.8999999762
34807  -19.716  -27.955  11.343 0.8000000119
33287  -27.166  -29.992  8.811 0.4000000060
106879  -21.552  -28.295  10.338 0.8000000119
34808  -22.075  -27.267  10.583 0.6999999881
105746  -26.273  -26.751  10.265 0.5000000000
32444  -30.493  -29.840  18.837 0.6999999881
105887  -30.766  -29.685  18.117 0.8000000119
32437  -30.960  -29.688  19.573 0.6999999881
33183  -31.642  -29.468  18.139 0.6999999881
33872  -31.055  -28.869  20.808 0.6000000238
32438  -31.154  -29.477  18.823 0.6999999881
33184  -32.285  -29.509  17.446 0.6999999881
33189  -32.969  -29.433  16.890 0.6999999881
33190  -33.647  -29.130  16.407 0.6999999881
33866  -30.427  -28.266  21.806 0.5000000000
33195  -33.594  -29.218  15.580 0.6999999881
35598  -29.722  -26.798  22.241 0.4000000060
36524  -28.898  -25.306  21.752 0.3000000119
36510  -29.357  -26.012  22.109 0.3000000119
35599  -30.322  -26.943  21.894 0.5000000000
33944  -31.934  -28.208  12.699 0.6999999881
34750  -34.092  -27.873  14.334 0.6999999881
35606  -30.138  -26.279  21.787 0.4000000060
34781  -31.549  -27.528  12.552 0.6999999881
33931  -32.611  -28.318  13.290 0.6999999881
34782  -32.210  -27.636  12.845 0.6999999881
34779  -29.774  -27.006  11.824 0.6999999881
34774  -24.650  -27.426  11.949 0.8000000119
34777  -27.223  -27.202  11.553 0.8000000119
34776  -26.265  -27.040  11.720 0.8000000119
33926  -19.251  -27.979  12.319 0.8000000119
121287  -20.564  -27.445  12.704 0.8000000119
107479  -21.621  -27.643  12.578 0.8999999762
34797  -19.170  -27.685  11.939 0.8999999762
35710  -19.602  -27.271  11.710 0.8000000119
122488  -21.089  -26.838  10.810 0.8000000119
34817  -25.490  -26.868  10.345 0.6999999881
115286  -25.965  -27.590  9.929 0.6000000238
112600  -23.919  -27.031  10.509 0.6999999881
36648  -21.899  -25.678  10.327 0.6999999881
34704  -31.604  -27.543  20.610 0.6000000238
33874  -31.816  -28.028  20.118 0.6000000238
33167  -31.911  -28.514  19.503 0.6999999881
33884  -32.543  -28.362  18.753 0.6999999881
33171  -32.418  -29.052  18.136 0.6999999881
121192  -30.617  -28.969  21.418 0.5000000000
114373  -30.771  -29.920  20.292 0.6000000238
33885  -33.237  -27.882  18.234 0.6999999881
33896  -33.067  -28.602  17.895 0.6999999881
126614  -32.881  -29.127  17.527 0.6999999881
33873  -31.386  -28.199  20.691 0.6000000238
36509  -28.504  -25.804  22.347 0.3000000119
34697  -30.750  -27.504  21.551 0.5000000000
33867  -30.949  -28.271  21.248 0.5000000000
34705  -32.085  -27.359  20.095 0.6000000238
33191  -34.218  -28.739  15.948 0.6999999881
125857  -29.939  -24.819  20.812 0.4000000060
36526  -30.673  -25.935  21.216 0.5000000000
36527  -31.260  -26.392  20.909 0.6000000238
34770  -34.216  -27.211  14.103 0.6999999881
33918  -34.247  -28.205  14.794 0.6999999881
34769  -33.497  -27.798  13.745 0.6999999881
119667  -29.086  -23.603  20.198 0.3000000119
110041  -27.886  -26.560  11.872 0.8000000119
34778  -28.825  -26.804  11.718 0.8000000119
35685  -29.260  -26.064  12.364 0.6999999881
111610  -30.245  -26.383  12.414 0.6999999881
35686  -31.969  -26.741  12.832 0.6999999881
34767  -24.875  -26.510  12.436 0.8000000119
35684  -28.439  -26.119  12.276 0.8000000119
34763  -21.406  -26.732  12.918 0.8000000119
34765  -23.216  -27.009  12.514 0.8000000119
34766  -23.996  -26.646  12.507 0.8000000119
35682  -25.901  -26.332  12.408 0.8000000119
35668  -20.428  -26.558  12.581 0.8000000119
36615  -24.117  -24.953  13.168 0.8000000119
36603  -25.928  -25.126  13.280 0.8000000119
37636  -26.496  -24.750  13.228 0.8000000119
37646  -26.224  -24.332  12.952 0.8000000119
35724  -25.676  -26.037  10.331 0.6000000238
121594  -24.972  -26.397  10.396 0.6999999881
36647  -21.160  -25.237  10.404 0.8000000119
35713  -22.982  -26.518  10.507 0.6000000238
37684  -21.065  -24.151  9.103 0.6999999881
36659  -21.833  -25.059  9.476 0.6000000238
36649  -23.337  -25.853  10.278 0.6000000238
107342  -32.317  -27.832  19.529 0.6000000238
35615  -31.737  -26.847  20.531 0.6000000238
33897  -33.692  -28.203  17.452 0.6999999881
35616  -32.241  -26.679  20.004 0.6000000238
34731  -33.803  -27.433  17.705 0.6999999881
33898  -34.361  -27.782  17.025 0.6999999881
33903  -34.104  -28.528  16.731 0.6999999881
37535  -30.619  -25.176  20.675 0.4000000060
114494  -31.175  -25.753  20.695 0.4000000060
36538  -32.354  -26.098  19.789 0.5000000000
34719  -33.870  -26.777  17.900 0.6999999881
33904  -34.567  -28.040  16.250 0.6999999881
36537  -31.790  -26.048  20.295 0.5000000000
36545  -32.145  -25.367  19.651 0.5000000000
34739  -35.163  -26.832  15.853 0.6999999881
33910  -34.500  -28.172  15.447 0.6999999881
37550  -29.609  -24.180  20.407 0.3000000119
38596  -30.255  -23.941  19.861 0.3000000119
37561  -30.930  -24.480  19.909 0.4000000060
34745  -35.128  -26.866  15.214 0.6999999881
112086  -29.642  -23.424  19.782 0.3000000119
39592  -29.712  -22.799  19.407 0.3000000119
35677  -33.591  -26.841  13.545 0.6999999881
35687  -32.792  -26.242  13.154 0.6999999881
35678  -34.383  -26.301  13.855 0.6999999881
35683  -26.864  -26.240  12.312 0.8000000119
114734  -30.611  -25.961  12.717 0.6999999881
112068  -31.085  -26.652  12.579 0.6999999881
36606  -34.211  -25.501  13.423 0.6999999881
110487  -31.985  -25.939  12.906 0.6999999881
37638  -34.006  -24.819  12.961 0.6999999881
35672  -23.873  -25.852  12.902 0.8000000119
35673  -25.271  -25.718  12.900 0.8000000119
36617  -29.913  -25.623  12.647 0.6999999881
36620  -32.446  -25.383  12.861 0.6999999881
122046  -33.729  -24.146  12.552 0.6999999881
35671  -23.077  -26.208  12.874 0.8000000119
113059  -24.483  -25.979  12.816 0.8000000119
36604  -26.886  -25.296  13.066 0.8000000119
35675  -27.718  -25.762  12.576 0.8000000119
35676  -28.442  -25.488  12.657 0.8000000119
37651  -31.228  -24.721  12.594 0.8000000119
38701  -34.224  -23.501  12.417 0.6999999881
36601  -22.365  -25.662  12.978 0.8000000119
37648  -27.862  -24.582  12.890 0.8000000119
38698  -30.489  -24.437  12.474 0.8000000119
118643  -21.465  -26.092  13.009 0.8000000119
115910  -25.039  -25.020  13.328 0.8000000119
37637  -27.208  -24.804  13.159 0.8000000119
38713  -30.477  -23.511  11.982 0.8000000119
36611  -20.531  -25.911  12.249 0.8000000119
116351  -24.687  -24.417  12.609 0.8000000119
37647  -27.005  -24.369  12.960 0.8000000119
38696  -28.456  -24.103  12.517 0.8000000119
38712  -29.681  -23.393  11.867 0.8000000119
36612  -21.362  -25.080  11.719 0.8000000119
38694  -26.724  -23.916  12.503 0.8000000119
37660  -21.078  -24.955  10.715 0.8000000119
36662  -26.252  -25.434  9.888 0.5000000000
35715  -24.604  -25.882  10.277 0.6000000238
37661  -21.537  -24.660  11.047 0.8000000119
120095  -21.125  -24.587  10.066 0.8000000119
36661  -25.138  -25.453  9.871 0.6000000238
37685  -22.716  -24.750  8.741 0.6000000238
36660  -23.754  -25.404  9.770 0.6000000238
34709  -32.544  -27.160  19.563 0.6999999881
34717  -32.831  -27.541  18.964 0.6999999881
35631  -33.626  -26.297  18.347 0.6999999881
35632  -34.192  -26.183  17.730 0.6999999881
34732  -34.424  -26.917  17.261 0.6999999881
37564  -32.767  -25.046  18.911 0.5000000000
36553  -33.794  -25.581  18.125 0.6999999881
38614  -30.784  -23.758  19.426 0.4000000060
39594  -30.954  -23.100  18.878 0.4000000060
38615  -31.497  -23.973  19.192 0.5000000000
34738  -34.802  -27.178  16.455 0.6999999881
39593  -30.216  -22.513  19.064 0.3000000119
39613  -30.806  -22.201  18.659 0.3000000119
38626  -31.895  -23.246  18.531 0.5000000000
37599  -35.182  -24.928  16.206 0.6999999881
35649  -35.329  -26.160  15.505 0.6999999881
112349  -29.455  -22.068  19.258 0.3000000119
40696  -30.722  -21.531  18.557 0.3000000119
36586  -35.431  -25.725  14.998 0.6999999881
40695  -30.247  -21.046  18.728 0.3000000119
37640  -35.408  -24.782  14.066 0.6999999881
36619  -31.583  -25.333  12.766 0.6999999881
37639  -34.804  -24.817  13.426 0.6999999881
36618  -30.642  -25.320  12.721 0.6999999881
37652  -32.101  -24.555  12.533 0.6999999881
38702  -35.029  -23.437  12.787 0.6999999881
114894  -24.379  -25.350  13.089 0.8000000119
36605  -27.752  -25.123  12.995 0.8000000119
109354  -32.876  -24.012  12.377 0.8000000119
36602  -23.481  -25.405  12.992 0.8000000119
38715  -32.789  -23.333  12.031 0.8000000119
36614  -23.024  -24.963  12.882 0.8000000119
38697  -29.496  -24.124  12.395 0.8000000119
118822  -31.296  -23.189  11.822 0.8000000119
124208  -22.996  -24.677  12.548 0.8000000119
37643  -22.280  -24.791  12.182 0.8000000119
37645  -25.437  -24.370  12.832 0.8000000119
38710  -28.149  -23.589  11.972 0.8000000119
39722  -29.345  -22.912  11.460 0.8000000119
39724  -30.860  -22.684  11.555 0.8000000119
37662  -22.739  -24.456  11.627 0.8000000119
37665  -25.914  -24.004  12.359 0.8000000119
38726  -27.255  -23.524  11.728 0.8000000119
40823  -31.173  -21.995  11.288 0.8000000119
37674  -21.112  -24.316  9.486 0.8000000119
35624  -32.674  -26.534  19.476 0.6000000238
36547  -33.274  -25.725  18.717 0.6000000238
38613  -30.267  -23.255  19.379 0.3000000119
37562  -31.635  -24.718  19.643 0.5000000000
114111  -33.359  -25.107  18.421 0.6000000238
37574  -32.544  -24.323  18.724 0.5000000000
37576  -33.763  -24.792  17.922 0.6999999881
37598  -34.687  -24.599  16.709 0.6999999881
38627  -32.600  -23.720  18.415 0.6000000238
37587  -34.207  -24.272  17.347 0.6999999881
41725  -29.681  -20.488  19.064 0.3000000119
40697  -31.447  -21.719  18.255 0.3000000119
42705  -28.900  -20.013  19.348 0.3000000119
41728  -31.966  -20.203  17.435 0.3000000119
37608  -35.102  -24.163  16.298 0.6999999881
37609  -35.434  -24.753  15.547 0.6999999881
44389  -28.696  -17.676  18.605 0.3000000119
44367  -29.551  -18.074  18.685 0.3000000119
114229  -30.541  -18.540  18.712 0.3000000119
43571  -31.429  -18.723  18.368 0.3000000119
105836  -27.760  -16.536  17.998 0.3000000119
106160  -35.678  -23.871  13.983 0.6999999881
38690  -35.262  -24.077  13.408 0.6999999881
39714  -33.612  -22.873  11.928 0.8000000119
39726  -32.609  -22.549  11.602 0.8000000119
39725  -31.665  -22.586  11.561 0.8000000119
37663  -24.056  -24.306  11.777 0.8000000119
37664  -25.087  -24.145  12.074 0.8000000119
38724  -25.695  -23.576  10.721 0.8000000119
38709  -25.552  -23.874  11.597 0.8000000119
39735  -28.229  -22.718  10.719 0.8000000119
39736  -28.971  -22.384  10.962 0.8000000119
40821  -29.694  -22.146  11.165 0.8000000119
38722  -21.855  -23.730  9.522 0.8000000119
39734  -27.367  -23.094  10.602 0.8000000119
37675  -21.439  -24.294  10.086 0.8000000119
38735  -21.103  -23.786  8.843 0.6999999881
38745  -21.246  -23.245  8.136 0.6000000238
37575  -33.123  -24.368  18.310 0.6000000238
38636  -33.924  -23.320  17.303 0.6000000238
38637  -34.611  -23.581  16.668 0.6999999881
115551  -31.692  -20.891  17.804 0.4000000060
39631  -34.025  -22.361  16.938 0.6000000238
115294  -34.433  -22.816  16.743 0.6999999881
40699  -34.059  -20.902  16.760 0.4000000060
39645  -35.978  -23.262  16.992 0.6999999881
38646  -35.017  -23.552  16.329 0.6999999881
107758  -35.504  -25.114  14.842 0.6999999881
43591  -32.513  -18.340  17.087 0.3000000119
41731  -34.846  -20.971  18.071 0.4000000060
39632  -35.616  -22.434  17.129 0.6000000238
39647  -37.244  -23.977  16.331 0.6999999881
37629  -35.586  -24.294  14.680 0.6999999881
119903  -35.936  -23.089  14.039 0.6999999881
103962  -38.064  -23.825  14.980 0.6999999881
39676  -35.936  -22.261  14.403 0.6999999881
40781  -36.088  -21.913  13.583 0.6999999881
38699  -31.405  -23.908  12.248 0.8000000119
38714  -32.005  -23.223  11.907 0.8000000119
39723  -30.073  -22.763  11.563 0.8000000119
40825  -33.631  -21.519  11.295 0.8000000119
39720  -27.935  -23.233  11.258 0.8000000119
125814  -30.740  -21.528  11.027 0.8000000119
38737  -24.445  -23.431  9.803 0.8000000119
40831  -27.845  -22.422  9.991 0.8000000119
40833  -29.329  -21.643  10.591 0.8000000119
39750  -27.045  -22.675  9.646 0.8000000119
37698  -21.929  -24.076  7.964 0.6000000238
37697  -21.296  -23.418  7.971 0.6000000238
39746  -21.980  -22.658  8.225 0.6999999881
39758  -22.130  -21.880  7.324 0.6999999881
38628  -33.198  -23.527  17.900 0.6000000238
39630  -33.361  -22.690  17.496 0.6000000238
113429  -32.663  -20.232  16.921 0.3000000119
38638  -34.913  -22.905  16.412 0.6000000238
43573  -32.559  -18.982  16.656 0.3000000119
41730  -34.356  -20.400  17.645 0.3000000119
40701  -35.241  -21.494  17.624 0.5000000000
42745  -34.464  -19.784  17.479 0.3000000119
41744  -34.918  -20.475  17.905 0.5000000000
39646  -36.656  -24.028  16.383 0.6999999881
44391  -31.269  -16.490  17.672 0.3000000119
41757  -36.966  -21.485  16.543 0.4000000060
39659  -37.722  -23.814  15.370 0.6999999881
104034  -30.723  -15.849  17.548 0.3000000119
39660  -38.263  -23.158  15.110 0.6000000238
103966  -37.999  -22.044  13.465 0.6000000238
40783  -38.433  -22.351  13.699 0.6000000238
40782  -36.076  -21.482  12.972 0.8000000119
41806  -36.302  -21.207  13.500 0.6999999881
103964  -38.655  -21.270  13.362 0.6000000238
39728  -34.972  -22.059  12.028 0.8000000119
103968  -36.895  -20.802  14.127 0.6999999881
123250  -33.373  -22.164  11.532 0.8000000119
39727  -34.158  -22.131  11.721 0.8000000119
41820  -35.685  -20.901  12.105 0.6999999881
103967  -36.522  -20.282  13.303 0.6999999881
122192  -36.690  -20.144  13.681 0.6999999881
40824  -31.967  -21.876  11.270 0.8000000119
40826  -34.557  -21.318  11.483 0.8000000119
41846  -35.245  -20.634  11.495 0.6999999881
109252  -36.416  -19.985  12.494 0.6999999881
40836  -32.162  -21.136  10.886 0.8000000119
40837  -33.025  -20.980  10.859 0.8000000119
42836  -35.589  -19.800  11.315 0.6999999881
42837  -36.301  -19.398  11.809 0.6999999881
38708  -24.535  -23.955  10.944 0.8000000119
39732  -25.618  -23.232  9.807 0.8000000119
113286  -30.075  -21.421  10.831 0.8000000119
41869  -33.309  -20.254  10.628 0.8000000119
125271  -28.963  -21.505  10.181 0.8000000119
40834  -30.720  -20.947  10.672 0.8000000119
37676  -23.022  -24.119  10.657 0.8000000119
125827  -28.155  -21.876  9.645 0.8000000119
41865  -30.021  -20.686  10.321 0.8000000119
38723  -23.287  -23.691  10.060 0.8000000119
39748  -25.090  -22.912  9.079 0.8000000119
39760  -24.537  -22.428  8.416 0.6999999881
38754  -22.866  -23.192  6.802 0.6000000238
39747  -23.693  -22.876  8.771 0.8000000119
39759  -23.258  -22.116  7.954 0.6999999881
40855  -23.129  -21.315  7.098 0.6999999881
40716  -35.722  -21.994  17.369 0.5000000000
40717  -36.553  -22.743  16.670 0.5000000000
42746  -35.677  -20.181  17.473 0.4000000060
41746  -36.148  -21.291  17.332 0.5000000000
108444  -37.551  -22.737  16.124 0.6000000238
43593  -33.920  -18.356  17.034 0.3000000119
124277  -37.535  -21.550  16.115 0.5000000000
40754  -38.060  -22.761  15.389 0.6000000238
104809  -33.705  -17.196  16.338 0.3000000119
43609  -35.260  -18.345  16.793 0.3000000119
41770  -38.014  -21.548  15.538 0.6000000238
40755  -38.531  -22.181  14.900 0.6000000238
104003  -30.643  -15.043  17.340 0.3000000119
104665  -33.348  -16.220  16.625 0.3000000119
43610  -36.267  -18.576  16.670 0.3000000119
104031  -32.539  -15.116  16.827 0.3000000119
40784  -38.708  -21.873  13.690 0.6000000238
104004  -29.185  -13.766  16.587 0.3000000119
103965  -37.749  -20.910  13.259 0.6999999881
104318  -36.750  -19.413  13.355 0.6999999881
41867  -31.449  -20.585  10.616 0.8000000119
41870  -34.116  -20.128  10.744 0.6999999881
43680  -35.858  -19.115  11.151 0.6999999881
41866  -30.723  -20.173  10.291 0.8000000119
42858  -31.449  -19.713  10.293 0.6999999881
41877  -28.103  -21.450  9.041 0.6999999881
40846  -28.660  -21.436  9.719 0.8000000119
122175  -24.850  -23.452  6.376 0.6000000238
40843  -25.662  -22.253  8.409 0.6999999881
40857  -26.453  -21.755  8.145 0.6999999881
40872  -22.497  -21.326  6.559 0.6999999881
39789  -22.165  -21.638  6.785 0.6999999881
40856  -24.463  -21.766  7.719 0.6999999881
126944  -28.640  -18.324  6.580 0.5000000000
43746  -28.146  -18.480  6.014 0.5000000000
117091  -38.168  -20.330  15.424 0.6000000238
40768  -38.806  -21.624  14.174 0.6000000238
42793  -38.933  -19.708  14.464 0.6000000238
42811  -39.409  -19.814  13.185 0.6000000238
41822  -38.419  -20.223  12.811 0.6999999881
110772  -39.187  -18.936  12.405 0.6999999881
104533  -36.751  -18.591  13.155 0.6999999881
104751  -27.084  -14.160  13.251 0.3000000119
43668  -36.685  -18.569  12.295 0.6999999881
103969  -37.634  -19.414  12.761 0.6999999881
108959  -37.016  -18.270  13.415 0.6999999881
41879  -29.610  -20.330  9.563 0.6999999881
42860  -33.577  -19.544  10.468 0.6999999881
42862  -35.199  -19.268  10.763 0.6000000238
115842  -32.872  -19.657  10.399 0.6999999881
39749  -26.149  -22.778  9.314 0.6999999881
40844  -26.746  -22.242  8.816 0.6999999881
41878  -28.829  -20.766  9.069 0.6999999881
42873  -29.908  -19.543  9.242 0.6000000238
40858  -27.319  -21.542  8.393 0.6999999881
38772  -22.468  -22.086  6.531 0.6000000238
38773  -23.731  -22.844  6.337 0.5000000000
40874  -24.140  -20.929  6.798 0.6999999881
109968  -26.016  -20.594  6.957 0.6999999881
41901  -25.016  -20.459  6.485 0.6999999881
42915  -25.519  -19.867  5.658 0.6000000238
42775  -38.355  -19.526  15.224 0.5000000000
43627  -38.099  -18.616  15.372 0.4000000060
108774  -38.655  -19.019  14.788 0.5000000000
43637  -39.121  -19.038  14.110 0.6000000238
43636  -38.781  -18.395  14.644 0.5000000000
123386  -39.282  -18.365  13.800 0.6000000238
43652  -39.487  -18.455  12.726 0.6000000238
104414  -26.912  -13.879  12.926 0.3000000119
104012  -27.748  -13.891  13.284 0.3000000119
116675  -37.527  -18.619  12.637 0.6999999881
44449  -36.811  -17.881  13.228 0.6000000238
44450  -37.266  -17.568  12.992 0.6000000238
43681  -36.300  -18.529  11.336 0.6000000238
42875  -31.476  -18.874  9.898 0.6000000238
43699  -35.610  -18.499  10.729 0.6000000238
42874  -30.650  -19.300  9.748 0.6000000238
43696  -32.933  -18.851  10.191 0.6000000238
41890  -29.309  -19.939  8.728 0.6999999881
42882  -30.182  -18.727  8.967 0.6000000238
41887  -26.676  -21.131  7.628 0.6999999881
41923  -23.915  -20.402  6.059 0.6999999881
39809  -22.807  -21.195  6.290 0.6000000238
39810  -24.711  -21.629  5.621 0.5000000000
41942  -24.218  -20.357  5.801 0.6000000238
124757  -23.927  -20.999  5.566 0.6000000238
40905  -25.311  -21.227  5.355 0.5000000000
41902  -26.893  -20.253  7.045 0.6000000238
41943  -25.064  -19.885  5.716 0.5000000000
42892  -25.793  -19.837  6.199 0.5000000000
42935  -26.554  -19.446  5.259 0.5000000000
42950  -26.353  -19.679  5.298 0.5000000000
43745  -27.470  -18.718  5.289 0.5000000000
45243  -37.761  -17.060  15.287 0.4000000060
44421  -38.237  -17.746  15.083 0.4000000060
46141  -34.817  -15.933  15.322 0.4000000060
125676  -39.458  -18.403  13.253 0.6000000238
104583  -29.337  -12.879  14.046 0.3000000119
46146  -31.439  -13.054  16.262 0.3000000119
44451  -38.601  -17.488  12.031 0.6000000238
119056  -29.026  -12.650  12.962 0.3000000119
45268  -37.526  -16.762  12.279 0.6000000238
44485  -36.136  -17.653  10.815 0.5000000000
44467  -36.768  -17.677  11.829 0.6000000238
42876  -32.147  -18.627  9.946 0.6000000238
43710  -33.523  -18.017  10.038 0.6000000238
44484  -35.138  -17.708  10.324 0.6000000238
43707  -30.883  -18.368  9.364 0.6000000238
43709  -32.516  -18.040  9.771 0.6000000238
41888  -28.062  -20.887  8.314 0.6999999881
41903  -27.861  -20.252  7.597 0.6999999881
42893  -26.750  -19.425  6.247 0.5000000000
42917  -26.871  -19.126  5.494 0.5000000000
45241  -36.242  -16.713  15.626 0.4000000060
110729  -38.502  -16.965  14.641 0.4000000060
45242  -37.142  -16.309  15.394 0.4000000060
44428  -38.959  -17.664  14.225 0.5000000000
113726  -36.898  -15.652  15.157 0.4000000060
45249  -39.187  -16.940  13.746 0.4000000060
44435  -39.535  -17.724  13.252 0.4000000060
44452  -39.476  -17.486  12.464 0.5000000000
104090  -29.949  -12.414  15.620 0.3000000119
49130  -29.981  -11.841  15.495 0.3000000119
47119  -31.194  -12.547  15.897 0.4000000060
44468  -39.284  -17.175  11.947 0.4000000060
104494  -29.979  -12.063  13.353 0.3000000119
48140  -33.152  -12.800  15.515 0.4000000060
45283  -37.348  -16.130  12.165 0.5000000000
115116  -37.010  -16.791  12.016 0.5000000000
109199  -36.281  -16.840  10.756 0.5000000000
45302  -36.221  -16.170  10.459 0.5000000000
43708  -31.675  -18.142  9.577 0.6000000238
44491  -32.927  -17.279  9.430 0.6000000238
42880  -29.036  -19.515  8.081 0.6000000238
43718  -30.469  -18.003  8.674 0.6000000238
42894  -28.325  -19.396  7.438 0.5000000000
108385  -27.497  -19.597  6.934 0.5000000000
43726  -28.477  -18.576  6.940 0.5000000000
44504  -29.634  -17.753  6.377 0.5000000000
43747  -28.802  -18.214  5.768 0.5000000000
46143  -36.268  -16.051  15.255 0.4000000060
45248  -38.737  -16.242  14.116 0.4000000060
45247  -37.991  -16.232  14.815 0.4000000060
45255  -39.322  -16.290  13.388 0.4000000060
46150  -37.511  -15.631  14.794 0.4000000060
46157  -39.111  -15.652  13.583 0.4000000060
45270  -39.516  -16.670  12.217 0.4000000060
104364  -29.617  -11.957  12.976 0.3000000119
46165  -38.618  -16.099  11.664 0.4000000060
45284  -39.295  -16.444  11.753 0.5000000000
119313  -29.286  -11.660  12.313 0.3000000119
46177  -37.296  -15.433  11.900 0.4000000060
45301  -35.505  -16.803  10.268 0.5000000000
46197  -37.384  -14.747  11.681 0.4000000060
44492  -33.819  -17.167  9.712 0.6000000238
44493  -34.624  -17.027  9.920 0.5000000000
43719  -31.211  -17.737  9.079 0.6000000238
45307  -33.503  -16.679  9.188 0.5000000000
45308  -34.228  -16.528  9.402 0.5000000000
42895  -29.088  -18.817  7.696 0.5000000000
43717  -29.761  -18.370  8.132 0.6000000238
112589  -31.654  -17.334  8.634 0.6000000238
44498  -32.366  -17.018  8.869 0.6000000238
122998  -30.948  -17.633  8.380 0.6000000238
43727  -29.119  -18.070  7.159 0.5000000000
114078  -30.579  -17.346  6.547 0.5000000000
44514  -29.318  -17.920  4.959 0.5000000000
43728  -30.202  -17.709  7.646 0.5000000000
119333  -27.565  -9.266  10.110 0.3000000119
119310  -28.741  -9.313  10.699 0.4000000060
119316  -30.960  -8.854  12.150 0.4000000060
45316  -32.742  -16.616  8.354 0.5000000000
119096  -27.764  -8.762  9.176 0.4000000060
44505  -32.114  -16.915  8.115 0.5000000000
46208  -35.191  -15.394  8.599 0.5000000000
46209  -35.918  -15.089  8.917 0.5000000000
45322  -32.544  -16.440  7.623 0.5000000000
46207  -34.487  -15.656  8.322 0.5000000000
121649  -31.976  -16.746  7.348 0.6000000238
45350  -30.257  -16.672  4.432 0.5000000000
44516  -31.481  -16.759  6.395 0.5000000000
44533  -30.654  -17.075  5.371 0.6000000238
46243  -30.977  -16.014  4.636 0.4000000060
118950  -29.103  -8.786  10.616 0.4000000060
118983  -31.870  -8.952  13.650 0.4000000060
45323  -33.160  -16.147  7.846 0.5000000000
45337  -32.286  -16.270  6.773 0.5000000000
45338  -32.921  -15.863  7.094 0.5000000000
46211  -33.579  -15.587  7.314 0.5000000000
45352  -31.870  -16.063  5.758 0.5000000000
45351  -31.203  -16.466  5.236 0.5000000000
119246  -31.944  -8.301  11.916 0.4000000060
119233  -28.065  -8.038  8.646 0.4000000060
45324  -33.817  -15.914  8.056 0.5000000000
47179  -36.250  -14.389  8.520 0.4000000060
46227  -32.626  -15.624  6.232 0.4000000060
47198  -32.839  -15.044  6.060 0.4000000060
46244  -31.916  -15.287  5.482 0.5000000000
47182  -35.312  -14.365  7.527 0.4000000060
46228  -33.263  -15.261  6.624 0.4000000060
47219  -32.553  -14.484  5.763 0.5000000000
48238  -32.044  -13.621  5.540 0.4000000060
47220  -33.118  -13.776  6.103 0.4000000060
47200  -34.015  -14.043  6.615 0.4000000060
48237  -30.737  -13.461  4.812 0.4000000060
47199  -33.343  -14.597  6.345 0.4000000060
48218  -32.696  -12.864  5.940 0.4000000060
48220  -34.925  -12.988  6.855 0.4000000060
49238  -31.345  -12.579  5.377 0.4000000060
114263  -30.207  -12.734  4.513 0.4000000060
106659  -33.626  -13.111  6.395 0.4000000060
49223  -33.279  -12.231  6.334 0.4000000060
49224  -34.141  -12.545  6.593 0.4000000060
50210  -34.812  -12.115  6.751 0.4000000060
49222  -32.343  -11.972  5.903 0.4000000060
49237  -30.429  -11.908  4.753 0.4000000060
50208  -32.904  -11.435  6.251 0.4000000060
121445  -32.174  -11.311  5.837 0.5000000000
50209  -33.870  -11.588  6.516 0.4000000060
119520  -29.163  -37.401  9.570 0.6999999881
27528  -31.338  -36.325  14.383 0.6999999881
25926  -24.313  -38.554  14.446 0.6000000238
27502  -22.910  -35.658  15.961 0.4000000060
31711  -23.058  -31.783  10.623 0.8000000119
28293  -25.984  -34.746  17.458 0.5000000000
32500  -30.979  -29.991  12.788 0.8000000119
31624  -28.655  -31.582  22.504 0.4000000060
30776  -29.774  -32.873  21.017 0.5000000000
113474  -30.315  -31.562  19.728 0.6000000238
33185  -33.455  -28.881  17.167 0.6999999881
35625  -33.149  -26.415  18.959 0.6999999881
38711  -28.967  -23.569  11.965 0.8000000119
36560  -34.390  -25.305  17.426 0.6999999881
38691  -35.565  -23.283  13.368 0.6999999881
38703  -35.392  -22.608  12.694 0.6999999881
40753  -37.147  -24.311  15.032 0.6999999881
104562  -36.930  -22.431  14.397 0.6000000238
39629  -32.844  -22.123  17.606 0.6000000238
43626  -37.520  -18.725  15.955 0.4000000060
44515  -30.031  -17.540  5.528 0.5000000000
46229  -33.926  -14.959  6.853 0.4000000060
113308  -26.964  -40.092  8.538 0.5000000000
24280  -30.169  -40.426  10.123 0.6999999881
26836  -25.941  -37.945  8.207 0.5000000000
25059  -25.258  -39.984  14.649 0.5000000000
27572  -24.677  -36.868  8.978 0.6999999881
27531  -31.887  -36.989  13.692 0.6999999881
27559  -28.979  -35.985  9.711 0.6999999881
27560  -29.993  -36.093  10.010 0.6999999881
112650  -26.801  -33.875  10.163 0.6999999881
28357  -28.431  -35.273  9.845 0.6999999881
28382  -24.343  -35.687  8.737 0.6999999881
29243  -26.128  -34.373  7.927 0.5000000000
29241  -24.260  -34.834  8.638 0.6000000238
30920  -25.223  -32.878  8.141 0.5000000000
29190  -31.314  -34.883  11.792 0.6999999881
29219  -23.280  -34.781  9.173 0.6999999881
28332  -31.454  -35.519  14.248 0.8000000119
123379  -31.419  -34.580  12.458 0.6999999881
30029  -27.309  -33.192  7.382 0.4000000060
106589  -24.997  -35.136  15.299 0.6000000238
106828  -23.882  -34.995  15.003 0.6000000238
30866  -22.203  -33.126  10.449 0.8000000119
126663  -31.097  -33.580  14.193 0.6999999881
26782  -21.376  -35.997  13.765 0.5000000000
31747  -25.242  -31.653  8.172 0.5000000000
29941  -29.790  -32.823  15.739 0.6999999881
124814  -22.224  -31.278  9.267 0.6999999881
111960  -25.208  -31.156  8.290 0.6000000238
32519  -24.301  -30.074  10.921 0.8000000119
32558  -27.366  -30.741  8.471 0.4000000060
28320  -22.334  -34.439  15.308 0.5000000000
28319  -21.657  -34.979  14.839 0.5000000000
121650  -21.371  -35.864  15.200 0.4000000060
32522  -28.505  -30.552  11.233 0.8999999762
110599  -20.042  -31.758  11.428 0.8000000119
31667  -27.501  -30.400  16.802 0.6000000238
31666  -26.561  -30.376  16.946 0.6000000238
31658  -25.497  -30.820  17.358 0.5000000000
28305  -22.590  -34.268  15.635 0.4000000060
28306  -22.996  -33.851  16.048 0.5000000000
29137  -23.589  -33.207  16.335 0.5000000000
32498  -29.922  -29.761  11.795 0.8000000119
109830  -23.011  -29.285  9.430 0.6999999881
33981  -24.879  -28.550  9.576 0.6000000238
118476  -26.970  -28.749  9.370 0.4000000060
32455  -26.313  -30.218  17.447 0.6000000238
27491  -25.970  -35.624  17.264 0.5000000000
28292  -24.953  -34.535  17.216 0.5000000000
30818  -25.146  -31.239  17.558 0.5000000000
31661  -27.167  -29.950  17.982 0.6000000238
29106  -28.555  -34.400  17.996 0.6000000238
28294  -27.078  -34.908  17.599 0.5000000000
120585  -26.973  -35.781  17.483 0.5000000000
30819  -25.843  -31.130  18.051 0.5000000000
29065  -29.079  -35.279  20.583 0.6000000238
29120  -25.902  -33.520  17.634 0.5000000000
29121  -27.853  -33.248  17.905 0.6000000238
32415  -28.402  -30.749  22.854 0.4000000060
33220  -27.029  -28.813  11.037 0.8000000119
33217  -24.141  -28.820  11.513 0.8999999762
29878  -30.046  -33.110  20.053 0.5000000000
29122  -28.916  -33.290  18.234 0.6000000238
29916  -28.769  -31.834  18.257 0.6000000238
30784  -29.801  -32.153  18.898 0.6000000238
32417  -29.733  -29.830  22.073 0.4000000060
31631  -29.803  -31.439  21.534 0.4000000060
32432  -30.522  -30.535  20.680 0.5000000000
31632  -30.297  -31.391  20.998 0.5000000000
33148  -30.291  -29.611  21.583 0.5000000000
33943  -31.157  -28.386  12.356 0.6999999881
33937  -23.208  -28.470  11.816 0.8000000119
34810  -24.697  -27.033  10.421 0.6999999881
31639  -30.371  -30.627  19.335 0.6999999881
111524  -30.636  -30.321  19.856 0.6000000238
33909  -34.011  -28.727  15.126 0.6999999881
34689  -30.117  -27.539  22.124 0.5000000000
125927  -33.191  -28.385  13.774 0.6999999881
108840  -20.851  -27.600  10.701 0.8000000119
33166  -31.411  -29.136  19.524 0.6000000238
33162  -31.464  -28.689  20.164 0.6000000238
33170  -31.861  -29.031  18.835 0.6999999881
33155  -30.677  -29.697  20.967 0.5000000000
37534  -29.262  -24.751  21.116 0.3000000119
34768  -32.784  -27.274  13.226 0.6999999881
35700  -19.573  -26.985  11.941 0.8999999762
35711  -20.771  -26.126  10.914 0.8000000119
36645  -20.320  -26.418  11.548 0.8000000119
35714  -24.158  -26.396  10.445 0.6000000238
36658  -21.183  -24.580  9.814 0.8000000119
34698  -31.239  -27.725  21.073 0.6000000238
34718  -33.377  -27.051  18.499 0.6999999881
35608  -31.288  -27.107  21.085 0.5000000000
36536  -31.414  -25.243  20.193 0.4000000060
36621  -33.340  -25.450  13.104 0.6999999881
36600  -21.317  -25.738  12.768 0.8000000119
36646  -21.100  -25.429  10.736 0.8000000119
37563  -32.144  -24.539  19.192 0.5000000000
35648  -35.072  -26.326  16.293 0.6999999881
35657  -35.251  -26.215  14.826 0.6999999881
116100  -29.588  -21.243  19.089 0.3000000119
122961  -33.659  -26.069  13.421 0.6999999881
35679  -34.949  -26.073  14.310 0.6999999881
37654  -34.591  -24.154  12.885 0.6999999881
36616  -28.385  -25.002  12.928 0.8000000119
37650  -29.707  -24.918  12.704 0.8000000119
37649  -28.800  -24.676  12.739 0.8000000119
35641  -34.640  -26.161  17.010 0.6999999881
39614  -31.442  -22.537  18.484 0.5000000000
36569  -34.882  -25.488  16.575 0.6999999881
36570  -35.301  -25.546  15.923 0.6999999881
40682  -30.156  -21.763  18.866 0.3000000119
39616  -32.666  -22.947  18.047 0.5000000000
39615  -32.103  -22.357  18.132 0.4000000060
36575  -35.424  -25.469  15.361 0.6999999881
42725  -29.735  -19.707  19.120 0.3000000119
125810  -35.695  -22.779  14.904 0.6999999881
37586  -33.596  -24.073  17.728 0.6000000238
41743  -32.551  -20.799  17.369 0.3000000119
42728  -32.181  -19.608  16.858 0.3000000119
38654  -35.528  -23.728  15.717 0.6999999881
43572  -31.708  -18.826  16.923 0.3000000119
39745  -21.274  -23.120  8.250 0.6999999881
125754  -33.954  -21.218  16.751 0.6000000238
40700  -34.321  -21.468  16.777 0.6000000238
38629  -34.665  -22.176  16.598 0.6000000238
41729  -33.397  -20.535  16.819 0.4000000060
112814  -35.519  -23.293  15.905 0.6999999881
124845  -36.735  -24.300  16.334 0.6999999881
39658  -37.153  -24.397  16.030 0.6999999881
103963  -38.131  -23.584  14.666 0.6000000238
41845  -34.547  -20.589  11.107 0.8000000119
41868  -32.350  -20.243  10.556 0.8000000119
126033  -29.690  -21.191  10.463 0.8000000119
39757  -21.520  -22.583  7.552 0.6000000238
38753  -21.937  -22.629  7.132 0.6000000238
42729  -33.276  -19.818  16.738 0.3000000119
40715  -33.225  -21.251  17.194 0.5000000000
42744  -33.715  -19.004  17.024 0.3000000119
41745  -35.229  -21.107  17.889 0.5000000000
104016  -31.487  -15.826  17.449 0.3000000119
44392  -33.323  -17.701  17.033 0.3000000119
41758  -37.497  -20.476  16.132 0.5000000000
39678  -38.510  -22.579  14.326 0.6000000238
40805  -35.733  -21.406  12.502 0.8000000119
40785  -38.994  -20.934  13.223 0.6000000238
41871  -34.886  -20.014  10.912 0.6999999881
40873  -23.221  -20.813  6.367 0.6999999881
43608  -34.455  -18.216  16.854 0.3000000119
45211  -32.972  -16.824  17.169 0.3000000119
107310  -31.268  -14.539  16.902 0.3000000119
104079  -33.576  -15.510  16.354 0.3000000119
41790  -39.062  -20.631  14.083 0.6000000238
41807  -39.248  -20.247  12.883 0.6000000238
41886  -25.566  -21.321  7.474 0.6999999881
42821  -39.385  -19.433  12.790 0.6000000238
43669  -38.500  -18.357  12.235 0.6999999881
43697  -33.800  -18.872  10.330 0.6000000238
109548  -27.408  -20.871  7.786 0.6999999881
39790  -23.510  -21.599  5.860 0.5000000000
44409  -37.494  -17.928  15.716 0.4000000060
42881  -29.575  -19.151  8.463 0.6000000238
40920  -25.372  -20.384  5.441 0.6000000238
42936  -27.085  -19.025  4.902 0.4000000060
46147  -33.640  -14.268  16.017 0.4000000060
47118  -30.079  -12.512  15.872 0.3000000119
119181  -30.340  -12.552  13.936 0.3000000119
45282  -36.792  -16.285  11.350 0.5000000000
44483  -34.307  -17.668  10.096 0.5000000000
45256  -39.570  -16.879  12.886 0.4000000060
48148  -31.337  -11.939  15.514 0.4000000060
126626  -31.377  -11.428  15.272 0.4000000060
47120  -39.467  -15.050  12.948 0.4000000060
46178  -37.691  -15.182  12.047 0.4000000060
45310  -35.587  -16.060  9.926 0.5000000000
108887  -31.328  -17.250  7.605 0.6000000238
104304  -28.027  -9.351  10.446 0.3000000119
119194  -31.770  -8.655  12.951 0.4000000060
45317  -33.351  -16.391  8.551 0.5000000000
48219  -34.333  -13.305  6.669 0.4000000060
50222  -31.374  -11.604  5.437 0.4000000060
116900  -31.525  -10.887  5.464 0.3000000119
21737  -31.373  -43.192  14.417 0.5000000000
108632  -31.592  -42.780  12.658 0.5000000000
22545  -29.293  -42.453  15.781 0.4000000060
126607  -29.941  -42.428  15.646 0.5000000000
22546  -29.988  -42.967  15.702 0.5000000000
22565  -31.165  -42.487  14.891 0.5000000000
22566  -31.661  -42.396  14.202 0.6000000238
23410  -32.056  -41.490  13.189 0.6000000238
23390  -29.972  -41.818  15.573 0.5000000000
114696  -28.944  -41.462  15.615 0.5000000000
23391  -30.837  -41.748  15.206 0.5000000000
117472  -31.751  -41.067  14.361 0.5000000000
24234  -29.108  -40.591  15.524 0.5000000000
24253  -32.126  -40.751  13.619 0.6000000238
24254  -32.255  -40.072  13.048 0.6000000238
23401  -31.944  -41.636  13.951 0.6000000238
23422  -32.098  -40.816  12.345 0.6000000238
113712  -31.870  -39.956  11.488 0.6000000238
25080  -32.247  -39.705  12.334 0.6000000238
24271  -31.539  -40.782  11.230 0.6000000238
25096  -30.681  -39.741  10.275 0.6000000238
118141  -31.358  -40.084  10.797 0.6000000238
120389  -29.920  -40.463  15.464 0.5000000000
110874  -31.166  -40.874  14.951 0.5000000000
24244  -31.696  -40.270  14.390 0.6000000238
24233  -28.219  -40.713  15.534 0.5000000000
25069  -32.076  -39.776  13.741 0.6000000238
24231  -26.540  -40.819  15.194 0.5000000000
25049  -27.633  -40.025  15.456 0.5000000000
25081  -32.304  -38.963  12.418 0.6000000238
25087  -31.477  -39.235  10.788 0.6000000238
117489  -30.166  -39.009  9.840 0.6000000238
124199  -30.589  -40.398  15.261 0.5000000000
120850  -31.049  -39.805  14.952 0.5000000000
119366  -28.517  -39.973  15.512 0.5000000000
116684  -29.386  -39.848  15.488 0.5000000000
116959  -30.237  -39.761  15.356 0.5000000000
124357  -28.008  -39.429  15.509 0.5000000000
25070  -32.295  -39.304  13.075 0.6000000238
25048  -26.724  -40.108  15.275 0.5000000000
25916  -27.062  -39.157  15.401 0.5000000000
25943  -32.255  -38.272  12.016 0.6000000238
25088  -32.055  -39.092  11.668 0.6000000238
125507  -30.843  -38.946  10.227 0.6000000238
25050  -28.786  -39.231  15.501 0.5000000000
25928  -30.943  -38.153  14.789 0.5000000000
25060  -31.156  -38.967  14.706 0.6000000238
125985  -31.565  -37.781  14.213 0.6000000238
25061  -31.648  -39.372  14.334 0.6000000238
25929  -31.605  -38.533  14.256 0.6000000238
25047  -25.986  -39.429  15.090 0.5000000000
25950  -31.219  -38.386  10.469 0.6000000238
113921  -30.329  -37.604  9.877 0.6000000238
25918  -29.018  -38.318  15.489 0.5000000000
25919  -30.064  -38.233  15.317 0.5000000000
120458  -27.365  -38.346  15.473 0.5000000000
119448  -26.287  -38.829  15.280 0.5000000000
116383  -26.578  -38.285  15.384 0.6000000238
26778  -29.595  -37.494  15.419 0.6000000238
26786  -30.428  -37.390  15.115 0.5000000000
26787  -31.171  -37.199  14.559 0.6000000238
114125  -28.068  -37.962  15.505 0.6000000238
26777  -28.727  -37.457  15.527 0.6000000238
26775  -27.104  -37.529  15.475 0.5000000000
25927  -25.122  -39.001  14.700 0.4000000060
26776  -27.963  -37.285  15.559 0.6000000238
27519  -29.202  -36.812  15.539 0.6000000238
27520  -30.003  -36.694  15.369 0.6000000238
27527  -30.683  -36.514  14.935 0.6000000238
107516  -31.719  -36.074  13.778 0.6000000238
33284  -24.734  -30.044  8.752 0.5000000000
39715  -34.610  -22.780  12.251 0.6000000238
108174  -21.168  -23.765  8.484 0.5000000000
37712  -23.210  -23.849  7.325 0.5000000000
40889  -23.247  -20.708  6.071 0.5000000000
50207  -32.475  -10.804  5.977 0.4000000060
108463  -31.866  -10.240  5.495 0.3000000119
52003  -32.273  -9.567  5.385 0.3000000119
52928  -32.581  -8.899  5.076 0.3000000119
21718  -29.307  -43.380  16.030 0.4000000060
21719  -30.028  -43.778  15.723 0.5000000000
21720  -30.739  -43.321  15.199 0.5000000000
22614  -31.394  -42.440  11.831 0.5000000000
124149  -28.421  -42.114  15.780 0.4000000060
22599  -31.807  -41.918  12.477 0.6000000238
23431  -31.544  -41.604  11.637 0.5000000000
24270  -30.855  -40.643  10.570 0.5000000000
21717  -27.262  -43.050  16.113 0.4000000060
23389  -27.860  -41.470  15.610 0.5000000000
23388  -26.811  -41.550  15.393 0.5000000000
24232  -27.293  -40.775  15.431 0.5000000000
23387  -25.990  -41.249  14.951 0.3000000119
24243  -25.297  -40.909  14.605 0.4000000060
107032  -26.571  -31.122  8.195 0.4000000060
108936  -26.625  -30.450  8.514 0.4000000060
40698  -32.297  -21.542  17.732 0.4000000060
37699  -23.659  -24.334  8.018 0.5000000000
38755  -24.144  -23.660  6.784 0.5000000000
42774  -37.757  -19.488  15.715 0.4000000060
52004  -33.330  -9.371  5.644 0.3000000119
22530  -28.352  -42.978  16.152 0.4000000060
25936  -32.059  -38.907  13.703 0.6000000238
37686  -24.376  -24.870  8.953 0.5000000000
24230  -25.964  -40.431  14.927 0.4000000060
22581  -31.850  -42.225  13.385 0.6000000238
22547  -30.466  -42.468  15.407 0.5000000000
23400  -31.469  -41.717  14.616 0.6000000238
24235  -30.393  -41.071  15.360 0.5000000000
25052  -30.545  -38.991  15.144 0.5000000000
25051  -29.699  -39.061  15.428 0.5000000000
25917  -28.063  -38.746  15.511 0.5000000000
51134  -33.026  -10.187  5.992 0.4000000060
22544  -27.558  -42.248  15.783 0.4000000060
23430  -30.989  -41.449  10.910 0.4000000060
26754  -26.425  -37.391  17.110 0.4000000060
27505  -25.831  -36.370  17.007 0.3000000119
27504  -24.705  -35.991  16.708 0.4000000060
27503  -23.357  -34.969  16.344 0.4000000060
126214  -27.750  -37.216  17.727 0.4000000060
114348  -26.916  -36.704  17.380 0.4000000060
26704  -28.157  -37.450  20.614 0.4000000060
26705  -28.468  -37.392  19.954 0.4000000060
26745  -27.929  -37.796  18.111 0.4000000060
26756  -28.282  -37.038  18.103 0.4000000060
27408  -27.602  -36.023  22.023 0.3000000119
27441  -28.194  -36.771  21.099 0.3000000119
27460  -28.778  -36.685  19.608 0.4000000060
109348  -27.666  -36.714  21.580 0.4000000060
29058  -28.107  -34.713  22.163 0.4000000060
27420  -28.627  -36.015  20.889 0.5000000000
29871  -27.967  -33.832  22.490 0.4000000060
112390  -36.615  -20.314  16.822 0.3000000119
43595  -35.547  -19.139  17.203 0.3000000119
42747  -36.243  -19.460  16.892 0.3000000119
42761  -37.055  -19.296  16.402 0.3000000119
44499  -32.945  -16.762  8.940 0.4000000060
45240  -35.424  -16.416  15.326 0.3000000119
45319  -34.670  -15.940  9.035 0.4000000060
45318  -33.990  -16.180  8.781 0.4000000060
46148  -34.440  -14.987  15.525 0.3000000119
47111  -33.322  -13.509  15.759 0.3000000119
46202  -36.209  -15.430  9.847 0.4000000060
46201  -35.396  -15.717  9.319 0.3000000119
46212  -34.273  -15.351  7.560 0.4000000060
47181  -34.607  -14.644  7.172 0.3000000119
46142  -35.523  -15.824  15.064 0.3000000119
109815  -36.122  -15.376  14.699 0.3000000119
47114  -36.709  -14.613  14.421 0.3000000119
47112  -34.202  -14.065  15.446 0.3000000119
111406  -34.817  -14.546  15.025 0.3000000119
47113  -35.582  -14.473  14.547 0.3000000119
46151  -38.378  -15.505  14.419 0.3000000119
113989  -34.675  -13.206  14.716 0.3000000119
48141  -35.378  -13.551  14.385 0.3000000119
48143  -37.400  -13.961  14.116 0.3000000119
48144  -38.320  -14.079  13.825 0.3000000119
47116  -38.637  -14.897  13.727 0.3000000119
46166  -39.595  -15.974  12.034 0.3000000119
49123  -33.201  -12.132  15.176 0.3000000119
48130  -33.670  -12.659  15.225 0.3000000119
46179  -39.388  -15.541  11.617 0.3000000119
104128  -31.172  -11.044  15.030 0.3000000119
49145  -31.575  -10.673  14.702 0.3000000119
104712  -31.659  -10.785  13.730 0.3000000119
119196  -31.214  -9.888  13.957 0.3000000119
47150  -38.430  -14.545  11.423 0.3000000119
47166  -37.637  -13.829  11.093 0.3000000119
119325  -28.377  -8.948  10.359 0.3000000119
47165  -36.980  -14.698  10.400 0.3000000119
118968  -29.862  -8.106  10.272 0.3000000119
104168  -27.447  -8.579  8.487 0.3000000119
46213  -34.979  -15.089  7.838 0.3000000119
48202  -34.848  -13.830  6.972 0.3000000119
49125  -35.073  -12.766  14.320 0.3000000119
48142  -36.284  -13.864  14.073 0.3000000119
112976  -39.524  -14.391  12.410 0.3000000119
47131  -39.627  -15.101  12.082 0.3000000119
49133  -32.824  -11.427  14.764 0.3000000119
49124  -34.181  -12.537  14.792 0.3000000119
49134  -34.695  -12.033  14.191 0.3000000119
118162  -36.869  -13.231  13.739 0.3000000119
48155  -38.809  -13.509  13.098 0.3000000119
125965  -39.292  -13.956  12.720 0.3000000119
47152  -39.562  -14.536  11.508 0.3000000119
50113  -33.494  -10.999  14.281 0.3000000119
49135  -35.561  -12.269  13.831 0.3000000119
123418  -39.321  -14.878  11.399 0.3000000119
118949  -30.094  -10.904  12.229 0.3000000119
50124  -31.601  -10.069  14.429 0.3000000119
50112  -32.401  -10.603  14.492 0.3000000119
47151  -39.541  -14.121  11.154 0.3000000119
48178  -38.916  -13.865  10.897 0.3000000119
121648  -30.999  -9.145  13.542 0.3000000119
115259  -37.788  -13.289  10.236 0.3000000119
104542  -30.344  -8.664  11.121 0.3000000119
126453  -30.551  -7.888  10.829 0.3000000119
104495  -31.350  -7.176  12.258 0.3000000119
47173  -36.591  -14.597  9.324 0.3000000119
48197  -36.863  -13.804  8.859 0.3000000119
126109  -35.904  -14.187  7.916 0.3000000119
113608  -35.641  -13.523  7.424 0.3000000119
48150  -37.885  -13.289  13.688 0.3000000119
49136  -36.443  -12.474  13.524 0.3000000119
49137  -37.454  -12.585  13.444 0.3000000119
49138  -38.339  -12.748  13.253 0.3000000119
48156  -39.600  -13.561  12.159 0.3000000119
125052  -34.077  -10.709  13.807 0.3000000119
50116  -36.038  -11.730  13.311 0.3000000119
109362  -39.680  -14.107  11.590 0.3000000119
104325  -31.673  -9.491  14.064 0.3000000119
51027  -33.379  -10.197  13.870 0.3000000119
47168  -39.965  -13.692  11.029 0.3000000119
49188  -40.220  -12.143  10.291 0.3000000119
48180  -40.182  -12.705  10.654 0.3000000119
104361  -31.918  -8.223  13.306 0.3000000119
104447  -32.088  -7.899  12.943 0.3000000119
49186  -38.247  -12.543  10.292 0.3000000119
119216  -31.912  -7.467  12.734 0.3000000119
47174  -37.292  -13.944  9.761 0.3000000119
104540  -31.890  -7.032  11.257 0.3000000119
119240  -31.994  -7.266  12.500 0.3000000119
48198  -37.570  -13.019  9.314 0.3000000119
47183  -36.364  -13.666  8.110 0.3000000119
49147  -39.052  -12.609  12.427 0.3000000119
51035  -35.150  -10.278  12.938 0.3000000119
50127  -37.573  -11.331  12.428 0.3000000119
48179  -40.080  -13.221  11.165 0.3000000119
51867  -33.076  -9.439  13.528 0.3000000119
51036  -37.055  -10.589  11.962 0.3000000119
50128  -38.726  -11.678  11.990 0.3000000119
49170  -40.266  -12.358  10.943 0.3000000119
52753  -33.147  -8.655  13.272 0.3000000119
51885  -33.706  -9.122  12.947 0.3000000119
51886  -34.550  -9.543  12.747 0.3000000119
104183  -32.567  -7.092  12.345 0.3000000119
53657  -34.242  -7.457  11.780 0.3000000119
124006  -38.735  -11.592  10.397 0.3000000119
104185  -31.905  -6.538  11.991 0.3000000119
105134  -32.557  -6.560  11.972 0.3000000119
49194  -38.015  -11.942  9.785 0.3000000119
48200  -36.949  -13.011  8.414 0.3000000119
49208  -36.328  -12.914  7.706 0.3000000119
49207  -35.597  -12.576  7.158 0.3000000119
50126  -36.533  -11.110  12.810 0.3000000119
112550  -36.038  -10.414  12.556 0.3000000119
50147  -38.207  -10.970  11.507 0.3000000119
50148  -39.405  -11.284  11.081 0.3000000119
52773  -33.554  -8.411  12.589 0.3000000119
51887  -35.529  -9.674  12.368 0.3000000119
51888  -36.462  -9.813  11.991 0.3000000119
50149  -40.165  -11.718  10.674 0.3000000119
53642  -34.253  -8.212  12.138 0.3000000119
50167  -40.049  -11.505  10.326 0.3000000119
119071  -32.050  -5.824  11.434 0.3000000119
104936  -33.481  -7.628  12.233 0.3000000119
52797  -34.924  -7.960  11.743 0.3000000119
104638  -32.159  -6.219  11.737 0.3000000119
54504  -33.456  -6.792  11.758 0.3000000119
123174  -34.853  -7.328  11.479 0.3000000119
50172  -38.172  -11.110  9.822 0.3000000119
49198  -37.475  -12.234  8.690 0.3000000119
49197  -36.851  -12.280  7.985 0.3000000119
109971  -36.227  -12.224  7.430 0.3000000119
126144  -37.217  -9.860  11.564 0.3000000119
51052  -37.864  -10.200  11.210 0.3000000119
51903  -36.024  -9.080  11.815 0.3000000119
51904  -36.926  -9.236  11.493 0.3000000119
51905  -37.971  -9.921  10.738 0.3000000119
55356  -32.888  -6.104  11.446 0.3000000119
52798  -35.702  -8.312  11.575 0.3000000119
54518  -33.866  -6.135  11.121 0.3000000119
54505  -34.415  -6.786  11.368 0.3000000119
121264  -35.484  -7.575  11.330 0.3000000119
52799  -36.551  -8.541  11.340 0.3000000119
50171  -37.855  -11.419  8.913 0.3000000119
50174  -37.345  -11.608  8.189 0.3000000119
50189  -36.626  -11.593  7.550 0.3000000119
106058  -34.714  -11.352  6.633 0.3000000119
51116  -35.218  -10.746  6.626 0.3000000119
50188  -35.648  -11.643  6.966 0.3000000119
51051  -37.644  -9.480  11.092 0.3000000119
55366  -32.002  -5.497  11.308 0.3000000119
51917  -37.860  -9.283  10.524 0.3000000119
51918  -37.985  -9.948  10.279 0.3000000119
54519  -34.774  -6.249  10.821 0.3000000119
54506  -35.187  -6.898  11.107 0.3000000119
120900  -36.887  -8.128  10.887 0.3000000119
51077  -38.046  -10.210  9.740 0.3000000119
51931  -38.168  -9.238  9.477 0.3000000119
50176  -38.068  -10.599  8.986 0.3000000119
51096  -37.837  -10.249  8.183 0.3000000119
50175  -37.702  -10.984  8.407 0.3000000119
51963  -37.174  -10.185  7.412 0.3000000119
51117  -36.489  -9.851  6.863 0.3000000119
51095  -36.293  -10.750  7.084 0.3000000119
56264  -32.529  -4.994  10.621 0.3000000119
55368  -34.273  -5.565  10.463 0.3000000119
53675  -36.676  -7.514  10.590 0.3000000119
52826  -37.506  -8.026  10.353 0.3000000119
52827  -37.898  -8.661  10.190 0.3000000119
54522  -37.223  -7.177  10.028 0.3000000119
52828  -38.261  -8.612  9.544 0.3000000119
51965  -38.447  -8.756  8.299 0.3000000119
51944  -38.465  -8.909  8.903 0.3000000119
51082  -38.194  -9.724  8.944 0.3000000119
51964  -37.992  -8.906  7.587 0.3000000119
122055  -37.726  -9.657  7.691 0.3000000119
51985  -37.258  -9.434  7.116 0.3000000119
51115  -34.101  -10.635  6.409 0.3000000119
117645  -33.245  -10.914  6.334 0.3000000119
56265  -33.585  -4.839  10.123 0.3000000119
55369  -35.218  -5.758  10.223 0.3000000119
54520  -35.597  -6.472  10.550 0.3000000119
54538  -36.041  -6.050  10.012 0.3000000119
54539  -36.892  -6.324  9.718 0.3000000119
53699  -38.036  -7.665  9.647 0.3000000119
52872  -38.863  -8.294  8.616 0.3000000119
52857  -38.748  -8.393  9.086 0.3000000119
106473  -35.725  -10.131  6.616 0.3000000119
51982  -34.880  -9.867  6.309 0.3000000119
51135  -33.940  -9.837  6.086 0.3000000119
26683  -27.694  -37.456  21.150 0.3000000119
27480  -28.716  -36.635  18.713 0.4000000060
27492  -27.791  -36.518  17.685 0.4000000060
27442  -28.557  -36.731  20.399 0.4000000060
28231  -28.594  -35.148  21.447 0.4000000060
43611  -36.994  -18.449  16.192 0.3000000119
107764  -34.033  -13.217  15.256 0.3000000119
47115  -37.796  -14.785  14.428 0.3000000119
118972  -30.165  -9.889  12.017 0.3000000119
119323  -31.093  -9.120  12.663 0.3000000119
104368  -28.529  -8.503  10.132 0.3000000119
122355  -28.001  -8.785  9.331 0.3000000119
119185  -29.028  -8.012  8.769 0.3000000119
48151  -39.078  -14.306  13.179 0.3000000119
25851  -27.714  -38.118  20.655 0.4000000060
122243  -27.703  -38.644  20.252 0.4000000060
25872  -28.288  -37.945  19.437 0.4000000060
26746  -28.359  -37.550  18.700 0.4000000060
108243  -27.093  -36.552  21.955 0.3000000119
27419  -28.183  -36.050  21.546 0.4000000060
108646  -34.766  -13.856  14.878 0.3000000119
48149  -35.917  -13.054  13.918 0.3000000119
48191  -38.349  -13.149  10.693 0.3000000119
50107  -33.799  -11.746  14.548 0.3000000119
50114  -34.353  -11.314  13.988 0.3000000119
51026  -32.293  -9.741  14.166 0.3000000119
50115  -35.173  -11.541  13.627 0.3000000119
51943  -30.459  -7.704  9.326 0.3000000119
49146  -38.125  -12.057  12.967 0.3000000119
51028  -34.784  -10.852  13.443 0.3000000119
50125  -35.614  -10.986  13.116 0.3000000119
50117  -37.065  -11.821  13.185 0.3000000119
51868  -33.836  -9.698  13.288 0.3000000119
49187  -39.496  -12.078  10.209 0.3000000119
104180  -32.656  -7.847  12.785 0.3000000119
50129  -39.693  -12.024  11.408 0.3000000119
114166  -34.231  -8.850  12.475 0.3000000119
51066  -38.545  -11.049  10.605 0.3000000119
104182  -31.988  -6.103  10.948 0.3000000119
52774  -35.022  -8.826  12.115 0.3000000119
51053  -38.484  -10.788  10.811 0.3000000119
107347  -38.015  -9.102  9.945 0.3000000119
53658  -36.220  -7.847  11.136 0.3000000119
50190  -37.239  -10.945  7.744 0.3000000119
53674  -35.921  -7.171  10.834 0.3000000119
54521  -36.380  -6.772  10.294 0.3000000119
53676  -38.069  -8.235  9.784 0.3000000119
54540  -37.861  -6.768  9.480 0.3000000119
54541  -38.594  -6.667  9.089 0.3000000119
114477  -27.314  -38.850  20.601 0.4000000060
24264  -20.697  -40.068  12.374 0.3000000119
24265  -21.589  -40.365  12.597 0.3000000119
25079  -19.988  -39.083  12.460 0.3000000119
24251  -22.161  -40.112  13.042 0.3000000119
29051  -27.395  -34.457  22.671 0.3000000119
30757  -27.611  -32.935  22.945 0.3000000119
25892  -27.516  -38.546  17.904 0.3000000119
25012  -27.466  -39.328  19.186 0.3000000119
25852  -28.104  -38.074  20.159 0.3000000119
26755  -27.325  -37.734  17.539 0.3000000119
25020  -27.382  -39.256  18.321 0.3000000119
30922  -27.518  -32.442  7.557 0.3000000119
23421  -21.458  -40.888  12.485 0.3000000119
24263  -19.676  -39.803  12.463 0.4000000060
25029  -27.059  -39.224  17.675 0.3000000119
25067  -21.095  -39.508  12.497 0.3000000119
25884  -27.881  -38.471  18.761 0.4000000060
25934  -21.379  -38.036  13.003 0.5000000000
25937  -32.328  -38.426  12.941 0.6999999881
25951  -31.739  -38.404  11.160 0.6000000238
26723  -28.580  -37.264  19.285 0.4000000060
26772  -21.997  -35.759  15.554 0.4000000060
26817  -30.926  -37.766  10.247 0.6000000238
26825  -25.832  -38.007  8.882 0.6999999881
27493  -28.413  -36.189  18.001 0.5000000000
28222  -27.471  -35.267  22.360 0.4000000060
28230  -28.069  -35.463  21.946 0.4000000060
28239  -29.332  -35.326  19.667 0.6000000238
28318  -21.070  -35.553  14.521 0.3000000119
28356  -26.870  -35.071  9.669 0.6999999881
28364  -23.888  -35.884  9.043 0.6999999881
29086  -29.552  -34.623  19.173 0.5000000000
29107  -29.228  -34.560  18.571 0.6000000238
29230  -23.409  -35.056  9.003 0.6999999881
29911  -24.008  -32.288  16.832 0.5000000000
29923  -23.992  -32.282  16.811 0.6000000238
29990  -22.739  -34.088  9.595 0.8000000119
30002  -22.998  -34.366  9.415 0.6999999881
30014  -23.234  -34.479  8.980 0.6999999881
30758  -28.931  -32.395  22.110 0.5000000000
30879  -21.320  -33.215  10.438 0.8000000119
30888  -20.822  -32.884  10.673 0.8000000119
30905  -24.843  -32.239  8.238 0.5000000000
30918  -23.393  -33.590  8.803 0.6999999881
30919  -24.331  -33.086  8.459 0.5000000000
31623  -28.227  -32.231  22.669 0.4000000060
31636  -30.442  -31.151  20.237 0.6000000238
31659  -25.982  -30.369  17.632 0.6000000238
31660  -26.371  -30.158  17.895 0.6000000238
31734  -20.389  -32.713  10.773 0.8000000119
31760  -25.650  -32.091  7.900 0.5000000000
32494  -19.184  -30.233  12.133 0.8999999762
32536  -19.928  -32.163  11.238 0.8000000119
33161  -31.091  -29.342  20.251 0.6000000238
33258  -19.145  -30.243  11.717 0.8999999762
33269  -25.405  -29.028  9.314 0.6000000238
33917  -33.633  -28.460  14.318 0.6999999881
33928  -20.502  -28.494  12.466 0.8000000119
33934  -18.978  -28.338  12.090 0.8999999762
33957  -18.997  -28.364  11.874 0.8999999762
34710  -32.944  -26.949  19.128 0.6999999881
34744  -34.869  -27.468  15.691 0.6999999881
34751  -34.652  -27.559  14.837 0.6999999881
34761  -19.763  -27.216  12.402 0.8000000119
34762  -20.406  -26.988  12.729 0.8000000119
34764  -22.403  -26.906  12.717 0.8000000119
34772  -19.307  -27.484  12.098 0.8999999762
34806  -19.253  -27.784  11.766 0.8999999762
35607  -30.765  -26.679  21.451 0.5000000000
35656  -34.798  -26.723  14.513 0.6999999881
35669  -20.924  -26.489  12.925 0.8000000119
35670  -22.141  -26.262  12.966 0.8000000119
35674  -26.175  -25.667  12.865 0.8000000119
35681  -19.860  -26.749  12.183 0.8999999762
35712  -21.604  -26.280  10.625 0.8000000119
36525  -29.866  -25.453  21.410 0.4000000060
36546  -32.772  -25.862  19.309 0.6000000238
36599  -20.913  -26.095  12.861 0.8000000119
36607  -34.906  -25.517  13.903 0.6999999881
36608  -35.289  -25.580  14.478 0.6999999881
36613  -21.920  -25.263  12.518 0.8000000119
36633  -20.128  -26.375  11.964 0.8000000119
36634  -20.716  -25.631  11.605 0.8000000119
36657  -21.179  -24.607  10.018 0.8000000119
37551  -30.285  -24.513  20.354 0.4000000060
37634  -24.822  -24.736  13.112 0.8000000119
37635  -25.674  -24.751  13.214 0.8000000119
37644  -23.802  -24.643  12.713 0.8000000119
37653  -33.066  -24.738  12.696 0.6999999881
37710  -21.480  -22.821  7.638 0.6000000238
37711  -22.060  -23.370  7.450 0.6000000238
38616  -32.134  -23.952  18.813 0.5000000000
38655  -38.287  -23.427  14.991 0.6000000238
38676  -35.684  -23.384  14.797 0.6999999881
38677  -38.293  -23.260  14.609 0.6000000238
38695  -27.571  -23.967  12.561 0.8000000119
38700  -32.226  -23.789  12.237 0.8000000119
38725  -26.637  -23.444  10.974 0.8000000119
38736  -22.686  -23.325  9.150 0.8000000119
38771  -21.626  -22.103  7.130 0.6999999881
39633  -36.133  -23.047  17.037 0.6999999881
39657  -35.646  -23.397  15.518 0.6999999881
39677  -37.818  -23.847  15.117 0.6000000238
39697  -35.863  -22.522  13.477 0.6999999881
39698  -35.814  -21.998  12.904 0.8000000119
39699  -38.288  -22.930  14.043 0.6000000238
39721  -28.616  -23.087  11.366 0.8000000119
39733  -26.453  -23.181  10.162 0.8000000119
39770  -21.826  -21.886  6.974 0.6000000238
40767  -36.384  -22.214  14.288 0.6999999881
40769  -38.999  -21.151  13.596 0.6000000238
40822  -30.418  -22.050  11.273 0.8000000119
40827  -35.302  -21.393  11.963 0.8000000119
40832  -28.593  -21.978  10.275 0.8000000119
40835  -31.369  -21.340  10.961 0.8000000119
40845  -27.545  -22.063  9.224 0.8000000119
40847  -29.290  -21.055  10.032 0.8000000119
40904  -24.477  -20.626  5.550 0.6000000238
40919  -24.919  -20.228  5.629 0.6000000238
40921  -26.202  -20.928  5.234 0.5000000000
41791  -39.223  -20.469  13.357 0.6000000238
41821  -36.157  -20.799  12.649 0.6999999881
41844  -33.873  -20.816  10.987 0.8000000119
41847  -35.968  -20.273  11.942 0.6999999881
41880  -30.193  -19.997  9.860 0.6999999881
41889  -28.631  -20.173  8.166 0.6999999881
41924  -24.836  -20.085  5.820 0.6000000238
42794  -39.283  -19.785  13.728 0.6000000238
42820  -39.110  -19.843  12.596 0.6000000238
42859  -32.189  -19.312  10.238 0.6000000238
42861  -34.380  -19.415  10.567 0.6999999881
42916  -26.183  -19.584  5.610 0.5000000000
42934  -25.884  -19.807  5.485 0.5000000000
42949  -25.616  -20.016  5.491 0.5000000000
43594  -34.652  -18.886  17.291 0.3000000119
43651  -36.792  -18.884  13.224 0.6999999881
43670  -39.228  -17.996  12.216 0.5000000000
43698  -34.577  -18.509  10.381 0.6000000238
43725  -27.620  -18.945  6.345 0.5000000000
44393  -33.751  -17.890  16.265 0.3000000119
44490  -32.025  -17.539  9.268 0.6000000238
45210  -32.108  -16.612  17.498 0.3000000119
45234  -36.262  -17.283  16.098 0.3000000119
45267  -36.922  -16.957  12.806 0.6000000238
45269  -38.901  -16.860  11.689 0.6000000238
45309  -34.973  -16.347  9.629 0.5000000000
46149  -35.187  -15.220  14.976 0.3000000119
46158  -39.541  -15.973  12.655 0.4000000060
46196  -36.805  -15.486  10.919 0.4000000060
47110  -32.334  -12.936  15.958 0.4000000060
47128  -29.821  -13.622  14.477 0.3000000119
47130  -38.899  -15.383  11.407 0.4000000060
47167  -39.714  -13.305  10.686 0.3000000119
47178  -35.619  -14.770  8.209 0.3000000119
48139  -32.251  -12.349  15.574 0.4000000060
48147  -30.446  -12.103  15.641 0.4000000060
49122  -32.155  -11.709  15.295 0.4000000060
49131  -30.712  -11.496  15.367 0.3000000119
49132  -31.877  -11.133  14.961 0.3000000119
49148  -39.780  -12.825  11.560 0.3000000119
49171  -40.309  -12.139  10.631 0.3000000119
49189  -40.308  -12.251  10.505 0.3000000119
50168  -40.320  -11.923  10.465 0.3000000119
51097  -38.172  -9.378  8.270 0.3000000119
52800  -37.417  -8.735  10.908 0.3000000119
53729  -30.861  -6.238  10.065 0.3000000119
55367  -33.231  -5.525  10.786 0.3000000119
103961  -38.238  -23.523  14.812 0.6000000238
103970  -36.934  -19.747  13.850 0.6999999881
104035  -30.012  -14.205  16.877 0.3000000119
104047  -26.952  -13.975  12.637 0.3000000119
104108  -31.081  -11.568  14.849 0.3000000119
104142  -31.647  -10.609  14.563 0.3000000119
104176  -30.947  -7.302  10.589 0.3000000119
104184  -32.170  -6.819  12.271 0.3000000119
104309  -27.848  -8.816  10.063 0.3000000119
104691  -32.232  -9.107  13.688 0.4000000060
104711  -36.612  -19.272  12.661 0.6999999881
104926  -38.161  -23.035  13.957 0.6000000238
105017  -31.832  -9.863  14.216 0.3000000119
105545  -29.877  -11.772  15.243 0.3000000119
105598  -38.181  -23.687  14.968 0.6000000238
106096  -39.158  -12.668  10.391 0.3000000119
106384  -38.765  -7.352  9.177 0.3000000119
106509  -26.578  -36.053  15.509 0.6000000238
107240  -23.553  -20.732  5.796 0.6000000238
109238  -32.794  -21.703  11.241 0.8000000119
110304  -20.394  -27.013  11.229 0.8000000119
110811  -25.178  -27.735  9.974 0.6999999881
110887  -31.151  -18.063  18.437 0.3000000119
110910  -39.970  -12.535  10.292 0.3000000119
111238  -36.164  -22.960  15.403 0.6999999881
111364  -26.887  -19.299  5.002 0.4000000060
111887  -31.060  -42.076  11.290 0.4000000060
112239  -18.856  -29.401  12.115 0.8999999762
112528  -34.324  -10.207  13.349 0.3000000119
112930  -36.585  -17.082  11.256 0.5000000000
113015  -23.922  -31.084  8.548 0.6000000238
113083  -39.454  -19.042  13.361 0.6000000238
113595  -37.075  -15.197  14.761 0.3000000119
113972  -29.958  -33.876  11.042 0.6999999881
114080  -29.076  -25.258  12.709 0.8000000119
114603  -24.801  -30.524  10.696 0.8000000119
114736  -31.281  -25.983  12.817 0.6999999881
115253  -21.477  -23.331  8.655 0.6999999881
115712  -38.626  -8.018  9.313 0.3000000119
116395  -33.601  -21.841  17.096 0.6000000238
116913  -39.548  -11.384  10.745 0.3000000119
117002  -38.590  -21.110  14.791 0.6000000238
117110  -38.524  -19.290  12.416 0.6999999881
117303  -35.436  -21.901  12.405 0.8000000119
118692  -18.894  -29.741  12.188 0.8999999762
118944  -29.977  -9.480  11.195 0.3000000119
118990  -36.652  -20.950  14.067 0.6999999881
119038  -31.534  -7.664  11.074 0.3000000119
119082  -31.891  -9.263  13.626 0.3000000119
119312  -30.887  -9.755  12.966 0.3000000119
119324  -30.652  -9.999  13.107 0.3000000119
119793  -29.679  -41.086  15.511 0.5000000000
120096  -21.413  -24.305  8.697 0.5000000000
120681  -21.068  -25.448  12.256 0.8000000119
120802  -29.157  -29.554  22.548 0.4000000060
121102  -27.846  -38.669  19.697 0.3000000119
121284  -39.049  -20.567  12.874 0.6000000238
121913  -31.950  -8.489  13.358 0.4000000060
122193  -29.343  -36.627  9.674 0.6999999881
122328  -26.313  -23.693  11.698 0.8000000119
122975  -36.606  -19.750  12.944 0.6999999881
123045  -27.769  -35.787  17.668 0.5000000000
123231  -38.732  -20.258  14.795 0.6000000238
123647  -22.031  -41.446  12.682 0.4000000060
123760  -25.828  -31.560  16.611 0.6000000238
124109  -19.836  -27.565  12.537 0.8000000119
124598  -38.406  -8.761  9.230 0.3000000119
124677  -29.340  -29.505  11.558 0.8000000119
124841  -25.374  -26.374  12.450 0.8000000119
126071  -34.738  -26.658  16.740 0.6999999881
126871  -26.813  -29.423  9.082 0.4000000060
126934  -20.890  -26.977  12.914 0.8000000119
127070  -29.797  -37.517  9.684 0.6999999881
127162  -33.439  -23.562  12.255 0.6999999881
