#!ascii label  , from subject sub-v2s12x28859_ses-1 vox2ras=TkReg
1059
81617  -46.581  15.262  1.675 0.0000000000
106387  -34.969  32.672  -3.942 0.0000000000
84040  -35.134  20.167  1.333 0.0000000000
83496  -41.810  20.467  -8.574 0.0000000000
91009  -40.140  33.264  -2.646 0.0000000000
86950  -40.236  25.693  -2.168 0.0000000000
87541  -40.506  25.836  -6.354 0.0000000000
105500  -37.525  19.542  -7.414 0.0000000000
100833  -38.857  13.960  3.683 0.0000000000
101205  -42.532  18.324  3.404 0.0000000000
93159  -31.918  39.178  0.925 0.0000000000
111556  -35.235  41.204  -4.631 0.0000000000
91046  -37.943  33.831  -9.195 0.0000000000
83413  -42.583  20.090  1.178 0.0000000000
87468  -34.965  25.985  0.539 0.0000000000
108014  -38.766  19.700  -3.055 0.0000000000
82272  -46.082  16.754  -4.086 0.0000000000
100307  -40.638  16.525  -5.409 0.0000000000
101240  -34.734  16.393  -3.823 0.0000000000
81010  -44.698  15.114  1.122 0.0000000000
90115  -40.842  31.634  -4.647 0.0000000000
89145  -41.818  29.109  -2.397 0.0000000000
119691  -38.446  28.348  -4.235 0.0000000000
87002  -37.917  25.496  -7.555 0.0000000000
100318  -40.119  15.839  3.410 0.0000000000
82788  -39.856  18.346  3.593 0.0000000000
91386  -30.669  34.776  0.631 0.0000000000
92326  -35.281  36.475  -7.233 0.0000000000
84650  -41.136  22.321  3.612 0.0000000000
83401  -38.926  19.833  1.994 0.0000000000
104756  -32.420  32.780  -2.760 0.0000000000
88632  -34.938  28.331  -1.769 0.0000000000
85860  -40.098  23.414  -5.584 0.0000000000
85843  -38.358  23.383  -3.794 0.0000000000
83484  -40.352  19.438  -5.609 0.0000000000
101960  -42.489  18.440  -4.104 0.0000000000
82880  -44.782  17.264  -7.282 0.0000000000
81707  -44.307  15.839  -6.247 0.0000000000
81727  -42.411  16.512  -8.452 0.0000000000
81713  -36.027  16.747  -6.769 0.0000000000
90600  -38.374  33.569  -2.822 0.0000000000
89133  -37.951  29.291  -1.595 0.0000000000
89127  -41.232  29.463  -0.119 0.0000000000
86977  -43.096  26.020  -4.511 0.0000000000
85887  -41.138  23.162  -8.553 0.0000000000
83505  -40.528  19.787  -9.387 0.0000000000
85351  -38.623  22.323  -8.663 0.0000000000
85338  -36.654  22.495  -7.267 0.0000000000
100290  -41.023  12.481  4.701 0.0000000000
116321  -43.600  14.700  4.658 0.0000000000
81603  -44.528  16.534  3.799 0.0000000000
90985  -36.003  33.619  2.047 0.0000000000
91821  -35.366  35.391  1.449 0.0000000000
92738  -33.834  37.818  -0.580 0.0000000000
92748  -36.172  38.081  -2.611 0.0000000000
91863  -37.690  36.296  -4.013 0.0000000000
91454  -38.863  34.095  -5.688 0.0000000000
90612  -41.311  32.505  -7.753 0.0000000000
91055  -41.038  32.619  -9.945 0.0000000000
84637  -42.546  22.361  5.032 0.0000000000
83394  -43.788  20.472  3.385 0.0000000000
82800  -44.726  18.639  1.503 0.0000000000
85274  -34.319  22.582  0.279 0.0000000000
86925  -37.338  25.698  -0.054 0.0000000000
85301  -36.433  22.546  -1.582 0.0000000000
84065  -37.165  20.079  -0.772 0.0000000000
82814  -40.490  18.699  -1.024 0.0000000000
82828  -43.758  18.499  -1.644 0.0000000000
82260  -46.793  15.779  -1.426 0.0000000000
115697  -44.465  15.485  -2.149 0.0000000000
81062  -41.580  16.035  -2.391 0.0000000000
81642  -38.673  16.036  -1.805 0.0000000000
81724  -38.266  17.214  -7.461 0.0000000000
81688  -37.771  16.587  -4.502 0.0000000000
105336  -35.931  15.666  -1.151 0.0000000000
80987  -46.392  14.713  3.396 0.0000000000
80418  -46.516  14.043  2.519 0.0000000000
80997  -46.249  14.633  1.665 0.0000000000
90114  -40.082  31.265  -4.847 0.0000000000
89157  -39.508  30.038  -3.867 0.0000000000
89156  -38.414  29.834  -4.341 0.0000000000
88082  -37.770  28.022  -4.775 0.0000000000
83399  -37.136  19.695  2.094 0.0000000000
91013  -33.639  33.451  -3.554 0.0000000000
84740  -40.642  21.729  -7.217 0.0000000000
84739  -39.967  21.787  -6.340 0.0000000000
83490  -41.151  19.706  -7.483 0.0000000000
82871  -42.281  18.625  -6.326 0.0000000000
107771  -42.883  18.363  -8.397 0.0000000000
82299  -43.889  16.975  -8.892 0.0000000000
83508  -42.469  18.407  -9.448 0.0000000000
90593  -39.261  33.273  -2.473 0.0000000000
90082  -39.577  31.691  -1.791 0.0000000000
90084  -41.090  31.426  -1.531 0.0000000000
88085  -41.160  27.134  -4.082 0.0000000000
88070  -42.956  27.156  -3.220 0.0000000000
87519  -42.725  26.055  -4.893 0.0000000000
85872  -41.555  24.643  -6.336 0.0000000000
87005  -41.042  24.676  -7.339 0.0000000000
85901  -40.352  23.203  -8.838 0.0000000000
86455  -39.419  24.542  -8.104 0.0000000000
85899  -36.994  23.908  -8.306 0.0000000000
81601  -41.680  16.708  3.393 0.0000000000
80983  -41.786  14.980  3.970 0.0000000000
100178  -42.723  16.824  3.570 0.0000000000
80985  -44.471  15.714  4.337 0.0000000000
101559  -43.657  17.164  3.551 0.0000000000
110900  -31.364  36.647  0.772 0.0000000000
91802  -33.740  35.630  1.866 0.0000000000
92254  -34.476  37.308  2.216 0.0000000000
102204  -35.219  37.169  1.808 0.0000000000
93161  -34.685  38.728  1.808 0.0000000000
94126  -34.787  42.339  -2.970 0.0000000000
93181  -35.463  40.210  -1.269 0.0000000000
93198  -35.572  39.653  -3.112 0.0000000000
92761  -37.329  37.356  -3.020 0.0000000000
92778  -35.396  37.670  -4.758 0.0000000000
101446  -36.317  34.751  -8.870 0.0000000000
91451  -36.205  34.728  -6.602 0.0000000000
91040  -38.011  33.877  -8.068 0.0000000000
91030  -40.125  33.501  -6.906 0.0000000000
91041  -39.149  33.606  -8.447 0.0000000000
90616  -41.378  32.356  -8.459 0.0000000000
91048  -40.064  33.194  -9.756 0.0000000000
84605  -39.053  22.176  7.521 0.0000000000
83957  -41.184  21.448  8.690 0.0000000000
85212  -41.030  23.084  7.327 0.0000000000
84620  -41.553  22.058  6.189 0.0000000000
85227  -41.651  23.386  6.187 0.0000000000
84034  -41.845  21.250  2.299 0.0000000000
84652  -42.853  22.317  3.456 0.0000000000
84036  -43.573  21.054  2.611 0.0000000000
83415  -44.348  19.619  1.964 0.0000000000
83429  -44.099  19.655  1.290 0.0000000000
86919  -33.433  25.570  0.637 0.0000000000
85799  -33.298  23.404  1.020 0.0000000000
110221  -34.263  24.239  0.609 0.0000000000
107880  -39.423  27.516  0.343 0.0000000000
108945  -37.857  27.658  -0.133 0.0000000000
86934  -38.695  25.811  -0.902 0.0000000000
117964  -38.284  21.067  -3.829 0.0000000000
85315  -37.474  22.740  -2.926 0.0000000000
112742  -37.452  21.378  -2.612 0.0000000000
84703  -36.402  21.684  -1.409 0.0000000000
83451  -37.986  19.822  -1.929 0.0000000000
83438  -38.787  19.236  -0.785 0.0000000000
83464  -39.219  19.101  -1.909 0.0000000000
82853  -43.604  18.234  -4.027 0.0000000000
82839  -43.206  18.425  -2.411 0.0000000000
82840  -44.328  18.225  -2.642 0.0000000000
82829  -45.193  18.078  -1.347 0.0000000000
82267  -46.535  16.108  -2.500 0.0000000000
81053  -46.764  14.906  -1.992 0.0000000000
81677  -46.241  15.492  -3.545 0.0000000000
100306  -41.983  16.346  -5.568 0.0000000000
81675  -42.573  16.029  -4.120 0.0000000000
81674  -41.270  16.222  -3.956 0.0000000000
81643  -39.662  16.128  -1.967 0.0000000000
81673  -39.476  16.461  -3.783 0.0000000000
83500  -38.875  19.440  -8.496 0.0000000000
82303  -39.062  17.547  -8.461 0.0000000000
82884  -37.505  17.805  -7.753 0.0000000000
100312  -35.670  16.441  -5.332 0.0000000000
81702  -36.602  16.649  -6.351 0.0000000000
81671  -36.279  16.499  -4.307 0.0000000000
81657  -36.356  16.438  -3.088 0.0000000000
103475  -35.752  16.217  -2.109 0.0000000000
81043  -35.088  15.376  -0.746 0.0000000000
103068  -44.821  12.726  4.596 0.0000000000
81009  -43.294  15.434  0.473 0.0000000000
90602  -40.938  32.415  -3.952 0.0000000000
90109  -41.523  31.117  -2.747 0.0000000000
89603  -40.878  30.313  -3.329 0.0000000000
88647  -39.901  28.565  -3.388 0.0000000000
87516  -39.233  27.024  -5.001 0.0000000000
87540  -39.304  26.131  -6.403 0.0000000000
87528  -38.608  26.699  -5.777 0.0000000000
100323  -40.147  14.721  3.688 0.0000000000
100319  -39.108  16.246  3.350 0.0000000000
82789  -40.803  18.692  3.492 0.0000000000
92717  -29.363  37.868  -0.050 0.0000000000
93215  -35.289  39.240  -5.752 0.0000000000
91903  -37.183  35.643  -10.260 0.0000000000
91472  -37.852  35.147  -10.815 0.0000000000
85245  -40.604  23.259  5.253 0.0000000000
84032  -39.666  20.541  2.462 0.0000000000
83411  -40.441  19.700  1.285 0.0000000000
88044  -34.534  27.196  -0.620 0.0000000000
86423  -40.569  24.472  -4.379 0.0000000000
100213  -39.144  24.573  -3.164 0.0000000000
85323  -39.071  23.106  -5.022 0.0000000000
84725  -39.013  21.299  -5.040 0.0000000000
83477  -39.420  19.726  -4.323 0.0000000000
82851  -40.747  18.684  -3.473 0.0000000000
101549  -41.099  18.812  -5.194 0.0000000000
82863  -43.597  18.150  -5.096 0.0000000000
82278  -45.599  16.926  -5.734 0.0000000000
81694  -45.811  15.809  -5.121 0.0000000000
81720  -45.262  16.175  -6.997 0.0000000000
81706  -43.273  16.014  -6.654 0.0000000000
100617  -41.736  16.485  -6.475 0.0000000000
82876  -36.268  17.538  -6.977 0.0000000000
84038  -33.529  20.589  1.703 0.0000000000
115668  -36.642  32.487  -3.492 0.0000000000
89593  -36.197  30.324  -3.044 0.0000000000
89594  -37.845  30.934  -2.499 0.0000000000
89125  -39.666  29.120  -0.348 0.0000000000
87481  -40.951  27.485  -0.363 0.0000000000
89136  -41.917  29.972  -1.368 0.0000000000
115043  -42.441  27.709  -1.473 0.0000000000
86967  -42.264  25.608  -3.454 0.0000000000
86424  -41.752  24.980  -4.779 0.0000000000
110730  -41.249  23.200  -7.032 0.0000000000
84747  -41.424  21.856  -8.898 0.0000000000
84121  -41.899  19.985  -9.462 0.0000000000
84763  -41.024  21.275  -9.518 0.0000000000
84112  -39.656  20.992  -9.124 0.0000000000
84109  -38.259  20.972  -8.142 0.0000000000
86462  -37.835  23.972  -8.571 0.0000000000
85339  -37.314  22.455  -7.875 0.0000000000
80403  -41.162  14.383  4.070 0.0000000000
115489  -42.223  13.575  4.770 0.0000000000
79761  -44.126  13.412  4.985 0.0000000000
107922  -45.081  14.462  4.760 0.0000000000
80986  -45.519  15.589  3.939 0.0000000000
81610  -46.079  15.769  2.605 0.0000000000
90577  -34.924  33.072  0.670 0.0000000000
91380  -35.673  34.927  1.859 0.0000000000
91002  -34.140  33.632  0.102 0.0000000000
91410  -32.942  34.838  -1.181 0.0000000000
91841  -33.213  35.629  -2.125 0.0000000000
118325  -33.722  35.646  -2.794 0.0000000000
93595  -32.392  40.773  0.572 0.0000000000
93606  -34.646  40.367  0.683 0.0000000000
92739  -34.468  38.557  -1.164 0.0000000000
91852  -35.418  35.909  -3.092 0.0000000000
91854  -37.526  36.149  -2.785 0.0000000000
91855  -38.222  35.655  -3.048 0.0000000000
91856  -38.620  35.235  -3.318 0.0000000000
108279  -35.443  35.830  -5.869 0.0000000000
91439  -37.916  35.001  -4.929 0.0000000000
91441  -39.642  34.010  -4.243 0.0000000000
91025  -40.725  33.035  -5.269 0.0000000000
90607  -41.072  32.509  -5.984 0.0000000000
90145  -40.630  31.648  -7.643 0.0000000000
90158  -41.268  31.845  -8.737 0.0000000000
91057  -39.261  33.796  -11.324 0.0000000000
83378  -40.644  19.853  4.390 0.0000000000
83392  -42.094  20.011  3.807 0.0000000000
85247  -42.243  23.233  4.702 0.0000000000
84020  -43.420  21.130  3.939 0.0000000000
82791  -43.304  19.112  3.433 0.0000000000
82793  -44.207  18.534  2.867 0.0000000000
82229  -44.766  17.618  2.664 0.0000000000
82238  -46.144  16.452  1.342 0.0000000000
84053  -34.605  20.617  0.853 0.0000000000
88644  -35.979  29.018  -2.308 0.0000000000
88046  -36.078  27.613  -0.827 0.0000000000
86922  -36.307  25.681  0.409 0.0000000000
86405  -37.871  24.364  -2.249 0.0000000000
86393  -36.659  24.284  -1.216 0.0000000000
116610  -35.661  24.364  -0.296 0.0000000000
85288  -35.064  22.494  -0.394 0.0000000000
84689  -35.345  21.433  -0.337 0.0000000000
84055  -36.204  20.163  0.286 0.0000000000
109112  -37.677  19.554  0.429 0.0000000000
83425  -39.721  19.265  0.575 0.0000000000
83427  -41.826  19.438  0.553 0.0000000000
105674  -41.506  18.542  -2.272 0.0000000000
82816  -42.482  18.702  -0.787 0.0000000000
83442  -43.061  19.089  -0.117 0.0000000000
82819  -44.901  18.407  -0.284 0.0000000000
82244  -45.626  17.562  0.129 0.0000000000
81624  -46.953  15.180  0.668 0.0000000000
81030  -46.408  14.929  -0.689 0.0000000000
81029  -44.208  15.510  -0.521 0.0000000000
81028  -42.655  15.652  -0.477 0.0000000000
99925  -44.149  15.726  -4.343 0.0000000000
99940  -42.574  15.846  -2.169 0.0000000000
101538  -40.992  15.711  -0.791 0.0000000000
81047  -40.135  15.830  -1.210 0.0000000000
81046  -38.595  15.501  -0.887 0.0000000000
82892  -40.832  17.872  -9.359 0.0000000000
114778  -40.073  17.034  -7.957 0.0000000000
81716  -39.377  17.034  -6.750 0.0000000000
99846  -36.662  16.836  -6.986 0.0000000000
100309  -37.518  16.705  -5.650 0.0000000000
100311  -38.674  16.546  -4.126 0.0000000000
101239  -38.035  16.475  -3.512 0.0000000000
119709  -37.300  15.869  -1.516 0.0000000000
80990  -46.529  14.898  2.564 0.0000000000
101570  -46.657  14.099  2.788 0.0000000000
80998  -46.313  14.580  1.982 0.0000000000
90123  -39.270  31.232  -5.255 0.0000000000
89606  -39.081  30.648  -4.577 0.0000000000
89611  -37.968  30.417  -4.826 0.0000000000
83398  -36.290  19.858  2.192 0.0000000000
83406  -35.839  19.963  1.605 0.0000000000
91014  -34.599  33.494  -3.843 0.0000000000
106995  -34.419  31.956  -3.815 0.0000000000
90105  -35.383  31.911  -3.767 0.0000000000
84105  -40.999  20.884  -7.713 0.0000000000
82878  -42.220  18.892  -7.476 0.0000000000
83497  -42.330  19.435  -8.690 0.0000000000
82886  -42.863  18.454  -9.079 0.0000000000
83502  -42.291  19.335  -9.377 0.0000000000
91008  -39.734  33.416  -2.494 0.0000000000
90095  -40.005  32.366  -1.833 0.0000000000
90594  -40.219  32.775  -2.244 0.0000000000
87517  -40.561  26.726  -4.910 0.0000000000
87518  -41.989  26.440  -4.838 0.0000000000
87530  -41.487  26.084  -5.641 0.0000000000
86985  -41.353  25.566  -6.185 0.0000000000
86994  -40.780  25.313  -6.851 0.0000000000
86456  -40.545  24.336  -8.028 0.0000000000
87004  -40.110  24.954  -7.487 0.0000000000
120820  -39.404  13.400  3.945 0.0000000000
82227  -42.020  17.537  3.347 0.0000000000
82228  -42.904  17.623  3.470 0.0000000000
92719  -31.461  38.263  0.750 0.0000000000
92261  -32.626  37.173  1.473 0.0000000000
92720  -33.201  38.205  1.697 0.0000000000
92712  -34.741  38.328  2.089 0.0000000000
93150  -33.408  39.116  1.714 0.0000000000
93654  -34.928  42.257  -4.647 0.0000000000
110853  -34.677  42.365  -4.314 0.0000000000
93645  -34.909  42.252  -3.665 0.0000000000
93646  -35.375  40.820  -2.812 0.0000000000
93655  -35.225  41.061  -3.799 0.0000000000
92768  -35.423  39.149  -4.116 0.0000000000
91470  -36.991  34.390  -9.527 0.0000000000
91467  -37.007  34.201  -8.569 0.0000000000
91047  -39.026  33.507  -9.436 0.0000000000
119311  -38.304  33.708  -9.861 0.0000000000
84619  -38.594  22.410  6.792 0.0000000000
85210  -39.471  22.862  7.128 0.0000000000
84606  -40.070  22.522  7.754 0.0000000000
85211  -40.425  23.131  7.277 0.0000000000
85226  -40.935  23.458  6.676 0.0000000000
84043  -42.236  20.691  1.749 0.0000000000
84035  -42.881  21.310  2.388 0.0000000000
84044  -43.242  20.650  1.888 0.0000000000
83414  -43.931  20.329  2.064 0.0000000000
100676  -43.498  20.002  1.257 0.0000000000
87475  -34.338  26.520  -0.012 0.0000000000
86920  -34.345  25.413  0.700 0.0000000000
86370  -33.792  24.876  0.947 0.0000000000
86371  -34.556  24.864  0.706 0.0000000000
87480  -39.835  27.069  -0.003 0.0000000000
86927  -39.046  26.471  -0.247 0.0000000000
86935  -39.737  26.241  -1.088 0.0000000000
84089  -38.441  20.380  -3.467 0.0000000000
84088  -37.896  21.033  -3.140 0.0000000000
83463  -38.162  20.115  -2.724 0.0000000000
84082  -37.613  20.613  -2.292 0.0000000000
109781  -38.654  19.505  -2.297 0.0000000000
111909  -39.341  19.175  -2.597 0.0000000000
82865  -45.560  17.297  -4.602 0.0000000000
82854  -44.596  17.963  -3.812 0.0000000000
82855  -45.388  17.616  -3.441 0.0000000000
82266  -46.034  17.051  -3.000 0.0000000000
82273  -46.384  16.119  -3.469 0.0000000000
81695  -46.179  15.841  -4.374 0.0000000000
81690  -41.234  16.324  -4.761 0.0000000000
100310  -40.360  16.408  -4.320 0.0000000000
101237  -40.230  16.338  -3.417 0.0000000000
83494  -38.057  18.712  -7.946 0.0000000000
100177  -34.576  16.272  -5.423 0.0000000000
81670  -35.549  16.451  -4.183 0.0000000000
120865  -35.476  16.447  -3.049 0.0000000000
81656  -34.888  16.335  -2.493 0.0000000000
81655  -34.039  16.366  -3.179 0.0000000000
79762  -45.263  13.328  4.679 0.0000000000
107148  -43.165  15.031  1.364 0.0000000000
90116  -41.111  31.821  -4.058 0.0000000000
89608  -41.170  31.257  -3.628 0.0000000000
89151  -38.916  29.020  -3.812 0.0000000000
89152  -39.919  29.435  -3.448 0.0000000000
88067  -39.195  28.061  -3.809 0.0000000000
88084  -39.728  27.411  -4.206 0.0000000000
88083  -38.697  27.692  -4.462 0.0000000000
88100  -38.302  27.328  -5.087 0.0000000000
88099  -37.589  27.279  -5.650 0.0000000000
81598  -38.197  16.555  3.474 0.0000000000
100858  -40.548  17.856  3.263 0.0000000000
83390  -40.199  19.140  3.912 0.0000000000
92259  -29.342  36.984  0.119 0.0000000000
92344  -37.075  37.256  -9.686 0.0000000000
111613  -38.019  36.497  -10.793 0.0000000000
92355  -38.140  37.664  -10.746 0.0000000000
84031  -38.694  20.270  2.642 0.0000000000
84041  -40.138  20.206  1.917 0.0000000000
119116  -39.516  20.006  1.979 0.0000000000
120715  -32.042  32.432  -2.335 0.0000000000
88057  -34.708  27.777  -1.244 0.0000000000
85852  -39.735  23.807  -4.773 0.0000000000
83483  -39.950  20.222  -5.911 0.0000000000
84101  -39.574  21.098  -5.765 0.0000000000
84095  -39.376  20.425  -5.061 0.0000000000
103946  -39.777  19.784  -5.124 0.0000000000
82861  -40.179  19.241  -4.704 0.0000000000
82879  -43.669  18.019  -7.729 0.0000000000
82872  -43.671  18.120  -6.299 0.0000000000
82873  -44.850  17.497  -6.100 0.0000000000
82284  -45.361  16.622  -6.751 0.0000000000
82292  -45.035  16.520  -7.617 0.0000000000
81734  -43.119  16.616  -9.033 0.0000000000
81728  -43.698  16.382  -8.522 0.0000000000
81717  -42.823  16.218  -7.615 0.0000000000
102880  -41.435  16.686  -7.444 0.0000000000
90599  -37.107  33.148  -3.373 0.0000000000
90107  -37.350  32.321  -3.210 0.0000000000
90093  -37.803  31.694  -2.802 0.0000000000
89586  -39.895  30.835  -1.284 0.0000000000
89135  -40.267  29.992  -0.644 0.0000000000
89126  -40.604  29.299  0.000 0.0000000000
88623  -40.927  28.764  0.309 0.0000000000
88050  -41.359  28.226  -0.062 0.0000000000
89146  -41.953  29.997  -2.206 0.0000000000
89596  -41.758  30.641  -2.086 0.0000000000
105549  -42.188  29.377  -1.765 0.0000000000
87504  -43.185  26.450  -3.662 0.0000000000
88071  -43.177  26.928  -2.959 0.0000000000
86969  -43.237  26.428  -3.252 0.0000000000
87493  -42.625  26.570  -2.370 0.0000000000
86952  -42.717  25.981  -2.858 0.0000000000
86415  -42.648  25.596  -4.335 0.0000000000
86444  -41.384  24.333  -7.071 0.0000000000
85871  -41.454  23.948  -6.593 0.0000000000
85886  -41.309  23.478  -7.653 0.0000000000
85341  -41.237  22.602  -7.605 0.0000000000
85342  -41.283  22.603  -8.423 0.0000000000
84754  -41.230  21.775  -9.252 0.0000000000
85354  -41.223  22.432  -8.981 0.0000000000
105204  -39.421  22.828  -8.910 0.0000000000
109049  -39.617  22.166  -9.097 0.0000000000
84752  -38.992  21.485  -8.764 0.0000000000
86992  -38.657  25.821  -6.966 0.0000000000
87003  -38.992  25.196  -7.562 0.0000000000
86454  -38.168  24.719  -8.213 0.0000000000
85884  -36.705  23.246  -7.833 0.0000000000
85885  -37.507  23.259  -8.375 0.0000000000
80982  -40.882  15.115  3.714 0.0000000000
80976  -42.761  14.849  4.390 0.0000000000
80390  -42.067  14.242  4.473 0.0000000000
80391  -43.103  14.003  4.877 0.0000000000
80392  -44.201  14.248  4.907 0.0000000000
81605  -46.022  15.518  3.188 0.0000000000
81604  -45.294  16.514  3.184 0.0000000000
90976  -36.144  33.009  2.135 0.0000000000
90060  -35.846  32.140  1.764 0.0000000000
90564  -36.117  32.866  1.933 0.0000000000
90067  -34.323  32.153  0.675 0.0000000000
90994  -35.783  33.464  1.564 0.0000000000
90992  -30.934  33.901  0.925 0.0000000000
91387  -31.697  34.636  1.144 0.0000000000
91803  -34.864  36.005  2.310 0.0000000000
91812  -35.664  35.472  1.989 0.0000000000
91389  -35.675  34.770  1.626 0.0000000000
114670  -34.787  34.560  0.614 0.0000000000
91402  -33.207  34.223  -0.739 0.0000000000
91820  -33.781  35.302  0.007 0.0000000000
92270  -33.651  37.066  0.029 0.0000000000
114283  -33.465  36.128  -0.298 0.0000000000
91831  -33.302  36.289  -1.230 0.0000000000
91414  -33.296  34.942  -2.833 0.0000000000
109124  -33.748  36.493  -2.172 0.0000000000
94051  -34.194  40.708  1.092 0.0000000000
94507  -34.284  41.780  0.046 0.0000000000
93187  -35.492  39.161  -1.797 0.0000000000
92747  -35.261  38.131  -2.064 0.0000000000
92283  -34.746  37.185  -2.381 0.0000000000
92284  -35.938  37.604  -2.456 0.0000000000
91853  -36.399  35.731  -2.928 0.0000000000
92285  -36.809  37.281  -2.646 0.0000000000
92770  -37.219  37.225  -3.335 0.0000000000
91843  -37.724  36.710  -3.113 0.0000000000
92302  -37.780  36.681  -3.262 0.0000000000
109684  -38.727  34.843  -2.987 0.0000000000
91864  -38.146  36.069  -3.361 0.0000000000
92792  -35.303  37.615  -6.890 0.0000000000
92310  -35.093  37.354  -5.570 0.0000000000
92320  -35.002  36.683  -6.189 0.0000000000
91452  -37.022  34.354  -6.705 0.0000000000
102627  -36.953  34.735  -5.812 0.0000000000
91453  -37.997  34.320  -5.924 0.0000000000
103136  -38.605  34.539  -4.888 0.0000000000
91440  -39.248  34.031  -5.003 0.0000000000
102192  -40.201  33.477  -4.551 0.0000000000
91023  -39.667  33.693  -5.961 0.0000000000
91036  -41.035  33.076  -7.340 0.0000000000
91031  -40.781  33.141  -6.271 0.0000000000
90609  -41.192  32.546  -6.937 0.0000000000
90136  -41.154  32.001  -6.424 0.0000000000
90146  -41.191  31.958  -7.296 0.0000000000
91049  -41.112  32.797  -8.972 0.0000000000
90618  -41.446  32.170  -9.205 0.0000000000
90168  -40.903  31.571  -8.984 0.0000000000
91473  -38.452  34.300  -11.047 0.0000000000
83981  -40.157  20.223  6.068 0.0000000000
83993  -41.749  21.699  5.362 0.0000000000
84002  -41.127  20.647  4.844 0.0000000000
84003  -41.992  21.347  4.698 0.0000000000
83379  -41.521  20.368  4.285 0.0000000000
85252  -40.893  22.857  4.409 0.0000000000
85246  -41.613  23.478  4.992 0.0000000000
85253  -41.826  22.990  4.233 0.0000000000
84021  -43.535  21.342  3.360 0.0000000000
84653  -43.277  22.054  3.603 0.0000000000
83393  -43.189  20.109  3.700 0.0000000000
82792  -43.863  18.854  3.165 0.0000000000
83403  -44.127  19.679  2.866 0.0000000000
82795  -44.483  18.690  2.315 0.0000000000
82231  -45.121  17.659  1.869 0.0000000000
82237  -45.413  17.645  1.013 0.0000000000
85800  -33.962  23.411  0.623 0.0000000000
84676  -34.237  21.240  0.604 0.0000000000
118654  -37.263  29.595  -2.180 0.0000000000
89143  -36.467  29.575  -2.494 0.0000000000
89132  -36.872  28.850  -1.812 0.0000000000
88047  -37.660  27.090  0.327 0.0000000000
116894  -36.918  27.314  -0.130 0.0000000000
118283  -36.923  26.853  0.283 0.0000000000
86923  -36.593  26.330  0.397 0.0000000000
117985  -36.892  25.845  0.290 0.0000000000
85835  -38.362  24.012  -3.083 0.0000000000
86406  -38.688  24.796  -2.486 0.0000000000
85309  -36.958  22.910  -2.229 0.0000000000
85827  -37.127  23.879  -1.923 0.0000000000
85826  -36.496  23.402  -1.505 0.0000000000
86377  -36.281  24.667  -0.458 0.0000000000
85811  -35.995  23.889  -0.893 0.0000000000
85810  -35.321  23.613  -0.444 0.0000000000
85300  -35.842  22.891  -1.074 0.0000000000
84076  -36.728  20.763  -1.180 0.0000000000
84690  -36.065  21.115  -0.779 0.0000000000
84064  -36.479  20.417  -0.452 0.0000000000
84063  -35.715  20.679  -0.099 0.0000000000
83436  -36.962  19.877  -0.047 0.0000000000
83423  -36.746  19.783  0.705 0.0000000000
115977  -37.578  19.673  -0.340 0.0000000000
83453  -39.477  18.952  -1.159 0.0000000000
109471  -39.118  19.150  -0.134 0.0000000000
83439  -39.984  18.974  -0.273 0.0000000000
83426  -40.765  19.296  0.562 0.0000000000
83440  -41.105  18.914  -0.161 0.0000000000
82837  -40.813  18.626  -2.585 0.0000000000
82852  -41.668  18.533  -3.141 0.0000000000
82827  -42.826  18.541  -1.540 0.0000000000
82817  -43.444  18.747  -0.734 0.0000000000
117715  -44.085  18.942  -0.181 0.0000000000
82818  -44.329  18.567  -0.973 0.0000000000
82253  -45.890  17.313  -0.860 0.0000000000
82254  -46.552  16.270  -0.377 0.0000000000
82245  -46.358  16.422  0.476 0.0000000000
81630  -47.103  15.088  -0.647 0.0000000000
81031  -47.051  14.913  -0.125 0.0000000000
110843  -46.942  14.921  -1.278 0.0000000000
81065  -45.878  15.091  -2.362 0.0000000000
81052  -46.591  14.870  -1.663 0.0000000000
81051  -45.118  15.308  -1.465 0.0000000000
100259  -43.396  15.698  -1.485 0.0000000000
81693  -45.216  15.703  -5.659 0.0000000000
109021  -45.517  15.561  -4.749 0.0000000000
81661  -41.766  16.146  -3.329 0.0000000000
81063  -42.814  15.861  -3.186 0.0000000000
81049  -41.919  15.822  -1.318 0.0000000000
81048  -40.983  15.924  -1.576 0.0000000000
108008  -39.281  15.780  -1.281 0.0000000000
81045  -37.766  15.640  -1.166 0.0000000000
83506  -41.545  19.505  -9.585 0.0000000000
82897  -41.661  18.567  -9.663 0.0000000000
82896  -40.652  18.770  -9.386 0.0000000000
82296  -38.441  17.353  -7.898 0.0000000000
82297  -39.359  17.200  -8.081 0.0000000000
81725  -39.247  17.124  -7.510 0.0000000000
99860  -40.230  16.994  -7.445 0.0000000000
81715  -38.573  17.113  -7.043 0.0000000000
82289  -36.358  16.989  -7.093 0.0000000000
81687  -36.669  16.563  -5.180 0.0000000000
100308  -38.471  16.659  -5.058 0.0000000000
81640  -36.767  16.110  -1.895 0.0000000000
81044  -36.878  15.614  -1.084 0.0000000000
80404  -46.614  13.874  3.587 0.0000000000
80412  -46.646  13.788  3.031 0.0000000000
80411  -46.129  13.575  2.998 0.0000000000
89607  -40.355  30.863  -4.150 0.0000000000
104558  -37.931  28.942  -4.394 0.0000000000
84030  -37.763  20.034  2.772 0.0000000000
83400  -38.032  19.665  2.014 0.0000000000
90597  -33.121  32.787  -3.393 0.0000000000
109643  -33.506  32.040  -3.607 0.0000000000
89150  -34.739  29.697  -2.997 0.0000000000
85335  -40.638  22.525  -6.793 0.0000000000
85334  -39.940  22.619  -6.079 0.0000000000
83489  -40.425  20.225  -6.822 0.0000000000
102943  -40.490  19.711  -6.435 0.0000000000
82870  -41.117  19.089  -6.401 0.0000000000
82291  -44.540  17.102  -8.306 0.0000000000
82887  -43.735  17.690  -8.827 0.0000000000
82893  -43.163  17.660  -9.197 0.0000000000
82307  -42.911  17.087  -9.264 0.0000000000
90592  -38.476  32.522  -2.642 0.0000000000
110110  -39.347  32.472  -2.197 0.0000000000
90083  -40.409  31.591  -1.496 0.0000000000
89587  -40.849  30.747  -0.940 0.0000000000
88069  -41.861  27.565  -3.357 0.0000000000
88062  -42.319  28.036  -2.616 0.0000000000
88086  -42.837  26.624  -4.144 0.0000000000
86425  -42.332  25.617  -5.046 0.0000000000
86986  -41.903  25.653  -5.513 0.0000000000
86995  -41.430  25.061  -6.526 0.0000000000
86457  -41.183  23.987  -7.937 0.0000000000
86465  -40.786  23.735  -8.427 0.0000000000
86464  -39.903  23.915  -8.507 0.0000000000
109257  -39.365  23.442  -8.743 0.0000000000
111963  -37.270  24.465  -8.330 0.0000000000
79758  -40.866  13.189  4.510 0.0000000000
100174  -41.240  15.861  3.537 0.0000000000
99814  -42.496  15.796  3.851 0.0000000000
80984  -43.552  15.402  4.375 0.0000000000
81602  -43.599  16.253  3.988 0.0000000000
105173  -44.292  17.616  3.228 0.0000000000
90974  -34.333  33.343  2.443 0.0000000000
91810  -31.343  35.623  0.792 0.0000000000
91388  -32.449  35.305  1.405 0.0000000000
91811  -32.578  36.111  1.433 0.0000000000
110557  -34.082  36.473  2.080 0.0000000000
92255  -35.077  36.461  2.314 0.0000000000
111788  -34.834  36.223  1.153 0.0000000000
107160  -35.216  37.181  2.004 0.0000000000
92721  -35.079  38.105  1.988 0.0000000000
93170  -34.691  38.745  1.703 0.0000000000
93632  -33.842  41.670  -3.108 0.0000000000
94082  -35.127  42.013  -0.980 0.0000000000
94112  -35.039  42.323  -2.360 0.0000000000
110002  -35.674  40.020  -1.947 0.0000000000
93193  -35.738  39.247  -2.391 0.0000000000
92749  -37.197  37.370  -2.911 0.0000000000
92760  -36.261  38.222  -2.923 0.0000000000
92769  -36.272  37.807  -3.593 0.0000000000
92300  -36.367  37.103  -4.249 0.0000000000
91895  -35.685  36.237  -8.230 0.0000000000
91888  -35.453  35.554  -7.429 0.0000000000
91463  -36.255  34.540  -8.030 0.0000000000
91464  -37.054  34.201  -7.629 0.0000000000
91028  -38.020  34.057  -7.058 0.0000000000
91029  -38.960  33.893  -6.520 0.0000000000
91034  -39.136  33.724  -7.473 0.0000000000
91035  -40.369  33.410  -7.815 0.0000000000
91043  -41.150  32.997  -8.151 0.0000000000
91042  -40.283  33.320  -8.737 0.0000000000
84604  -38.102  21.723  7.133 0.0000000000
83965  -38.645  21.324  7.915 0.0000000000
84595  -39.776  21.799  8.232 0.0000000000
84596  -40.752  22.053  8.298 0.0000000000
83982  -40.940  21.139  6.602 0.0000000000
84621  -41.701  22.957  6.508 0.0000000000
84628  -42.150  22.988  5.752 0.0000000000
84663  -41.440  21.789  2.917 0.0000000000
84651  -42.084  22.470  3.476 0.0000000000
84664  -42.488  21.923  2.874 0.0000000000
84665  -43.218  21.785  3.029 0.0000000000
83402  -43.921  20.570  2.787 0.0000000000
83430  -44.466  19.192  1.196 0.0000000000
114813  -33.208  24.530  1.110 0.0000000000
108025  -33.606  24.121  0.942 0.0000000000
85801  -34.607  23.479  0.094 0.0000000000
88621  -38.943  28.235  -0.032 0.0000000000
88634  -37.856  28.436  -0.950 0.0000000000
88048  -38.667  27.414  0.334 0.0000000000
101994  -38.172  26.852  0.324 0.0000000000
86926  -38.189  26.240  -0.064 0.0000000000
85316  -37.874  22.640  -3.577 0.0000000000
85842  -37.866  23.285  -3.249 0.0000000000
84716  -37.576  21.946  -3.140 0.0000000000
84709  -37.161  22.051  -2.518 0.0000000000
84708  -36.764  22.075  -1.945 0.0000000000
84704  -37.046  21.241  -1.924 0.0000000000
84077  -37.371  20.316  -1.523 0.0000000000
83437  -37.912  19.623  -1.024 0.0000000000
83452  -38.652  19.358  -1.526 0.0000000000
82824  -40.026  18.738  -1.989 0.0000000000
100848  -42.747  18.410  -3.177 0.0000000000
115040  -43.636  18.279  -3.192 0.0000000000
120987  -44.566  18.328  -1.770 0.0000000000
82841  -45.289  17.868  -2.347 0.0000000000
82259  -46.076  17.188  -1.933 0.0000000000
81645  -46.843  15.112  -2.124 0.0000000000
81066  -46.382  15.206  -2.659 0.0000000000
81073  -45.862  15.328  -3.329 0.0000000000
100255  -43.041  15.984  -5.669 0.0000000000
81692  -43.583  15.881  -5.150 0.0000000000
81691  -42.227  16.214  -4.826 0.0000000000
99939  -40.879  16.203  -2.992 0.0000000000
81644  -40.530  16.120  -2.133 0.0000000000
104608  -40.115  16.262  -2.668 0.0000000000
81660  -39.328  16.330  -2.807 0.0000000000
83501  -39.662  19.031  -9.024 0.0000000000
82891  -39.740  17.984  -9.090 0.0000000000
82890  -38.876  18.289  -8.587 0.0000000000
82885  -38.178  17.690  -8.104 0.0000000000
81686  -35.866  16.508  -6.236 0.0000000000
81672  -37.118  16.530  -3.832 0.0000000000
81639  -35.034  15.922  -1.467 0.0000000000
79108  -43.740  12.626  4.817 0.0000000000
90595  -40.675  32.679  -2.919 0.0000000000
112041  -40.867  32.250  -2.429 0.0000000000
90108  -41.211  31.852  -3.177 0.0000000000
89604  -41.619  30.543  -2.727 0.0000000000
116007  -41.518  29.919  -2.724 0.0000000000
89153  -40.767  29.248  -2.963 0.0000000000
88648  -41.079  28.361  -2.943 0.0000000000
88068  -40.299  27.820  -3.521 0.0000000000
87529  -39.934  26.391  -5.685 0.0000000000
86993  -39.747  25.569  -6.960 0.0000000000
103598  -38.398  26.314  -6.470 0.0000000000
87527  -37.857  26.661  -6.240 0.0000000000
100324  -39.142  14.744  3.557 0.0000000000
115873  -39.402  15.432  3.460 0.0000000000
100185  -38.934  17.098  3.412 0.0000000000
81599  -39.642  16.734  3.297 0.0000000000
81600  -40.551  16.857  3.232 0.0000000000
116985  -41.190  17.450  3.221 0.0000000000
82226  -41.446  18.180  3.297 0.0000000000
91809  -30.138  35.764  0.399 0.0000000000
107659  -30.420  36.454  0.476 0.0000000000
92260  -30.123  37.385  0.338 0.0000000000
92718  -30.062  38.316  0.159 0.0000000000
93207  -35.205  40.009  -5.026 0.0000000000
92798  -35.743  37.413  -7.823 0.0000000000
92334  -36.378  36.700  -9.044 0.0000000000
91469  -36.590  35.137  -9.648 0.0000000000
103733  -37.110  34.795  -10.182 0.0000000000
91052  -37.770  34.135  -10.240 0.0000000000
91904  -38.836  36.371  -11.432 0.0000000000
84018  -39.358  21.087  3.185 0.0000000000
84662  -40.383  21.468  3.030 0.0000000000
84033  -40.743  20.979  2.400 0.0000000000
84042  -41.139  20.506  1.797 0.0000000000
83412  -41.511  19.937  1.201 0.0000000000
86966  -40.855  25.298  -3.081 0.0000000000
86407  -39.628  25.112  -2.738 0.0000000000
86414  -40.098  24.769  -3.553 0.0000000000
85844  -39.238  24.094  -3.902 0.0000000000
85851  -38.862  23.461  -4.407 0.0000000000
85328  -39.374  22.680  -5.498 0.0000000000
84731  -38.842  22.223  -5.042 0.0000000000
85322  -38.391  22.620  -4.343 0.0000000000
84724  -38.466  21.578  -4.423 0.0000000000
83476  -38.782  20.588  -4.282 0.0000000000
83470  -38.902  19.916  -3.727 0.0000000000
83471  -39.385  19.376  -3.424 0.0000000000
82850  -40.033  19.028  -3.838 0.0000000000
112305  -40.660  18.805  -4.247 0.0000000000
102706  -41.427  18.603  -4.185 0.0000000000
82862  -42.340  18.502  -5.152 0.0000000000
82864  -44.796  17.773  -4.943 0.0000000000
82279  -45.990  16.341  -5.143 0.0000000000
81709  -45.626  16.076  -6.137 0.0000000000
81708  -45.248  15.945  -6.772 0.0000000000
81729  -44.646  16.468  -8.251 0.0000000000
107467  -44.707  15.908  -7.165 0.0000000000
83488  -37.200  18.486  -7.492 0.0000000000
83487  -36.598  18.402  -6.944 0.0000000000
82288  -35.678  17.039  -6.759 0.0000000000
81701  -35.500  16.728  -6.507 0.0000000000
81685  -35.066  16.568  -6.144 0.0000000000
90598  -36.039  32.739  -3.739 0.0000000000
90106  -36.325  31.924  -3.532 0.0000000000
90092  -36.898  31.191  -3.096 0.0000000000
89144  -38.004  30.098  -2.083 0.0000000000
89595  -38.845  30.839  -1.898 0.0000000000
89134  -39.057  29.857  -1.293 0.0000000000
88635  -38.727  28.950  -0.889 0.0000000000
88622  -40.062  28.509  0.304 0.0000000000
88049  -40.318  27.963  0.387 0.0000000000
87483  -40.607  26.789  -0.850 0.0000000000
90097  -41.544  31.185  -1.968 0.0000000000
89588  -41.509  30.771  -1.353 0.0000000000
89128  -41.750  29.545  -0.582 0.0000000000
88645  -42.413  28.543  -1.960 0.0000000000
88637  -42.545  28.084  -1.657 0.0000000000
88051  -42.125  28.285  -0.797 0.0000000000
88059  -41.922  27.637  -0.903 0.0000000000
87484  -41.718  26.882  -1.387 0.0000000000
86951  -41.481  25.817  -2.565 0.0000000000
102749  -41.480  25.080  -3.964 0.0000000000
85853  -40.974  24.205  -5.146 0.0000000000
86434  -41.704  24.763  -5.410 0.0000000000
85861  -41.304  23.968  -5.803 0.0000000000
85870  -40.878  23.281  -6.351 0.0000000000
84746  -41.341  21.856  -8.184 0.0000000000
84110  -41.646  21.182  -8.764 0.0000000000
84113  -41.989  20.447  -9.170 0.0000000000
84764  -41.527  20.859  -9.296 0.0000000000
84120  -41.304  20.429  -9.495 0.0000000000
84119  -40.431  20.700  -9.414 0.0000000000
85362  -40.613  21.982  -9.367 0.0000000000
84762  -40.317  21.351  -9.394 0.0000000000
107993  -39.639  20.091  -9.034 0.0000000000
105490  -38.908  20.503  -8.594 0.0000000000
83495  -38.214  19.974  -7.975 0.0000000000
86463  -38.824  24.011  -8.593 0.0000000000
85900  -38.465  23.234  -8.694 0.0000000000
85350  -37.897  22.687  -8.479 0.0000000000
80401  -39.716  13.951  3.806 0.0000000000
80402  -40.580  13.840  4.111 0.0000000000
80389  -41.437  13.691  4.484 0.0000000000
79759  -41.721  13.036  4.820 0.0000000000
79760  -42.794  13.046  5.012 0.0000000000
103345  -44.896  13.878  4.912 0.0000000000
80393  -45.675  13.874  4.647 0.0000000000
80977  -44.352  14.974  4.648 0.0000000000
109008  -45.130  15.106  4.499 0.0000000000
80978  -45.969  14.513  4.275 0.0000000000
100655  -34.435  34.272  2.186 0.0000000000
91379  -34.991  35.267  2.217 0.0000000000
116711  -35.874  34.219  1.763 0.0000000000
90993  -35.499  33.984  1.036 0.0000000000
90584  -32.789  33.032  -0.929 0.0000000000
119272  -32.596  33.578  -1.633 0.0000000000
91007  -32.545  33.529  -2.354 0.0000000000
91830  -33.083  35.512  -1.186 0.0000000000
91420  -32.894  34.211  -2.630 0.0000000000
109678  -33.441  34.193  -3.276 0.0000000000
109330  -34.057  34.071  -3.643 0.0000000000
113601  -34.705  34.297  -3.704 0.0000000000
93160  -32.459  39.931  1.132 0.0000000000
112110  -33.282  40.304  1.345 0.0000000000
93596  -34.504  39.387  1.542 0.0000000000
93179  -34.158  38.833  0.088 0.0000000000
93619  -35.065  40.450  -0.280 0.0000000000
93180  -34.840  39.583  -0.687 0.0000000000
92746  -34.122  37.509  -1.658 0.0000000000
91851  -34.470  36.205  -2.852 0.0000000000
91015  -35.508  34.117  -3.684 0.0000000000
91423  -36.537  34.976  -3.212 0.0000000000
91424  -37.823  35.117  -2.864 0.0000000000
114854  -37.467  36.964  -2.807 0.0000000000
91016  -38.600  34.745  -2.850 0.0000000000
90601  -39.241  34.125  -2.755 0.0000000000
91017  -39.770  33.760  -2.882 0.0000000000
92777  -35.129  38.347  -5.216 0.0000000000
92311  -35.429  36.718  -5.290 0.0000000000
92312  -36.440  36.169  -4.848 0.0000000000
91877  -35.607  35.254  -6.623 0.0000000000
91438  -36.151  35.250  -5.797 0.0000000000
91870  -37.194  35.511  -4.954 0.0000000000
91431  -38.540  35.350  -3.959 0.0000000000
91432  -39.083  34.693  -3.972 0.0000000000
91020  -40.003  33.725  -3.679 0.0000000000
91021  -40.593  33.077  -4.302 0.0000000000
90604  -40.962  32.450  -4.991 0.0000000000
90125  -41.078  32.028  -5.460 0.0000000000
90124  -40.495  31.666  -5.670 0.0000000000
104149  -41.212  31.887  -8.052 0.0000000000
91053  -38.821  33.610  -10.399 0.0000000000
91054  -39.964  33.196  -10.765 0.0000000000
83377  -39.852  19.497  4.722 0.0000000000
83992  -40.834  20.789  5.580 0.0000000000
84001  -40.437  20.140  4.925 0.0000000000
83391  -41.123  19.535  3.791 0.0000000000
82790  -42.001  19.171  3.499 0.0000000000
85239  -41.300  23.555  5.794 0.0000000000
85240  -42.013  23.509  5.426 0.0000000000
84629  -42.483  22.988  5.006 0.0000000000
85254  -42.505  22.765  4.008 0.0000000000
85248  -42.766  22.674  4.390 0.0000000000
84004  -43.018  21.746  4.520 0.0000000000
84019  -42.718  20.846  4.217 0.0000000000
103283  -43.550  18.145  3.364 0.0000000000
81609  -45.710  16.586  2.268 0.0000000000
84668  -33.189  21.090  1.379 0.0000000000
84052  -33.841  20.873  1.099 0.0000000000
89602  -35.815  31.120  -3.459 0.0000000000
88633  -35.881  28.360  -1.669 0.0000000000
88620  -36.891  27.996  -0.972 0.0000000000
88058  -35.383  27.881  -1.272 0.0000000000
88045  -35.330  27.361  -0.663 0.0000000000
87469  -35.820  26.239  0.448 0.0000000000
86921  -35.673  25.615  0.546 0.0000000000
86949  -39.156  25.477  -1.857 0.0000000000
86395  -38.237  25.123  -1.655 0.0000000000
86933  -37.809  25.444  -0.772 0.0000000000
85834  -37.581  23.548  -2.646 0.0000000000
86394  -37.400  24.703  -1.453 0.0000000000
86378  -36.991  25.040  -0.658 0.0000000000
86924  -36.632  25.337  0.037 0.0000000000
86373  -35.884  25.039  0.272 0.0000000000
86372  -35.134  25.221  0.605 0.0000000000
85802  -35.045  24.458  0.230 0.0000000000
84702  -35.779  21.965  -0.939 0.0000000000
84677  -34.956  20.935  0.253 0.0000000000
84054  -35.407  20.393  0.595 0.0000000000
83422  -35.938  19.995  0.975 0.0000000000
83408  -37.382  19.590  1.294 0.0000000000
83409  -38.314  19.493  1.264 0.0000000000
100859  -38.257  19.388  -0.222 0.0000000000
83424  -38.696  19.313  0.551 0.0000000000
83410  -39.367  19.590  1.404 0.0000000000
82836  -40.039  18.855  -2.968 0.0000000000
82825  -41.022  18.594  -1.723 0.0000000000
82838  -42.270  18.486  -2.344 0.0000000000
82826  -41.923  18.555  -1.563 0.0000000000
82815  -41.522  18.662  -0.871 0.0000000000
83441  -42.149  18.992  -0.114 0.0000000000
83428  -42.846  19.524  0.539 0.0000000000
112165  -43.717  19.383  0.472 0.0000000000
82806  -44.360  19.072  0.535 0.0000000000
82807  -44.858  18.517  0.670 0.0000000000
81012  -46.838  14.830  0.922 0.0000000000
81011  -46.556  14.818  0.521 0.0000000000
102482  -45.016  15.233  0.229 0.0000000000
81676  -45.949  15.495  -4.262 0.0000000000
81072  -45.223  15.427  -3.934 0.0000000000
81064  -44.835  15.406  -2.973 0.0000000000
120541  -44.061  15.656  -3.389 0.0000000000
81050  -43.588  15.688  -2.543 0.0000000000
81027  -41.683  15.637  -0.448 0.0000000000
103242  -41.110  15.462  -0.000 0.0000000000
113884  -40.323  15.458  -0.290 0.0000000000
81026  -39.406  15.383  -0.473 0.0000000000
83507  -42.111  19.065  -9.660 0.0000000000
82311  -41.797  17.782  -9.583 0.0000000000
81733  -41.986  16.823  -8.984 0.0000000000
82304  -40.092  17.435  -8.799 0.0000000000
82298  -40.644  17.114  -8.492 0.0000000000
81726  -41.113  16.883  -8.171 0.0000000000
100176  -40.454  16.790  -6.522 0.0000000000
81705  -39.528  16.798  -5.811 0.0000000000
82877  -36.848  17.518  -7.389 0.0000000000
81703  -37.330  16.819  -6.630 0.0000000000
117249  -37.899  17.031  -6.962 0.0000000000
81704  -38.409  16.900  -6.183 0.0000000000
120199  -38.958  16.740  -5.407 0.0000000000
81689  -39.439  16.600  -4.792 0.0000000000
101238  -38.776  16.445  -3.365 0.0000000000
81659  -38.336  16.325  -2.684 0.0000000000
81658  -37.409  16.373  -2.781 0.0000000000
81641  -37.723  16.106  -1.949 0.0000000000
81718  -44.277  16.057  -7.793 0.0000000000
81719  -45.047  16.116  -7.542 0.0000000000
82305  -41.251  17.288  -9.137 0.0000000000
82306  -42.125  17.264  -9.346 0.0000000000
82312  -42.483  17.729  -9.477 0.0000000000
82898  -42.163  18.326  -9.678 0.0000000000
83407  -36.522  19.768  1.446 0.0000000000
84104  -40.157  20.952  -6.623 0.0000000000
84638  -42.889  22.379  4.632 0.0000000000
84639  -43.354  22.025  4.130 0.0000000000
84688  -34.634  21.721  0.120 0.0000000000
84717  -37.985  21.807  -3.795 0.0000000000
84732  -39.361  21.951  -5.644 0.0000000000
84753  -39.816  21.627  -9.235 0.0000000000
84755  -41.591  21.215  -9.106 0.0000000000
85213  -41.341  23.061  6.949 0.0000000000
85255  -43.088  22.445  3.909 0.0000000000
85352  -40.262  22.573  -9.140 0.0000000000
85353  -40.973  22.569  -9.163 0.0000000000
85862  -41.575  24.508  -5.896 0.0000000000
86435  -41.800  25.114  -5.798 0.0000000000
86936  -40.921  26.267  -1.674 0.0000000000
86953  -43.174  26.291  -2.997 0.0000000000
86968  -43.288  26.045  -3.746 0.0000000000
87467  -34.032  25.982  0.445 0.0000000000
87476  -35.195  26.677  -0.008 0.0000000000
87477  -36.116  26.925  -0.001 0.0000000000
87478  -37.393  26.423  0.260 0.0000000000
87479  -38.883  26.932  0.307 0.0000000000
87485  -42.556  27.141  -1.808 0.0000000000
87492  -41.870  26.324  -2.205 0.0000000000
87494  -43.052  26.768  -2.659 0.0000000000
88060  -42.817  27.345  -2.203 0.0000000000
88063  -42.730  27.584  -2.442 0.0000000000
88624  -41.684  28.919  -0.199 0.0000000000
88636  -42.214  29.009  -1.114 0.0000000000
88643  -35.110  28.962  -2.378 0.0000000000
89582  -41.397  30.136  -0.680 0.0000000000
90061  -36.188  32.417  2.100 0.0000000000
90068  -35.427  32.560  1.266 0.0000000000
90094  -38.632  31.671  -2.339 0.0000000000
90096  -41.268  31.701  -2.249 0.0000000000
90104  -33.919  31.274  -3.634 0.0000000000
90565  -36.176  32.883  2.103 0.0000000000
90975  -35.785  33.306  2.307 0.0000000000
90984  -35.499  34.260  2.206 0.0000000000
91012  -32.922  33.508  -3.101 0.0000000000
91018  -40.388  33.223  -3.329 0.0000000000
91024  -40.050  33.548  -5.232 0.0000000000
91413  -32.710  34.227  -1.798 0.0000000000
91421  -34.210  35.040  -3.387 0.0000000000
91422  -35.403  34.975  -3.460 0.0000000000
91425  -39.282  34.419  -3.258 0.0000000000
91462  -35.795  34.864  -7.411 0.0000000000
91466  -35.748  35.151  -8.213 0.0000000000
91804  -35.436  35.860  2.139 0.0000000000
91840  -32.856  34.890  -1.993 0.0000000000
91842  -36.761  36.565  -2.650 0.0000000000
91896  -36.136  35.624  -8.960 0.0000000000
91901  -36.696  36.142  -9.666 0.0000000000
92262  -35.391  36.110  2.088 0.0000000000
92294  -35.718  36.856  -2.609 0.0000000000
92295  -37.649  37.040  -3.080 0.0000000000
92301  -37.357  36.812  -3.660 0.0000000000
92319  -34.969  37.882  -5.982 0.0000000000
92354  -37.446  36.817  -10.224 0.0000000000
92729  -34.556  38.073  1.028 0.0000000000
92750  -37.590  37.102  -3.051 0.0000000000
92799  -36.212  37.308  -8.528 0.0000000000
92817  -38.078  38.610  -10.700 0.0000000000
93151  -34.319  39.354  1.805 0.0000000000
93152  -34.176  40.100  1.505 0.0000000000
93162  -34.439  40.097  1.284 0.0000000000
93171  -34.552  39.647  0.623 0.0000000000
93607  -35.067  41.300  -0.167 0.0000000000
93620  -35.333  41.219  -1.017 0.0000000000
93633  -35.428  41.246  -2.005 0.0000000000
93644  -34.662  42.220  -3.653 0.0000000000
94050  -33.584  40.862  1.102 0.0000000000
94064  -33.096  41.261  0.581 0.0000000000
94065  -33.913  41.357  0.631 0.0000000000
94066  -34.533  41.101  0.495 0.0000000000
94098  -35.217  41.970  -1.641 0.0000000000
94127  -35.092  42.099  -2.834 0.0000000000
94517  -34.777  41.864  -0.427 0.0000000000
94527  -34.825  42.333  -1.142 0.0000000000
103236  -35.249  35.852  -6.649 0.0000000000
105293  -43.705  19.720  3.329 0.0000000000
106558  -36.585  33.905  -3.462 0.0000000000
106942  -37.827  34.170  -3.025 0.0000000000
106971  -34.011  32.718  -3.796 0.0000000000
107959  -39.514  27.908  0.410 0.0000000000
109150  -43.189  26.103  -4.277 0.0000000000
111015  -40.638  32.069  -1.860 0.0000000000
111748  -32.069  32.050  -2.638 0.0000000000
111850  -37.078  30.279  -2.583 0.0000000000
112457  -47.019  15.280  -0.007 0.0000000000
112562  -41.098  32.034  -4.667 0.0000000000
112624  -35.502  33.347  -3.826 0.0000000000
113009  -39.744  32.924  -2.227 0.0000000000
114757  -38.045  35.740  -4.164 0.0000000000
114963  -33.514  37.027  -1.225 0.0000000000
115326  -31.088  37.527  0.625 0.0000000000
117040  -36.400  34.502  -7.288 0.0000000000
118281  -43.599  19.058  -0.118 0.0000000000
118308  -36.112  22.269  -1.285 0.0000000000
118422  -33.075  24.040  1.211 0.0000000000
118602  -41.440  30.864  -3.140 0.0000000000
118833  -44.126  20.133  2.443 0.0000000000
118877  -32.964  40.935  0.955 0.0000000000
118974  -40.935  29.941  -0.394 0.0000000000
119288  -39.336  19.049  -0.596 0.0000000000
119589  -33.371  39.661  1.575 0.0000000000
120033  -37.942  15.144  -0.479 0.0000000000
120311  -41.665  25.379  -6.002 0.0000000000
120402  -34.458  39.380  1.655 0.0000000000
120718  -35.506  31.609  1.786 0.0000000000
121031  -46.412  15.545  -2.848 0.0000000000
