#!ascii label  , from subject sub-v2s12x28859_ses-1 vox2ras=TkReg
867
108525  -31.610  -34.527  20.860 0.0000000000
103588  -20.171  -41.650  25.299 0.0000000000
108320  -25.151  -38.212  19.722 0.0000000000
58734  -39.528  -13.781  6.006 0.0000000000
61080  -43.633  -11.880  3.037 0.0000000000
119266  -15.363  -40.366  30.687 0.0000000000
58702  -35.826  -14.529  9.016 0.0000000000
44011  -34.015  -31.960  20.135 0.0000000000
114378  -27.215  -35.875  21.355 0.0000000000
35197  -17.130  -41.179  27.283 0.0000000000
33302  -17.420  -44.031  30.902 0.0000000000
42141  -27.417  -33.567  17.505 0.0000000000
103583  -29.932  -32.212  16.047 0.0000000000
36077  -23.078  -40.850  22.131 0.0000000000
44027  -23.687  -31.850  18.781 0.0000000000
116112  -35.648  -24.127  9.653 0.0000000000
53735  -36.827  -20.159  9.121 0.0000000000
55386  -40.266  -19.129  6.855 0.0000000000
33250  -9.883  -43.018  34.804 0.0000000000
35083  -6.834  -41.375  38.086 0.0000000000
46619  -30.331  -28.948  14.824 0.0000000000
47553  -31.543  -27.198  14.418 0.0000000000
48582  -33.373  -26.829  11.104 0.0000000000
32317  -13.755  -44.322  32.533 0.0000000000
34308  -20.637  -42.730  28.002 0.0000000000
34343  -22.268  -42.389  26.306 0.0000000000
40312  -29.438  -35.603  21.197 0.0000000000
36911  -19.015  -39.458  25.084 0.0000000000
35206  -18.092  -41.247  26.311 0.0000000000
34306  -18.928  -42.637  28.105 0.0000000000
44940  -27.374  -30.492  18.644 0.0000000000
43037  -25.240  -32.592  18.247 0.0000000000
111981  -33.713  -21.012  10.011 0.0000000000
108582  -36.383  -21.937  9.377 0.0000000000
54559  -34.260  -19.201  9.242 0.0000000000
106808  -37.260  -17.098  6.992 0.0000000000
57018  -39.213  -16.203  6.254 0.0000000000
56210  -42.363  -17.739  6.714 0.0000000000
57874  -41.215  -15.393  5.342 0.0000000000
57884  -42.472  -15.268  4.490 0.0000000000
45750  -28.841  -29.286  16.710 0.0000000000
44967  -30.495  -30.668  15.355 0.0000000000
46607  -27.771  -27.621  16.201 0.0000000000
49470  -28.762  -24.854  14.019 0.0000000000
50286  -29.688  -24.171  13.198 0.0000000000
47574  -32.085  -27.362  12.666 0.0000000000
49498  -31.780  -25.384  11.495 0.0000000000
50312  -32.948  -24.117  10.843 0.0000000000
36098  -23.956  -40.249  20.898 0.0000000000
33298  -12.454  -42.295  32.402 0.0000000000
34253  -14.062  -42.879  31.020 0.0000000000
115169  -5.823  -41.971  40.511 0.0000000000
35898  -4.620  -40.207  42.876 0.0000000000
56986  -34.060  -16.242  10.406 0.0000000000
44944  -34.528  -30.184  18.591 0.0000000000
38610  -26.390  -36.432  21.034 0.0000000000
36022  -15.982  -40.865  28.661 0.0000000000
34267  -15.316  -42.657  29.940 0.0000000000
34284  -17.335  -42.765  28.809 0.0000000000
61829  -43.068  -10.742  2.023 0.0000000000
41267  -29.774  -35.390  18.834 0.0000000000
41278  -31.211  -34.424  18.142 0.0000000000
43056  -28.709  -32.655  16.620 0.0000000000
36924  -20.396  -39.735  23.742 0.0000000000
35233  -21.958  -41.694  24.129 0.0000000000
36932  -21.400  -39.667  22.826 0.0000000000
37773  -22.335  -38.593  21.542 0.0000000000
39463  -22.240  -36.543  19.901 0.0000000000
43011  -21.680  -32.757  20.787 0.0000000000
40331  -23.902  -35.108  19.085 0.0000000000
41264  -25.392  -34.868  19.317 0.0000000000
41266  -27.325  -34.960  18.914 0.0000000000
49500  -37.034  -25.990  11.188 0.0000000000
56187  -35.257  -17.316  8.081 0.0000000000
54582  -38.294  -19.726  7.874 0.0000000000
57893  -43.939  -15.376  3.853 0.0000000000
34215  -8.658  -42.385  36.200 0.0000000000
33215  -7.428  -43.494  38.422 0.0000000000
43051  -32.469  -32.699  17.459 0.0000000000
44053  -32.971  -30.860  16.761 0.0000000000
45762  -32.737  -29.455  16.146 0.0000000000
117882  -27.710  -26.519  15.312 0.0000000000
47532  -30.836  -27.410  14.755 0.0000000000
47491  -33.046  -28.464  15.793 0.0000000000
106430  -33.295  -28.168  15.233 0.0000000000
101321  -34.714  -28.327  13.828 0.0000000000
47578  -36.271  -27.659  12.261 0.0000000000
49520  -34.485  -25.602  10.288 0.0000000000
52008  -33.729  -22.780  10.016 0.0000000000
35222  -23.794  -42.053  24.883 0.0000000000
35137  -10.981  -41.707  34.063 0.0000000000
33265  -11.457  -43.558  33.618 0.0000000000
32333  -15.996  -44.550  31.760 0.0000000000
35895  -2.581  -39.907  43.378 0.0000000000
34341  -20.501  -42.171  26.223 0.0000000000
117182  -21.113  -42.436  26.810 0.0000000000
34356  -21.028  -41.991  25.491 0.0000000000
40326  -30.562  -35.256  20.362 0.0000000000
36053  -19.118  -40.208  24.705 0.0000000000
36910  -18.437  -40.131  25.249 0.0000000000
35207  -19.581  -41.764  25.944 0.0000000000
101395  -19.717  -42.207  26.752 0.0000000000
54549  -33.453  -19.487  10.342 0.0000000000
53732  -33.939  -20.521  9.737 0.0000000000
55356  -33.360  -18.500  10.609 0.0000000000
59528  -38.197  -13.742  6.896 0.0000000000
57863  -38.308  -15.801  6.481 0.0000000000
57864  -39.024  -15.273  6.219 0.0000000000
57865  -39.817  -15.614  5.953 0.0000000000
57872  -39.621  -14.683  5.876 0.0000000000
58736  -41.119  -14.503  4.998 0.0000000000
46608  -28.269  -28.378  16.317 0.0000000000
51965  -29.771  -22.907  13.862 0.0000000000
50297  -31.007  -24.669  12.145 0.0000000000
103696  -31.246  -22.867  12.917 0.0000000000
51113  -32.387  -23.285  12.236 0.0000000000
36967  -24.663  -39.441  20.142 0.0000000000
36078  -25.845  -40.721  21.726 0.0000000000
36956  -26.012  -39.553  20.747 0.0000000000
116332  -13.912  -41.173  31.806 0.0000000000
35171  -14.555  -41.675  30.407 0.0000000000
60306  -44.303  -13.000  2.673 0.0000000000
107737  -5.187  -40.908  42.281 0.0000000000
42997  -34.226  -31.868  21.682 0.0000000000
44022  -34.539  -31.302  19.555 0.0000000000
40310  -26.832  -35.985  21.244 0.0000000000
40296  -27.210  -36.059  21.874 0.0000000000
114958  -17.132  -39.774  26.965 0.0000000000
36886  -16.773  -39.759  27.629 0.0000000000
117045  -16.756  -39.438  28.543 0.0000000000
35196  -16.573  -40.765  27.840 0.0000000000
34303  -16.162  -42.056  28.830 0.0000000000
35189  -16.885  -41.618  27.941 0.0000000000
116524  -20.116  -43.139  29.305 0.0000000000
34286  -19.291  -43.017  29.057 0.0000000000
41284  -28.141  -34.239  17.487 0.0000000000
107527  -28.910  -34.058  17.019 0.0000000000
42142  -28.195  -33.337  16.965 0.0000000000
36925  -20.927  -38.725  24.095 0.0000000000
105090  -21.080  -39.231  23.385 0.0000000000
101108  -21.573  -38.116  24.124 0.0000000000
39439  -21.754  -36.738  22.689 0.0000000000
118773  -21.733  -36.463  21.823 0.0000000000
37783  -22.634  -38.257  20.591 0.0000000000
39457  -21.818  -36.056  20.416 0.0000000000
44010  -23.080  -30.854  20.311 0.0000000000
43027  -22.481  -32.444  19.587 0.0000000000
120014  -22.495  -34.524  19.490 0.0000000000
41262  -23.668  -34.377  18.931 0.0000000000
41263  -24.688  -34.729  19.111 0.0000000000
115748  -24.023  -33.394  18.631 0.0000000000
43047  -26.754  -32.792  17.571 0.0000000000
114886  -26.004  -33.827  18.488 0.0000000000
41275  -27.355  -34.360  18.070 0.0000000000
41276  -28.165  -34.898  18.230 0.0000000000
113195  -36.136  -25.260  10.338 0.0000000000
49501  -37.590  -25.555  11.248 0.0000000000
115415  -36.223  -24.406  9.899 0.0000000000
110684  -36.655  -21.030  9.282 0.0000000000
52011  -36.970  -22.490  9.586 0.0000000000
57833  -35.178  -14.933  9.520 0.0000000000
107833  -34.592  -16.963  8.639 0.0000000000
56999  -35.136  -16.396  8.245 0.0000000000
55399  -38.981  -18.346  6.703 0.0000000000
55383  -37.631  -18.703  7.220 0.0000000000
115515  -38.951  -19.614  7.412 0.0000000000
54570  -39.032  -20.104  8.329 0.0000000000
57892  -43.104  -15.210  3.977 0.0000000000
59548  -42.911  -14.066  3.616 0.0000000000
59549  -43.554  -13.871  3.262 0.0000000000
35121  -10.013  -41.832  34.905 0.0000000000
35112  -9.100  -41.823  36.006 0.0000000000
34218  -9.172  -42.450  35.644 0.0000000000
32234  -8.743  -44.186  37.542 0.0000000000
33206  -7.366  -43.587  40.064 0.0000000000
42154  -30.857  -33.375  16.738 0.0000000000
42145  -31.954  -33.396  17.592 0.0000000000
43059  -31.145  -32.608  16.344 0.0000000000
102148  -29.873  -29.813  15.162 0.0000000000
44061  -31.605  -31.146  15.671 0.0000000000
44969  -31.981  -30.519  15.653 0.0000000000
44960  -32.561  -30.339  16.163 0.0000000000
116072  -31.117  -29.054  14.988 0.0000000000
112315  -27.435  -24.564  15.892 0.0000000000
48544  -29.732  -26.123  13.725 0.0000000000
49460  -29.081  -26.195  14.208 0.0000000000
48530  -30.890  -27.002  14.613 0.0000000000
47511  -31.805  -27.799  15.138 0.0000000000
109828  -32.072  -27.689  15.113 0.0000000000
47513  -33.033  -28.449  15.666 0.0000000000
47535  -32.815  -27.845  14.584 0.0000000000
47593  -32.888  -27.375  11.837 0.0000000000
47575  -33.575  -27.799  12.389 0.0000000000
47576  -34.594  -27.763  12.083 0.0000000000
47557  -35.137  -28.106  12.933 0.0000000000
113295  -34.561  -27.312  11.415 0.0000000000
104805  -35.683  -26.653  11.131 0.0000000000
48603  -33.812  -26.112  10.566 0.0000000000
51128  -33.096  -23.383  11.173 0.0000000000
51141  -33.439  -23.515  10.419 0.0000000000
51992  -33.568  -22.695  11.748 0.0000000000
35246  -22.546  -41.519  23.355 0.0000000000
116401  -23.053  -42.147  25.056 0.0000000000
35247  -23.472  -41.658  23.366 0.0000000000
33299  -12.936  -42.990  31.983 0.0000000000
33281  -11.705  -43.141  33.063 0.0000000000
32297  -12.233  -43.837  33.237 0.0000000000
33317  -16.685  -43.705  30.317 0.0000000000
117591  -15.314  -43.728  30.854 0.0000000000
33301  -16.460  -44.131  31.045 0.0000000000
34287  -20.742  -42.931  28.865 0.0000000000
34309  -21.542  -42.812  28.458 0.0000000000
106884  -23.110  -42.601  27.962 0.0000000000
104941  -23.656  -42.448  27.258 0.0000000000
40311  -28.499  -35.673  21.095 0.0000000000
40298  -28.255  -35.877  22.711 0.0000000000
36901  -18.913  -38.864  25.966 0.0000000000
36899  -17.891  -40.119  25.725 0.0000000000
35205  -17.446  -40.963  26.676 0.0000000000
34323  -17.525  -41.886  27.652 0.0000000000
114978  -18.408  -41.814  26.888 0.0000000000
34325  -19.786  -42.548  27.603 0.0000000000
116422  -27.199  -31.905  17.445 0.0000000000
108644  -27.983  -31.518  17.260 0.0000000000
44021  -24.032  -30.931  18.910 0.0000000000
43036  -24.490  -32.239  18.459 0.0000000000
112382  -26.042  -31.975  17.859 0.0000000000
52010  -34.970  -22.915  9.427 0.0000000000
116111  -35.617  -23.032  9.413 0.0000000000
52898  -34.954  -21.413  9.330 0.0000000000
53734  -35.373  -20.606  9.219 0.0000000000
54561  -35.970  -19.876  9.052 0.0000000000
57850  -36.250  -15.773  7.479 0.0000000000
57851  -36.975  -15.350  7.111 0.0000000000
57017  -38.600  -16.767  6.490 0.0000000000
56207  -39.462  -17.186  6.407 0.0000000000
55401  -40.840  -18.329  6.630 0.0000000000
56208  -40.467  -17.384  6.401 0.0000000000
57020  -41.073  -16.707  6.210 0.0000000000
57031  -42.538  -16.204  5.849 0.0000000000
57875  -42.043  -15.657  5.234 0.0000000000
32266  -10.465  -44.107  35.178 0.0000000000
111638  -9.821  -43.929  35.675 0.0000000000
32252  -10.514  -44.546  36.081 0.0000000000
44959  -29.210  -30.703  16.494 0.0000000000
44059  -30.267  -31.452  15.717 0.0000000000
45761  -29.136  -29.944  16.099 0.0000000000
45760  -28.665  -28.967  15.874 0.0000000000
46618  -28.766  -28.521  15.318 0.0000000000
50268  -27.846  -24.194  15.400 0.0000000000
51090  -29.078  -23.278  14.338 0.0000000000
50285  -29.230  -24.529  13.571 0.0000000000
48562  -30.382  -26.204  13.039 0.0000000000
47573  -31.558  -27.189  13.444 0.0000000000
49485  -30.307  -25.273  12.643 0.0000000000
48580  -31.773  -26.342  11.703 0.0000000000
116973  -32.244  -26.048  11.174 0.0000000000
49499  -32.563  -25.500  10.932 0.0000000000
50311  -32.395  -24.672  11.167 0.0000000000
36089  -23.709  -40.663  21.519 0.0000000000
35248  -24.372  -41.625  23.225 0.0000000000
35262  -25.240  -41.188  22.120 0.0000000000
34251  -13.055  -42.285  31.908 0.0000000000
106026  -13.632  -43.254  31.536 0.0000000000
34205  -6.015  -41.822  39.122 0.0000000000
35935  -5.939  -40.753  39.070 0.0000000000
35064  -5.368  -41.344  40.298 0.0000000000
35908  -4.926  -40.609  41.167 0.0000000000
36749  -3.372  -39.126  42.903 0.0000000000
45728  -34.814  -29.356  18.970 0.0000000000
38620  -25.973  -36.963  20.520 0.0000000000
37774  -26.587  -38.011  21.548 0.0000000000
36860  -16.509  -39.512  29.397 0.0000000000
36004  -15.423  -40.412  30.046 0.0000000000
35172  -15.041  -41.214  29.896 0.0000000000
35179  -15.382  -41.609  29.458 0.0000000000
34283  -16.458  -42.646  29.132 0.0000000000
33318  -17.415  -43.649  30.143 0.0000000000
107619  -17.933  -42.460  28.157 0.0000000000
33333  -17.827  -43.348  29.554 0.0000000000
33303  -18.209  -44.070  31.086 0.0000000000
61823  -43.150  -11.204  2.770 0.0000000000
41268  -30.527  -35.161  19.394 0.0000000000
41269  -31.203  -34.697  19.019 0.0000000000
41277  -30.495  -34.917  18.441 0.0000000000
41291  -29.551  -33.804  16.795 0.0000000000
43057  -29.477  -32.840  16.359 0.0000000000
44039  -28.512  -31.693  16.805 0.0000000000
44040  -28.979  -31.163  16.762 0.0000000000
46593  -29.290  -29.294  17.812 0.0000000000
36054  -19.838  -40.386  24.222 0.0000000000
35221  -20.772  -41.639  24.856 0.0000000000
35244  -20.595  -40.778  23.743 0.0000000000
36075  -21.625  -40.481  22.789 0.0000000000
36943  -21.909  -40.107  22.395 0.0000000000
37758  -21.676  -38.334  23.272 0.0000000000
37767  -21.916  -38.507  22.417 0.0000000000
36088  -22.897  -40.245  21.713 0.0000000000
36965  -23.002  -39.102  20.885 0.0000000000
37784  -23.303  -38.718  20.121 0.0000000000
37794  -23.678  -38.177  19.552 0.0000000000
41240  -21.315  -34.284  21.194 0.0000000000
40329  -22.111  -35.021  19.744 0.0000000000
39464  -23.118  -36.453  19.359 0.0000000000
39465  -24.125  -36.646  19.283 0.0000000000
39466  -25.497  -35.817  19.781 0.0000000000
40322  -26.016  -35.805  20.240 0.0000000000
40323  -26.465  -35.851  20.563 0.0000000000
42129  -25.375  -33.574  18.519 0.0000000000
41265  -26.549  -35.071  19.482 0.0000000000
41252  -27.307  -35.454  19.980 0.0000000000
101672  -28.277  -35.615  20.179 0.0000000000
40336  -29.847  -35.538  19.799 0.0000000000
99977  -19.712  -39.666  24.398 0.0000000000
104863  -36.738  -23.187  9.661 0.0000000000
56178  -33.583  -17.980  9.816 0.0000000000
54567  -34.910  -18.839  8.769 0.0000000000
54568  -35.705  -19.153  8.635 0.0000000000
56195  -36.712  -17.643  7.291 0.0000000000
54580  -37.100  -19.138  7.806 0.0000000000
54569  -37.579  -19.678  8.453 0.0000000000
53738  -38.915  -20.310  9.220 0.0000000000
58750  -44.123  -14.698  3.186 0.0000000000
59550  -44.222  -13.782  2.817 0.0000000000
112887  -43.769  -12.431  3.168 0.0000000000
35102  -8.496  -41.706  36.625 0.0000000000
35101  -7.872  -41.893  37.060 0.0000000000
32250  -8.701  -43.833  36.864 0.0000000000
33219  -7.604  -43.238  37.625 0.0000000000
34207  -7.046  -42.776  38.032 0.0000000000
33205  -6.739  -43.091  39.686 0.0000000000
42114  -32.181  -33.850  18.875 0.0000000000
42132  -32.424  -33.360  18.225 0.0000000000
43039  -33.016  -32.746  18.388 0.0000000000
44051  -31.447  -31.804  15.977 0.0000000000
44041  -32.736  -31.753  17.012 0.0000000000
44032  -33.794  -31.606  18.208 0.0000000000
44943  -33.965  -30.767  17.996 0.0000000000
44954  -34.015  -29.796  17.874 0.0000000000
46596  -34.104  -28.991  17.858 0.0000000000
48505  -27.336  -26.724  16.146 0.0000000000
46628  -28.443  -27.697  15.176 0.0000000000
48527  -27.737  -25.639  14.979 0.0000000000
47530  -28.953  -26.997  14.670 0.0000000000
46630  -30.070  -28.014  14.707 0.0000000000
46620  -31.734  -28.625  15.224 0.0000000000
46609  -32.960  -28.797  16.155 0.0000000000
47555  -33.188  -27.912  13.492 0.0000000000
119984  -34.471  -28.372  14.440 0.0000000000
48585  -36.685  -26.681  11.485 0.0000000000
118396  -35.668  -25.952  10.625 0.0000000000
49532  -34.702  -24.934  9.938 0.0000000000
100538  -33.047  -24.888  10.636 0.0000000000
50330  -34.241  -24.302  9.812 0.0000000000
51148  -34.597  -23.582  9.596 0.0000000000
103561  -33.702  -21.851  10.168 0.0000000000
106548  -33.537  -21.030  10.573 0.0000000000
34357  -21.855  -42.172  25.552 0.0000000000
34344  -23.193  -42.393  26.408 0.0000000000
35235  -24.757  -41.869  24.723 0.0000000000
116356  -10.393  -42.036  34.364 0.0000000000
35150  -11.976  -41.802  33.014 0.0000000000
115869  -11.225  -42.823  33.386 0.0000000000
33264  -10.780  -43.208  33.934 0.0000000000
101197  -11.748  -44.656  34.977 0.0000000000
34266  -14.642  -42.552  30.412 0.0000000000
118539  -14.253  -43.518  31.296 0.0000000000
32318  -14.515  -44.430  32.197 0.0000000000
35046  -4.179  -40.589  44.211 0.0000000000
36736  -3.501  -39.733  43.728 0.0000000000
36748  -3.010  -39.164  43.074 0.0000000000
41255  -32.003  -34.101  21.156 0.0000000000
41242  -31.115  -34.931  21.008 0.0000000000
119342  -19.793  -41.263  24.922 0.0000000000
35220  -19.412  -41.293  25.249 0.0000000000
54537  -33.348  -19.218  11.275 0.0000000000
59529  -38.975  -13.427  6.762 0.0000000000
58727  -38.882  -14.256  6.311 0.0000000000
58735  -40.256  -14.140  5.490 0.0000000000
51100  -30.688  -23.417  12.769 0.0000000000
37785  -24.969  -38.747  19.796 0.0000000000
36968  -25.542  -39.098  20.213 0.0000000000
116339  -15.380  -40.313  31.358 0.0000000000
35163  -14.163  -41.374  31.102 0.0000000000
36003  -14.851  -40.812  30.680 0.0000000000
60309  -44.823  -12.887  2.033 0.0000000000
61081  -44.222  -12.315  2.334 0.0000000000
44012  -34.653  -31.271  20.461 0.0000000000
99775  -33.991  -31.849  19.034 0.0000000000
36031  -17.114  -40.377  26.933 0.0000000000
43048  -27.473  -32.772  17.215 0.0000000000
37750  -21.334  -38.443  23.940 0.0000000000
106514  -21.330  -34.939  22.793 0.0000000000
115432  -21.540  -35.822  22.464 0.0000000000
40295  -21.358  -34.991  21.769 0.0000000000
39448  -21.548  -35.787  21.187 0.0000000000
44020  -23.247  -31.200  19.401 0.0000000000
44009  -22.479  -31.595  19.984 0.0000000000
43028  -23.132  -32.624  18.990 0.0000000000
42110  -22.642  -33.295  19.347 0.0000000000
42111  -23.464  -33.515  18.837 0.0000000000
102263  -24.232  -33.937  18.743 0.0000000000
42127  -23.874  -32.806  18.636 0.0000000000
42130  -26.643  -33.687  17.995 0.0000000000
115751  -35.511  -24.758  9.896 0.0000000000
52900  -37.265  -21.558  9.508 0.0000000000
53736  -37.526  -20.604  9.315 0.0000000000
57839  -35.194  -15.456  8.628 0.0000000000
55385  -39.364  -19.070  6.888 0.0000000000
54583  -39.685  -19.748  7.427 0.0000000000
59543  -43.071  -13.188  3.788 0.0000000000
120178  -10.021  -42.427  34.675 0.0000000000
34219  -9.624  -42.471  35.098 0.0000000000
33238  -9.414  -43.177  35.415 0.0000000000
43058  -30.269  -32.928  16.275 0.0000000000
44050  -30.662  -32.068  15.932 0.0000000000
102737  -30.796  -29.848  15.043 0.0000000000
45769  -31.679  -29.661  15.312 0.0000000000
116324  -30.314  -26.588  13.986 0.0000000000
47533  -31.577  -27.463  14.910 0.0000000000
47534  -32.176  -27.642  14.943 0.0000000000
48581  -32.551  -26.668  11.358 0.0000000000
47594  -33.867  -27.415  11.544 0.0000000000
48583  -34.221  -26.854  11.010 0.0000000000
35260  -23.169  -41.334  22.689 0.0000000000
32316  -12.899  -43.751  32.547 0.0000000000
32298  -13.108  -44.413  33.210 0.0000000000
114205  -13.845  -44.715  33.256 0.0000000000
32334  -17.004  -44.531  31.649 0.0000000000
35944  -7.645  -41.061  37.849 0.0000000000
35937  -7.235  -40.734  38.286 0.0000000000
112626  -33.394  -32.642  20.381 0.0000000000
34327  -21.820  -42.496  26.952 0.0000000000
106403  -22.157  -42.636  27.762 0.0000000000
34328  -22.689  -42.521  27.104 0.0000000000
103322  -28.838  -35.665  21.891 0.0000000000
101026  -19.677  -38.683  25.649 0.0000000000
35219  -18.213  -40.641  25.657 0.0000000000
36037  -17.641  -40.487  26.207 0.0000000000
34326  -20.512  -42.471  27.147 0.0000000000
44030  -26.693  -31.115  18.020 0.0000000000
44937  -24.889  -30.897  18.677 0.0000000000
44939  -26.419  -30.493  18.730 0.0000000000
111485  -34.004  -22.197  9.787 0.0000000000
109642  -34.611  -22.170  9.492 0.0000000000
52897  -34.141  -21.397  9.663 0.0000000000
105611  -34.283  -19.981  9.439 0.0000000000
53733  -34.570  -20.624  9.398 0.0000000000
54560  -34.971  -19.753  9.105 0.0000000000
58714  -36.488  -14.667  7.692 0.0000000000
58715  -37.116  -14.399  7.291 0.0000000000
57019  -40.093  -16.491  6.157 0.0000000000
57029  -40.658  -15.887  5.828 0.0000000000
57030  -41.594  -16.134  5.831 0.0000000000
59537  -40.914  -13.552  5.192 0.0000000000
45751  -29.256  -29.997  17.214 0.0000000000
47490  -27.967  -27.828  16.829 0.0000000000
115393  -29.166  -29.365  15.483 0.0000000000
46617  -28.226  -28.117  15.734 0.0000000000
51099  -29.379  -23.713  13.648 0.0000000000
49484  -29.703  -24.880  13.087 0.0000000000
49472  -29.840  -25.594  13.188 0.0000000000
50298  -31.864  -24.233  11.760 0.0000000000
35284  -24.466  -41.037  21.807 0.0000000000
36090  -24.496  -40.599  21.176 0.0000000000
36079  -26.670  -40.448  22.124 0.0000000000
35263  -26.084  -41.083  22.471 0.0000000000
34265  -13.995  -42.140  30.920 0.0000000000
35162  -13.502  -41.826  31.577 0.0000000000
34252  -13.509  -42.545  31.481 0.0000000000
34203  -5.855  -41.905  39.775 0.0000000000
35907  -4.207  -39.532  42.006 0.0000000000
35897  -4.014  -39.747  43.558 0.0000000000
44926  -34.985  -30.548  20.024 0.0000000000
104151  -34.990  -29.965  19.417 0.0000000000
38611  -26.519  -36.980  21.460 0.0000000000
36872  -16.261  -40.061  28.465 0.0000000000
36013  -15.855  -40.217  29.258 0.0000000000
106632  -15.974  -39.804  29.958 0.0000000000
36012  -15.494  -40.960  29.323 0.0000000000
35187  -15.799  -41.555  28.981 0.0000000000
34304  -16.700  -42.157  28.497 0.0000000000
33332  -16.944  -43.285  29.588 0.0000000000
34324  -18.258  -42.143  27.486 0.0000000000
34285  -18.348  -42.929  28.885 0.0000000000
33335  -19.583  -43.418  29.800 0.0000000000
33334  -18.738  -43.394  29.660 0.0000000000
33320  -19.092  -43.699  30.396 0.0000000000
33319  -18.204  -43.756  30.373 0.0000000000
103871  -29.749  -34.956  17.952 0.0000000000
41285  -29.801  -34.308  17.171 0.0000000000
117285  -29.724  -33.384  16.529 0.0000000000
106194  -28.574  -30.775  17.589 0.0000000000
44952  -29.052  -30.263  17.472 0.0000000000
36062  -21.024  -40.241  23.169 0.0000000000
38609  -22.009  -37.972  21.991 0.0000000000
102491  -22.121  -39.109  22.045 0.0000000000
36954  -22.628  -39.466  21.565 0.0000000000
38619  -22.395  -37.418  20.297 0.0000000000
37793  -22.911  -37.906  19.883 0.0000000000
38624  -22.705  -37.195  19.697 0.0000000000
43012  -22.048  -32.291  20.216 0.0000000000
42995  -22.000  -31.831  20.949 0.0000000000
42079  -21.362  -33.308  21.560 0.0000000000
42092  -21.580  -33.660  20.562 0.0000000000
41249  -21.594  -34.577  20.375 0.0000000000
41261  -22.953  -34.923  19.272 0.0000000000
113933  -23.293  -35.597  19.271 0.0000000000
102502  -23.996  -35.833  19.222 0.0000000000
38627  -25.217  -36.600  19.665 0.0000000000
117318  -24.763  -35.994  19.456 0.0000000000
40333  -25.492  -35.355  19.555 0.0000000000
41250  -26.023  -35.388  19.766 0.0000000000
42128  -24.605  -33.247  18.540 0.0000000000
41274  -26.553  -34.423  18.684 0.0000000000
40334  -28.187  -35.380  19.148 0.0000000000
40340  -28.985  -35.302  18.448 0.0000000000
40335  -29.044  -35.578  19.415 0.0000000000
103743  -20.333  -39.046  24.310 0.0000000000
48586  -37.529  -26.298  11.618 0.0000000000
49523  -37.557  -24.859  10.857 0.0000000000
49502  -38.305  -25.051  11.362 0.0000000000
103786  -36.212  -22.774  9.435 0.0000000000
51150  -36.116  -23.597  9.570 0.0000000000
56981  -33.736  -16.848  10.809 0.0000000000
56172  -33.498  -17.566  10.662 0.0000000000
56985  -33.721  -17.053  9.993 0.0000000000
117339  -34.658  -17.995  8.623 0.0000000000
55371  -35.541  -18.264  8.091 0.0000000000
105642  -37.066  -16.268  7.038 0.0000000000
57004  -36.488  -16.840  7.309 0.0000000000
55382  -36.892  -18.405  7.416 0.0000000000
54581  -37.785  -19.318  7.614 0.0000000000
53750  -38.247  -19.989  8.836 0.0000000000
53751  -39.670  -20.393  9.193 0.0000000000
55402  -41.764  -18.462  6.813 0.0000000000
57876  -42.923  -15.749  5.175 0.0000000000
110581  -43.784  -13.005  3.281 0.0000000000
35103  -9.341  -41.296  36.529 0.0000000000
34214  -8.100  -42.382  36.747 0.0000000000
120252  -9.749  -44.295  36.399 0.0000000000
33228  -9.118  -43.659  36.179 0.0000000000
32251  -9.290  -44.316  36.960 0.0000000000
33216  -8.110  -43.879  38.015 0.0000000000
33214  -6.770  -43.009  38.820 0.0000000000
33210  -7.315  -43.600  39.236 0.0000000000
33199  -7.531  -43.511  40.968 0.0000000000
119426  -31.692  -34.272  18.695 0.0000000000
43050  -31.634  -33.056  16.973 0.0000000000
44966  -29.692  -30.655  15.724 0.0000000000
44060  -30.975  -31.339  15.552 0.0000000000
44052  -32.227  -31.275  16.182 0.0000000000
44042  -33.432  -31.286  17.460 0.0000000000
45763  -33.101  -29.914  16.709 0.0000000000
45752  -33.575  -29.383  17.257 0.0000000000
46610  -33.253  -29.190  16.697 0.0000000000
110288  -27.298  -25.926  15.683 0.0000000000
106869  -27.123  -25.906  16.370 0.0000000000
47508  -27.870  -27.321  15.604 0.0000000000
47509  -28.208  -26.999  15.056 0.0000000000
50276  -28.122  -24.700  14.610 0.0000000000
49459  -28.517  -25.528  14.321 0.0000000000
48529  -29.960  -26.779  14.416 0.0000000000
48528  -28.330  -26.327  14.704 0.0000000000
47531  -29.858  -27.255  14.637 0.0000000000
47510  -30.922  -28.197  14.895 0.0000000000
46621  -32.401  -28.345  15.497 0.0000000000
46594  -33.447  -28.537  16.520 0.0000000000
47475  -33.944  -28.375  17.106 0.0000000000
47554  -32.227  -27.560  13.779 0.0000000000
47556  -34.162  -28.099  13.149 0.0000000000
47577  -35.569  -27.740  12.183 0.0000000000
102697  -36.057  -28.020  12.872 0.0000000000
47579  -36.949  -27.767  12.659 0.0000000000
48565  -36.668  -27.301  12.036 0.0000000000
47596  -36.023  -27.271  11.739 0.0000000000
48604  -34.870  -26.275  10.640 0.0000000000
49521  -35.249  -25.484  10.256 0.0000000000
49518  -33.213  -25.590  10.597 0.0000000000
50324  -33.533  -24.282  10.211 0.0000000000
51147  -33.894  -23.563  9.842 0.0000000000
35232  -21.053  -41.432  24.197 0.0000000000
34367  -21.482  -41.847  24.846 0.0000000000
34359  -23.564  -42.240  25.667 0.0000000000
34345  -24.270  -42.267  26.481 0.0000000000
35236  -25.021  -41.712  23.872 0.0000000000
37759  -26.980  -38.522  22.357 0.0000000000
35122  -10.642  -41.475  34.746 0.0000000000
35151  -12.689  -41.530  32.662 0.0000000000
35139  -12.475  -41.264  33.434 0.0000000000
32279  -11.200  -44.100  34.466 0.0000000000
32296  -11.887  -44.159  33.938 0.0000000000
34281  -15.035  -42.006  29.848 0.0000000000
33300  -15.733  -44.077  31.132 0.0000000000
32332  -14.965  -44.099  31.490 0.0000000000
33284  -14.066  -43.931  31.812 0.0000000000
32319  -15.243  -44.695  32.319 0.0000000000
61087  -43.756  -11.348  1.925 0.0000000000
35887  -3.274  -40.236  43.958 0.0000000000
35896  -3.139  -39.629  43.703 0.0000000000
36747  -2.623  -39.155  43.034 0.0000000000
105729  -21.300  -42.613  27.519 0.0000000000
34342  -21.423  -42.303  26.214 0.0000000000
120193  -29.909  -35.555  20.601 0.0000000000
36044  -18.844  -40.727  25.135 0.0000000000
101260  -18.800  -41.288  25.741 0.0000000000
102342  -18.927  -41.789  26.461 0.0000000000
115193  -27.043  -30.183  19.303 0.0000000000
53720  -33.588  -20.328  10.164 0.0000000000
54558  -33.796  -19.747  9.742 0.0000000000
106759  -33.638  -18.885  9.767 0.0000000000
58716  -37.645  -14.157  6.914 0.0000000000
58726  -38.222  -14.689  6.519 0.0000000000
57873  -40.391  -15.012  5.520 0.0000000000
105760  -28.608  -28.405  17.351 0.0000000000
47474  -28.054  -27.447  17.631 0.0000000000
47473  -27.548  -27.144  16.956 0.0000000000
105022  -30.000  -23.465  13.178 0.0000000000
50287  -30.279  -24.259  12.730 0.0000000000
120982  -30.833  -23.970  12.461 0.0000000000
51112  -31.441  -23.580  12.379 0.0000000000
36099  -24.543  -40.070  20.623 0.0000000000
36091  -25.410  -40.322  21.003 0.0000000000
36092  -26.403  -40.046  21.373 0.0000000000
59556  -44.873  -13.631  2.391 0.0000000000
34197  -6.221  -42.346  41.255 0.0000000000
34196  -5.456  -41.541  41.250 0.0000000000
35051  -6.009  -41.581  42.691 0.0000000000
35050  -5.326  -40.884  43.853 0.0000000000
104813  -34.708  -30.683  19.197 0.0000000000
40309  -26.504  -36.130  20.984 0.0000000000
39450  -26.684  -36.411  21.460 0.0000000000
105537  -26.932  -36.235  21.690 0.0000000000
39441  -27.348  -36.367  22.441 0.0000000000
36887  -17.516  -39.794  26.350 0.0000000000
101509  -17.571  -39.182  27.256 0.0000000000
36873  -17.402  -39.057  28.282 0.0000000000
35188  -16.330  -41.505  28.434 0.0000000000
34305  -17.256  -42.204  28.171 0.0000000000
100581  -28.949  -34.740  17.637 0.0000000000
37757  -21.451  -38.766  23.317 0.0000000000
39432  -21.651  -36.266  23.348 0.0000000000
39449  -21.903  -37.231  21.901 0.0000000000
107727  -22.205  -37.714  21.158 0.0000000000
39458  -21.947  -36.753  20.918 0.0000000000
42093  -22.005  -33.071  20.002 0.0000000000
42109  -22.129  -34.028  19.763 0.0000000000
102178  -22.862  -34.099  19.204 0.0000000000
40332  -24.780  -35.388  19.375 0.0000000000
42112  -25.004  -34.157  18.924 0.0000000000
43038  -25.939  -33.043  17.968 0.0000000000
48605  -36.362  -25.993  10.907 0.0000000000
49522  -36.937  -25.391  10.795 0.0000000000
50325  -36.884  -24.680  10.367 0.0000000000
50326  -37.479  -24.273  10.484 0.0000000000
57832  -34.529  -15.523  9.971 0.0000000000
56993  -34.221  -16.401  9.419 0.0000000000
57838  -34.691  -15.674  9.253 0.0000000000
56998  -34.690  -16.162  8.792 0.0000000000
56205  -38.004  -17.352  6.717 0.0000000000
109529  -37.444  -17.897  7.020 0.0000000000
55398  -38.200  -18.176  6.813 0.0000000000
55384  -38.439  -19.067  7.100 0.0000000000
54571  -39.864  -20.238  8.187 0.0000000000
58742  -41.917  -14.526  4.392 0.0000000000
58743  -42.616  -14.651  3.919 0.0000000000
58749  -43.343  -14.732  3.559 0.0000000000
35113  -9.577  -41.837  35.454 0.0000000000
103867  -7.851  -43.898  39.625 0.0000000000
42143  -30.562  -33.954  17.075 0.0000000000
42144  -31.273  -33.844  17.393 0.0000000000
44968  -31.271  -30.591  15.343 0.0000000000
45770  -32.281  -29.826  15.723 0.0000000000
115441  -27.412  -25.442  15.498 0.0000000000
49471  -29.246  -25.391  13.691 0.0000000000
47512  -32.455  -28.112  15.316 0.0000000000
114601  -32.534  -28.011  15.191 0.0000000000
48564  -32.100  -26.974  11.978 0.0000000000
115199  -32.738  -27.697  12.772 0.0000000000
47595  -35.231  -27.341  11.556 0.0000000000
48584  -34.916  -26.917  11.121 0.0000000000
52002  -33.501  -22.734  10.625 0.0000000000
35234  -22.994  -41.928  24.229 0.0000000000
33282  -12.235  -43.088  32.594 0.0000000000
107075  -12.603  -44.594  33.997 0.0000000000
33331  -16.019  -43.151  29.838 0.0000000000
33316  -15.288  -43.257  30.346 0.0000000000
112066  -15.905  -43.732  30.548 0.0000000000
43029  -33.448  -32.615  19.367 0.0000000000
34268  -20.849  -43.224  29.671 0.0000000000
34288  -21.370  -42.990  29.259 0.0000000000
34289  -22.083  -42.923  29.281 0.0000000000
34310  -22.537  -42.761  28.607 0.0000000000
40324  -27.617  -35.692  20.919 0.0000000000
103129  -27.816  -35.816  21.809 0.0000000000
36888  -18.172  -39.041  26.500 0.0000000000
36900  -18.184  -39.598  25.700 0.0000000000
35198  -17.787  -41.546  27.030 0.0000000000
34340  -18.998  -42.253  27.191 0.0000000000
34307  -19.921  -42.838  28.489 0.0000000000
44031  -27.704  -30.939  17.833 0.0000000000
44919  -23.783  -30.506  19.785 0.0000000000
44028  -24.441  -31.462  18.603 0.0000000000
44029  -25.135  -31.648  18.337 0.0000000000
44938  -25.748  -31.031  18.362 0.0000000000
51149  -35.326  -23.585  9.501 0.0000000000
106925  -35.489  -22.240  9.359 0.0000000000
52899  -35.807  -21.331  9.266 0.0000000000
103151  -36.114  -20.592  9.182 0.0000000000
57840  -35.809  -14.929  8.074 0.0000000000
58725  -37.600  -15.038  6.770 0.0000000000
57862  -37.593  -15.848  6.779 0.0000000000
57016  -37.831  -16.527  6.713 0.0000000000
56206  -38.749  -17.610  6.593 0.0000000000
119608  -39.259  -17.841  6.554 0.0000000000
55400  -39.816  -18.206  6.573 0.0000000000
55387  -41.181  -19.163  6.974 0.0000000000
56209  -41.457  -17.558  6.509 0.0000000000
115249  -41.703  -15.116  4.809 0.0000000000
33239  -9.971  -43.550  35.115 0.0000000000
44049  -29.554  -31.473  16.141 0.0000000000
120618  -29.451  -29.968  15.610 0.0000000000
45775  -29.482  -28.791  14.936 0.0000000000
104384  -28.424  -23.738  14.839 0.0000000000
51089  -28.783  -24.117  14.106 0.0000000000
48545  -30.930  -26.829  13.766 0.0000000000
48563  -31.323  -26.767  12.593 0.0000000000
49486  -30.994  -25.849  12.140 0.0000000000
48602  -32.908  -26.170  10.842 0.0000000000
51127  -32.578  -23.801  11.583 0.0000000000
51114  -33.118  -23.117  12.118 0.0000000000
51979  -33.748  -22.600  12.658 0.0000000000
35283  -23.789  -41.180  22.199 0.0000000000
114559  -23.850  -41.476  22.757 0.0000000000
35261  -24.507  -41.399  22.478 0.0000000000
35249  -25.358  -41.490  22.988 0.0000000000
35285  -25.095  -40.851  21.524 0.0000000000
35250  -26.323  -41.334  23.240 0.0000000000
35161  -12.963  -41.847  32.120 0.0000000000
33283  -13.406  -43.673  32.028 0.0000000000
32335  -17.906  -44.427  31.624 0.0000000000
34206  -6.454  -42.146  38.460 0.0000000000
35936  -6.578  -40.741  38.623 0.0000000000
35082  -6.169  -41.335  38.753 0.0000000000
35074  -5.608  -41.174  39.483 0.0000000000
110745  -5.204  -40.769  40.162 0.0000000000
35918  -4.881  -40.054  40.685 0.0000000000
36768  -4.522  -39.071  41.301 0.0000000000
56982  -34.099  -16.313  11.343 0.0000000000
57825  -35.203  -14.746  10.428 0.0000000000
58692  -35.893  -14.182  9.917 0.0000000000
46574  -34.886  -28.462  18.823 0.0000000000
37796  -25.215  -37.594  19.692 0.0000000000
36969  -26.239  -38.631  20.692 0.0000000000
37787  -26.257  -37.655  20.866 0.0000000000
40297  -27.537  -36.027  22.466 0.0000000000
36848  -16.624  -39.460  30.449 0.0000000000
34282  -15.689  -42.275  29.374 0.0000000000
41253  -31.272  -34.759  20.066 0.0000000000
41286  -30.557  -34.455  17.610 0.0000000000
42153  -30.160  -33.659  16.722 0.0000000000
43049  -27.969  -32.306  16.960 0.0000000000
44048  -29.207  -32.065  16.418 0.0000000000
46581  -29.595  -28.960  18.654 0.0000000000
103748  -20.196  -41.195  24.510 0.0000000000
35245  -21.547  -41.142  23.353 0.0000000000
36076  -22.333  -40.942  22.627 0.0000000000
119051  -22.506  -40.425  22.168 0.0000000000
38594  -21.801  -37.644  23.984 0.0000000000
38600  -21.881  -37.667  22.893 0.0000000000
36933  -21.763  -39.173  22.600 0.0000000000
36944  -22.250  -39.774  22.046 0.0000000000
36955  -23.339  -39.941  21.123 0.0000000000
36966  -23.791  -39.596  20.407 0.0000000000
36975  -24.084  -38.926  19.781 0.0000000000
37795  -24.551  -38.229  19.537 0.0000000000
112354  -21.373  -35.014  20.919 0.0000000000
40321  -21.662  -35.377  20.374 0.0000000000
113950  -22.029  -35.773  19.925 0.0000000000
40330  -22.550  -35.750  19.528 0.0000000000
38625  -23.402  -37.364  19.428 0.0000000000
38626  -24.356  -37.468  19.378 0.0000000000
39459  -26.005  -36.177  20.443 0.0000000000
41241  -26.949  -35.713  20.763 0.0000000000
42113  -25.770  -34.526  19.066 0.0000000000
41251  -26.628  -35.534  20.158 0.0000000000
40325  -29.175  -35.635  20.379 0.0000000000
36912  -19.973  -38.860  24.928 0.0000000000
35231  -19.468  -40.842  24.714 0.0000000000
48587  -38.113  -25.830  11.670 0.0000000000
50331  -36.976  -23.870  9.972 0.0000000000
101966  -37.448  -23.080  9.927 0.0000000000
55362  -34.049  -18.374  9.222 0.0000000000
56179  -34.074  -17.458  9.222 0.0000000000
115323  -34.465  -18.640  8.954 0.0000000000
53748  -36.753  -19.576  8.708 0.0000000000
57849  -35.553  -15.811  7.932 0.0000000000
57003  -35.754  -16.635  7.709 0.0000000000
56194  -35.982  -17.495  7.613 0.0000000000
55381  -36.257  -18.132  7.593 0.0000000000
55372  -36.314  -18.803  7.944 0.0000000000
53749  -37.593  -19.968  9.046 0.0000000000
53737  -38.295  -20.315  9.299 0.0000000000
58751  -44.891  -14.495  2.737 0.0000000000
99914  -43.261  -11.367  3.969 0.0000000000
35093  -8.069  -41.381  37.297 0.0000000000
35092  -7.422  -41.702  37.531 0.0000000000
33237  -8.891  -42.960  35.930 0.0000000000
33227  -8.394  -43.106  36.487 0.0000000000
33220  -8.190  -43.573  37.234 0.0000000000
33226  -7.871  -42.945  37.005 0.0000000000
34211  -7.521  -42.401  37.360 0.0000000000
34210  -6.952  -42.081  37.799 0.0000000000
34204  -6.287  -42.457  39.314 0.0000000000
34200  -6.253  -42.528  40.181 0.0000000000
34201  -6.828  -43.035  40.592 0.0000000000
41254  -31.900  -34.185  20.344 0.0000000000
42131  -31.830  -33.886  18.114 0.0000000000
43040  -33.563  -32.231  18.511 0.0000000000
43060  -31.972  -32.229  16.597 0.0000000000
43052  -33.221  -32.088  17.796 0.0000000000
44033  -34.346  -31.135  18.689 0.0000000000
44953  -33.525  -30.356  17.322 0.0000000000
45739  -34.461  -29.130  18.355 0.0000000000
49443  -27.144  -25.336  16.965 0.0000000000
46629  -29.176  -27.900  14.803 0.0000000000
50267  -27.512  -24.956  15.338 0.0000000000
106177  -32.332  -29.073  15.602 0.0000000000
46595  -33.726  -28.611  17.166 0.0000000000
46583  -34.484  -28.288  18.128 0.0000000000
47492  -33.603  -28.559  16.344 0.0000000000
47536  -33.819  -28.191  14.288 0.0000000000
48566  -37.351  -27.034  12.109 0.0000000000
102311  -35.006  -24.232  9.640 0.0000000000
49519  -33.848  -25.133  10.202 0.0000000000
52009  -34.284  -22.858  9.647 0.0000000000
53713  -33.396  -20.153  10.968 0.0000000000
34368  -22.320  -42.034  24.900 0.0000000000
34358  -22.696  -42.264  25.640 0.0000000000
100796  -24.051  -41.828  24.049 0.0000000000
35223  -24.463  -42.085  25.550 0.0000000000
35224  -25.376  -41.922  25.379 0.0000000000
34346  -25.317  -42.178  26.878 0.0000000000
36957  -26.662  -39.131  21.345 0.0000000000
36945  -26.997  -39.650  22.011 0.0000000000
34221  -10.293  -42.772  34.297 0.0000000000
35138  -11.665  -41.473  33.723 0.0000000000
34231  -11.783  -42.514  32.945 0.0000000000
115789  -11.329  -42.093  33.424 0.0000000000
34230  -10.769  -42.418  33.848 0.0000000000
33251  -10.378  -43.480  34.587 0.0000000000
32280  -11.992  -44.516  34.454 0.0000000000
33315  -14.702  -43.367  30.834 0.0000000000
32320  -16.672  -44.825  32.426 0.0000000000
32299  -14.591  -44.818  32.958 0.0000000000
35047  -4.845  -40.884  44.180 0.0000000000
35889  -4.529  -40.364  44.060 0.0000000000
35888  -4.139  -40.203  44.191 0.0000000000
110318  -2.022  -39.642  42.648 0.0000000000
36757  -2.100  -38.653  42.280 0.0000000000
37608  -2.706  -38.402  42.515 0.0000000000
36100  -25.245  -39.757  20.475 0.0000000000
37786  -25.697  -38.144  20.130 0.0000000000
42152  -29.059  -33.388  16.661 0.0000000000
115799  -3.686  -40.004  44.087 0.0000000000
117500  -22.943  -31.914  19.275 0.0000000000
117777  -31.788  -34.298  19.460 0.0000000000
