#!ascii label  , from subject sub-v2s12x28886_ses-1 vox2ras=TkReg
1978
31470  -39.072  -54.772  -5.328 0.5000000000
31474  -38.702  -54.538  -5.443 0.4000000060
30477  -38.130  -55.042  -5.474 0.6000000238
31468  -37.937  -54.030  -5.372 0.6000000238
33490  -38.866  -52.100  -5.211 0.6000000238
32496  -38.980  -54.115  -5.290 0.5000000000
34501  -39.043  -50.962  -5.130 0.6000000238
31467  -37.051  -54.430  -4.840 0.6999999881
30476  -36.993  -55.410  -4.871 0.6999999881
33488  -37.336  -52.559  -4.935 0.6999999881
32495  -38.707  -52.797  -5.293 0.6999999881
33497  -38.781  -51.611  -5.359 0.6999999881
35516  -38.826  -49.681  -4.708 0.5000000000
35526  -39.069  -50.090  -5.322 0.6999999881
34500  -38.454  -51.504  -4.108 0.5000000000
24134  -28.619  -62.602  6.549 0.5000000000
32478  -36.268  -53.882  -4.152 0.6999999881
33480  -36.447  -52.979  -4.190 0.6999999881
33489  -38.024  -52.033  -5.468 0.6999999881
34499  -36.587  -52.067  -4.322 0.6999999881
35524  -37.793  -50.613  -5.447 0.6999999881
34508  -37.559  -51.594  -5.197 0.6999999881
35515  -36.714  -51.120  -4.465 0.6999999881
36623  -38.853  -49.281  -5.165 0.6000000238
29500  -31.522  -56.288  -0.073 0.6999999881
30443  -31.484  -55.507  -1.067 0.6999999881
143303  -35.370  -54.244  -3.540 0.6999999881
143088  -34.544  -54.118  -2.915 0.6999999881
24116  -28.296  -62.210  7.209 0.6000000238
23174  -26.179  -62.855  7.148 0.4000000060
32477  -35.687  -53.353  -3.559 0.6999999881
35525  -38.689  -50.150  -5.600 0.6999999881
36631  -38.783  -49.571  -5.359 0.6999999881
140845  -37.910  -48.920  -5.484 0.6999999881
37531  -38.358  -47.983  -4.418 0.6000000238
29490  -32.303  -56.148  1.371 0.6999999881
29501  -31.875  -56.182  0.629 0.6999999881
30457  -32.524  -55.060  -1.963 0.6999999881
30433  -31.450  -55.602  -0.453 0.6999999881
30417  -32.131  -55.436  0.891 0.6999999881
25062  -29.545  -61.318  7.223 0.6000000238
154217  -31.975  -54.738  -1.534 0.6999999881
32467  -34.412  -53.237  -2.625 0.6999999881
31448  -33.081  -54.538  -2.300 0.6999999881
135210  -31.346  -54.108  -1.027 0.6999999881
134677  -31.423  -54.109  -0.401 0.6999999881
25047  -26.738  -61.448  7.563 0.5000000000
24132  -27.016  -62.634  7.127 0.5000000000
34498  -35.953  -51.594  -3.555 0.6999999881
33479  -35.858  -52.495  -3.543 0.6999999881
32448  -31.312  -53.265  -0.820 0.6999999881
24114  -26.443  -62.229  7.431 0.4000000060
133378  -36.849  -50.166  -4.595 0.6999999881
33468  -34.764  -52.467  -2.561 0.6999999881
32458  -32.761  -53.079  -1.775 0.6999999881
32456  -31.470  -53.543  -1.163 0.6999999881
24113  -25.532  -62.470  7.449 0.4000000060
34488  -35.416  -51.149  -2.788 0.6999999881
33459  -32.179  -52.552  -1.551 0.6999999881
33458  -31.483  -52.687  -1.181 0.6999999881
36621  -37.905  -49.687  -5.533 0.6999999881
36610  -36.116  -49.664  -3.689 0.6999999881
35497  -33.037  -50.954  -1.539 0.6999999881
34479  -32.579  -51.762  -1.574 0.6999999881
37540  -38.081  -48.294  -5.415 0.6999999881
35498  -34.506  -50.123  -1.960 0.6999999881
38535  -38.048  -47.069  -4.084 0.6000000238
38554  -37.808  -47.281  -5.275 0.6999999881
38545  -36.592  -47.703  -4.550 0.6999999881
41545  -36.995  -44.073  -3.460 0.5000000000
135584  -36.754  -44.937  -2.602 0.5000000000
42459  -35.605  -43.884  0.251 0.4000000060
41519  -36.125  -44.927  -1.381 0.5000000000
31405  -32.302  -54.254  1.351 0.6999999881
26814  -29.683  -59.606  7.688 0.6000000238
32466  -33.481  -53.143  -2.184 0.6999999881
25048  -27.712  -61.583  7.519 0.5000000000
32439  -31.574  -53.372  0.108 0.6999999881
35507  -35.376  -50.131  -2.686 0.6999999881
34487  -34.619  -51.648  -2.267 0.6999999881
36611  -37.043  -49.246  -4.730 0.6999999881
36602  -34.823  -49.496  -2.269 0.6999999881
40579  -37.358  -44.865  -4.974 0.6999999881
38555  -38.224  -47.599  -5.191 0.6999999881
136605  -37.560  -45.518  -4.983 0.6999999881
133235  -38.022  -46.679  -5.223 0.6999999881
41555  -37.360  -44.323  -4.458 0.6999999881
28540  -32.046  -57.874  6.546 0.6999999881
134017  -32.595  -56.389  5.780 0.6999999881
30369  -32.752  -55.183  4.845 0.8000000119
133994  -31.598  -58.221  7.117 0.6000000238
28530  -32.206  -57.061  6.913 0.6000000238
155419  -32.476  -56.559  6.542 0.6000000238
30382  -32.583  -55.123  4.020 0.8000000119
28528  -31.243  -57.967  7.639 0.6000000238
28520  -31.344  -57.158  7.915 0.6000000238
135973  -32.464  -54.656  2.189 0.6999999881
26815  -30.561  -59.479  7.389 0.6000000238
147245  -30.742  -58.303  7.823 0.6000000238
143932  -28.848  -60.129  7.657 0.6000000238
27659  -29.401  -58.663  8.028 0.6000000238
32427  -32.162  -53.488  1.054 0.6999999881
25952  -27.288  -60.549  7.623 0.5000000000
26812  -28.017  -59.875  7.709 0.6000000238
32428  -32.428  -53.638  2.036 0.6999999881
33439  -31.409  -52.608  -0.253 0.6999999881
135464  -34.839  -50.785  -2.242 0.6999999881
34478  -31.664  -51.826  -1.325 0.6999999881
39558  -36.081  -46.193  -4.474 0.8000000119
38553  -36.925  -46.737  -4.908 0.6999999881
140473  -35.430  -49.036  -2.937 0.6999999881
134956  -32.420  -50.381  -1.459 0.6999999881
136408  -36.768  -44.621  -5.041 0.8000000119
37529  -36.291  -48.699  -4.088 0.6999999881
37522  -34.497  -48.054  -2.429 0.6999999881
41534  -36.384  -44.302  -2.200 0.5000000000
42470  -35.599  -43.589  -0.599 0.5000000000
43385  -35.576  -42.825  -0.779 0.5000000000
43374  -35.896  -42.451  0.734 0.4000000060
29409  -32.372  -56.268  7.229 0.6000000238
30360  -32.839  -55.552  5.649 0.6999999881
31348  -33.113  -55.039  6.545 0.8000000119
31364  -33.100  -54.622  5.478 0.8999999762
147242  -31.893  -56.867  7.457 0.6000000238
150851  -33.043  -53.937  4.899 0.8000000119
31384  -32.607  -54.284  3.693 0.8000000119
32400  -32.627  -53.505  3.453 0.8000000119
27649  -30.071  -58.101  8.094 0.6000000238
27648  -29.201  -57.792  8.240 0.6000000238
32413  -32.515  -53.320  2.787 0.8000000119
26813  -28.696  -59.249  7.859 0.6000000238
141316  -28.511  -58.332  8.022 0.6000000238
33415  -32.448  -52.787  2.304 0.6999999881
146527  -26.179  -61.159  7.582 0.5000000000
34454  -31.905  -51.773  0.961 0.6999999881
134196  -32.247  -51.404  1.774 0.6999999881
25950  -25.614  -60.860  7.616 0.5000000000
26811  -26.635  -59.807  7.594 0.5000000000
34463  -31.301  -51.891  -0.499 0.6999999881
34470  -31.305  -51.823  -1.040 0.6999999881
40568  -35.400  -45.584  -4.054 0.8000000119
135923  -35.621  -48.115  -3.511 0.6999999881
37521  -33.839  -48.120  -1.904 0.6999999881
36591  -32.194  -49.546  -1.412 0.6999999881
38544  -35.700  -47.127  -3.854 0.6999999881
41533  -35.870  -44.026  -1.391 0.5000000000
30325  -32.205  -55.473  7.757 0.6999999881
30332  -32.750  -55.534  7.122 0.6999999881
31349  -33.303  -54.270  6.311 0.8000000119
29408  -31.687  -56.281  7.920 0.6999999881
32367  -33.280  -54.275  7.030 0.8000000119
33373  -33.474  -52.948  5.869 0.8000000119
143649  -30.742  -57.049  8.270 0.6000000238
133907  -32.840  -53.037  3.957 0.8000000119
28518  -29.964  -57.247  8.341 0.6000000238
134817  -27.799  -58.950  7.730 0.6000000238
34444  -32.477  -51.963  2.495 0.8000000119
34430  -32.711  -51.649  3.311 0.6999999881
137461  -26.943  -59.035  7.533 0.6000000238
35460  -32.493  -50.419  2.737 0.8000000119
26809  -25.058  -60.042  7.623 0.4000000060
35495  -31.346  -51.078  -1.138 0.6999999881
35487  -31.131  -51.015  -0.718 0.6999999881
35468  -31.783  -50.936  1.024 0.6999999881
140569  -23.782  -61.084  8.031 0.4000000060
35486  -31.051  -50.252  -0.997 0.6999999881
35478  -31.196  -50.572  0.166 0.6999999881
39557  -35.107  -46.373  -3.564 0.8000000119
38533  -34.964  -47.678  -2.980 0.8000000119
130742  -31.554  -50.340  -1.300 0.6999999881
37512  -33.420  -48.924  -1.548 0.6999999881
41566  -36.504  -43.779  -4.945 0.8000000119
42505  -37.167  -43.659  -4.668 0.6999999881
42496  -36.831  -43.168  -3.790 0.5000000000
44289  -35.619  -41.657  -0.118 0.5000000000
43398  -35.791  -42.580  -1.865 0.5000000000
155565  -36.444  -42.053  1.288 0.4000000060
156084  -32.341  -54.024  8.116 0.6000000238
32356  -32.826  -54.025  7.689 0.6999999881
32368  -33.452  -53.558  6.626 0.8000000119
134325  -33.684  -52.120  6.245 0.8000000119
141546  -31.004  -55.860  8.383 0.6999999881
30323  -29.929  -55.707  8.505 0.6999999881
34416  -33.308  -51.543  4.710 0.8000000119
29399  -29.493  -56.488  8.435 0.6000000238
34397  -33.627  -51.436  5.523 0.8000000119
29398  -28.667  -56.513  8.267 0.6000000238
34431  -33.146  -51.212  3.981 0.8000000119
27658  -27.260  -58.432  7.391 0.6000000238
134574  -27.767  -58.015  7.696 0.6000000238
35469  -32.186  -50.467  1.936 0.8999999762
35447  -32.743  -50.788  3.307 0.8000000119
143375  -30.997  -49.876  0.199 0.8000000119
129580  -31.580  -49.997  1.064 0.8000000119
27657  -26.018  -59.008  7.407 0.5000000000
152211  -30.331  -48.020  -0.723 0.8000000119
35477  -30.898  -50.068  -0.519 0.6999999881
155161  -25.357  -59.383  7.480 0.4000000060
41553  -34.591  -44.266  -3.720 0.8000000119
38543  -34.819  -47.020  -3.097 0.8000000119
39546  -34.236  -46.502  -2.835 0.8000000119
38531  -33.276  -47.491  -1.870 0.8000000119
36589  -30.878  -48.983  -1.118 0.6999999881
41554  -35.703  -44.651  -4.476 0.8000000119
38532  -34.128  -47.370  -2.449 0.8000000119
37511  -32.273  -48.461  -1.439 0.6999999881
39545  -33.401  -46.702  -2.287 0.8000000119
42514  -35.764  -43.088  -4.749 0.8000000119
40555  -33.539  -45.788  -2.641 0.8000000119
43410  -36.313  -42.002  -2.875 0.6000000238
43420  -36.680  -42.372  -3.909 0.6000000238
44300  -35.547  -42.039  -0.943 0.5000000000
32349  -31.623  -53.940  8.416 0.6000000238
32357  -33.444  -53.027  7.276 0.6999999881
148426  -30.610  -55.173  8.488 0.6000000238
151619  -33.493  -51.802  7.507 0.6999999881
136647  -33.899  -51.355  6.291 0.6999999881
31332  -30.708  -54.455  8.523 0.6000000238
155408  -31.123  -53.298  8.535 0.6000000238
30322  -29.066  -55.204  8.343 0.6000000238
35433  -33.533  -50.714  4.778 0.8000000119
29407  -27.992  -56.508  7.792 0.6000000238
138258  -29.062  -55.929  8.396 0.6000000238
35415  -34.077  -50.639  5.877 0.6999999881
35448  -33.237  -50.355  3.875 0.8000000119
27675  -26.582  -58.276  6.840 0.3000000119
36549  -32.121  -48.962  2.292 0.8000000119
142679  -32.365  -49.779  2.535 0.8000000119
36568  -31.135  -49.248  0.664 0.8000000119
37475  -31.695  -48.481  1.791 0.8000000119
38502  -30.183  -47.329  -0.481 0.8000000119
40567  -34.485  -45.740  -3.322 0.8000000119
38518  -32.637  -47.705  -1.566 0.8000000119
37500  -30.546  -48.491  -0.933 0.8000000119
36578  -30.774  -49.311  -0.854 0.6999999881
39531  -32.512  -46.845  -1.734 0.8000000119
39544  -32.885  -46.168  -2.148 0.8000000119
130273  -36.625  -42.608  -4.827 0.6999999881
44326  -36.356  -41.136  -2.936 0.6000000238
46125  -36.966  -39.767  0.923 0.3000000119
33344  -31.715  -52.883  8.474 0.6000000238
149160  -32.853  -52.012  8.147 0.6999999881
33346  -33.255  -51.590  7.948 0.6999999881
35399  -33.666  -51.045  7.608 0.6999999881
156017  -27.553  -54.070  5.416 0.5000000000
31331  -29.907  -54.810  8.513 0.6000000238
32348  -30.624  -53.658  8.547 0.6000000238
29406  -27.613  -56.502  7.159 0.5000000000
31335  -28.184  -54.838  7.771 0.5000000000
31330  -29.187  -54.214  8.293 0.6000000238
36501  -34.267  -49.220  5.326 0.6999999881
28553  -27.094  -57.370  5.608 0.3000000119
28526  -27.664  -57.202  7.426 0.5000000000
36500  -33.924  -49.931  5.135 0.8000000119
37445  -33.705  -48.578  4.076 0.8000000119
36540  -33.309  -49.420  3.774 0.8000000119
38479  -31.467  -47.730  1.586 0.8999999762
38467  -32.535  -47.721  2.634 0.8999999762
37463  -32.562  -48.377  2.817 0.8000000119
37464  -33.125  -48.518  3.437 0.8000000119
38492  -30.283  -47.088  0.239 0.8999999762
38493  -30.773  -47.840  0.694 0.8999999762
38466  -32.061  -48.081  2.260 0.8999999762
42503  -34.051  -43.605  -3.423 0.8000000119
40566  -34.008  -45.006  -3.170 0.8000000119
144056  -31.532  -46.741  -1.444 0.8000000119
37509  -31.059  -48.274  -1.247 0.8000000119
42504  -34.815  -43.401  -4.030 0.8000000119
43428  -36.270  -42.046  -5.035 0.6999999881
44337  -36.576  -41.558  -3.867 0.6000000238
46138  -36.274  -39.418  -0.801 0.6000000238
129998  -36.253  -40.023  0.079 0.6000000238
34368  -31.289  -51.949  8.545 0.6000000238
141251  -32.208  -52.019  8.430 0.6000000238
152821  -33.340  -50.925  8.099 0.6999999881
33343  -30.530  -52.708  8.526 0.6000000238
35387  -33.726  -50.284  8.036 0.6999999881
32347  -29.816  -53.449  8.455 0.6000000238
36476  -34.359  -49.623  7.389 0.8000000119
134006  -27.582  -55.031  6.883 0.6000000238
32346  -29.033  -53.248  8.088 0.6000000238
35408  -34.297  -50.113  6.733 0.6999999881
37429  -34.504  -48.559  5.610 0.8000000119
30339  -27.550  -56.025  6.368 0.4000000060
37446  -34.203  -48.569  4.782 0.6999999881
28539  -27.242  -57.753  6.787 0.4000000060
36520  -33.860  -49.282  4.547 0.8000000119
39474  -32.178  -47.196  2.190 0.8000000119
38453  -33.489  -47.136  3.279 0.8000000119
38491  -29.904  -46.515  -0.201 0.8999999762
141799  -31.578  -46.938  1.630 0.8000000119
38452  -33.012  -47.774  3.126 0.8000000119
39504  -30.017  -46.219  0.251 0.8000000119
41543  -32.390  -44.689  -2.135 0.8000000119
40542  -31.163  -45.239  -1.469 0.8000000119
39529  -30.560  -46.693  -1.161 0.6999999881
41552  -33.618  -44.174  -3.048 0.8000000119
154128  -31.082  -46.334  -1.381 0.8000000119
153007  -32.021  -46.386  -1.616 0.8000000119
44336  -35.226  -41.699  -4.692 0.8000000119
131756  -32.818  -44.004  -2.486 0.8000000119
45275  -36.442  -40.418  -4.132 0.6999999881
145117  -36.398  -40.226  -3.102 0.6999999881
47134  -36.414  -37.969  -1.605 0.6000000238
129955  -36.778  -37.591  -0.851 0.6000000238
47122  -37.244  -37.618  -0.169 0.6000000238
34367  -30.450  -51.670  8.491 0.6000000238
36465  -33.540  -49.596  8.346 0.8000000119
140587  -33.122  -50.400  8.364 0.6999999881
131050  -27.563  -52.685  5.804 0.5000000000
33354  -29.141  -52.386  7.984 0.5000000000
36486  -34.479  -49.363  6.695 0.8000000119
136533  -34.485  -49.127  6.006 0.6999999881
143784  -27.683  -53.621  6.633 0.5000000000
138172  -28.432  -53.842  7.722 0.5000000000
37404  -34.534  -48.822  7.447 0.8000000119
132362  -34.876  -47.956  6.994 0.8000000119
131892  -27.564  -53.459  5.788 0.5000000000
38402  -34.809  -47.893  6.035 0.8000000119
38419  -34.509  -47.866  5.083 0.8000000119
39439  -34.945  -46.460  4.853 0.8000000119
38436  -34.081  -47.857  4.319 0.8000000119
38454  -34.021  -47.167  3.861 0.8000000119
137435  -34.482  -47.165  4.565 0.8000000119
39475  -32.794  -46.453  2.324 0.8000000119
39490  -31.312  -46.268  1.283 0.8000000119
39476  -33.426  -46.449  2.854 0.8000000119
42482  -32.030  -43.873  -1.926 0.8000000119
40540  -29.748  -45.146  -0.617 0.8000000119
40541  -30.278  -45.213  -1.145 0.8999999762
150746  -34.446  -42.163  -3.866 0.8000000119
42495  -33.370  -43.202  -2.842 0.8000000119
45280  -36.261  -40.641  -4.658 0.6999999881
44340  -35.642  -40.921  -4.917 0.6999999881
46150  -36.300  -38.843  -1.697 0.6999999881
46177  -35.776  -39.789  -4.417 0.6999999881
46178  -36.163  -40.060  -4.422 0.6999999881
47157  -36.036  -38.814  -3.405 0.6999999881
47147  -36.168  -38.346  -2.506 0.6999999881
142397  -31.508  -49.043  8.519 0.8000000119
35385  -31.388  -50.467  8.557 0.6000000238
139023  -31.845  -49.766  8.564 0.6000000238
37392  -33.041  -48.825  8.577 0.8000000119
36499  -27.222  -49.081  6.113 0.6000000238
36484  -27.845  -49.824  6.410 0.5000000000
35383  -29.840  -51.097  8.270 0.6000000238
35384  -30.460  -50.479  8.414 0.6000000238
37393  -33.971  -48.776  8.319 0.8000000119
37444  -26.053  -48.532  4.921 0.6000000238
37413  -26.679  -48.251  5.766 0.6000000238
37414  -27.563  -48.161  6.495 0.6000000238
36474  -28.527  -50.197  7.118 0.5000000000
34379  -29.193  -51.534  7.855 0.5000000000
40446  -25.311  -45.881  4.689 0.5000000000
38417  -25.862  -47.214  5.155 0.5000000000
39400  -26.634  -46.805  6.105 0.6000000238
33362  -27.732  -52.165  6.263 0.5000000000
35397  -28.629  -51.106  7.239 0.5000000000
38391  -34.980  -47.221  7.378 0.8000000119
38420  -35.183  -47.081  6.521 0.8000000119
40431  -26.389  -45.199  5.859 0.5000000000
34378  -28.657  -51.972  7.400 0.5000000000
40465  -24.874  -45.660  4.074 0.4000000060
32355  -28.068  -53.296  7.210 0.5000000000
39422  -35.299  -46.427  5.788 0.6999999881
40466  -33.948  -45.828  3.044 0.8000000119
39460  -34.422  -46.476  4.087 0.8000000119
40447  -34.897  -45.662  4.257 0.6999999881
40516  -30.707  -44.964  0.674 0.8000000119
40498  -32.119  -45.682  1.578 0.8000000119
40467  -34.503  -45.186  3.364 0.8000000119
152933  -33.370  -45.670  2.362 0.8000000119
40499  -32.897  -45.219  1.742 0.8000000119
44324  -33.082  -41.658  -2.569 0.8999999762
42494  -32.433  -43.151  -2.209 0.8999999762
41531  -30.710  -44.486  -1.328 0.8000000119
40515  -29.864  -45.380  0.280 0.8000000119
41532  -31.628  -44.563  -1.664 1.0000000000
41530  -29.999  -44.443  -0.906 0.8000000119
154781  -34.983  -41.090  -4.568 0.8000000119
45274  -34.652  -40.501  -4.234 0.6999999881
37390  -31.357  -48.369  8.468 0.8000000119
37391  -32.099  -48.501  8.573 0.8000000119
143991  -33.643  -47.998  8.511 0.8000000119
38400  -27.623  -47.258  6.617 0.6000000238
37389  -30.641  -48.763  8.303 0.6000000238
138654  -30.962  -49.682  8.499 0.6000000238
38380  -34.110  -47.218  8.418 0.8000000119
39420  -26.610  -45.998  6.150 0.5000000000
38399  -26.946  -47.428  6.293 0.6000000238
37415  -28.329  -48.453  6.936 0.6000000238
37388  -29.693  -48.789  7.837 0.6000000238
144739  -34.310  -47.996  8.211 0.8000000119
38381  -34.625  -47.232  7.981 0.8000000119
39389  -35.284  -46.570  7.136 0.6999999881
37403  -29.327  -48.060  7.548 0.6000000238
36463  -30.088  -49.600  8.177 0.6000000238
145510  -25.235  -45.151  4.578 0.4000000060
41447  -26.692  -44.472  6.009 0.4000000060
40432  -27.060  -45.172  6.360 0.4000000060
143707  -27.460  -45.859  6.614 0.4000000060
137951  -35.516  -45.810  6.041 0.6999999881
42394  -26.282  -43.770  5.654 0.4000000060
41433  -27.527  -44.400  6.418 0.4000000060
40407  -28.849  -45.904  7.188 0.4000000060
39440  -35.362  -45.752  5.275 0.6999999881
153072  -27.576  -43.038  6.078 0.4000000060
41434  -28.469  -44.362  6.736 0.5000000000
41458  -35.129  -44.754  3.953 0.6999999881
147853  -26.824  -43.005  5.749 0.3000000119
42383  -28.781  -43.381  6.592 0.5000000000
40417  -28.525  -45.197  6.936 0.5000000000
40497  -31.416  -45.360  1.132 0.8000000119
41493  -32.203  -44.892  1.382 0.8000000119
42430  -33.677  -44.656  2.077 0.8000000119
41471  -34.793  -44.413  3.338 0.8000000119
41483  -34.363  -44.494  2.742 0.8000000119
44323  -32.381  -41.598  -2.224 0.8000000119
42493  -31.513  -43.097  -1.732 1.0000000000
42480  -30.268  -43.638  -1.110 0.8000000119
43384  -29.811  -43.158  -0.346 0.8000000119
41517  -29.546  -44.601  -0.148 0.8000000119
41507  -30.844  -44.108  0.611 0.8000000119
149443  -32.249  -44.208  1.159 0.8000000119
43408  -31.861  -42.350  -1.976 1.0000000000
42457  -30.956  -43.244  0.534 0.8000000119
44335  -34.288  -41.398  -3.800 0.8000000119
43396  -30.103  -42.766  -1.112 0.8000000119
43369  -29.727  -43.324  0.016 0.8000000119
46169  -33.820  -39.907  -3.616 0.8999999762
46176  -35.250  -39.466  -4.276 0.6999999881
46171  -35.952  -39.322  -4.082 0.6999999881
48190  -35.274  -37.557  -3.389 0.6999999881
48191  -35.831  -37.960  -3.055 0.6999999881
48170  -36.502  -37.124  -1.564 0.6999999881
137113  -37.490  -36.894  -0.185 0.6000000238
49166  -36.579  -36.261  -1.565 0.6999999881
48179  -35.676  -37.094  -2.779 0.6999999881
50138  -38.344  -35.640  0.098 0.6000000238
49167  -37.099  -35.766  -1.010 0.6000000238
38377  -31.752  -47.672  8.517 0.8000000119
38378  -32.724  -47.903  8.619 0.8000000119
38401  -28.325  -47.555  6.957 0.5000000000
38390  -30.450  -47.221  7.994 0.8000000119
154386  -31.126  -47.193  8.335 0.8000000119
38379  -33.261  -47.197  8.605 0.8000000119
39401  -27.173  -46.646  6.492 0.5000000000
39386  -29.431  -46.452  7.466 0.5000000000
137887  -30.884  -47.868  8.321 0.8000000119
39375  -34.528  -46.447  8.223 0.6999999881
39387  -30.125  -46.497  7.716 0.6999999881
40403  -34.327  -45.615  8.485 0.6999999881
39388  -34.980  -46.494  7.669 0.6999999881
40410  -35.370  -45.776  7.262 0.6999999881
42395  -27.159  -43.702  6.095 0.3000000119
40418  -35.545  -45.545  6.576 0.6999999881
40433  -35.655  -45.080  5.898 0.6999999881
41448  -35.845  -44.316  5.347 0.6999999881
41459  -35.576  -44.181  4.470 0.6999999881
43297  -28.485  -41.964  6.236 0.4000000060
43298  -29.052  -42.522  6.502 0.4000000060
42442  -33.573  -43.737  1.632 0.8000000119
41472  -35.254  -43.969  3.681 0.6999999881
41494  -32.929  -44.382  1.511 0.8000000119
42441  -32.707  -43.512  1.155 0.8000000119
43361  -33.606  -42.381  1.358 0.6999999881
43395  -29.861  -42.458  -0.707 0.8000000119
41508  -31.774  -43.751  0.771 0.8000000119
45265  -32.949  -40.895  -2.528 0.8999999762
45273  -33.654  -40.717  -3.392 0.8999999762
141736  -31.921  -40.864  -2.218 0.8999999762
45255  -30.736  -40.709  -1.974 0.8000000119
44310  -30.149  -41.456  -1.578 0.8000000119
151929  -29.586  -41.541  -0.854 0.8000000119
46168  -33.022  -39.456  -3.114 0.8000000119
46170  -34.658  -39.595  -4.130 0.8999999762
47155  -34.642  -38.741  -3.954 0.8000000119
49138  -38.583  -36.745  0.782 0.4000000060
48200  -34.873  -38.022  -3.751 0.8000000119
48189  -34.691  -37.026  -3.557 0.6999999881
49175  -36.141  -36.684  -2.165 0.6999999881
144581  -38.888  -34.232  -0.428 0.5000000000
39372  -31.761  -46.676  8.492 0.6999999881
138376  -32.444  -47.193  8.602 0.8000000119
40408  -31.074  -45.019  7.949 0.6999999881
40402  -33.515  -45.400  8.686 0.6999999881
42382  -27.953  -43.599  6.407 0.4000000060
41424  -30.769  -44.132  7.573 0.6000000238
139187  -32.201  -45.845  8.563 0.6999999881
40409  -34.928  -45.695  7.966 0.6999999881
41426  -35.303  -44.939  7.688 0.6999999881
41427  -35.580  -44.311  7.426 0.6999999881
131263  -35.622  -44.853  6.885 0.6999999881
42385  -30.217  -42.892  7.038 0.5000000000
41436  -35.877  -44.259  6.226 0.6999999881
44219  -29.296  -41.644  6.491 0.4000000060
42409  -36.152  -43.524  4.919 0.6999999881
141735  -29.052  -40.772  6.480 0.3000000119
44220  -30.150  -41.639  6.818 0.5000000000
144500  -33.424  -43.049  1.345 0.6999999881
42417  -34.809  -43.685  2.942 0.6999999881
42443  -34.104  -42.960  1.755 0.6999999881
42418  -35.388  -43.189  3.487 0.6999999881
134243  -34.567  -43.120  2.386 0.6999999881
43360  -32.911  -42.615  0.952 0.6999999881
154261  -29.606  -41.291  -1.215 0.8000000119
130621  -29.827  -42.364  -0.309 0.8000000119
43370  -30.159  -42.775  0.201 0.8000000119
43371  -31.105  -42.330  0.454 0.8000000119
44286  -29.728  -41.430  -0.471 0.8000000119
46160  -31.032  -39.803  -2.320 0.8000000119
47153  -32.879  -38.470  -3.376 0.8000000119
46167  -32.026  -39.128  -2.775 0.8000000119
46161  -32.286  -40.101  -2.549 0.8999999762
47154  -33.793  -38.321  -3.720 0.8999999762
48198  -33.644  -37.074  -3.807 0.8000000119
49185  -34.590  -36.130  -3.548 0.8000000119
141996  -37.209  -34.910  -1.132 0.6999999881
50137  -37.766  -35.242  -0.465 0.6000000238
50171  -35.162  -35.737  -3.177 0.6999999881
50161  -35.690  -35.262  -2.625 0.6999999881
51131  -34.372  -34.373  -3.988 0.6999999881
138384  -32.948  -45.848  8.675 0.6999999881
150242  -31.765  -43.113  8.050 0.6000000238
42362  -32.097  -43.551  8.385 0.6000000238
41414  -32.369  -44.397  8.545 0.6999999881
41415  -33.341  -44.520  8.760 0.6999999881
138721  -34.072  -44.950  8.723 0.6999999881
42375  -30.125  -43.592  7.162 0.5000000000
41416  -34.175  -44.356  8.819 0.6999999881
42365  -34.732  -43.876  8.728 0.6999999881
135800  -34.735  -44.803  8.378 0.6999999881
42377  -31.427  -43.491  7.835 0.6000000238
149481  -28.627  -41.293  6.268 0.3000000119
43290  -30.649  -42.294  7.184 0.5000000000
42376  -30.773  -43.173  7.413 0.5000000000
137071  -32.092  -42.753  8.315 0.6000000238
147282  -35.778  -44.072  6.911 0.6999999881
130702  -30.350  -40.911  7.172 0.4000000060
148766  -30.708  -41.561  7.256 0.5000000000
44198  -31.613  -41.370  8.091 0.6000000238
42387  -36.398  -42.824  6.259 0.6999999881
43321  -35.947  -42.731  4.223 0.6999999881
43322  -36.466  -42.699  5.104 0.6999999881
43335  -35.472  -42.376  3.373 0.6999999881
147851  -29.803  -39.805  7.314 0.3000000119
43345  -35.105  -42.113  2.784 0.6999999881
44287  -30.263  -41.706  0.110 0.8000000119
44288  -31.324  -41.505  0.440 0.8000000119
43372  -32.286  -41.908  0.655 0.6999999881
44271  -33.024  -41.165  0.904 0.6999999881
44256  -34.791  -41.422  2.521 0.6999999881
45253  -29.411  -40.659  -1.136 0.8000000119
45229  -31.006  -40.688  0.303 0.8000000119
47146  -30.924  -38.804  -2.571 0.8000000119
45264  -30.024  -40.112  -1.908 0.8000000119
45254  -29.710  -40.713  -1.525 0.8000000119
45240  -29.425  -40.624  -0.753 0.8000000119
129976  -32.343  -37.649  -3.575 0.8000000119
48177  -28.769  -37.051  -2.326 0.8000000119
46136  -28.888  -38.484  -1.177 0.8000000119
48169  -28.765  -37.097  -1.188 0.8000000119
49162  -28.529  -36.413  -1.664 0.8000000119
51108  -37.298  -34.257  -1.300 0.6000000238
51107  -36.678  -34.531  -1.738 0.6999999881
50183  -33.977  -35.722  -3.978 0.8000000119
51120  -35.535  -34.457  -2.956 0.6000000238
143005  -33.902  -34.223  -4.461 0.6999999881
52203  -34.720  -33.736  -3.764 0.6000000238
52188  -35.881  -33.735  -2.687 0.6000000238
42363  -32.809  -43.051  8.733 0.6000000238
43278  -31.898  -42.013  8.169 0.6000000238
134112  -34.569  -43.009  9.028 0.6999999881
42366  -35.381  -43.351  8.498 0.6999999881
43279  -32.637  -42.198  8.744 0.6000000238
156400  -35.247  -42.639  8.785 0.6999999881
136134  -35.896  -42.732  8.214 0.6999999881
150736  -35.811  -43.546  7.559 0.6999999881
45153  -30.785  -40.360  7.768 0.4000000060
139037  -31.054  -41.113  7.674 0.4000000060
44199  -32.343  -41.261  8.674 0.5000000000
43281  -34.483  -42.030  9.106 0.6999999881
43300  -36.243  -42.645  7.137 0.6999999881
43301  -36.548  -42.215  6.308 0.6999999881
43309  -36.526  -42.595  5.762 0.6999999881
45152  -30.212  -40.193  7.404 0.3000000119
46053  -30.395  -39.497  7.873 0.3000000119
46039  -31.096  -39.877  8.168 0.4000000060
44273  -34.342  -41.683  1.947 0.6999999881
44227  -36.635  -42.035  5.542 0.6999999881
47028  -30.010  -38.736  8.008 0.3000000119
47014  -30.703  -38.597  8.346 0.3000000119
44236  -35.965  -41.811  3.913 0.6999999881
44249  -36.461  -41.138  4.477 0.6999999881
45201  -35.254  -40.784  3.036 0.6999999881
45194  -36.377  -40.305  4.228 0.6999999881
45228  -29.941  -40.774  -0.160 0.8000000119
45211  -33.596  -40.594  1.433 0.6999999881
44272  -33.764  -41.547  1.442 0.6999999881
45193  -35.718  -40.151  3.546 0.6999999881
45199  -34.069  -39.993  2.027 0.6999999881
46086  -34.792  -39.238  2.923 0.6999999881
46159  -29.967  -39.331  -2.081 0.8000000119
46137  -29.076  -39.226  -0.959 0.8000000119
45210  -32.794  -40.139  0.993 0.6999999881
46093  -34.222  -39.178  2.434 0.6999999881
47074  -34.457  -38.516  2.857 0.6999999881
46148  -29.116  -39.126  -1.366 0.8000000119
46120  -29.592  -39.221  -0.411 0.8000000119
46121  -30.465  -39.252  0.149 0.8000000119
46122  -31.240  -39.717  0.402 0.8000000119
47088  -33.404  -38.434  1.705 0.8000000119
48108  -33.778  -37.805  2.104 0.6999999881
47151  -30.736  -37.938  -2.842 0.8000000119
47105  -29.296  -38.501  -0.613 0.8000000119
48139  -30.618  -37.778  -0.033 0.8000000119
48140  -31.595  -37.789  0.335 0.8000000119
47152  -31.749  -38.246  -3.112 0.8000000119
48186  -30.470  -37.190  -3.257 0.8000000119
47143  -28.641  -37.443  -1.896 0.8000000119
153946  -29.289  -37.255  -0.754 0.8000000119
48158  -31.335  -37.228  -0.249 0.8000000119
49184  -31.911  -36.962  -3.856 0.8000000119
48185  -29.323  -36.623  -3.017 0.8000000119
49147  -29.218  -36.553  -1.127 0.8000000119
49148  -30.178  -37.073  -0.524 0.8000000119
49164  -31.589  -36.095  -1.353 0.8000000119
49193  -31.356  -36.302  -4.103 0.8000000119
50147  -28.676  -35.798  -1.741 0.8000000119
49194  -32.317  -36.339  -4.192 0.8000000119
52162  -38.550  -33.561  -0.877 0.5000000000
52189  -36.529  -33.764  -2.124 0.6000000238
51148  -31.971  -35.069  -4.814 0.8000000119
132779  -32.783  -34.967  -4.740 0.8000000119
52172  -37.026  -33.842  -1.611 0.6000000238
151726  -37.219  -33.041  -1.780 0.6000000238
53377  -35.645  -33.088  -3.101 0.6000000238
53378  -36.363  -32.901  -2.480 0.6000000238
42364  -33.736  -43.589  8.976 0.6999999881
43282  -35.519  -42.031  8.683 0.6999999881
43292  -36.248  -41.965  8.056 0.6999999881
45140  -33.097  -40.819  9.079 0.5000000000
44202  -35.043  -41.423  9.026 0.6999999881
141196  -31.706  -39.676  8.514 0.4000000060
47015  -31.598  -38.847  8.596 0.4000000060
45139  -32.442  -40.250  8.800 0.5000000000
43293  -36.501  -41.706  7.086 0.6999999881
44221  -36.789  -41.436  6.182 0.6999999881
48042  -30.601  -37.679  8.499 0.3000000119
138029  -31.401  -38.011  8.662 0.3000000119
134501  -32.568  -39.212  8.911 0.5000000000
145144  -36.704  -40.819  6.985 0.6999999881
138820  -36.781  -41.257  5.327 0.6999999881
47013  -29.975  -38.074  8.260 0.3000000119
152695  -31.334  -37.042  8.756 0.3000000119
45182  -36.861  -40.424  5.062 0.6999999881
132535  -30.847  -36.162  8.686 0.3000000119
47052  -36.507  -38.789  4.485 0.6999999881
46123  -32.155  -39.252  0.801 0.8000000119
149894  -33.668  -39.151  1.913 0.6999999881
46087  -35.485  -39.361  3.405 0.6999999881
46103  -33.065  -39.173  1.311 0.6999999881
47073  -33.913  -38.450  2.327 0.6999999881
48109  -34.244  -37.834  2.719 0.6999999881
46158  -29.192  -38.889  -1.840 0.8000000119
47106  -30.059  -38.457  -0.046 0.8000000119
47087  -32.726  -38.412  1.098 0.6999999881
48124  -33.301  -37.754  1.341 0.8000000119
47145  -29.827  -38.425  -2.340 0.8000000119
48142  -33.101  -37.335  0.699 0.8000000119
48178  -29.654  -37.541  -2.632 0.8000000119
49149  -31.125  -36.664  -0.745 0.8000000119
49135  -32.885  -36.608  -0.540 0.8000000119
50169  -29.504  -35.880  -3.616 0.8000000119
49182  -30.400  -36.500  -3.684 0.8000000119
49173  -28.506  -36.228  -2.533 0.8000000119
50148  -29.535  -35.910  -1.440 0.8000000119
141200  -30.524  -35.627  -1.673 0.8000000119
153284  -32.235  -35.691  -1.622 0.8000000119
50180  -31.132  -35.527  -4.437 0.8000000119
50179  -29.882  -35.181  -4.208 0.8000000119
49161  -28.196  -35.604  -2.204 0.8000000119
50157  -28.222  -34.958  -2.302 0.8000000119
50160  -31.685  -35.292  -2.027 0.8000000119
51149  -33.315  -34.450  -4.745 0.8000000119
44200  -33.319  -41.633  9.084 0.6000000238
46038  -31.079  -39.298  8.327 0.3000000119
44201  -34.122  -40.973  9.160 0.6000000238
46040  -33.498  -39.985  9.119 0.5000000000
151769  -34.467  -40.223  9.135 0.6999999881
45141  -35.122  -40.737  8.991 0.6999999881
44213  -36.439  -41.121  7.959 0.6999999881
47017  -33.573  -38.971  9.178 0.6000000238
46041  -35.225  -39.946  8.903 0.6999999881
45154  -35.914  -40.505  8.512 0.6999999881
45155  -36.531  -40.213  7.870 0.6999999881
135000  -30.355  -36.889  8.559 0.3000000119
152655  -32.038  -37.572  8.939 0.3000000119
46054  -36.010  -39.608  8.482 0.6999999881
132536  -29.939  -36.157  8.577 0.3000000119
148733  -32.590  -36.009  9.058 0.3000000119
45162  -36.866  -39.906  6.958 0.6999999881
45163  -37.156  -39.613  6.268 0.6999999881
52055  -30.388  -33.785  8.427 0.3000000119
50996  -30.880  -34.543  8.595 0.3000000119
50997  -31.880  -34.414  8.614 0.3000000119
52079  -29.854  -33.150  8.110 0.3000000119
46088  -36.205  -39.485  3.980 0.6999999881
48095  -35.517  -37.979  3.607 0.6999999881
147118  -33.888  -37.342  1.677 0.8000000119
154680  -33.517  -36.727  0.098 0.8000000119
49151  -33.521  -36.107  -0.736 0.8000000119
50168  -28.589  -35.091  -3.517 0.8000000119
49181  -28.364  -35.758  -3.025 0.8000000119
51130  -27.829  -34.211  -3.389 0.8000000119
51114  -27.533  -34.016  -2.971 0.8000000119
51116  -28.919  -34.357  -2.365 0.8000000119
50159  -30.410  -34.876  -2.268 0.8000000119
51163  -31.656  -34.247  -5.226 0.8000000119
51115  -27.794  -33.823  -2.733 0.8000000119
51164  -32.563  -34.384  -5.140 0.8000000119
52232  -33.089  -33.777  -5.363 0.6999999881
52217  -33.624  -33.702  -4.838 0.6000000238
135492  -34.404  -39.468  9.128 0.6000000238
47019  -35.251  -39.095  8.834 0.6000000238
153257  -33.018  -37.054  9.192 0.4000000060
146899  -35.192  -38.338  8.793 0.6000000238
47029  -36.069  -38.561  8.452 0.6999999881
46055  -36.586  -39.266  7.800 0.6999999881
146907  -35.032  -37.055  8.765 0.4000000060
47030  -36.661  -38.320  7.602 0.6999999881
46059  -36.982  -39.015  6.864 0.6999999881
46067  -37.122  -39.670  5.593 0.6999999881
52058  -33.131  -33.871  8.450 0.3000000119
136253  -34.943  -36.304  8.727 0.4000000060
48056  -36.721  -37.390  7.429 0.6000000238
48065  -37.016  -37.468  5.708 0.6999999881
47042  -37.023  -38.888  5.268 0.6999999881
47051  -36.174  -38.022  4.162 0.6999999881
49077  -36.675  -37.058  4.973 0.6999999881
134315  -35.773  -37.276  3.862 0.6999999881
48110  -35.340  -36.878  3.290 0.6999999881
48123  -32.472  -37.797  0.786 0.8000000119
48141  -32.407  -37.201  0.122 0.8000000119
49118  -33.742  -37.062  1.001 0.8000000119
50135  -34.092  -35.362  -0.923 0.8000000119
50158  -29.285  -35.260  -1.894 0.8000000119
133649  -31.445  -34.462  -2.568 0.8000000119
51146  -29.675  -34.235  -4.484 0.8000000119
51144  -27.684  -33.473  -3.328 0.8000000119
52184  -28.595  -33.323  -2.789 0.8000000119
51117  -30.184  -34.013  -2.756 0.8000000119
52198  -27.963  -32.578  -3.399 0.8000000119
53394  -35.330  -32.470  -3.591 0.6000000238
52231  -32.336  -33.691  -5.565 0.8000000119
53407  -34.154  -32.369  -4.849 0.6000000238
132563  -32.906  -33.254  -5.856 0.6999999881
53424  -33.607  -32.172  -5.758 0.6999999881
47018  -34.433  -38.609  9.097 0.6000000238
48045  -35.582  -37.682  8.605 0.6000000238
138621  -33.201  -35.407  9.014 0.3000000119
48055  -36.321  -37.604  8.211 0.6000000238
146437  -33.541  -34.579  8.746 0.3000000119
50043  -34.775  -35.381  8.659 0.3000000119
150283  -35.891  -36.794  8.471 0.5000000000
153135  -34.883  -34.798  8.502 0.3000000119
50044  -35.729  -35.831  8.480 0.5000000000
48064  -36.950  -37.001  6.530 0.6999999881
53277  -31.495  -32.549  7.234 0.3000000119
52083  -33.503  -33.245  8.001 0.3000000119
50065  -36.923  -35.816  6.912 0.4000000060
152217  -31.196  -32.171  6.485 0.3000000119
49090  -36.596  -36.314  4.724 0.6000000238
49108  -35.672  -36.226  2.996 0.6000000238
50097  -36.285  -35.786  3.571 0.6000000238
130736  -34.753  -36.517  2.031 0.8000000119
49120  -35.428  -35.982  2.129 0.6999999881
51058  -36.861  -35.072  3.209 0.6000000238
49119  -34.296  -36.761  1.528 0.8000000119
50118  -35.445  -35.559  1.357 0.6999999881
50108  -36.211  -35.544  2.655 0.6999999881
49152  -34.243  -35.921  -0.172 0.8000000119
49136  -34.302  -36.385  0.699 0.8000000119
50126  -35.000  -35.513  0.535 0.6999999881
51076  -35.872  -34.962  0.959 0.6999999881
50119  -36.110  -35.270  1.786 0.6999999881
50149  -32.809  -35.234  -1.826 0.8000000119
143429  -34.772  -35.083  -0.414 0.6999999881
50136  -35.519  -34.567  0.040 0.6999999881
51118  -32.351  -34.695  -2.344 0.8000000119
51105  -33.793  -34.745  -1.614 0.8000000119
52159  -34.993  -33.941  -1.127 0.6999999881
52160  -35.477  -33.913  -0.578 0.6999999881
50178  -28.825  -34.451  -3.935 0.8000000119
51145  -28.323  -33.530  -4.013 0.8000000119
51119  -33.157  -34.394  -2.271 0.8000000119
52215  -28.808  -32.594  -4.288 0.8000000119
53389  -29.562  -32.071  -3.738 0.8000000119
155133  -31.253  -33.786  -3.008 0.8000000119
51147  -30.887  -34.724  -4.727 0.8000000119
52216  -29.472  -33.441  -4.601 0.8000000119
53388  -28.577  -32.104  -3.820 0.8000000119
53390  -31.071  -32.309  -3.686 0.8000000119
51162  -30.558  -33.883  -4.997 0.8000000119
52229  -29.995  -33.005  -5.098 0.8000000119
53430  -31.606  -32.128  -5.971 0.6999999881
53408  -34.791  -32.185  -4.168 0.6000000238
54584  -35.356  -31.608  -3.893 0.6000000238
53422  -32.156  -32.868  -5.956 0.8000000119
53431  -32.475  -32.118  -6.330 0.6999999881
140909  -33.167  -31.870  -6.405 0.6999999881
49054  -36.501  -36.878  8.021 0.5000000000
52059  -33.952  -33.931  8.438 0.3000000119
50052  -36.233  -35.445  8.175 0.4000000060
49055  -36.782  -36.438  7.315 0.5000000000
49078  -36.926  -36.365  5.662 0.6000000238
52084  -34.395  -33.390  7.931 0.3000000119
50066  -37.038  -35.653  6.271 0.5000000000
53280  -33.966  -32.697  7.500 0.3000000119
53281  -34.921  -32.854  7.430 0.3000000119
50079  -37.022  -35.385  5.514 0.6000000238
49091  -36.815  -35.764  4.999 0.6000000238
146041  -31.587  -31.844  5.751 0.3000000119
53300  -33.524  -32.148  6.875 0.3000000119
53303  -36.371  -32.825  6.503 0.3000000119
54454  -32.334  -31.795  5.870 0.3000000119
152007  -36.827  -35.279  3.928 0.6000000238
54465  -31.271  -31.689  4.839 0.3000000119
51067  -36.786  -34.791  2.359 0.6999999881
51084  -36.342  -34.181  0.685 0.6999999881
52202  -32.707  -33.229  -3.175 0.8000000119
52187  -34.221  -33.361  -2.091 0.6999999881
52170  -34.813  -33.254  -1.522 0.6999999881
52186  -33.413  -33.498  -2.599 0.6999999881
52201  -31.733  -33.199  -3.323 0.8000000119
53391  -32.378  -32.514  -3.542 0.6999999881
53405  -28.386  -32.201  -3.844 0.8000000119
54563  -29.211  -31.814  -4.247 0.6999999881
56736  -37.407  -29.708  -3.680 0.6000000238
53421  -30.693  -32.429  -5.524 0.6999999881
54606  -31.611  -31.455  -6.179 0.6999999881
54594  -29.647  -31.648  -5.138 0.6999999881
54596  -33.669  -31.377  -6.000 0.6999999881
55714  -34.638  -30.941  -4.907 0.6999999881
54607  -32.534  -31.320  -6.504 0.6999999881
57901  -33.162  -27.336  -7.850 0.5000000000
57902  -33.885  -27.255  -7.977 0.5000000000
51043  -37.212  -34.575  5.316 0.6000000238
50087  -37.017  -35.072  4.650 0.6000000238
51049  -37.362  -34.240  4.555 0.6000000238
51059  -37.365  -34.203  3.048 0.6000000238
51077  -36.587  -34.495  1.510 0.6999999881
51078  -37.239  -33.998  2.100 0.6999999881
52149  -36.069  -33.786  -0.043 0.6999999881
129713  -29.103  -32.111  3.040 0.3000000119
52171  -35.414  -33.299  -1.012 0.6999999881
51085  -37.017  -33.680  1.288 0.6999999881
140669  -35.832  -33.369  -0.499 0.6999999881
54565  -30.425  -31.462  -4.096 0.6999999881
53375  -33.986  -32.703  -2.543 0.6999999881
53376  -34.625  -32.568  -2.005 0.6000000238
53392  -33.295  -32.690  -3.158 0.6999999881
53420  -29.551  -32.264  -4.914 0.6999999881
54579  -29.425  -31.212  -4.764 0.6999999881
54581  -29.872  -30.804  -4.484 0.6999999881
55712  -30.193  -30.030  -4.594 0.6000000238
143751  -29.635  -30.864  -5.238 0.6999999881
55715  -35.420  -30.687  -4.329 0.6000000238
55716  -36.485  -30.006  -3.889 0.5000000000
54608  -33.243  -31.033  -6.523 0.6999999881
55737  -32.575  -30.461  -6.640 0.6999999881
55738  -33.326  -30.018  -6.600 0.6999999881
56771  -33.794  -28.975  -6.656 0.6000000238
52113  -37.331  -33.712  5.252 0.5000000000
53312  -37.311  -32.918  5.034 0.4000000060
52117  -37.476  -33.439  4.415 0.5000000000
131861  -37.474  -33.959  3.868 0.6000000238
53315  -37.461  -32.570  4.287 0.5000000000
52126  -37.560  -33.186  3.501 0.6000000238
52143  -37.464  -33.115  1.943 0.6000000238
129288  -28.904  -32.013  2.514 0.3000000119
54485  -29.769  -32.123  2.802 0.3000000119
52150  -36.701  -33.370  0.543 0.6999999881
53351  -35.960  -32.739  -0.694 0.6000000238
52161  -36.408  -33.053  -0.107 0.6000000238
53362  -35.398  -32.441  -1.418 0.6000000238
54566  -31.950  -31.556  -4.055 0.6000000238
138706  -34.399  -32.053  -2.493 0.6000000238
55710  -29.405  -30.406  -4.923 0.6999999881
54582  -31.060  -30.749  -4.341 0.6000000238
54567  -33.096  -31.893  -3.644 0.6000000238
55711  -29.505  -30.200  -4.826 0.6999999881
134943  -29.700  -29.591  -4.875 0.6000000238
129974  -31.690  -29.751  -6.556 0.6999999881
55739  -34.252  -29.800  -5.909 0.6999999881
55728  -34.913  -30.173  -5.080 0.6000000238
56749  -37.022  -29.066  -4.378 0.5000000000
56759  -35.229  -29.231  -5.387 0.6000000238
56748  -35.877  -29.583  -4.623 0.6000000238
57865  -37.182  -28.426  -5.087 0.5000000000
131074  -32.590  -29.694  -6.797 0.6000000238
57877  -34.694  -28.701  -6.154 0.5000000000
56770  -32.990  -29.070  -7.062 0.5000000000
57892  -35.274  -27.783  -6.678 0.5000000000
57878  -36.168  -27.936  -5.959 0.5000000000
57891  -34.256  -28.025  -7.155 0.5000000000
58981  -34.637  -27.026  -7.942 0.5000000000
53314  -37.111  -32.104  4.935 0.4000000060
54481  -37.293  -31.718  4.189 0.4000000060
54478  -34.317  -30.939  4.859 0.4000000060
53331  -37.581  -32.551  2.725 0.6000000238
54502  -29.455  -31.783  2.391 0.3000000119
55621  -30.400  -31.434  2.784 0.3000000119
54488  -31.819  -31.278  3.557 0.3000000119
53343  -36.951  -32.699  0.378 0.6000000238
56652  -29.282  -29.764  3.187 0.3000000119
54529  -36.178  -31.958  -0.877 0.6000000238
54540  -35.019  -31.590  -2.096 0.5000000000
135300  -32.917  -30.982  -3.957 0.6000000238
54568  -33.726  -31.219  -3.430 0.6000000238
135888  -32.084  -30.696  -4.257 0.6000000238
54551  -34.395  -31.290  -2.766 0.6000000238
55713  -31.452  -29.988  -4.422 0.6000000238
55697  -32.581  -29.927  -4.049 0.6000000238
55725  -29.629  -30.060  -5.287 0.6999999881
56746  -30.609  -29.100  -4.676 0.6000000238
56768  -30.966  -29.000  -6.397 0.6999999881
57890  -33.405  -28.151  -7.360 0.5000000000
58994  -33.586  -26.561  -8.272 0.5000000000
54479  -35.992  -31.018  5.063 0.4000000060
54480  -36.779  -31.336  4.686 0.4000000060
53321  -37.541  -32.125  3.499 0.5000000000
55615  -36.360  -30.737  4.268 0.4000000060
54503  -37.563  -31.510  2.730 0.4000000060
145311  -37.608  -32.143  1.931 0.4000000060
143779  -37.559  -31.886  1.221 0.5000000000
55620  -29.965  -30.805  2.718 0.3000000119
56653  -30.769  -30.617  3.305 0.3000000119
55623  -32.286  -30.829  3.545 0.4000000060
54519  -37.524  -31.313  0.839 0.4000000060
57777  -31.015  -29.413  3.967 0.3000000119
136585  -33.132  -30.426  3.585 0.4000000060
54530  -36.470  -31.144  -0.875 0.5000000000
53353  -37.288  -31.448  0.099 0.6000000238
54541  -35.761  -31.489  -1.436 0.5000000000
155445  -34.807  -31.008  -2.454 0.5000000000
55698  -33.517  -30.319  -3.591 0.6000000238
56727  -35.170  -29.795  -2.260 0.5000000000
56747  -31.771  -29.229  -4.310 0.6000000238
56733  -32.442  -28.781  -3.839 0.6000000238
57887  -30.586  -28.380  -6.164 0.6000000238
57863  -30.797  -28.097  -4.726 0.6000000238
57888  -31.342  -28.390  -6.638 0.5000000000
56778  -32.685  -28.131  -7.368 0.5000000000
57900  -32.476  -27.216  -7.595 0.5000000000
58993  -32.925  -26.612  -8.032 0.5000000000
59007  -33.864  -26.008  -8.498 0.5000000000
58995  -34.254  -26.242  -8.460 0.5000000000
54490  -37.391  -31.386  3.528 0.4000000060
54489  -37.067  -30.991  3.943 0.4000000060
55628  -37.262  -30.790  3.190 0.4000000060
55627  -36.708  -30.493  3.472 0.4000000060
142012  -37.435  -30.550  1.668 0.4000000060
55653  -37.496  -30.635  1.084 0.4000000060
129349  -30.124  -29.639  3.575 0.3000000119
55671  -36.694  -30.334  -0.723 0.4000000060
55659  -37.423  -30.714  0.355 0.5000000000
57776  -29.489  -28.796  3.711 0.3000000119
55680  -35.643  -30.235  -1.784 0.4000000060
56726  -34.516  -29.290  -2.630 0.5000000000
56718  -35.631  -29.326  -1.609 0.4000000060
56734  -33.306  -29.309  -3.515 0.6000000238
56735  -34.094  -29.784  -3.205 0.5000000000
57847  -34.982  -28.800  -2.039 0.5000000000
57864  -31.540  -28.274  -4.252 0.6000000238
57854  -32.242  -27.676  -3.664 0.5000000000
57855  -33.071  -28.215  -3.318 0.5000000000
136082  -31.167  -27.706  -6.527 0.5000000000
58970  -31.048  -27.140  -5.437 0.6000000238
58961  -31.232  -27.219  -4.711 0.6000000238
57853  -31.581  -27.347  -4.146 0.6000000238
59976  -31.633  -26.652  -4.884 0.6000000238
58980  -31.834  -26.804  -7.077 0.5000000000
151778  -33.336  -25.644  -8.109 0.5000000000
61034  -35.339  -25.293  -8.853 0.5000000000
59988  -31.679  -26.724  -5.994 0.5000000000
59887  -28.065  -25.807  3.123 0.3000000119
147100  -29.335  -25.410  3.569 0.4000000060
60899  -29.966  -25.212  3.669 0.4000000060
59963  -31.860  -26.643  -4.115 0.5000000000
61992  -28.454  -24.281  2.869 0.4000000060
59945  -33.531  -26.259  -2.461 0.5000000000
58938  -33.789  -26.405  -1.842 0.5000000000
59978  -33.172  -26.225  -5.384 0.5000000000
59954  -33.252  -26.214  -3.128 0.5000000000
59989  -32.340  -26.126  -6.870 0.5000000000
59990  -32.961  -25.927  -6.666 0.6000000238
61033  -34.243  -25.419  -8.296 0.6000000238
61018  -34.162  -25.340  -7.815 0.5000000000
61019  -35.111  -25.326  -8.089 0.6000000238
61020  -35.736  -24.795  -8.784 0.4000000060
61976  -29.593  -24.671  3.376 0.4000000060
60901  -31.459  -25.264  3.852 0.4000000060
59965  -32.828  -26.077  -4.261 0.5000000000
129422  -33.396  -26.097  -4.372 0.5000000000
59979  -33.979  -26.234  -5.321 0.5000000000
59980  -34.855  -26.326  -5.039 0.5000000000
59966  -33.988  -26.050  -4.082 0.5000000000
61017  -33.537  -25.552  -7.486 0.5000000000
61008  -34.717  -25.782  -6.557 0.5000000000
61010  -36.723  -25.062  -7.068 0.4000000060
61009  -35.754  -25.476  -7.010 0.5000000000
61978  -31.138  -24.527  3.534 0.4000000060
63025  -29.508  -23.355  2.734 0.4000000060
60999  -33.377  -26.036  -3.512 0.5000000000
59946  -33.808  -26.051  -2.121 0.4000000060
59981  -35.536  -25.934  -5.751 0.4000000060
61000  -36.426  -25.775  -5.706 0.4000000060
61011  -37.676  -24.568  -6.974 0.3000000119
59956  -34.961  -26.085  -2.944 0.4000000060
59968  -35.820  -26.348  -4.738 0.4000000060
61001  -37.397  -25.396  -5.496 0.5000000000
152831  -38.081  -24.618  -5.934 0.4000000060
59969  -36.847  -26.230  -4.529 0.4000000060
63124  -38.872  -22.456  -6.449 0.4000000060
62074  -38.392  -23.832  -5.575 0.4000000060
133640  -37.561  -25.837  -3.199 0.4000000060
63123  -38.707  -22.439  -6.214 0.4000000060
63118  -38.693  -22.031  -6.073 0.4000000060
60995  -37.912  -25.238  -3.978 0.4000000060
61002  -37.945  -24.988  -4.884 0.3000000119
63117  -38.434  -22.902  -5.125 0.4000000060
148401  -38.136  -24.737  -3.416 0.4000000060
62063  -38.392  -24.041  -2.757 0.4000000060
149681  -37.917  -21.981  -4.804 0.3000000119
64172  -38.365  -21.370  -5.587 0.4000000060
64173  -38.318  -21.345  -5.660 0.4000000060
139062  -38.218  -24.266  -4.430 0.3000000119
64159  -37.739  -20.916  -5.099 0.5000000000
62069  -38.317  -23.507  -3.975 0.4000000060
63112  -37.751  -21.518  -4.447 0.4000000060
33469  -35.206  -52.886  -3.003 0.6999999881
30396  -32.541  -54.897  3.123 0.6999999881
25953  -28.234  -60.751  7.603 0.6000000238
30340  -32.743  -55.906  6.512 0.6999999881
33403  -32.632  -52.635  3.214 0.8000000119
33388  -33.150  -53.124  4.815 0.8000000119
30324  -31.476  -55.032  8.322 0.6000000238
32350  -32.431  -53.489  8.156 0.6000000238
33356  -33.236  -52.408  7.745 0.6999999881
133161  -32.655  -49.175  3.050 0.8000000119
30359  -27.466  -55.873  5.085 0.4000000060
41544  -33.155  -44.866  -2.629 0.8000000119
35386  -32.286  -50.483  8.515 0.6000000238
34387  -27.645  -51.362  6.048 0.5000000000
39421  -34.909  -47.165  5.431 0.8000000119
39459  -33.945  -46.498  3.445 0.8000000119
151312  -34.380  -48.631  8.031 0.8000000119
40430  -25.802  -45.698  5.393 0.4000000060
150140  -30.111  -47.993  7.886 0.6000000238
148028  -28.153  -45.714  6.875 0.5000000000
39374  -33.680  -46.325  8.586 0.6999999881
41417  -35.323  -44.150  8.086 0.6999999881
43280  -33.556  -42.566  9.067 0.6999999881
49163  -30.374  -36.327  -1.109 0.8000000119
44212  -35.773  -41.312  8.566 0.6999999881
156451  -35.235  -37.452  3.386 0.6999999881
49107  -35.023  -36.669  2.642 0.6999999881
48082  -36.345  -37.419  4.439 0.6999999881
49100  -35.866  -36.503  3.705 0.6000000238
130834  -33.588  -37.287  9.205 0.6000000238
139888  -36.646  -35.525  7.524 0.5000000000
155121  -37.189  -33.161  5.513 0.4000000060
60005  -34.634  -25.545  -8.493 0.5000000000
55640  -36.976  -30.232  2.722 0.4000000060
32480  -38.995  -53.286  -4.857 0.5000000000
33481  -38.653  -52.376  -4.489 0.5000000000
30475  -35.895  -55.808  -4.123 0.6999999881
36612  -38.487  -49.008  -4.251 0.5000000000
24135  -29.381  -62.452  6.282 0.5000000000
38547  -38.478  -48.073  -5.100 0.6999999881
30406  -32.435  -55.468  1.794 0.6999999881
154496  -32.125  -54.736  0.858 0.6999999881
33467  -34.006  -52.438  -2.227 0.6999999881
33460  -33.136  -52.449  -1.789 0.6999999881
36592  -33.451  -50.022  -1.537 0.6999999881
34486  -33.599  -51.678  -1.795 0.6999999881
39559  -38.059  -46.420  -4.690 0.6999999881
40569  -37.388  -44.880  -3.803 0.6000000238
42484  -36.288  -43.459  -2.378 0.5000000000
27660  -30.296  -58.851  7.782 0.6000000238
33427  -31.912  -52.635  0.782 0.6999999881
39566  -37.154  -45.949  -5.080 0.6999999881
27661  -31.104  -58.801  7.351 0.6000000238
33428  -32.305  -52.951  1.577 0.6999999881
148488  -35.729  -42.014  0.352 0.4000000060
32378  -33.299  -53.753  5.665 0.8000000119
28517  -29.091  -57.073  8.369 0.6000000238
28527  -28.352  -57.348  8.100 0.6000000238
139328  -34.814  -45.070  -3.714 0.8000000119
152757  -31.620  -55.665  8.130 0.6999999881
150967  -33.018  -52.206  4.146 0.6999999881
36550  -31.986  -49.674  1.885 0.8000000119
44312  -35.781  -41.608  -1.898 0.5000000000
131902  -33.603  -52.323  7.117 0.6999999881
30331  -28.376  -55.781  8.056 0.6000000238
150437  -33.591  -49.942  4.389 0.8000000119
36567  -30.675  -49.315  -0.224 0.8000000119
43429  -36.514  -41.983  -4.723 0.6999999881
45242  -35.888  -40.314  -0.866 0.6000000238
34389  -33.797  -51.608  6.973 0.6999999881
39528  -30.044  -45.956  -0.925 0.8999999762
40543  -32.010  -45.320  -1.752 0.8000000119
45256  -36.154  -39.749  -1.853 0.6000000238
47109  -37.419  -38.741  0.766 0.4000000060
31363  -27.503  -54.800  4.856 0.3000000119
30330  -27.760  -55.765  7.407 0.5000000000
29416  -27.456  -57.013  6.418 0.5000000000
29438  -27.337  -56.738  5.352 0.4000000060
38478  -30.951  -47.076  1.061 0.8999999762
145038  -33.600  -42.170  -3.177 0.8000000119
34369  -31.823  -51.229  8.535 0.6000000238
36466  -34.190  -49.452  7.993 0.8000000119
34366  -29.755  -52.020  8.345 0.5000000000
152144  -27.542  -55.205  5.920 0.4000000060
31347  -27.574  -54.318  6.171 0.5000000000
31334  -27.761  -54.143  7.145 0.5000000000
154588  -32.700  -45.895  1.930 0.8000000119
46162  -36.252  -39.242  -2.796 0.6999999881
151427  -36.987  -36.713  -0.872 0.6000000238
49137  -38.138  -36.412  0.326 0.4000000060
153975  -30.419  -51.098  8.453 0.6000000238
33372  -27.459  -52.026  5.307 0.5000000000
32366  -27.738  -52.935  6.493 0.5000000000
33363  -28.162  -52.451  6.953 0.5000000000
39403  -35.437  -46.210  6.590 0.6999999881
139405  -27.134  -49.874  5.676 0.5000000000
36485  -28.425  -49.290  7.032 0.6000000238
35406  -28.098  -50.770  6.538 0.5000000000
132212  -27.919  -48.962  6.554 0.6000000238
35405  -27.492  -50.570  5.902 0.5000000000
38418  -26.422  -47.361  5.681 0.6000000238
34388  -28.188  -51.620  6.713 0.5000000000
36475  -29.185  -49.636  7.644 0.6000000238
37402  -28.912  -48.711  7.416 0.6000000238
35398  -29.174  -50.635  7.706 0.5000000000
41446  -25.726  -44.597  5.391 0.4000000060
40448  -35.480  -44.986  4.848 0.6999999881
41506  -29.992  -44.498  0.381 0.8000000119
133586  -30.688  -43.119  -1.416 0.8999999762
39402  -28.080  -46.533  6.845 0.5000000000
38388  -28.954  -47.556  7.360 0.6000000238
137459  -28.752  -48.066  7.266 0.6000000238
38389  -29.604  -47.238  7.594 0.6000000238
132917  -29.747  -45.750  7.499 0.5000000000
138320  -29.285  -44.913  7.185 0.5000000000
133531  -28.238  -42.769  6.291 0.4000000060
42384  -29.597  -43.105  6.789 0.5000000000
41435  -29.374  -43.948  6.918 0.5000000000
42431  -34.229  -43.787  2.205 0.6999999881
43397  -30.684  -42.337  -1.571 0.8000000119
50151  -36.634  -35.396  -1.612 0.6999999881
39373  -32.718  -46.512  8.630 0.6999999881
39371  -30.884  -46.527  8.135 0.6999999881
142335  -31.374  -45.818  8.275 0.6999999881
40399  -30.582  -45.770  7.826 0.6000000238
42396  -36.132  -43.765  5.715 0.6999999881
43299  -29.876  -42.343  6.723 0.5000000000
154964  -35.641  -43.516  4.147 0.6999999881
48199  -34.288  -37.293  -3.702 0.8000000119
40400  -31.843  -45.081  8.439 0.6000000238
41425  -31.585  -44.283  8.157 0.6000000238
40401  -32.679  -45.174  8.629 0.6999999881
144081  -30.242  -44.986  7.547 0.6000000238
41423  -29.965  -44.317  7.275 0.5000000000
131582  -29.718  -41.067  6.701 0.3000000119
43334  -35.044  -42.810  2.823 0.6999999881
44237  -36.472  -41.964  4.735 0.6999999881
48188  -33.267  -37.712  -3.704 0.8999999762
49196  -34.075  -36.557  -3.789 0.8000000119
48197  -32.793  -36.998  -3.900 0.8000000119
50170  -34.577  -35.186  -3.629 0.6000000238
51121  -36.092  -34.478  -2.382 0.6000000238
51132  -34.969  -34.433  -3.482 0.6000000238
51150  -33.920  -34.888  -4.215 0.8000000119
43291  -31.433  -42.661  7.739 0.6000000238
137446  -32.853  -43.812  8.698 0.6999999881
44211  -31.257  -41.837  7.614 0.5000000000
45138  -31.552  -40.568  8.280 0.4000000060
44257  -35.402  -41.590  3.194 0.6999999881
135364  -31.882  -40.137  0.629 0.8000000119
45200  -34.653  -40.499  2.498 0.6999999881
49183  -31.145  -36.894  -3.687 0.8000000119
49195  -33.260  -36.223  -4.087 0.8000000119
48041  -29.919  -37.422  8.412 0.3000000119
44248  -35.859  -40.980  3.710 0.6999999881
46094  -35.075  -39.982  2.961 0.6999999881
47063  -35.161  -38.607  3.296 0.6999999881
47107  -30.989  -38.399  0.323 0.8000000119
47108  -31.870  -38.378  0.681 0.8000000119
137673  -32.232  -38.294  8.904 0.5000000000
45171  -37.103  -40.481  6.033 0.6999999881
47016  -32.954  -38.455  9.130 0.5000000000
46076  -36.740  -39.600  4.769 0.6999999881
48072  -36.785  -38.001  4.957 0.6999999881
49043  -33.290  -36.461  9.150 0.3000000119
46060  -37.238  -38.933  6.031 0.6999999881
146246  -32.488  -33.911  8.473 0.3000000119
53406  -33.482  -33.034  -5.444 0.6999999881
48044  -34.534  -37.694  9.002 0.6000000238
50042  -34.078  -35.907  9.035 0.4000000060
47036  -37.035  -38.062  6.532 0.6999999881
47043  -37.127  -38.289  5.697 0.6999999881
150816  -36.254  -36.206  4.136 0.6000000238
51106  -34.561  -34.608  -1.096 0.8000000119
52185  -32.364  -33.949  -2.821 0.8000000119
52200  -30.171  -33.073  -3.300 0.8000000119
54597  -34.145  -31.542  -5.266 0.6000000238
54583  -34.708  -31.547  -4.530 0.6000000238
150087  -33.980  -35.171  8.909 0.3000000119
49044  -34.243  -36.781  9.064 0.5000000000
50999  -34.327  -34.661  8.626 0.3000000119
148983  -36.417  -36.149  8.107 0.5000000000
49066  -36.948  -36.259  6.552 0.5000000000
150765  -31.930  -32.183  6.575 0.3000000119
53279  -33.078  -32.661  7.421 0.3000000119
51031  -37.153  -34.885  6.073 0.5000000000
50086  -36.610  -35.730  4.339 0.6000000238
50117  -34.838  -36.093  1.407 0.8000000119
134846  -34.388  -33.986  -1.596 0.6999999881
55726  -33.716  -30.643  -6.147 0.6999999881
51015  -35.348  -33.612  7.751 0.3000000119
53299  -32.688  -32.166  6.713 0.3000000119
52099  -35.892  -33.134  7.219 0.3000000119
54455  -33.140  -31.728  6.059 0.3000000119
50098  -37.221  -34.649  3.863 0.6000000238
55736  -31.574  -30.612  -6.358 0.6999999881
54605  -30.542  -30.717  -5.784 0.6999999881
52135  -37.479  -33.426  2.651 0.6000000238
52151  -37.344  -32.736  1.093 0.6999999881
54550  -33.846  -31.998  -2.999 0.6000000238
55735  -30.468  -29.751  -5.993 0.6999999881
53311  -36.847  -32.584  5.689 0.4000000060
57876  -30.207  -28.686  -5.477 0.6000000238
57862  -30.407  -28.268  -5.169 0.6000000238
151327  -35.527  -28.472  -5.793 0.6000000238
54470  -36.448  -31.707  5.433 0.4000000060
54477  -33.319  -31.076  4.288 0.4000000060
55622  -31.193  -31.293  3.295 0.3000000119
55672  -37.120  -30.861  -0.312 0.5000000000
156120  -35.510  -30.964  -1.800 0.5000000000
55699  -34.163  -30.610  -3.214 0.5000000000
56767  -30.225  -28.991  -5.914 0.5000000000
54512  -37.597  -31.216  1.705 0.4000000060
56654  -31.752  -30.313  3.640 0.4000000060
54542  -36.088  -30.668  -1.370 0.5000000000
56690  -37.302  -30.068  1.259 0.4000000060
56719  -36.268  -29.790  -1.205 0.4000000060
56725  -33.812  -28.752  -2.976 0.5000000000
59977  -32.379  -26.373  -5.410 0.6000000238
141718  -28.723  -25.819  3.471 0.3000000119
60900  -30.674  -25.209  3.775 0.4000000060
59953  -32.639  -26.341  -3.610 0.5000000000
60994  -37.510  -25.869  -4.228 0.4000000060
65216  -38.022  -20.782  -5.443 0.4000000060
64160  -38.325  -20.874  -5.141 0.3000000119
26054  -32.396  -59.996  -1.924 0.5000000000
26924  -33.811  -59.521  -2.637 0.5000000000
25132  -28.349  -60.904  -0.214 0.4000000060
26043  -29.745  -60.363  -0.774 0.5000000000
25152  -30.109  -60.549  -1.077 0.5000000000
26053  -31.415  -60.018  -1.556 0.5000000000
26919  -32.269  -59.106  -1.953 0.6000000238
142077  -33.385  -58.192  -2.610 0.6000000238
133179  -29.078  -60.719  0.292 0.5000000000
25114  -29.531  -61.318  1.516 0.5000000000
26910  -30.303  -59.780  -0.439 0.5000000000
141195  -30.893  -59.294  -0.637 0.5000000000
26014  -30.533  -61.131  2.193 0.5000000000
27767  -31.678  -58.041  -1.185 0.6000000238
28646  -32.026  -57.472  -1.549 0.6000000238
27768  -32.195  -58.275  -1.769 0.6000000238
28655  -32.677  -57.618  -2.242 0.6000000238
29531  -33.700  -56.336  -2.720 0.6000000238
29530  -32.925  -56.680  -2.378 0.6000000238
28657  -34.424  -57.029  -3.177 0.6000000238
30468  -34.926  -55.646  -3.486 0.6000000238
29532  -34.444  -56.195  -3.210 0.6000000238
26026  -31.011  -60.420  1.852 0.5000000000
153063  -30.806  -59.310  0.089 0.5000000000
26902  -31.235  -58.739  0.097 0.6000000238
25115  -30.126  -61.879  2.735 0.5000000000
27760  -31.495  -57.804  -0.622 0.6000000238
24161  -29.632  -62.773  4.055 0.5000000000
25103  -30.591  -61.812  3.581 0.5000000000
29520  -31.792  -56.813  -1.319 0.6000000238
153698  -33.084  -56.108  -2.435 0.6000000238
31460  -36.117  -54.801  -4.158 0.6000000238
139821  -31.407  -59.198  0.859 0.5000000000
25104  -31.095  -61.279  3.653 0.5000000000
135579  -31.593  -60.056  2.587 0.5000000000
27738  -31.893  -58.879  1.769 0.5000000000
149368  -31.478  -57.968  0.036 0.6000000238
24162  -30.336  -62.153  4.371 0.5000000000
25089  -31.198  -61.092  4.409 0.5000000000
29514  -31.516  -56.393  -0.843 0.6000000238
139997  -29.836  -62.577  4.825 0.5000000000
25074  -30.754  -61.512  5.026 0.5000000000
145150  -31.874  -56.138  -1.436 0.6000000238
136715  -32.546  -55.945  -2.027 0.6000000238
31458  -34.688  -54.891  -3.257 0.6000000238
31449  -33.925  -54.754  -2.699 0.6000000238
26003  -31.485  -60.659  3.835 0.5000000000
27739  -32.251  -58.616  2.591 0.5000000000
27748  -32.251  -58.052  1.950 0.6000000238
144358  -32.444  -57.209  2.188 0.6000000238
25988  -31.521  -60.458  4.648 0.5000000000
27747  -31.772  -58.250  0.965 0.6000000238
28611  -32.157  -57.414  1.400 0.6000000238
152218  -29.951  -62.229  5.968 0.5000000000
24117  -29.126  -62.109  7.021 0.5000000000
30458  -33.265  -55.468  -2.488 0.6000000238
141981  -33.716  -53.926  -2.471 0.6000000238
26860  -32.179  -59.217  4.620 0.5000000000
26875  -32.230  -59.139  3.781 0.5000000000
27724  -32.391  -58.453  3.388 0.5000000000
28600  -32.454  -57.808  2.820 0.6000000238
25975  -30.942  -60.925  5.869 0.5000000000
25063  -30.406  -61.702  5.956 0.5000000000
25965  -30.813  -60.460  6.544 0.6000000238
28580  -32.445  -57.733  4.763 0.6000000238
27716  -32.386  -58.456  4.262 0.5000000000
28589  -32.493  -57.562  3.790 0.5000000000
141481  -32.525  -56.892  3.044 0.6000000238
26836  -31.694  -59.628  5.900 0.6000000238
27689  -32.066  -58.978  5.833 0.6000000238
140510  -32.497  -56.256  2.282 0.6000000238
25954  -29.575  -60.513  7.448 0.5000000000
25955  -30.349  -60.281  7.172 0.5000000000
26827  -31.129  -59.708  6.765 0.6000000238
25049  -28.669  -61.515  7.409 0.4000000060
27676  -32.145  -58.432  5.989 0.6000000238
28554  -32.337  -57.806  5.661 0.6000000238
136272  -32.510  -57.026  5.227 0.6000000238
131765  -32.514  -57.002  4.440 0.5000000000
153603  -32.509  -56.669  3.845 0.6000000238
150693  -32.507  -55.426  2.560 0.6000000238
29458  -32.579  -56.098  4.635 0.6999999881
132448  -36.587  -38.468  -0.743 0.5000000000
48125  -34.331  -37.162  2.308 0.6000000238
53393  -34.594  -32.971  -4.138 0.5000000000
54569  -35.964  -31.786  -3.306 0.5000000000
55727  -34.198  -30.765  -5.540 0.5000000000
65203  -38.251  -20.276  -4.131 0.3000000119
65193  -39.010  -20.137  -2.944 0.3000000119
25139  -28.105  -61.186  -0.557 0.4000000060
25142  -30.449  -61.332  -1.220 0.5000000000
25153  -30.970  -60.716  -1.396 0.5000000000
27781  -34.783  -58.647  -3.286 0.5000000000
25126  -28.710  -61.108  0.615 0.4000000060
27775  -34.021  -58.779  -2.832 0.6000000238
136835  -34.176  -57.959  -2.967 0.6000000238
28665  -34.967  -57.840  -3.436 0.5000000000
144932  -35.250  -57.187  -3.627 0.5000000000
24201  -27.868  -61.744  1.062 0.4000000060
24187  -29.224  -62.095  2.277 0.5000000000
23239  -29.127  -63.058  3.470 0.5000000000
24176  -29.571  -62.550  3.121 0.5000000000
23220  -28.906  -63.357  4.110 0.3000000119
24146  -28.931  -62.967  5.718 0.4000000060
23189  -27.257  -63.051  6.310 0.4000000060
46124  -36.703  -39.113  0.079 0.4000000060
138051  -37.546  -38.000  0.436 0.4000000060
140466  -37.031  -38.321  -0.007 0.4000000060
48043  -33.650  -38.108  9.210 0.5000000000
53395  -35.943  -32.431  -3.011 0.5000000000
147588  -36.566  -31.252  -3.063 0.5000000000
55700  -36.112  -30.960  -3.589 0.5000000000
52101  -37.210  -34.187  5.866 0.4000000060
66219  -38.747  -19.237  -2.816 0.3000000119
25124  -27.486  -61.493  0.223 0.4000000060
28623  -31.751  -57.378  0.614 0.6000000238
148026  -28.972  -60.851  7.520 0.5000000000
149100  -29.858  -61.905  6.622 0.5000000000
25050  -30.324  -61.108  6.726 0.6000000238
54570  -36.586  -31.915  -2.651 0.5000000000
24147  -29.607  -62.608  5.500 0.4000000060
26923  -32.960  -59.404  -2.328 0.6000000238
25140  -28.621  -61.087  -0.794 0.4000000060
26052  -30.529  -59.914  -1.122 0.5000000000
26918  -31.237  -59.325  -1.225 0.6000000238
26901  -30.684  -59.884  0.694 0.5000000000
24202  -28.648  -61.618  1.355 0.5000000000
140164  -31.929  -59.337  2.508 0.5000000000
26886  -31.957  -59.635  3.235 0.5000000000
25075  -31.204  -60.884  5.080 0.5000000000
26859  -31.827  -59.822  5.012 0.5000000000
65212  -37.826  -20.582  -4.824 0.4000000060
24186  -28.400  -62.281  1.972 0.4000000060
28666  -35.780  -57.778  -3.946 0.4000000060
29541  -36.051  -56.941  -4.264 0.4000000060
24175  -28.852  -62.786  2.780 0.4000000060
33387  -27.246  -52.459  4.267 0.4000000060
135089  -27.538  -52.941  4.993 0.3000000119
35432  -26.807  -50.770  4.557 0.4000000060
34396  -27.297  -51.121  5.253 0.4000000060
36538  -24.864  -49.288  3.466 0.4000000060
36519  -25.829  -49.407  4.305 0.4000000060
35413  -26.634  -50.006  4.848 0.4000000060
37461  -23.939  -47.924  3.661 0.3000000119
37462  -24.573  -48.281  3.785 0.3000000119
140770  -24.392  -47.356  3.783 0.4000000060
139554  -26.608  -49.208  5.304 0.4000000060
38433  -25.603  -47.837  4.724 0.5000000000
144970  -24.772  -46.846  4.046 0.4000000060
39438  -25.090  -46.365  4.359 0.4000000060
150039  -32.400  -36.836  9.072 0.3000000119
51017  -36.685  -34.771  7.273 0.3000000119
148322  -35.729  -34.265  8.043 0.3000000119
51016  -36.290  -34.812  7.890 0.3000000119
52100  -36.936  -34.287  6.628 0.3000000119
150547  -36.554  -33.530  6.777 0.3000000119
58952  -32.320  -26.806  -3.587 0.4000000060
53310  -36.013  -32.010  6.213 0.3000000119
147460  -35.152  -30.961  5.244 0.3000000119
58953  -32.906  -27.119  -3.097 0.4000000060
58944  -33.088  -26.471  -3.044 0.4000000060
55611  -32.681  -30.964  3.690 0.3000000119
57846  -34.180  -28.231  -2.322 0.4000000060
58946  -33.723  -27.196  -1.904 0.3000000119
58945  -33.339  -26.647  -2.384 0.4000000060
59955  -34.037  -25.967  -3.137 0.4000000060
59967  -34.875  -26.223  -3.886 0.3000000119
55614  -35.243  -30.621  4.419 0.3000000119
55626  -35.806  -30.308  3.603 0.3000000119
55612  -33.380  -30.683  3.793 0.3000000119
55613  -34.126  -30.677  3.998 0.3000000119
55625  -34.781  -30.270  3.592 0.3000000119
56658  -35.297  -29.837  3.036 0.3000000119
56656  -33.702  -29.734  3.358 0.3000000119
56657  -34.445  -29.788  3.190 0.3000000119
56675  -36.563  -29.677  2.149 0.3000000119
56676  -37.154  -30.121  1.933 0.3000000119
56702  -37.327  -30.053  0.619 0.3000000119
56655  -32.839  -29.756  3.620 0.3000000119
56713  -37.213  -30.105  -0.081 0.3000000119
57778  -31.933  -29.080  4.103 0.3000000119
57768  -31.237  -28.343  4.285 0.3000000119
56712  -36.710  -29.482  -0.445 0.3000000119
58869  -30.626  -27.450  4.335 0.3000000119
57841  -36.149  -28.893  -0.883 0.3000000119
57840  -35.410  -28.376  -1.298 0.3000000119
58940  -34.935  -27.549  -0.999 0.3000000119
60898  -28.723  -24.976  3.248 0.3000000119
57839  -34.559  -27.821  -1.639 0.3000000119
63014  -29.944  -23.930  3.131 0.3000000119
63024  -28.596  -23.465  2.617 0.3000000119
60984  -34.181  -25.986  -2.407 0.3000000119
59957  -36.005  -26.441  -3.725 0.3000000119
56659  -36.226  -29.976  2.873 0.3000000119
56689  -36.885  -29.532  1.416 0.3000000119
56701  -36.954  -29.408  0.298 0.3000000119
57780  -33.490  -28.755  3.431 0.3000000119
56673  -34.832  -29.176  2.775 0.3000000119
57795  -35.447  -28.515  1.834 0.3000000119
57796  -36.208  -28.967  1.615 0.3000000119
57812  -36.513  -28.840  0.749 0.3000000119
57769  -31.993  -28.163  4.273 0.3000000119
58871  -32.437  -27.512  4.137 0.3000000119
57793  -33.894  -28.047  3.047 0.3000000119
57832  -36.419  -28.677  -0.110 0.3000000119
59861  -29.838  -26.837  4.185 0.3000000119
58870  -31.613  -27.460  4.347 0.3000000119
57831  -35.655  -28.139  -0.577 0.3000000119
58933  -34.935  -27.488  -0.402 0.3000000119
60891  -30.963  -25.889  4.154 0.3000000119
58939  -34.058  -27.191  -1.187 0.3000000119
61977  -30.361  -24.530  3.451 0.3000000119
61994  -31.544  -23.942  3.290 0.3000000119
63015  -30.800  -23.742  3.131 0.3000000119
150500  -34.106  -26.188  -1.694 0.3000000119
60985  -35.148  -26.037  -2.218 0.3000000119
60986  -36.339  -26.114  -2.131 0.3000000119
59958  -36.974  -26.363  -3.538 0.3000000119
59947  -36.169  -26.324  -2.862 0.3000000119
56674  -35.670  -29.237  2.367 0.3000000119
150003  -34.411  -28.538  2.724 0.3000000119
142517  -34.901  -28.508  2.317 0.3000000119
57810  -34.638  -27.761  1.716 0.3000000119
57811  -35.551  -28.200  1.145 0.3000000119
58881  -33.231  -27.583  3.599 0.3000000119
57794  -34.278  -27.874  2.466 0.3000000119
59862  -31.265  -26.647  4.328 0.3000000119
60893  -32.377  -26.152  4.027 0.3000000119
59864  -32.783  -26.731  3.924 0.3000000119
58926  -35.522  -27.917  0.229 0.3000000119
59932  -34.198  -26.774  -0.057 0.3000000119
58925  -34.210  -27.123  0.181 0.3000000119
61979  -31.998  -24.578  3.600 0.3000000119
59933  -34.570  -26.358  -0.368 0.3000000119
61995  -32.202  -23.767  3.245 0.3000000119
59938  -34.346  -26.608  -1.069 0.3000000119
63027  -31.613  -23.196  2.835 0.3000000119
59939  -34.768  -26.269  -1.149 0.3000000119
60974  -34.471  -25.845  -1.964 0.3000000119
60975  -35.496  -26.083  -1.549 0.3000000119
154807  -36.953  -26.303  -2.787 0.3000000119
59874  -33.413  -26.564  3.489 0.3000000119
59875  -33.985  -26.237  3.139 0.3000000119
146019  -33.990  -27.184  1.940 0.3000000119
58906  -34.398  -27.367  0.862 0.3000000119
151495  -34.233  -26.515  2.002 0.3000000119
58905  -33.896  -27.086  1.270 0.3000000119
135407  -32.239  -25.463  3.879 0.3000000119
60902  -33.016  -25.869  3.750 0.3000000119
144530  -33.718  -25.869  3.434 0.3000000119
132670  -32.828  -24.974  3.668 0.3000000119
63016  -32.970  -23.686  3.258 0.3000000119
63029  -33.338  -23.027  2.882 0.3000000119
60955  -35.462  -25.988  0.135 0.3000000119
156323  -35.097  -26.131  -0.520 0.3000000119
63028  -32.507  -23.082  2.838 0.3000000119
60967  -35.938  -25.960  -0.712 0.3000000119
60976  -36.737  -25.957  -1.440 0.3000000119
60988  -37.935  -25.200  -2.462 0.3000000119
58891  -33.908  -26.811  2.423 0.3000000119
59901  -33.858  -26.907  1.467 0.3000000119
59926  -33.894  -26.882  0.743 0.3000000119
60903  -33.633  -25.220  3.528 0.3000000119
60904  -34.392  -25.436  3.305 0.3000000119
148580  -34.692  -25.959  2.777 0.3000000119
61980  -33.363  -24.414  3.489 0.3000000119
63017  -33.826  -23.744  3.309 0.3000000119
60930  -35.501  -25.973  1.208 0.3000000119
65126  -32.529  -21.643  2.248 0.3000000119
63018  -34.817  -23.896  3.225 0.3000000119
64067  -32.089  -22.376  2.524 0.3000000119
64068  -32.900  -22.350  2.554 0.3000000119
64069  -33.716  -22.323  2.567 0.3000000119
63030  -34.219  -23.019  2.909 0.3000000119
145647  -36.890  -25.745  0.079 0.3000000119
136487  -37.668  -25.439  -1.494 0.3000000119
60987  -37.229  -25.923  -2.229 0.3000000119
60977  -38.233  -24.734  -1.867 0.3000000119
135544  -35.113  -26.019  2.048 0.3000000119
59902  -34.200  -26.515  1.247 0.3000000119
60905  -35.120  -25.272  3.098 0.3000000119
60916  -35.606  -25.438  2.635 0.3000000119
61982  -34.887  -24.793  3.280 0.3000000119
61996  -35.619  -24.603  2.992 0.3000000119
61997  -36.410  -24.896  2.484 0.3000000119
60931  -36.779  -25.504  1.429 0.3000000119
65127  -33.298  -21.634  2.289 0.3000000119
60957  -37.430  -25.398  0.835 0.3000000119
64070  -34.569  -22.268  2.588 0.3000000119
63031  -35.151  -22.979  2.868 0.3000000119
150680  -35.637  -23.690  2.918 0.3000000119
134384  -37.282  -25.657  -0.707 0.3000000119
152926  -37.862  -25.276  -0.795 0.3000000119
60969  -38.230  -24.834  -1.056 0.3000000119
140675  -38.292  -22.763  -3.636 0.3000000119
152567  -38.406  -23.180  -2.646 0.3000000119
60917  -36.178  -25.552  2.036 0.3000000119
62013  -37.047  -25.057  1.975 0.3000000119
65128  -34.077  -21.614  2.312 0.3000000119
65129  -34.868  -21.537  2.371 0.3000000119
144367  -35.542  -22.160  2.567 0.3000000119
61998  -37.113  -24.348  2.249 0.3000000119
62030  -38.118  -24.677  1.014 0.3000000119
60968  -38.049  -25.157  -0.059 0.3000000119
149891  -38.541  -23.661  0.053 0.3000000119
62031  -38.404  -24.335  0.298 0.3000000119
64119  -38.588  -22.890  -0.802 0.3000000119
153090  -38.543  -23.506  -1.227 0.3000000119
62057  -38.484  -23.952  -1.692 0.3000000119
63091  -38.451  -22.906  -1.972 0.3000000119
65152  -33.693  -21.002  1.923 0.3000000119
65153  -34.429  -20.973  2.030 0.3000000119
65154  -35.200  -20.892  2.150 0.3000000119
155124  -36.271  -22.328  2.542 0.3000000119
64071  -37.051  -22.494  2.411 0.3000000119
63033  -37.676  -23.868  2.026 0.3000000119
63051  -38.147  -23.855  1.507 0.3000000119
65131  -37.309  -21.737  2.305 0.3000000119
63052  -38.438  -23.044  1.203 0.3000000119
64104  -38.561  -22.398  0.730 0.3000000119
64105  -38.583  -23.038  0.371 0.3000000119
63066  -38.461  -23.813  0.806 0.3000000119
132409  -38.620  -22.304  -0.026 0.3000000119
64128  -38.167  -21.706  -2.267 0.3000000119
65184  -38.419  -21.574  -1.033 0.3000000119
148067  -37.638  -20.914  -4.517 0.3000000119
147261  -37.899  -21.871  -3.409 0.3000000119
66168  -34.104  -20.433  1.627 0.3000000119
66169  -34.797  -20.477  1.786 0.3000000119
146091  -35.595  -21.423  2.382 0.3000000119
66158  -37.142  -21.038  2.289 0.3000000119
146431  -37.820  -22.127  2.100 0.3000000119
65173  -38.326  -22.044  1.444 0.3000000119
64143  -37.671  -20.559  -3.745 0.3000000119
66157  -36.127  -20.898  2.274 0.3000000119
36537  -24.166  -48.879  3.553 0.3000000119
35414  -27.089  -50.473  5.269 0.4000000060
37443  -25.297  -48.524  4.204 0.4000000060
39418  -25.569  -46.481  4.999 0.4000000060
144876  -25.316  -47.083  4.564 0.4000000060
129261  -32.833  -37.655  9.144 0.3000000119
57845  -33.467  -27.637  -2.647 0.4000000060
59873  -30.112  -25.889  4.076 0.3000000119
61993  -29.145  -24.082  3.055 0.3000000119
60892  -31.734  -26.000  4.140 0.3000000119
36539  -25.393  -49.983  3.314 0.4000000060
35431  -26.128  -50.308  3.871 0.4000000060
38450  -23.928  -47.095  3.644 0.3000000119
38451  -24.982  -47.663  4.143 0.4000000060
55624  -33.909  -30.305  3.544 0.3000000119
57781  -34.166  -29.014  3.080 0.3000000119
155351  -30.556  -26.519  4.281 0.3000000119
58932  -34.275  -26.980  -0.504 0.3000000119
57779  -32.682  -28.466  3.910 0.3000000119
59863  -32.061  -26.729  4.239 0.3000000119
64066  -30.775  -22.893  2.657 0.3000000119
64065  -29.976  -22.675  2.477 0.3000000119
58882  -33.640  -27.098  3.097 0.3000000119
147971  -33.892  -27.396  2.656 0.3000000119
59927  -34.384  -26.419  0.456 0.3000000119
146032  -32.659  -24.270  3.469 0.3000000119
60956  -36.476  -25.752  0.775 0.3000000119
61981  -34.204  -24.603  3.423 0.3000000119
60932  -37.506  -25.075  1.443 0.3000000119
63032  -36.393  -24.042  2.636 0.3000000119
62046  -38.491  -24.102  -0.601 0.3000000119
155080  -36.180  -23.025  2.650 0.3000000119
145281  -37.121  -23.488  2.369 0.3000000119
65130  -36.412  -21.711  2.440 0.3000000119
64072  -37.948  -23.006  1.968 0.3000000119
65192  -37.783  -20.499  -2.502 0.3000000119
65155  -37.951  -21.351  1.987 0.3000000119
66159  -37.843  -20.457  1.873 0.3000000119
35444  -24.237  -49.890  3.138 0.4000000060
143277  -24.699  -60.873  7.740 0.3000000119
25045  -25.139  -61.665  7.647 0.3000000119
145404  -24.196  -60.077  7.762 0.3000000119
25046  -25.957  -61.672  7.573 0.3000000119
39457  -24.239  -46.470  3.677 0.3000000119
39458  -24.663  -46.171  3.938 0.3000000119
40464  -24.370  -45.601  3.668 0.3000000119
34428  -26.198  -51.526  2.621 0.3000000119
34415  -27.061  -51.576  4.417 0.3000000119
34414  -26.481  -51.109  3.595 0.3000000119
35445  -24.934  -50.286  2.781 0.3000000119
35446  -25.654  -50.751  2.795 0.3000000119
45232  -36.396  -40.694  0.812 0.3000000119
23188  -26.593  -63.093  6.628 0.4000000060
23190  -28.058  -62.998  5.946 0.5000000000
23207  -29.260  -63.063  4.875 0.4000000060
23238  -28.412  -63.351  3.301 0.5000000000
23250  -28.086  -62.950  2.505 0.4000000060
24115  -27.117  -62.070  7.440 0.5000000000
24133  -27.821  -62.662  6.814 0.6000000238
24148  -30.209  -62.184  5.286 0.5000000000
24177  -30.109  -62.292  3.552 0.5000000000
25088  -30.824  -61.582  4.216 0.5000000000
25116  -30.802  -61.456  2.988 0.5000000000
25125  -28.098  -61.268  0.407 0.4000000060
25141  -29.429  -60.993  -1.048 0.4000000060
25951  -26.386  -60.636  7.595 0.5000000000
25966  -31.254  -60.241  6.140 0.6000000238
25976  -31.433  -60.341  5.452 0.5000000000
26015  -31.277  -60.838  2.890 0.5000000000
26025  -30.091  -60.597  1.043 0.5000000000
26033  -28.492  -60.921  -0.581 0.4000000060
26034  -28.778  -60.753  -0.383 0.4000000060
26035  -29.565  -60.313  -0.171 0.5000000000
26042  -28.987  -60.746  -0.636 0.4000000060
26810  -25.846  -59.948  7.593 0.5000000000
26837  -32.064  -59.269  5.335 0.6000000238
26874  -31.873  -59.891  4.072 0.5000000000
26887  -32.226  -59.060  3.101 0.5000000000
26894  -31.468  -59.677  1.712 0.5000000000
26911  -31.311  -58.540  -0.748 0.6000000238
27656  -25.260  -58.834  7.251 0.4000000060
27690  -32.284  -58.573  5.221 0.6000000238
27773  -32.756  -58.599  -2.320 0.6000000238
27774  -33.345  -58.909  -2.572 0.6000000238
28519  -30.743  -57.669  8.088 0.6000000238
28529  -31.751  -57.540  7.297 0.6000000238
28624  -32.049  -56.774  1.014 0.6000000238
28637  -31.527  -57.130  -0.217 0.6000000238
28645  -31.566  -57.277  -0.992 0.6000000238
28656  -33.538  -57.299  -2.659 0.6000000238
29400  -30.389  -56.495  8.407 0.6000000238
29401  -31.072  -56.587  8.255 0.6999999881
29439  -32.378  -57.133  6.126 0.6999999881
29470  -32.532  -55.894  3.357 0.6999999881
29521  -32.308  -56.779  -1.824 0.6000000238
29540  -35.150  -56.452  -3.605 0.5000000000
29549  -37.020  -56.411  -4.950 0.4000000060
30326  -32.283  -54.577  8.011 0.6000000238
30416  -31.632  -55.690  0.202 0.6999999881
30444  -31.951  -55.368  -1.511 0.6999999881
30459  -34.174  -55.550  -2.952 0.6000000238
30479  -39.096  -55.231  -5.431 0.5000000000
30483  -38.908  -55.256  -5.563 0.4000000060
31336  -32.833  -54.847  7.388 0.6999999881
31372  -32.781  -54.465  4.507 0.8000000119
31404  -31.846  -54.144  0.503 0.6999999881
31427  -31.363  -54.832  -0.761 0.6999999881
31438  -31.510  -54.773  -1.178 0.6999999881
31439  -31.666  -54.154  -1.342 0.6999999881
31447  -32.379  -54.291  -1.740 0.6999999881
31459  -35.382  -55.069  -3.689 0.6000000238
31469  -39.157  -54.894  -5.248 0.5000000000
31475  -39.024  -55.003  -5.450 0.5000000000
32386  -32.797  -53.716  4.209 0.8000000119
32457  -32.021  -53.450  -1.535 0.6999999881
32465  -32.911  -53.746  -1.992 0.6999999881
32476  -35.038  -53.583  -3.121 0.6999999881
32486  -37.164  -53.494  -4.836 0.6999999881
32487  -38.035  -53.103  -5.405 0.6999999881
32488  -39.088  -54.187  -5.166 0.5000000000
33342  -29.636  -52.761  8.346 0.5000000000
33345  -32.643  -52.698  8.173 0.6999999881
33353  -28.606  -52.776  7.572 0.5000000000
33355  -33.049  -53.237  7.761 0.6999999881
33364  -33.573  -52.813  6.649 0.6999999881
33448  -31.286  -52.454  -0.877 0.6999999881
33482  -39.112  -52.341  -4.959 0.6000000238
34370  -32.739  -51.254  8.336 0.6000000238
34455  -32.276  -52.244  1.656 0.6999999881
34480  -34.027  -50.861  -1.788 0.6999999881
34509  -38.552  -51.085  -5.509 0.6999999881
34510  -38.913  -51.387  -5.289 0.6999999881
34516  -38.894  -50.801  -5.464 0.6999999881
35400  -34.085  -50.245  7.535 0.8000000119
35407  -34.040  -50.864  6.855 0.6999999881
35416  -34.339  -49.764  5.947 0.6999999881
35457  -24.497  -50.798  2.604 0.3000000119
35496  -31.960  -51.060  -1.470 0.6999999881
35514  -36.016  -50.645  -3.579 0.6999999881
35534  -38.934  -50.288  -5.459 0.6999999881
36464  -32.704  -49.718  8.526 0.6000000238
36558  -31.627  -49.146  1.505 0.8000000119
36590  -31.165  -49.609  -1.182 0.6999999881
36593  -34.168  -49.458  -1.756 0.6999999881
36622  -38.461  -49.263  -5.467 0.6999999881
37416  -34.631  -48.630  6.492 0.8000000119
37486  -31.230  -48.507  1.116 0.8000000119
37493  -30.459  -48.624  -0.492 0.8000000119
37494  -30.645  -48.609  0.263 0.8000000119
37510  -31.460  -49.002  -1.307 0.6999999881
37524  -37.748  -48.651  -3.174 0.5000000000
37530  -37.391  -48.322  -5.007 0.6999999881
37532  -38.719  -48.710  -4.919 0.6999999881
37541  -38.647  -48.813  -5.187 0.6999999881
37547  -38.540  -48.887  -5.314 0.6999999881
38434  -26.157  -47.846  5.235 0.6000000238
38435  -33.567  -47.832  3.687 0.8000000119
38468  -32.927  -47.122  2.725 0.8000000119
38515  -30.391  -47.622  -0.974 0.8000000119
38516  -30.990  -47.410  -1.270 0.6999999881
38517  -31.851  -47.577  -1.427 0.8000000119
38546  -38.276  -47.060  -5.055 0.6999999881
38556  -38.438  -48.361  -5.211 0.6999999881
39385  -28.858  -46.870  7.283 0.6000000238
39419  -26.170  -46.596  5.572 0.5000000000
39489  -30.588  -46.525  0.703 0.8999999762
39491  -32.130  -46.416  1.804 0.8000000119
39503  -29.665  -45.884  -0.020 0.8999999762
39513  -29.760  -45.924  -0.422 0.8999999762
39514  -30.119  -46.674  -0.700 0.8000000119
39530  -31.582  -45.982  -1.537 0.8000000119
39567  -37.759  -46.003  -5.099 0.6999999881
39568  -37.956  -46.206  -5.119 0.6999999881
40416  -27.857  -45.114  6.689 0.4000000060
40481  -34.012  -45.181  2.686 0.8000000119
40496  -30.605  -45.820  0.723 0.8000000119
40514  -29.563  -45.307  -0.104 0.8000000119
40554  -32.691  -45.484  -2.229 0.8000000119
40556  -37.217  -45.659  -3.074 0.5000000000
40570  -37.469  -44.897  -4.736 0.6999999881
40577  -36.440  -45.358  -4.770 0.8000000119
40578  -37.316  -45.210  -5.049 0.6999999881
41505  -29.648  -44.776  0.126 0.8000000119
41518  -35.646  -44.412  -0.498 0.4000000060
41529  -29.701  -44.371  -0.481 0.8000000119
41556  -37.305  -44.263  -4.973 0.6999999881
41565  -35.464  -43.849  -4.436 0.8000000119
41567  -37.192  -44.359  -5.067 0.6999999881
42386  -36.112  -43.472  6.495 0.6999999881
42397  -36.371  -43.162  5.675 0.6999999881
42455  -29.675  -44.117  0.104 0.8000000119
42456  -30.088  -43.667  0.323 0.8000000119
42458  -32.017  -42.897  0.661 0.6999999881
42469  -29.628  -43.884  -0.163 0.8000000119
42479  -29.836  -43.766  -0.619 0.8000000119
42481  -31.164  -43.798  -1.525 1.0000000000
42483  -35.730  -43.310  -1.385 0.5000000000
42515  -36.455  -42.802  -5.003 0.8000000119
43344  -34.583  -42.322  2.278 0.6999999881
43362  -34.140  -42.187  1.704 0.6999999881
43373  -35.593  -43.071  0.095 0.5000000000
43409  -32.845  -42.348  -2.409 0.8000000119
43419  -35.048  -42.592  -4.404 0.8000000119
43427  -35.913  -42.233  -5.078 0.8000000119
44274  -36.720  -41.372  1.375 0.4000000060
44290  -36.009  -41.578  0.706 0.3000000119
44311  -31.255  -41.558  -1.917 0.8000000119
44313  -35.947  -40.682  -1.927 0.6000000238
44325  -33.459  -41.374  -3.089 0.8999999762
44341  -36.182  -41.244  -4.971 0.6999999881
44342  -36.450  -41.094  -4.491 0.6999999881
45161  -29.653  -40.405  6.897 0.3000000119
45212  -34.250  -40.956  1.935 0.6999999881
45227  -29.755  -39.988  -0.306 0.8000000119
45230  -32.092  -40.921  0.632 0.8000000119
45231  -35.774  -40.870  0.020 0.5000000000
45241  -35.635  -41.189  -0.928 0.5000000000
45272  -33.143  -40.210  -2.982 0.8999999762
45278  -35.422  -40.107  -4.570 0.6999999881
45279  -36.006  -40.448  -4.799 0.6999999881
46104  -33.463  -39.801  1.514 0.6999999881
46149  -29.389  -39.834  -1.500 0.8000000119
46172  -36.283  -39.660  -3.780 0.6999999881
47064  -35.899  -38.705  3.776 0.6999999881
47133  -28.904  -38.304  -1.670 0.8000000119
47144  -28.960  -37.993  -2.113 0.8000000119
47156  -35.551  -38.499  -3.660 0.6999999881
47161  -34.135  -37.846  -3.776 0.8000000119
47162  -35.404  -39.020  -4.074 0.6999999881
48096  -36.231  -36.786  4.297 0.6999999881
48143  -37.923  -37.265  0.551 0.4000000060
48156  -28.713  -37.708  -1.425 0.8000000119
48157  -28.990  -37.789  -0.848 0.8000000119
48168  -28.535  -37.034  -1.686 0.8000000119
48176  -28.422  -36.427  -2.115 0.8000000119
48180  -36.142  -37.518  -2.288 0.6999999881
48187  -31.421  -37.492  -3.423 0.8000000119
49150  -32.035  -36.665  -0.675 0.8000000119
49153  -37.616  -36.103  -0.335 0.6000000238
49165  -32.702  -36.068  -1.239 0.8000000119
49172  -28.139  -35.488  -2.553 0.8000000119
49174  -35.639  -36.215  -2.644 0.6999999881
49186  -35.163  -36.620  -3.225 0.6999999881
49192  -30.490  -35.914  -4.062 0.8000000119
50150  -33.419  -35.546  -1.301 0.8000000119
50156  -27.791  -34.748  -2.667 0.8000000119
50162  -36.162  -35.822  -2.123 0.6999999881
50167  -27.719  -34.874  -2.963 0.8000000119
50181  -32.613  -35.628  -4.475 0.8000000119
50182  -33.340  -35.314  -4.399 0.8000000119
50998  -32.745  -34.565  8.736 0.3000000119
51030  -36.974  -35.168  6.800 0.4000000060
51094  -35.089  -34.441  -0.675 0.6999999881
51095  -37.981  -34.337  -0.696 0.6000000238
52085  -36.301  -34.017  7.442 0.3000000119
52169  -33.841  -34.017  -2.071 0.8000000119
52182  -27.667  -33.152  -3.056 0.8000000119
52183  -27.824  -32.933  -2.954 0.8000000119
52199  -28.478  -32.598  -3.342 0.8000000119
52204  -35.347  -33.787  -3.299 0.6000000238
52214  -27.891  -32.757  -3.587 0.8000000119
52218  -34.220  -33.706  -4.372 0.6999999881
52230  -31.288  -33.406  -5.477 0.8000000119
53344  -37.341  -32.058  0.557 0.6000000238
53352  -36.765  -32.228  -0.178 0.6000000238
53379  -37.074  -32.331  -2.188 0.6000000238
53419  -29.179  -31.917  -4.405 0.6999999881
53423  -33.053  -32.642  -6.188 0.6999999881
54469  -35.559  -31.400  5.748 0.3000000119
54474  -30.414  -32.046  3.224 0.3000000119
54564  -29.427  -31.569  -4.274 0.8000000119
54580  -29.470  -31.011  -4.714 0.6999999881
54595  -30.622  -31.553  -5.655 0.6999999881
55641  -37.412  -30.697  2.355 0.4000000060
55685  -34.641  -30.372  -2.693 0.5000000000
55686  -35.165  -30.681  -2.235 0.5000000000
56744  -29.474  -29.720  -4.973 0.6999999881
56745  -29.929  -28.974  -4.980 0.6000000238
56758  -29.810  -29.345  -5.315 0.6999999881
56760  -36.289  -28.654  -5.176 0.5000000000
56769  -32.062  -28.889  -6.895 0.5000000000
57889  -31.898  -27.860  -7.116 0.5000000000
58960  -30.727  -27.665  -5.139 0.6000000238
58969  -30.656  -27.817  -5.725 0.6000000238
58971  -36.016  -27.319  -6.803 0.4000000060
58979  -31.161  -27.176  -6.182 0.6000000238
59964  -32.309  -26.281  -4.199 0.5000000000
60002  -32.700  -26.086  -7.764 0.5000000000
60003  -33.363  -26.025  -8.291 0.5000000000
60004  -34.147  -25.754  -8.491 0.5000000000
60983  -33.647  -26.086  -2.691 0.5000000000
60993  -32.873  -26.117  -3.679 0.5000000000
61007  -33.717  -25.778  -6.584 0.6000000238
61016  -33.110  -25.709  -7.601 0.5000000000
61032  -33.717  -25.365  -8.043 0.5000000000
61043  -33.835  -25.617  -8.343 0.5000000000
62014  -37.664  -24.513  1.731 0.3000000119
63026  -30.212  -23.332  2.804 0.3000000119
129977  -33.840  -39.045  -3.675 0.8999999762
130285  -34.813  -37.914  3.218 0.6999999881
130387  -33.353  -52.224  5.217 0.8000000119
130494  -34.758  -37.296  2.992 0.6999999881
130653  -29.201  -39.905  -1.101 0.8000000119
131512  -36.850  -42.859  -4.706 0.6000000238
131656  -31.699  -58.786  -1.449 0.6000000238
132484  -31.671  -60.231  3.326 0.5000000000
132705  -32.518  -54.047  2.890 0.8000000119
133045  -34.621  -47.978  7.727 0.8000000119
133233  -27.876  -24.010  2.578 0.4000000060
133345  -31.389  -51.388  0.178 0.6999999881
133525  -30.026  -54.114  8.534 0.6000000238
133763  -29.723  -50.283  8.080 0.6000000238
133936  -31.572  -54.939  0.099 0.6999999881
134134  -31.352  -38.973  0.510 0.8000000119
134294  -34.637  -25.423  -8.428 0.5000000000
134675  -33.170  -41.918  0.979 0.6999999881
135743  -25.824  -63.330  6.415 0.4000000060
135852  -37.029  -43.437  -4.939 0.6999999881
136432  -30.308  -47.950  -0.126 0.8000000119
136783  -32.473  -51.106  2.612 0.8000000119
136807  -33.993  -33.150  -4.736 0.6000000238
137688  -34.186  -42.876  -3.570 0.8000000119
138739  -30.708  -45.916  -1.297 0.8000000119
138921  -36.251  -35.098  -2.104 0.6999999881
139270  -35.214  -35.021  -3.205 0.6000000238
139550  -29.677  -37.782  -0.364 0.8000000119
139572  -31.694  -56.751  0.390 0.6000000238
139845  -35.581  -42.349  -0.103 0.4000000060
140392  -31.706  -58.820  6.525 0.6000000238
140556  -38.644  -50.469  -4.384 0.5000000000
141590  -35.115  -33.206  -3.567 0.6000000238
142080  -34.513  -48.760  -2.147 0.6999999881
142091  -32.238  -49.175  8.568 0.6000000238
142096  -32.352  -56.765  1.655 0.6999999881
142255  -31.563  -44.543  0.934 0.8000000119
142462  -38.918  -53.129  -5.108 0.6000000238
143107  -34.343  -45.934  3.624 0.8000000119
143397  -37.726  -46.465  -5.191 0.6999999881
143423  -30.972  -51.151  8.557 0.6000000238
143494  -35.356  -52.049  -2.877 0.6999999881
143670  -32.304  -46.025  -1.814 0.8000000119
144191  -37.679  -45.672  -4.440 0.6000000238
144273  -39.027  -51.712  -4.986 0.5000000000
144344  -36.534  -40.873  -3.770 0.6999999881
144347  -34.554  -39.784  2.551 0.6999999881
144824  -32.755  -49.992  3.231 0.8000000119
144864  -37.074  -29.562  0.871 0.3000000119
144985  -38.971  -50.673  -5.413 0.6999999881
145050  -38.570  -53.712  -5.382 0.5000000000
145394  -33.329  -20.435  1.503 0.3000000119
145474  -29.305  -39.835  -0.794 0.8000000119
145727  -33.125  -48.144  -1.592 0.6999999881
145786  -31.777  -59.456  -1.633 0.5000000000
146209  -35.980  -41.597  -5.161 0.6999999881
147550  -29.951  -43.143  -0.744 0.8000000119
148325  -31.903  -35.795  -4.448 0.8000000119
148846  -30.424  -40.081  0.097 0.8000000119
148851  -23.632  -48.594  3.709 0.3000000119
149040  -35.023  -48.334  -2.763 0.6999999881
150084  -27.332  -59.659  7.623 0.6000000238
150882  -32.346  -54.905  1.426 0.6999999881
151074  -24.432  -61.596  7.845 0.3000000119
151343  -27.610  -62.285  7.288 0.5000000000
151650  -29.835  -41.966  -1.157 0.8000000119
151853  -31.538  -52.061  0.249 0.6999999881
152462  -37.706  -33.646  -1.265 0.6000000238
153138  -36.887  -38.008  -0.455 0.6000000238
153638  -29.991  -60.842  7.213 0.6000000238
154035  -36.420  -42.722  -2.917 0.6000000238
154283  -29.672  -25.656  3.792 0.3000000119
154538  -37.109  -37.217  -0.547 0.6000000238
155824  -31.518  -40.377  -2.281 0.8000000119
155858  -33.281  -53.650  7.324 0.6999999881
156064  -36.800  -31.523  -0.430 0.5000000000
156115  -32.489  -26.623  -7.646 0.5000000000
156249  -28.542  -53.298  7.661 0.5000000000
156370  -27.864  -61.212  -0.199 0.4000000060
