#!ascii label  , from subject sub-v2s12x28887_ses-1 vox2ras=TkReg
415
17813  49.793  -48.123  34.666 0.0000000000
11990  39.756  -56.613  23.679 0.0000000000
14655  53.642  -52.810  31.532 0.0000000000
13948  45.665  -53.152  29.399 0.0000000000
10668  47.405  -59.291  23.508 0.0000000000
153044  50.563  -56.513  27.220 0.0000000000
9256  48.565  -60.151  24.642 0.0000000000
12601  44.210  -55.995  26.081 0.0000000000
15433  42.002  -50.800  29.247 0.0000000000
16170  51.910  -50.611  33.437 0.0000000000
155749  49.437  -52.366  29.730 0.0000000000
149903  46.658  -56.360  26.506 0.0000000000
10670  43.329  -58.369  23.338 0.0000000000
9260  40.748  -60.077  25.582 0.0000000000
22359  49.152  -43.180  34.421 0.0000000000
19494  53.271  -46.946  35.943 0.0000000000
15333  55.180  -51.148  35.444 0.0000000000
17056  43.878  -49.008  30.968 0.0000000000
10598  49.836  -58.258  26.929 0.0000000000
11972  42.611  -56.560  23.967 0.0000000000
13269  42.105  -54.408  26.274 0.0000000000
15371  53.113  -51.861  32.313 0.0000000000
14668  51.865  -52.666  30.197 0.0000000000
11301  48.874  -58.247  24.436 0.0000000000
11926  48.286  -56.300  27.053 0.0000000000
11283  47.099  -57.591  25.060 0.0000000000
11284  46.026  -57.562  24.898 0.0000000000
10669  44.684  -58.872  23.395 0.0000000000
10628  39.160  -59.135  25.489 0.0000000000
17743  53.026  -48.479  37.319 0.0000000000
17780  54.705  -48.997  35.920 0.0000000000
16096  53.771  -49.584  36.945 0.0000000000
16217  47.329  -51.018  29.836 0.0000000000
142238  45.367  -50.519  29.620 0.0000000000
17886  40.271  -48.738  28.929 0.0000000000
17878  41.418  -48.554  29.708 0.0000000000
13219  52.894  -54.265  30.301 0.0000000000
13229  51.360  -54.242  29.365 0.0000000000
11907  50.897  -56.166  28.145 0.0000000000
10626  50.067  -58.262  25.346 0.0000000000
9274  48.636  -60.265  23.858 0.0000000000
13248  44.646  -54.464  28.292 0.0000000000
14682  44.537  -52.183  29.395 0.0000000000
13976  43.125  -53.789  28.129 0.0000000000
14694  41.586  -52.375  28.292 0.0000000000
12632  37.221  -55.125  23.636 0.0000000000
17006  50.893  -49.259  34.418 0.0000000000
15426  49.355  -51.780  30.043 0.0000000000
13946  47.992  -53.296  29.461 0.0000000000
13245  49.285  -54.788  28.937 0.0000000000
13246  48.226  -54.754  28.902 0.0000000000
140657  46.402  -54.663  28.712 0.0000000000
12595  45.029  -55.872  26.565 0.0000000000
11970  44.200  -57.216  24.530 0.0000000000
10673  41.354  -57.829  23.444 0.0000000000
9278  43.647  -60.021  24.114 0.0000000000
142042  42.185  -59.495  24.486 0.0000000000
10652  40.639  -58.267  24.259 0.0000000000
11974  38.567  -56.878  24.515 0.0000000000
21425  49.525  -43.300  33.718 0.0000000000
146828  50.868  -45.426  34.434 0.0000000000
20448  51.407  -44.763  34.838 0.0000000000
152086  52.184  -47.814  35.140 0.0000000000
17004  53.010  -49.426  34.889 0.0000000000
16150  55.014  -50.577  34.859 0.0000000000
14618  54.664  -52.058  33.625 0.0000000000
14619  53.624  -52.971  33.934 0.0000000000
13909  53.798  -53.430  32.619 0.0000000000
138237  43.443  -49.522  29.715 0.0000000000
146086  49.689  -46.957  34.617 0.0000000000
18662  48.591  -47.047  34.614 0.0000000000
17814  48.829  -48.057  34.596 0.0000000000
11988  41.373  -56.682  23.030 0.0000000000
12615  41.840  -55.962  23.741 0.0000000000
15404  53.107  -52.403  31.548 0.0000000000
14657  52.271  -52.379  30.851 0.0000000000
14667  52.718  -52.958  30.391 0.0000000000
10648  48.611  -58.707  23.930 0.0000000000
11302  47.910  -58.242  24.406 0.0000000000
10649  47.643  -58.743  23.777 0.0000000000
10650  46.535  -58.756  23.661 0.0000000000
135049  45.384  -59.360  23.397 0.0000000000
154625  37.053  -59.825  26.123 0.0000000000
16947  53.001  -48.963  37.350 0.0000000000
15429  46.793  -51.505  29.597 0.0000000000
16224  46.546  -50.826  29.716 0.0000000000
154828  45.971  -51.504  29.526 0.0000000000
17880  40.009  -48.118  29.097 0.0000000000
11906  51.280  -55.663  28.920 0.0000000000
10614  49.336  -58.862  26.145 0.0000000000
10613  50.227  -58.282  26.024 0.0000000000
9902  49.795  -58.698  25.400 0.0000000000
9927  49.416  -59.134  24.217 0.0000000000
9912  49.094  -59.768  24.262 0.0000000000
12583  44.288  -55.322  27.008 0.0000000000
13249  43.767  -54.106  28.240 0.0000000000
139524  43.565  -54.878  27.133 0.0000000000
13978  41.731  -53.475  27.104 0.0000000000
14704  41.130  -52.708  27.255 0.0000000000
15440  40.588  -51.235  28.229 0.0000000000
156460  51.850  -50.080  34.021 0.0000000000
143473  50.873  -50.354  33.396 0.0000000000
16187  50.993  -50.880  32.745 0.0000000000
15427  48.616  -51.761  29.854 0.0000000000
13945  49.001  -53.208  29.481 0.0000000000
146546  50.922  -55.423  28.560 0.0000000000
13230  50.609  -54.174  29.294 0.0000000000
12560  50.227  -55.440  28.400 0.0000000000
11943  47.770  -56.576  26.431 0.0000000000
12579  48.718  -55.892  27.697 0.0000000000
12580  47.556  -55.765  27.646 0.0000000000
13247  47.276  -54.722  28.824 0.0000000000
159223  46.536  -55.707  27.435 0.0000000000
12581  45.732  -55.432  27.538 0.0000000000
11944  45.707  -56.370  26.188 0.0000000000
11305  44.589  -57.867  23.855 0.0000000000
11285  45.053  -57.456  24.741 0.0000000000
147038  43.383  -57.934  23.319 0.0000000000
11986  43.021  -57.340  23.493 0.0000000000
10672  42.060  -58.286  23.433 0.0000000000
8024  40.586  -63.002  27.265 0.0000000000
9246  40.156  -60.753  26.129 0.0000000000
8632  40.949  -61.151  26.158 0.0000000000
159787  42.161  -60.819  25.672 0.0000000000
9259  42.365  -60.335  25.205 0.0000000000
9279  42.881  -59.938  24.501 0.0000000000
9913  41.658  -59.942  25.241 0.0000000000
10629  38.323  -58.840  25.539 0.0000000000
10653  39.929  -58.659  25.085 0.0000000000
10654  39.070  -58.343  25.205 0.0000000000
145346  39.749  -57.910  24.570 0.0000000000
138505  37.981  -57.262  24.957 0.0000000000
144191  48.137  -42.694  33.614 0.0000000000
21412  49.718  -43.356  33.983 0.0000000000
20482  49.910  -43.626  34.026 0.0000000000
19479  52.345  -46.107  35.922 0.0000000000
20425  51.179  -44.856  35.279 0.0000000000
19495  52.676  -46.508  35.740 0.0000000000
19502  51.965  -45.778  34.972 0.0000000000
18659  52.747  -47.157  35.426 0.0000000000
17810  52.939  -48.219  35.288 0.0000000000
18658  53.485  -47.670  35.682 0.0000000000
16126  55.596  -50.170  36.014 0.0000000000
17002  55.218  -50.068  35.483 0.0000000000
144652  55.388  -50.556  35.433 0.0000000000
15369  54.698  -51.586  33.821 0.0000000000
15353  54.962  -51.558  34.331 0.0000000000
13897  51.332  -53.195  33.069 0.0000000000
154580  53.156  -53.380  33.495 0.0000000000
13895  53.775  -53.266  33.343 0.0000000000
15432  42.989  -51.057  29.352 0.0000000000
16227  43.758  -50.279  29.495 0.0000000000
16228  42.874  -50.115  29.462 0.0000000000
17867  41.719  -48.252  30.346 0.0000000000
11959  42.886  -56.245  24.899 0.0000000000
12596  43.467  -55.310  26.518 0.0000000000
154749  52.916  -51.291  33.015 0.0000000000
16186  51.987  -51.344  32.536 0.0000000000
133373  52.170  -51.905  31.677 0.0000000000
14677  50.531  -52.678  29.776 0.0000000000
11941  49.988  -56.986  25.966 0.0000000000
11925  49.748  -56.491  26.889 0.0000000000
11942  48.935  -56.802  26.329 0.0000000000
11954  48.327  -57.029  25.866 0.0000000000
140951  47.394  -56.967  25.778 0.0000000000
11955  46.368  -56.915  25.657 0.0000000000
11304  45.603  -58.167  23.950 0.0000000000
134260  43.950  -58.952  23.379 0.0000000000
9915  38.506  -59.635  25.813 0.0000000000
134105  37.639  -59.375  25.828 0.0000000000
149849  53.281  -47.504  36.610 0.0000000000
17781  54.231  -48.202  36.176 0.0000000000
17756  53.858  -48.583  37.047 0.0000000000
156307  54.548  -49.846  36.783 0.0000000000
16109  54.613  -50.212  36.611 0.0000000000
16225  45.945  -50.317  29.918 0.0000000000
17065  44.909  -49.588  30.388 0.0000000000
16229  41.343  -50.022  29.123 0.0000000000
17078  41.852  -49.242  29.466 0.0000000000
17879  40.656  -48.343  29.443 0.0000000000
18719  40.336  -47.743  29.636 0.0000000000
13218  53.334  -53.685  30.841 0.0000000000
152743  52.277  -53.803  29.712 0.0000000000
13227  52.400  -54.286  29.794 0.0000000000
12559  51.094  -55.558  28.607 0.0000000000
12577  50.822  -55.989  27.931 0.0000000000
11254  50.704  -57.000  26.859 0.0000000000
11279  50.357  -57.320  25.979 0.0000000000
10627  49.731  -58.457  24.815 0.0000000000
9942  49.036  -59.150  23.813 0.0000000000
13959  45.120  -53.898  29.038 0.0000000000
14681  45.396  -52.219  29.464 0.0000000000
13960  44.320  -53.670  28.831 0.0000000000
13961  43.537  -53.322  28.728 0.0000000000
14692  43.078  -52.755  28.895 0.0000000000
13977  42.500  -53.701  27.671 0.0000000000
14703  41.953  -53.111  27.937 0.0000000000
15438  42.223  -51.770  29.014 0.0000000000
16238  40.492  -50.354  28.538 0.0000000000
16239  39.809  -50.152  28.098 0.0000000000
12630  38.903  -55.798  23.743 0.0000000000
17812  50.677  -48.332  34.749 0.0000000000
17007  50.028  -49.100  34.369 0.0000000000
17026  50.402  -49.834  33.810 0.0000000000
15428  47.733  -51.708  29.722 0.0000000000
13947  46.518  -53.280  29.433 0.0000000000
13231  49.617  -54.089  29.295 0.0000000000
12561  49.006  -55.390  28.376 0.0000000000
13232  48.581  -54.077  29.294 0.0000000000
13233  47.645  -54.112  29.283 0.0000000000
145364  46.811  -54.092  29.245 0.0000000000
13958  45.980  -54.015  29.192 0.0000000000
149111  45.555  -54.563  28.549 0.0000000000
12582  45.120  -55.412  27.267 0.0000000000
11956  45.455  -56.886  25.483 0.0000000000
11957  44.606  -56.755  25.366 0.0000000000
11958  43.740  -56.530  25.203 0.0000000000
11971  43.400  -56.923  24.253 0.0000000000
11987  42.167  -56.952  23.174 0.0000000000
11324  41.048  -57.060  23.050 0.0000000000
9289  47.824  -60.649  23.736 0.0000000000
8038  40.711  -62.058  26.705 0.0000000000
9277  44.907  -60.478  23.803 0.0000000000
9292  45.244  -60.071  23.442 0.0000000000
9293  44.323  -59.758  23.575 0.0000000000
153037  43.597  -59.356  23.587 0.0000000000
9948  42.459  -58.832  23.660 0.0000000000
9930  40.721  -59.068  24.971 0.0000000000
10651  41.563  -58.723  24.139 0.0000000000
11307  40.385  -57.386  23.691 0.0000000000
140695  39.019  -56.515  24.106 0.0000000000
11992  37.831  -55.624  24.045 0.0000000000
22379  48.522  -42.879  33.308 0.0000000000
23378  47.656  -42.591  32.904 0.0000000000
133386  49.111  -43.142  33.602 0.0000000000
20465  49.654  -44.565  34.024 0.0000000000
19504  49.685  -45.739  34.355 0.0000000000
18661  50.802  -46.925  34.680 0.0000000000
151524  50.220  -45.243  35.887 0.0000000000
20449  51.037  -44.431  34.733 0.0000000000
20463  51.317  -44.712  34.768 0.0000000000
149585  51.694  -46.357  34.834 0.0000000000
18660  51.469  -47.499  34.939 0.0000000000
17811  51.511  -48.593  34.841 0.0000000000
17005  51.840  -49.477  34.455 0.0000000000
16152  52.567  -50.165  34.185 0.0000000000
17793  54.828  -49.323  35.794 0.0000000000
17003  54.306  -49.814  35.213 0.0000000000
16169  53.350  -50.866  33.696 0.0000000000
15370  54.050  -51.652  33.121 0.0000000000
14638  54.086  -52.701  32.270 0.0000000000
14605  54.738  -52.186  34.077 0.0000000000
14637  54.355  -52.545  32.978 0.0000000000
13926  53.758  -53.204  31.579 0.0000000000
15430  45.133  -51.231  29.464 0.0000000000
16226  44.657  -50.423  29.549 0.0000000000
17066  43.718  -49.168  30.132 0.0000000000
17877  42.244  -48.744  29.843 0.0000000000
17866  42.453  -48.545  30.506 0.0000000000
8652  41.955  -61.214  26.066 0.0000000000
8665  47.351  -61.300  24.028 0.0000000000
8669  44.236  -60.863  24.776 0.0000000000
8675  46.711  -61.358  23.932 0.0000000000
9276  45.503  -60.852  23.860 0.0000000000
9290  46.919  -60.796  23.631 0.0000000000
9903  49.277  -59.372  25.032 0.0000000000
9911  49.661  -58.975  24.762 0.0000000000
9914  39.914  -59.478  25.501 0.0000000000
9928  49.062  -59.610  23.919 0.0000000000
9929  42.970  -59.417  23.833 0.0000000000
9943  48.741  -59.641  23.710 0.0000000000
9947  44.672  -59.348  23.419 0.0000000000
10612  50.435  -57.661  26.786 0.0000000000
10647  49.278  -58.627  24.293 0.0000000000
10671  42.681  -58.296  23.297 0.0000000000
11269  50.478  -57.195  26.354 0.0000000000
11280  50.145  -57.782  25.419 0.0000000000
11281  49.601  -57.912  24.941 0.0000000000
11282  48.365  -57.620  25.164 0.0000000000
11303  46.783  -58.224  24.241 0.0000000000
11306  43.780  -57.612  23.704 0.0000000000
11308  38.857  -57.608  24.837 0.0000000000
11321  44.846  -58.443  23.581 0.0000000000
11322  42.781  -57.789  23.250 0.0000000000
11323  42.150  -57.741  23.183 0.0000000000
11924  50.546  -56.915  26.571 0.0000000000
11927  47.306  -56.164  27.060 0.0000000000
11945  45.008  -56.370  25.954 0.0000000000
11952  50.121  -57.480  25.588 0.0000000000
11953  49.326  -57.315  25.628 0.0000000000
11973  39.420  -57.173  24.247 0.0000000000
11975  37.609  -56.398  24.512 0.0000000000
11991  38.380  -56.202  24.227 0.0000000000
12525  52.238  -54.816  29.875 0.0000000000
12544  51.844  -54.779  29.466 0.0000000000
12545  51.670  -55.296  29.454 0.0000000000
12558  51.415  -55.179  29.084 0.0000000000
12562  47.893  -55.320  28.316 0.0000000000
12563  46.909  -55.241  28.192 0.0000000000
12564  46.036  -55.151  28.095 0.0000000000
12578  49.985  -55.990  27.719 0.0000000000
12594  45.782  -55.860  26.918 0.0000000000
12597  42.606  -55.100  26.077 0.0000000000
12602  43.221  -55.795  25.738 0.0000000000
12627  41.518  -56.250  23.148 0.0000000000
13228  51.884  -54.264  29.485 0.0000000000
13242  51.523  -54.738  29.292 0.0000000000
13243  51.135  -54.943  29.009 0.0000000000
13244  50.363  -54.852  28.952 0.0000000000
13260  44.661  -54.988  27.634 0.0000000000
13261  42.314  -54.106  27.006 0.0000000000
13268  42.882  -54.693  26.795 0.0000000000
13882  54.226  -52.767  33.863 0.0000000000
13894  54.322  -52.909  33.061 0.0000000000
13896  52.276  -53.395  33.159 0.0000000000
13908  54.189  -53.024  32.349 0.0000000000
13935  52.875  -53.636  30.179 0.0000000000
13944  50.037  -53.278  29.502 0.0000000000
13949  44.845  -53.032  29.320 0.0000000000
13950  44.162  -52.951  29.206 0.0000000000
13962  42.740  -53.270  28.375 0.0000000000
14606  54.265  -52.410  34.471 0.0000000000
14656  53.108  -52.782  30.967 0.0000000000
14666  53.313  -53.200  30.874 0.0000000000
14676  51.418  -52.960  29.805 0.0000000000
14678  48.347  -52.396  29.613 0.0000000000
14679  47.268  -52.520  29.537 0.0000000000
14680  46.264  -52.334  29.510 0.0000000000
14683  43.718  -52.432  29.242 0.0000000000
14684  43.048  -52.025  29.236 0.0000000000
14693  42.425  -52.582  28.648 0.0000000000
15316  55.338  -50.531  36.099 0.0000000000
15386  54.274  -52.047  32.896 0.0000000000
15387  53.862  -52.320  32.252 0.0000000000
15431  43.989  -51.347  29.418 0.0000000000
15439  41.383  -51.542  28.630 0.0000000000
15451  40.801  -52.000  27.853 0.0000000000
16095  54.922  -49.545  36.680 0.0000000000
16108  55.279  -49.962  36.497 0.0000000000
16110  53.306  -50.271  36.581 0.0000000000
16151  53.785  -50.363  34.494 0.0000000000
16167  55.198  -51.099  34.587 0.0000000000
16168  54.503  -50.932  33.864 0.0000000000
16208  46.136  -50.030  30.666 0.0000000000
16237  41.163  -50.828  28.820 0.0000000000
16253  39.979  -50.802  27.781 0.0000000000
16932  53.511  -48.834  37.240 0.0000000000
16946  54.183  -49.165  37.014 0.0000000000
16965  55.249  -49.660  36.318 0.0000000000
16982  55.465  -49.820  35.911 0.0000000000
17008  49.135  -48.996  34.318 0.0000000000
17025  51.243  -49.955  33.935 0.0000000000
17055  44.590  -49.324  31.174 0.0000000000
17064  45.534  -49.877  30.282 0.0000000000
17067  43.013  -48.945  29.953 0.0000000000
17075  45.159  -49.978  29.813 0.0000000000
17076  44.326  -49.663  29.809 0.0000000000
17077  42.660  -49.344  29.639 0.0000000000
17079  40.912  -49.154  29.177 0.0000000000
17083  40.127  -49.489  28.586 0.0000000000
17755  54.635  -48.910  36.610 0.0000000000
17794  54.260  -48.326  35.914 0.0000000000
17809  53.845  -48.767  35.483 0.0000000000
17868  40.913  -47.809  30.169 0.0000000000
18595  53.386  -48.070  37.076 0.0000000000
18609  52.535  -47.851  37.329 0.0000000000
18638  53.685  -47.409  36.114 0.0000000000
18650  53.692  -47.478  35.946 0.0000000000
18712  40.216  -47.056  30.123 0.0000000000
18720  39.830  -47.393  29.398 0.0000000000
19454  53.178  -46.760  36.030 0.0000000000
19496  51.976  -45.819  35.278 0.0000000000
19500  53.063  -46.923  35.733 0.0000000000
19501  52.367  -46.390  35.430 0.0000000000
19503  51.544  -45.474  34.731 0.0000000000
20424  51.706  -45.273  35.154 0.0000000000
20447  51.649  -45.099  34.923 0.0000000000
20464  50.641  -44.325  34.417 0.0000000000
20483  49.360  -43.855  33.615 0.0000000000
21390  50.298  -43.893  34.470 0.0000000000
22360  48.487  -42.848  34.182 0.0000000000
22378  49.351  -43.025  33.761 0.0000000000
133394  44.042  -58.334  23.448 0.0000000000
134521  46.332  -59.326  23.443 0.0000000000
135493  41.382  -59.429  24.930 0.0000000000
135511  44.004  -54.701  27.663 0.0000000000
135969  52.020  -46.844  35.040 0.0000000000
136926  44.436  -60.455  24.070 0.0000000000
137352  53.988  -48.062  36.585 0.0000000000
137811  40.506  -56.688  23.268 0.0000000000
137896  43.156  -54.314  27.547 0.0000000000
138002  51.030  -52.384  30.076 0.0000000000
141151  50.638  -56.632  27.307 0.0000000000
141803  39.227  -59.786  25.770 0.0000000000
144166  44.302  -49.323  30.433 0.0000000000
144190  55.425  -51.092  34.975 0.0000000000
144522  45.275  -55.023  27.910 0.0000000000
144890  55.430  -50.636  35.608 0.0000000000
148110  45.525  -58.805  23.496 0.0000000000
148226  48.523  -60.514  24.107 0.0000000000
149251  48.889  -42.832  33.635 0.0000000000
149595  45.892  -50.871  29.572 0.0000000000
149795  53.807  -53.461  31.946 0.0000000000
150767  42.181  -49.880  29.381 0.0000000000
151769  43.171  -58.847  23.394 0.0000000000
151863  41.605  -60.588  25.666 0.0000000000
152291  50.382  -57.654  25.908 0.0000000000
154044  47.225  -53.478  29.423 0.0000000000
155699  38.187  -58.027  25.274 0.0000000000
155948  50.220  -57.775  27.367 0.0000000000
157208  52.248  -48.766  34.980 0.0000000000
158642  40.704  -49.753  28.868 0.0000000000
158892  46.315  -51.124  29.580 0.0000000000
160094  54.475  -52.464  33.521 0.0000000000
160115  41.638  -57.259  23.105 0.0000000000
