#!ascii label  , from subject sub-v2s12x28905_ses-1 vox2ras=TkReg
936
123091  -22.486  -2.054  -15.203 0.5555555820
58276  -23.186  -1.980  -15.858 0.6666666865
59396  -23.662  -1.545  -16.601 0.7777777910
59397  -24.564  -1.687  -17.014 0.7777777910
60466  -24.400  -0.241  -17.986 0.8888888955
61513  -26.548  0.170  -17.902 0.8888888955
58266  -22.140  -2.457  -14.612 0.5555555820
59395  -22.968  -1.266  -16.184 0.6666666865
60452  -23.269  -0.735  -16.735 0.8888888955
59406  -25.241  -1.389  -17.430 0.8888888955
60467  -25.201  -0.337  -18.270 0.8888888955
61524  -26.232  0.462  -18.740 1.0000000000
61525  -26.905  0.986  -18.140 0.8888888955
62588  -26.621  1.280  -18.972 1.0000000000
60439  -21.722  -0.505  -15.598 0.7777777910
61511  -22.873  0.745  -17.427 1.0000000000
62574  -22.599  1.474  -17.606 1.0000000000
61521  -23.856  0.861  -18.427 1.0000000000
62596  -24.710  1.610  -19.590 1.0000000000
62575  -23.232  1.122  -18.029 1.0000000000
62597  -25.498  1.550  -19.810 1.0000000000
62595  -23.906  1.906  -19.151 1.0000000000
63599  -26.953  2.485  -19.642 1.0000000000
63598  -25.758  2.197  -20.309 1.0000000000
144998  -26.377  2.459  -20.173 1.0000000000
127921  -27.350  3.276  -19.497 1.0000000000
64667  -27.202  3.969  -20.137 1.0000000000
65694  -27.617  4.749  -19.598 0.7777777910
63579  -21.794  2.698  -17.513 0.8888888955
62585  -22.907  1.830  -18.166 1.0000000000
63597  -25.015  2.089  -20.216 1.0000000000
63595  -23.476  2.630  -19.300 1.0000000000
63605  -24.495  2.807  -20.322 1.0000000000
63607  -26.105  2.841  -20.864 1.0000000000
64666  -26.668  3.566  -20.900 1.0000000000
65705  -26.977  4.253  -20.899 1.0000000000
65706  -27.263  4.880  -20.468 1.0000000000
136086  -27.650  5.686  -19.955 1.0000000000
66713  -28.175  6.022  -19.384 0.7777777910
67682  -28.516  6.611  -19.208 0.7777777910
64646  -22.191  3.910  -18.725 0.5555555820
65703  -23.329  4.380  -20.463 0.7777777910
64655  -23.282  3.699  -19.878 0.8888888955
64664  -24.724  3.307  -20.904 1.0000000000
63606  -25.308  2.673  -20.733 1.0000000000
65704  -24.207  4.041  -21.025 0.8888888955
64672  -24.915  3.825  -21.318 1.0000000000
65715  -25.582  4.134  -21.525 1.0000000000
66721  -26.819  4.915  -21.183 1.0000000000
66722  -27.256  5.659  -20.918 0.8888888955
67690  -27.544  6.443  -20.601 1.0000000000
68667  -28.624  7.991  -19.590 0.7777777910
68668  -29.107  7.954  -19.076 0.6666666865
69644  -29.063  8.484  -19.310 0.6666666865
66711  -21.316  5.819  -19.066 0.4444444478
65702  -22.461  5.076  -20.092 0.7777777910
66719  -22.332  5.657  -20.592 0.6666666865
135283  -24.129  5.290  -21.705 0.7777777910
65713  -23.753  4.826  -21.214 0.8888888955
120917  -25.408  4.924  -21.803 0.8888888955
126338  -26.134  4.881  -21.676 1.0000000000
66731  -25.726  5.599  -22.025 1.0000000000
66732  -26.517  5.814  -21.583 1.0000000000
67703  -27.101  6.388  -21.227 1.0000000000
68684  -27.322  7.214  -21.162 0.8888888955
68675  -27.741  7.863  -20.655 0.7777777910
68676  -28.201  8.360  -20.214 0.7777777910
69623  -29.465  8.429  -18.724 0.5555555820
132037  -28.286  9.032  -20.307 0.7777777910
70566  -29.249  9.217  -19.300 0.6666666865
67698  -22.190  6.597  -21.325 0.6666666865
67689  -21.978  6.180  -20.741 0.6666666865
67700  -24.016  6.046  -22.075 0.7777777910
67699  -23.008  6.375  -21.697 0.7777777910
144838  -24.703  6.156  -22.272 0.8888888955
66738  -25.292  6.269  -22.343 0.8888888955
67711  -24.640  6.791  -22.575 1.0000000000
67712  -25.572  7.067  -22.738 1.0000000000
67713  -26.286  7.317  -22.584 1.0000000000
67702  -26.628  6.852  -21.774 0.8888888955
69662  -27.120  8.581  -21.758 0.8888888955
69652  -27.668  8.702  -20.859 0.8888888955
70579  -27.313  9.419  -21.348 0.7777777910
70580  -27.974  9.602  -20.640 0.7777777910
70565  -28.676  9.677  -19.982 0.7777777910
137115  -29.186  10.019  -19.500 0.6666666865
67697  -21.696  6.769  -20.867 0.6666666865
67688  -21.593  6.342  -20.271 0.5555555820
67709  -22.484  7.112  -21.955 0.7777777910
67710  -23.539  6.938  -22.328 0.8888888955
68691  -25.088  7.555  -23.200 1.0000000000
69661  -26.791  8.412  -22.780 1.0000000000
68683  -26.854  7.784  -22.082 0.8888888955
71475  -27.577  10.295  -20.992 0.7777777910
72465  -27.771  11.117  -20.759 0.7777777910
72466  -28.390  11.355  -20.190 0.6666666865
72453  -28.993  11.276  -19.629 0.5555555820
72438  -29.394  11.299  -19.121 0.5555555820
68688  -21.987  7.779  -22.251 0.6666666865
68690  -24.162  7.590  -22.900 0.8888888955
68701  -25.347  8.110  -23.668 1.0000000000
69680  -25.841  8.482  -23.883 1.0000000000
71501  -26.373  9.726  -22.736 0.8888888955
70590  -26.758  9.176  -22.209 0.8888888955
127282  -26.203  10.696  -22.334 0.8888888955
125117  -27.253  10.941  -21.255 0.7777777910
132674  -27.286  11.794  -21.203 0.7777777910
126337  -27.820  11.828  -20.630 0.7777777910
128415  -28.745  11.994  -19.763 0.5555555820
73538  -26.716  12.186  -21.799 0.7777777910
73523  -28.161  12.269  -20.250 0.5555555820
73508  -28.498  12.844  -19.814 0.5555555820
73522  -27.526  12.622  -20.853 0.6666666865
70589  -21.648  8.402  -21.823 0.4444444478
69678  -23.128  8.526  -23.452 0.7777777910
121812  -25.028  8.715  -23.942 1.0000000000
68699  -23.741  8.178  -23.198 0.8888888955
70607  -25.712  9.015  -24.125 0.8888888955
137900  -25.748  10.184  -23.144 0.8888888955
139367  -26.131  9.300  -23.750 0.8888888955
72480  -26.718  11.236  -21.724 0.8888888955
73539  -27.083  12.563  -21.428 0.6666666865
135962  -27.945  13.103  -20.356 0.5555555820
71524  -22.208  10.568  -24.686 0.6666666865
70605  -22.109  9.195  -23.958 0.6666666865
129556  -23.122  10.511  -24.946 0.7777777910
71511  -24.623  10.090  -24.185 0.8888888955
71525  -24.004  10.607  -24.494 0.7777777910
72500  -24.455  11.038  -24.099 0.7777777910
71512  -25.057  10.599  -23.561 0.8888888955
73566  -24.298  12.029  -24.077 0.7777777910
72490  -25.522  11.174  -22.804 0.8888888955
73554  -25.467  12.159  -22.783 0.7777777910
73555  -26.255  12.670  -22.422 0.6666666865
74578  -25.051  13.503  -23.818 0.6666666865
122435  -26.306  13.682  -22.571 0.6666666865
74547  -26.743  13.037  -21.884 0.6666666865
139650  -26.015  14.472  -22.932 0.6666666865
75633  -26.609  14.619  -22.471 0.5555555820
75623  -27.022  13.917  -21.806 0.5555555820
74535  -27.502  13.606  -20.905 0.4444444478
76665  -27.287  14.916  -22.028 0.5555555820
74592  -19.950  12.875  -24.772 0.3333333433
73585  -20.519  12.200  -25.160 0.3333333433
72526  -22.324  11.599  -25.919 0.5555555820
71536  -22.784  11.283  -25.493 0.6666666865
74606  -22.234  12.845  -26.425 0.5555555820
72512  -23.106  11.611  -25.329 0.7777777910
73577  -23.621  12.323  -24.777 0.7777777910
133105  -23.461  13.177  -24.958 0.6666666865
74577  -24.236  13.096  -24.300 0.6666666865
75642  -25.158  14.285  -24.179 0.6666666865
75643  -25.631  14.788  -23.616 0.6666666865
76664  -26.875  15.481  -22.580 0.5555555820
137560  -27.180  16.160  -22.669 0.5555555820
76675  -26.132  15.240  -23.007 0.6666666865
74604  -20.244  13.203  -25.455 0.4444444478
73565  -19.927  12.995  -24.531 0.4444444478
73586  -21.182  12.542  -26.005 0.4444444478
134620  -20.740  13.899  -26.033 0.5555555820
73594  -21.727  12.758  -26.533 0.5555555820
73576  -22.877  12.589  -25.511 0.6666666865
74607  -22.887  13.782  -25.627 0.6666666865
137922  -24.603  13.895  -24.449 0.6666666865
76680  -25.208  15.126  -24.552 0.6666666865
76674  -25.749  15.676  -23.871 0.6666666865
77708  -26.478  16.176  -23.208 0.5555555820
75666  -20.291  14.889  -25.642 0.4444444478
75668  -22.921  14.757  -26.386 0.6666666865
75654  -23.584  14.469  -25.555 0.6666666865
74593  -23.826  13.901  -24.883 0.6666666865
60460  -23.843  -0.487  -17.476 0.8888888955
141390  -22.685  -0.183  -16.597 1.0000000000
61512  -23.675  0.323  -17.885 1.0000000000
61522  -24.558  0.346  -18.520 1.0000000000
125289  -21.539  5.963  -19.791 0.5555555820
68682  -21.858  7.249  -21.520 0.5555555820
138453  -21.669  8.820  -22.285 0.5555555820
68689  -23.014  7.758  -22.636 0.7777777910
121002  -21.747  8.768  -21.424 0.2222222239
74548  -27.162  13.142  -21.396 0.6666666865
72513  -23.799  11.389  -24.640 0.7777777910
75624  -27.515  14.512  -21.221 0.4444444478
75667  -22.276  14.076  -26.711 0.6666666865
76688  -22.015  15.236  -26.848 0.6666666865
67680  -21.322  6.392  -19.652 0.4444444478
68663  -21.345  6.952  -20.241 0.4444444478
77709  -27.187  16.824  -22.945 0.5555555820
134536  -27.712  16.528  -22.391 0.5555555820
74576  -19.477  13.837  -24.530 0.2222222239
132000  -19.912  14.124  -25.250 0.3333333433
57145  -23.556  -3.544  -14.749 0.5555555820
57155  -24.037  -3.248  -15.463 0.5555555820
137024  -23.772  -2.643  -15.822 0.6666666865
58277  -24.087  -2.265  -16.413 0.5555555820
58289  -24.963  -2.455  -16.633 0.5555555820
131265  -26.239  -0.660  -17.658 0.7777777910
61499  -26.885  -0.051  -17.003 0.8888888955
57144  -22.590  -3.182  -14.373 0.5555555820
59398  -25.446  -1.867  -16.971 0.6666666865
59407  -25.929  -1.343  -17.342 0.8888888955
61514  -27.224  0.701  -17.329 0.7777777910
62576  -27.522  1.495  -17.582 0.7777777910
62589  -27.275  1.755  -18.440 0.8888888955
58249  -21.002  -2.378  -13.352 0.4444444478
60429  -20.950  -0.802  -14.420 0.5555555820
63587  -27.511  2.629  -18.785 1.0000000000
60438  -21.063  -0.207  -14.935 0.2222222239
61496  -21.747  0.768  -16.357 0.6666666865
64647  -27.806  3.612  -18.733 0.8888888955
65681  -28.120  4.508  -18.756 0.6666666865
65695  -28.127  5.346  -19.153 0.7777777910
66704  -28.581  5.907  -18.765 0.6666666865
62562  -21.500  1.592  -16.516 0.5555555820
131504  -29.104  6.611  -18.503 0.6666666865
143980  -21.235  3.031  -17.034 0.4444444478
68653  -29.345  7.543  -18.582 0.5555555820
69624  -29.959  8.742  -18.092 0.5555555820
65678  -20.708  5.121  -17.615 0.2222222239
139768  -29.670  9.170  -18.620 0.5555555820
67679  -21.018  6.373  -18.874 0.4444444478
71447  -29.710  10.790  -18.704 0.5555555820
129256  -20.923  7.433  -19.272 0.3333333433
137042  -29.727  11.412  -18.601 0.5555555820
69650  -21.580  8.183  -20.942 0.4444444478
73495  -29.710  12.684  -18.491 0.4444444478
70575  -21.594  8.662  -20.604 0.3333333433
74528  -28.896  13.515  -19.430 0.5555555820
75617  -28.417  14.569  -20.264 0.4444444478
73575  -20.338  12.279  -24.295 0.3333333433
72511  -20.664  11.443  -24.574 0.3333333433
71533  -20.879  10.969  -24.619 0.4444444478
77690  -28.103  16.197  -21.781 0.4444444478
78727  -27.841  17.316  -22.614 0.2222222239
75641  -19.704  14.899  -24.323 0.3333333433
131650  -21.350  14.598  -26.463 0.6666666865
76679  -23.773  15.151  -25.993 0.6666666865
75655  -24.423  14.646  -24.983 0.6666666865
77717  -24.676  15.440  -25.511 0.6666666865
77718  -25.315  16.067  -24.993 0.6666666865
77719  -25.967  16.572  -24.159 0.6666666865
78738  -26.630  17.083  -23.622 0.6666666865
78739  -27.339  17.602  -23.251 0.4444444478
59372  -21.782  -1.735  -14.783 0.5555555820
58267  -23.124  -2.701  -15.131 0.5555555820
60453  -23.989  -1.131  -17.156 0.8888888955
60461  -24.701  -0.902  -17.619 0.8888888955
60468  -25.931  -0.316  -18.405 0.8888888955
58250  -21.690  -2.835  -13.912 0.4444444478
58265  -21.382  -2.088  -14.085 0.4444444478
59384  -21.444  -1.001  -14.921 0.6666666865
59385  -22.269  -1.338  -15.549 0.6666666865
60451  -22.474  -0.683  -16.154 0.8888888955
61498  -23.140  0.020  -17.147 0.8888888955
60462  -25.581  -0.900  -17.880 0.8888888955
61523  -25.483  0.338  -18.862 1.0000000000
62587  -25.904  0.960  -19.356 1.0000000000
138116  -27.030  1.926  -19.180 1.0000000000
61483  -21.380  0.327  -15.686 0.6666666865
61484  -22.041  0.011  -16.209 0.8888888955
62563  -22.209  1.160  -16.976 0.8888888955
61497  -22.468  0.432  -16.768 1.0000000000
62573  -21.960  1.911  -17.196 0.8888888955
140649  -22.384  2.094  -17.749 1.0000000000
122413  -24.397  1.104  -18.961 1.0000000000
62586  -23.565  1.520  -18.575 1.0000000000
135476  -25.195  0.953  -19.351 1.0000000000
62598  -26.330  1.795  -19.685 1.0000000000
63596  -24.217  2.340  -19.739 1.0000000000
64656  -26.811  3.057  -20.255 1.0000000000
141675  -27.589  4.041  -19.310 0.8888888955
63585  -22.519  2.538  -18.211 1.0000000000
63586  -23.183  2.253  -18.712 1.0000000000
63604  -23.752  3.031  -19.845 1.0000000000
63594  -22.769  3.092  -18.841 0.8888888955
64665  -25.480  3.310  -21.183 1.0000000000
140866  -26.106  3.521  -21.263 1.0000000000
65716  -26.445  4.169  -21.309 1.0000000000
67681  -27.997  6.538  -19.860 0.8888888955
68652  -28.843  7.329  -19.090 0.6666666865
64645  -21.526  4.098  -18.105 0.5555555820
64634  -21.164  3.580  -17.364 0.5555555820
65680  -21.726  4.508  -18.655 0.6666666865
64635  -22.014  3.316  -18.142 0.7777777910
65693  -22.800  4.316  -19.799 0.7777777910
140345  -23.193  3.237  -19.439 0.8888888955
64663  -23.945  3.516  -20.429 1.0000000000
65714  -24.673  4.611  -21.578 0.8888888955
130500  -27.846  7.169  -20.344 0.8888888955
136282  -28.344  7.228  -19.697 0.7777777910
69643  -28.702  8.802  -19.787 0.6666666865
66712  -21.782  5.407  -19.574 0.5555555820
133341  -20.833  5.925  -18.349 0.3333333433
66703  -20.992  5.443  -18.249 0.3333333433
65691  -21.515  5.115  -18.859 0.4444444478
65692  -22.177  4.602  -19.293 0.6666666865
66728  -22.589  5.932  -21.117 0.6666666865
66729  -23.387  5.603  -21.454 0.7777777910
66730  -24.855  5.523  -22.033 0.8888888955
67701  -26.019  6.439  -22.297 1.0000000000
137204  -27.358  8.015  -21.324 0.7777777910
70545  -29.617  9.954  -18.825 0.5555555820
68693  -26.575  7.925  -22.992 1.0000000000
71476  -28.244  10.444  -20.420 0.7777777910
71460  -28.818  10.578  -19.836 0.6666666865
68662  -21.079  6.914  -19.445 0.4444444478
68692  -25.964  7.798  -23.335 1.0000000000
70597  -26.584  8.962  -23.306 0.8888888955
71488  -26.785  10.199  -21.685 0.7777777910
137284  -29.150  11.795  -19.376 0.5555555820
134495  -29.481  11.948  -18.818 0.5555555820
69660  -21.667  7.861  -21.725 0.5555555820
143398  -23.071  8.247  -23.008 0.6666666865
68700  -24.627  8.117  -23.523 0.8888888955
69681  -26.251  8.839  -23.893 1.0000000000
72491  -26.197  11.695  -22.299 0.8888888955
69669  -21.750  8.490  -22.498 0.5555555820
68698  -22.285  8.379  -22.971 0.5555555820
69679  -24.049  8.651  -23.763 1.0000000000
69688  -24.168  9.253  -24.122 0.7777777910
69687  -23.158  9.073  -24.044 0.7777777910
133373  -25.388  9.631  -23.932 0.8888888955
70606  -24.878  9.395  -24.064 0.7777777910
74536  -28.350  13.734  -20.093 0.5555555820
71523  -21.203  10.471  -24.330 0.5555555820
70614  -21.679  9.809  -24.183 0.5555555820
71534  -21.712  11.180  -24.894 0.4444444478
70615  -22.656  9.768  -24.408 0.6666666865
70616  -23.489  9.723  -24.411 0.7777777910
69676  -21.816  8.904  -23.328 0.7777777910
70604  -21.571  9.522  -23.682 0.6666666865
129250  -23.349  10.842  -24.937 0.7777777910
123397  -23.950  10.020  -24.432 0.7777777910
72501  -24.894  11.618  -23.380 0.7777777910
73567  -24.885  12.606  -23.488 0.6666666865
74561  -25.541  13.131  -22.977 0.6666666865
75632  -25.605  13.976  -23.318 0.6666666865
76653  -28.014  15.002  -20.728 0.4444444478
77699  -27.541  15.747  -22.200 0.5555555820
72524  -21.069  11.453  -25.217 0.4444444478
133621  -21.373  11.937  -25.786 0.5555555820
73588  -22.422  11.852  -25.935 0.6666666865
74623  -21.661  13.473  -26.646 0.5555555820
133477  -21.372  7.600  -20.400 0.4444444478
70596  -21.542  9.237  -23.047 0.3333333433
132672  -21.165  7.524  -19.787 0.4444444478
77700  -28.371  16.974  -22.091 0.3333333433
57126  -22.092  -3.559  -13.659 0.5555555820
59371  -21.115  -1.390  -14.253 0.4444444478
122229  -28.564  5.189  -18.522 0.6666666865
65679  -21.232  4.816  -18.158 0.3333333433
65665  -20.823  4.471  -17.457 0.3333333433
65664  -20.333  5.036  -16.917 0.1111111119
66687  -20.462  5.735  -17.505 0.1111111119
69636  -21.033  7.921  -19.577 0.3333333433
69637  -21.308  8.144  -20.130 0.3333333433
71510  -21.331  10.042  -23.664 0.3333333433
78746  -26.230  17.349  -24.458 0.6666666865
79739  -26.806  17.883  -23.966 0.4444444478
58251  -26.891  -2.977  -14.016 0.4444444478
58243  -27.895  -2.484  -12.728 0.2222222239
57146  -24.513  -3.770  -14.954 0.4444444478
55988  -25.109  -4.319  -14.517 0.4444444478
57156  -24.992  -3.380  -15.566 0.4444444478
129266  -26.593  -2.702  -14.891 0.4444444478
59373  -26.880  -1.958  -15.129 0.4444444478
122529  -27.708  -1.610  -14.044 0.2222222239
58278  -25.422  -2.925  -16.088 0.4444444478
58280  -26.374  -2.554  -15.733 0.4444444478
60430  -28.495  -0.251  -14.185 0.1111111119
141228  -28.960  -0.369  -13.158 0.1111111119
59386  -26.662  -1.714  -16.020 0.4444444478
59375  -27.798  -0.864  -14.607 0.3333333433
58290  -25.921  -2.411  -16.427 0.4444444478
59387  -27.218  -1.226  -15.274 0.3333333433
60441  -27.549  -0.495  -15.436 0.3333333433
60440  -27.103  -0.925  -15.922 0.4444444478
59399  -26.157  -1.688  -16.723 0.4444444478
61486  -28.399  0.677  -15.361 0.2222222239
137353  -28.932  1.180  -14.972 0.1111111119
63538  -29.899  2.283  -14.961 0.1111111119
61485  -27.825  0.219  -15.751 0.3333333433
61501  -28.127  0.913  -16.093 0.3333333433
62577  -28.134  1.942  -17.078 0.6666666865
63571  -29.139  2.814  -16.430 0.4444444478
63580  -27.799  2.336  -17.809 0.6666666865
65652  -29.667  4.214  -16.786 0.3333333433
63588  -28.099  3.187  -18.031 0.6666666865
136360  -29.155  4.201  -17.300 0.5555555820
65668  -28.770  4.590  -17.942 0.5555555820
65669  -29.445  4.867  -17.371 0.5555555820
66674  -30.062  4.972  -16.778 0.4444444478
66695  -29.754  5.688  -17.323 0.3333333433
64648  -28.328  3.934  -18.202 0.5555555820
68629  -29.637  7.057  -17.947 0.4444444478
67653  -29.530  6.289  -17.840 0.4444444478
69606  -29.781  7.923  -18.026 0.4444444478
76690  -24.036  15.796  -26.609 0.5555555820
137675  -24.803  16.061  -25.974 0.5555555820
77727  -25.125  16.617  -25.956 0.5555555820
78745  -25.623  16.947  -25.044 0.5555555820
78750  -26.001  17.490  -25.239 0.5555555820
138655  -26.502  -3.760  -14.131 0.4444444478
58252  -27.504  -2.308  -13.576 0.2222222239
62565  -28.379  1.640  -16.374 0.4444444478
63554  -28.919  2.141  -15.986 0.3333333433
62564  -27.807  1.201  -16.809 0.4444444478
124511  -28.540  2.819  -17.213 0.6666666865
64637  -29.164  3.556  -16.880 0.4444444478
67654  -29.989  6.552  -17.319 0.3333333433
68630  -30.146  7.434  -17.410 0.4444444478
70546  -30.102  9.521  -18.158 0.4444444478
77726  -24.375  16.550  -27.050 0.5555555820
127340  -24.526  -2.858  -16.032 0.4444444478
64603  -29.835  3.443  -16.166 0.2222222239
55972  -25.810  -4.979  -14.092 0.4444444478
55973  -26.495  -4.359  -13.787 0.4444444478
57115  -26.993  -4.242  -13.111 0.4444444478
144345  -27.689  -3.030  -12.621 0.2222222239
57117  -28.060  -3.130  -12.209 0.2222222239
58244  -28.509  -2.477  -12.131 0.1111111119
57128  -24.062  -4.233  -14.376 0.4444444478
55971  -24.648  -4.829  -13.909 0.4444444478
59357  -28.050  -1.758  -13.241 0.1111111119
60413  -29.632  0.394  -13.155 0.1111111119
143122  -29.187  0.955  -14.372 0.1111111119
62537  -30.236  1.882  -14.215 0.1111111119
63539  -30.635  2.595  -14.646 0.1111111119
63556  -30.264  2.983  -15.378 0.1111111119
64604  -30.613  3.683  -15.675 0.2222222239
64622  -30.336  4.249  -16.277 0.2222222239
66675  -30.442  5.901  -16.631 0.2222222239
68612  -30.531  6.955  -16.743 0.2222222239
125801  -30.512  9.084  -17.574 0.4444444478
71433  -31.181  10.324  -17.010 0.3333333433
71448  -30.163  10.325  -18.175 0.4444444478
71432  -30.674  10.759  -17.533 0.3333333433
73509  -29.116  12.582  -19.230 0.4444444478
76687  -20.813  15.947  -26.142 0.4444444478
76689  -22.872  15.678  -27.149 0.5555555820
77725  -22.773  16.898  -27.277 0.5555555820
78749  -25.535  17.189  -25.995 0.5555555820
79755  -26.153  17.911  -26.048 0.5555555820
123001  -26.614  -0.922  -16.670 0.5555555820
66694  -29.134  5.583  -18.048 0.5555555820
72439  -30.164  11.158  -18.104 0.4444444478
134581  -27.756  15.398  -21.455 0.3333333433
61500  -27.525  0.464  -16.513 0.3333333433
60454  -27.273  -0.273  -16.204 0.3333333433
57148  -26.271  -3.483  -14.735 0.4444444478
57130  -27.380  -2.983  -13.123 0.3333333433
58268  -27.142  -2.157  -14.372 0.4444444478
59330  -28.381  -1.941  -12.603 0.1111111119
57147  -25.485  -3.762  -14.994 0.4444444478
55989  -26.017  -4.225  -14.522 0.4444444478
57157  -25.976  -3.218  -15.540 0.4444444478
58279  -25.984  -2.873  -16.021 0.4444444478
59374  -27.341  -1.538  -14.669 0.4444444478
59358  -28.304  -1.048  -13.721 0.1111111119
61473  -29.098  0.405  -13.876 0.1111111119
60442  -28.141  -0.051  -15.007 0.2222222239
61472  -28.679  0.487  -14.627 0.2222222239
62551  -28.641  1.419  -15.664 0.2222222239
62535  -29.272  1.864  -15.326 0.1111111119
62536  -29.534  1.561  -14.601 0.1111111119
63555  -29.576  2.598  -15.714 0.1111111119
63570  -28.607  2.281  -16.605 0.4444444478
64636  -28.676  3.735  -17.571 0.5555555820
69607  -30.329  8.283  -17.501 0.4444444478
57129  -26.947  -3.643  -13.447 0.4444444478
139399  -22.981  17.736  -27.140 0.5555555820
54909  -26.638  -5.135  -13.276 0.4444444478
57116  -27.490  -3.629  -12.646 0.2222222239
55970  -23.583  -4.584  -13.653 0.4444444478
60390  -28.593  -1.274  -12.808 0.1111111119
59331  -28.916  -1.793  -12.158 0.1111111119
49761  -27.819  -10.471  -9.558 0.1111111119
51847  -24.984  -8.146  -11.180 0.3333333433
50877  -26.948  -9.608  -11.407 0.2222222239
50869  -27.187  -10.160  -10.784 0.2222222239
50857  -28.359  -10.113  -9.605 0.1111111119
50870  -27.858  -9.802  -10.430 0.1111111119
53916  -23.428  -6.498  -11.546 0.3333333433
52871  -23.395  -7.506  -10.646 0.3333333433
52872  -24.199  -7.755  -10.826 0.3333333433
52887  -25.503  -7.746  -11.839 0.3333333433
52888  -26.357  -8.152  -12.183 0.3333333433
52889  -27.121  -8.418  -12.264 0.2222222239
51849  -27.408  -9.331  -11.195 0.2222222239
51840  -28.194  -8.804  -10.733 0.1111111119
51850  -27.790  -8.429  -11.741 0.2222222239
55940  -21.457  -4.785  -11.817 0.2222222239
54880  -22.982  -5.877  -11.897 0.2222222239
53915  -22.513  -6.231  -11.267 0.2222222239
52886  -24.661  -7.386  -11.484 0.3333333433
55957  -21.989  -4.537  -12.605 0.2222222239
54893  -22.469  -5.244  -12.275 0.3333333433
55958  -23.055  -4.900  -12.938 0.3333333433
54894  -23.502  -5.554  -12.552 0.3333333433
54895  -24.475  -5.840  -12.745 0.3333333433
54881  -23.884  -6.154  -12.153 0.3333333433
53932  -26.327  -6.745  -12.871 0.3333333433
54896  -25.396  -6.290  -12.796 0.3333333433
53933  -27.309  -6.853  -12.745 0.3333333433
54897  -26.832  -6.044  -12.871 0.3333333433
142096  -28.377  -7.274  -12.307 0.1111111119
53934  -28.172  -6.874  -12.504 0.2222222239
57114  -21.663  -3.784  -12.851 0.2222222239
55969  -22.567  -4.247  -13.320 0.3333333433
54908  -25.260  -5.530  -13.472 0.3333333433
141642  -25.994  -5.543  -13.764 0.3333333433
133907  -26.114  -5.984  -13.396 0.3333333433
54898  -27.810  -6.008  -12.563 0.3333333433
57113  -20.889  -3.266  -12.311 0.3333333433
57127  -23.090  -3.893  -14.016 0.3333333433
55960  -27.411  -4.525  -12.593 0.3333333433
121710  -30.657  7.821  -16.849 0.2222222239
70518  -31.075  9.468  -16.985 0.2222222239
69594  -30.871  8.646  -16.930 0.2222222239
123434  -30.010  11.945  -18.198 0.3333333433
51848  -25.852  -8.554  -11.533 0.3333333433
53918  -25.190  -6.912  -12.148 0.3333333433
142413  -25.734  -6.820  -12.614 0.3333333433
52903  -26.820  -7.591  -12.594 0.3333333433
128554  -27.766  -7.628  -12.401 0.3333333433
128190  -27.287  -5.304  -12.660 0.3333333433
49760  -27.161  -10.710  -9.824 0.1111111119
52859  -22.986  -7.870  -10.242 0.3333333433
51836  -23.676  -8.166  -10.312 0.3333333433
50866  -24.766  -9.232  -10.295 0.3333333433
50867  -25.620  -9.780  -10.338 0.3333333433
50868  -26.622  -10.096  -10.699 0.3333333433
49749  -28.456  -10.290  -9.006 0.1111111119
50858  -29.169  -9.628  -9.181 0.1111111119
53898  -22.973  -6.897  -10.979 0.3333333433
51828  -28.631  -9.229  -9.899 0.1111111119
54879  -21.983  -5.535  -11.548 0.2222222239
51841  -28.947  -8.283  -10.185 0.1111111119
52890  -28.510  -7.603  -11.997 0.1111111119
124414  -28.568  -6.349  -12.391 0.1111111119
55956  -21.098  -4.013  -12.071 0.2222222239
54899  -28.610  -5.664  -12.272 0.1111111119
125859  -27.948  -5.010  -12.264 0.1111111119
55961  -28.148  -4.033  -11.972 0.1111111119
58242  -20.710  -2.563  -12.523 0.1111111119
74519  -30.219  13.482  -18.289 0.2222222239
73496  -30.426  12.746  -17.884 0.2222222239
59356  -20.792  -1.700  -13.577 0.2222222239
57125  -21.312  -3.097  -13.120 0.2222222239
72425  -31.211  11.079  -17.079 0.2222222239
50842  -29.021  -10.089  -8.993 0.1111111119
50856  -27.506  -10.483  -10.151 0.1111111119
51837  -24.469  -8.517  -10.541 0.3333333433
51838  -25.313  -8.911  -10.828 0.3333333433
51839  -26.238  -9.306  -11.100 0.3333333433
52885  -23.848  -7.103  -11.177 0.3333333433
135606  -26.724  -8.928  -11.834 0.3333333433
52902  -25.994  -7.374  -12.479 0.3333333433
142535  -27.152  -9.043  -11.836 0.2222222239
53917  -24.293  -6.709  -11.771 0.3333333433
52873  -28.644  -7.939  -11.111 0.1111111119
55959  -24.091  -5.245  -13.261 0.3333333433
53931  -24.656  -6.359  -12.304 0.3333333433
53919  -28.876  -6.908  -12.190 0.1111111119
49747  -26.569  -10.772  -8.972 0.1111111119
49770  -26.923  -10.638  -10.321 0.2222222239
51826  -23.007  -8.434  -9.825 0.2222222239
51827  -23.915  -9.010  -9.905 0.3333333433
53897  -22.098  -6.591  -10.608 0.2222222239
70519  -31.840  9.962  -16.341 0.1111111119
69595  -31.590  8.969  -16.352 0.1111111119
71420  -33.537  10.543  -15.901 0.1111111119
121022  -32.678  10.042  -15.859 0.1111111119
72411  -32.991  11.279  -16.307 0.1111111119
72412  -34.122  11.389  -16.462 0.1111111119
73483  -30.833  11.855  -17.435 0.1111111119
72427  -33.476  12.080  -16.674 0.1111111119
134550  -31.601  11.635  -16.909 0.1111111119
72426  -32.436  11.884  -16.681 0.1111111119
123870  -29.334  14.110  -19.157 0.2222222239
73484  -31.861  12.423  -17.056 0.1111111119
76634  -29.125  15.143  -19.839 0.1111111119
76645  -28.654  15.243  -20.334 0.2222222239
76654  -28.473  15.903  -20.899 0.1111111119
76636  -29.892  15.548  -19.524 0.1111111119
76635  -29.396  15.896  -20.264 0.1111111119
77691  -28.760  16.775  -21.360 0.1111111119
77715  -21.156  17.516  -25.729 0.4444444478
76698  -22.178  16.521  -27.147 0.4444444478
78717  -29.097  17.479  -21.794 0.1111111119
78748  -24.690  16.971  -26.994 0.4444444478
79750  -26.998  18.646  -24.344 0.3333333433
79740  -27.508  18.423  -23.528 0.2222222239
79729  -28.027  18.105  -22.857 0.1111111119
78728  -28.588  17.728  -22.368 0.1111111119
79730  -28.747  18.390  -22.643 0.1111111119
78756  -24.011  17.487  -27.477 0.4444444478
125735  -25.152  18.253  -27.603 0.4444444478
79765  -25.284  17.578  -27.072 0.4444444478
79766  -25.820  18.209  -26.928 0.4444444478
80722  -26.602  18.748  -25.319 0.4444444478
80723  -27.150  19.429  -24.687 0.2222222239
80712  -27.651  19.275  -23.836 0.2222222239
80724  -27.755  20.038  -24.248 0.2222222239
80713  -28.403  19.770  -23.664 0.2222222239
84593  -27.615  23.455  -27.268 0.1111111119
83588  -28.185  22.289  -26.056 0.1111111119
81663  -29.521  20.820  -24.290 0.1111111119
77716  -21.569  17.913  -25.421 0.4444444478
78744  -21.905  18.370  -25.677 0.4444444478
120677  -21.781  17.841  -26.299 0.4444444478
78755  -23.194  18.111  -27.126 0.3333333433
80751  -25.705  18.761  -27.335 0.4444444478
129401  -26.251  18.755  -26.396 0.4444444478
80739  -26.732  19.629  -25.720 0.4444444478
81699  -25.285  19.236  -27.846 0.3333333433
81682  -26.582  20.214  -26.476 0.3333333433
82598  -26.964  21.052  -26.313 0.1111111119
81683  -27.143  20.602  -25.549 0.1111111119
82599  -27.734  21.573  -25.425 0.1111111119
81661  -27.763  20.818  -24.699 0.1111111119
82600  -28.749  22.056  -25.297 0.1111111119
80749  -23.953  18.621  -27.798 0.3333333433
119224  -26.141  19.414  -26.907 0.4444444478
81708  -26.028  20.488  -27.922 0.2222222239
81700  -26.009  19.879  -27.560 0.2222222239
82619  -27.346  21.834  -26.519 0.1111111119
82635  -25.195  20.555  -28.684 0.1111111119
82636  -26.149  21.241  -28.083 0.1111111119
83597  -26.854  22.015  -27.397 0.1111111119
79754  -22.564  18.597  -26.212 0.3333333433
80748  -23.098  18.910  -26.772 0.3333333433
80737  -23.034  19.691  -25.512 0.3333333433
80738  -23.392  19.500  -26.807 0.3333333433
80750  -24.825  18.794  -27.881 0.3333333433
80756  -24.298  19.269  -28.263 0.2222222239
81707  -24.926  19.796  -28.460 0.2222222239
126101  -26.224  22.016  -28.329 0.1111111119
83610  -26.934  22.890  -27.619 0.1111111119
84608  -26.518  23.953  -28.715 0.1111111119
80704  -22.782  20.286  -22.643 0.1111111119
81642  -23.289  20.476  -23.524 0.1111111119
81680  -23.345  20.464  -25.409 0.2222222239
81681  -23.621  20.576  -26.303 0.2222222239
81698  -23.560  19.672  -27.822 0.3333333433
131282  -23.437  20.170  -28.254 0.2222222239
82634  -23.504  20.432  -28.950 0.1111111119
83609  -22.998  21.121  -29.190 0.1111111119
125553  -23.523  20.922  -29.588 0.1111111119
83623  -23.631  21.449  -30.410 0.1111111119
82647  -25.275  21.223  -28.887 0.1111111119
83624  -25.113  22.032  -29.331 0.1111111119
136480  -24.598  22.554  -30.254 0.1111111119
128815  -26.334  22.992  -28.527 0.1111111119
84610  -28.078  23.946  -27.436 0.1111111119
81647  -24.136  20.970  -23.694 0.1111111119
81660  -23.575  20.885  -24.476 0.1111111119
82583  -24.349  21.478  -24.711 0.1111111119
82597  -24.977  21.906  -25.472 0.1111111119
82617  -24.218  21.907  -26.329 0.1111111119
125487  -23.624  20.817  -26.939 0.2222222239
82616  -23.481  21.176  -27.762 0.1111111119
84607  -23.487  22.091  -28.228 0.1111111119
83622  -22.797  21.498  -30.062 0.1111111119
84622  -22.548  22.641  -29.750 0.1111111119
123693  -24.870  21.542  -23.764 0.1111111119
82573  -25.266  21.649  -22.837 0.1111111119
83569  -25.419  22.062  -23.693 0.1111111119
142774  -25.404  22.275  -25.250 0.1111111119
138874  -25.270  22.455  -25.820 0.1111111119
84578  -25.419  23.175  -26.224 0.1111111119
84591  -24.746  23.547  -27.291 0.1111111119
83570  -25.865  22.363  -23.179 0.1111111119
83561  -26.368  22.647  -22.657 0.1111111119
83582  -25.757  22.681  -24.046 0.1111111119
69596  -32.397  9.305  -15.827 0.1111111119
71419  -32.533  10.565  -16.175 0.1111111119
137335  -34.588  10.554  -16.341 0.1111111119
131442  -30.924  13.509  -17.833 0.1111111119
74520  -31.319  12.986  -17.462 0.1111111119
75598  -31.009  14.225  -18.188 0.1111111119
120191  -29.200  16.567  -20.756 0.1111111119
77724  -21.543  17.242  -26.672 0.4444444478
79749  -26.445  18.022  -24.863 0.4444444478
79741  -28.380  18.940  -23.178 0.1111111119
78729  -29.462  18.167  -22.258 0.1111111119
81662  -28.506  20.490  -24.185 0.2222222239
83590  -29.830  22.264  -25.555 0.1111111119
83598  -27.646  22.770  -26.802 0.1111111119
140449  -23.705  21.122  -25.282 0.2222222239
83596  -24.381  22.457  -26.844 0.1111111119
128959  -23.664  23.485  -28.618 0.1111111119
84579  -25.983  23.565  -25.429 0.1111111119
123798  -26.407  23.113  -23.422 0.1111111119
71422  -35.386  10.006  -17.202 0.1111111119
71421  -35.119  9.874  -16.497 0.1111111119
145054  -28.730  14.858  -20.039 0.2222222239
127307  -20.856  17.062  -26.122 0.4444444478
79764  -24.080  18.062  -27.659 0.4444444478
82572  -24.587  21.102  -23.022 0.1111111119
137095  -24.538  21.380  -21.194 0.1111111119
83560  -25.976  22.099  -22.287 0.1111111119
82584  -25.306  22.048  -24.604 0.1111111119
83587  -25.762  22.715  -25.061 0.1111111119
68613  -31.329  8.110  -16.359 0.1111111119
69581  -32.199  8.331  -15.741 0.1111111119
70520  -34.358  9.852  -15.822 0.1111111119
70547  -35.568  9.230  -18.439 0.1111111119
70522  -35.443  9.127  -16.926 0.1111111119
72429  -35.285  10.907  -17.510 0.1111111119
140522  -34.249  12.144  -16.876 0.1111111119
73487  -34.715  12.523  -17.460 0.1111111119
73485  -32.892  12.687  -17.023 0.1111111119
75599  -31.940  14.868  -18.076 0.1111111119
122062  -31.718  13.929  -17.665 0.1111111119
74511  -32.312  13.296  -17.349 0.1111111119
75608  -30.992  15.086  -18.587 0.1111111119
124576  -30.800  15.723  -19.198 0.1111111119
77683  -30.944  16.787  -20.358 0.1111111119
135148  -21.676  16.308  -26.841 0.4444444478
127611  -29.979  16.735  -20.483 0.1111111119
77692  -29.543  17.228  -21.052 0.1111111119
143822  -29.596  19.391  -23.005 0.1111111119
78730  -30.471  18.242  -22.162 0.1111111119
81650  -30.965  20.148  -23.855 0.1111111119
82587  -30.233  21.224  -24.614 0.1111111119
78737  -21.738  18.663  -24.575 0.2222222239
79748  -21.886  19.025  -24.971 0.2222222239
139275  -22.654  19.147  -25.501 0.2222222239
79727  -22.433  19.825  -23.002 0.1111111119
142615  -29.673  23.503  -27.050 0.1111111119
123044  -29.141  23.968  -27.544 0.1111111119
79721  -22.882  20.384  -22.260 0.1111111119
144694  -23.753  20.697  -21.814 0.1111111119
82566  -24.459  21.115  -22.029 0.1111111119
85586  -28.118  24.358  -28.114 0.1111111119
82556  -25.052  21.713  -20.815 0.1111111119
84621  -22.591  23.709  -30.177 0.1111111119
84642  -24.056  23.848  -31.411 0.1111111119
139029  -25.315  24.978  -30.144 0.1111111119
139656  -26.088  25.068  -29.525 0.1111111119
120195  -25.212  21.671  -21.747 0.1111111119
85584  -24.560  24.597  -27.903 0.1111111119
84567  -26.241  23.344  -24.455 0.1111111119
71418  -31.898  10.968  -16.558 0.1111111119
72413  -34.873  11.004  -16.842 0.1111111119
73486  -33.878  12.776  -17.090 0.1111111119
75607  -29.534  14.829  -19.266 0.1111111119
77675  -30.414  16.196  -19.899 0.1111111119
78718  -29.973  17.774  -21.611 0.1111111119
79731  -29.347  18.936  -22.747 0.1111111119
123065  -30.070  18.687  -22.497 0.1111111119
122026  -27.305  20.129  -24.928 0.2222222239
81648  -29.228  20.141  -23.683 0.1111111119
84594  -28.384  23.518  -26.942 0.1111111119
84609  -27.201  23.823  -27.912 0.1111111119
83589  -29.024  22.483  -25.905 0.1111111119
83599  -28.688  22.889  -26.427 0.1111111119
83600  -29.575  22.797  -26.268 0.1111111119
81664  -30.525  20.707  -24.279 0.1111111119
81649  -30.068  20.307  -23.757 0.1111111119
82585  -28.561  21.333  -24.694 0.2222222239
125394  -26.451  20.612  -27.033 0.2222222239
82618  -26.628  21.244  -27.155 0.1111111119
80721  -22.251  19.618  -24.563 0.1111111119
81706  -23.833  19.799  -28.690 0.2222222239
81713  -24.001  20.238  -29.034 0.1111111119
138973  -24.322  20.663  -29.295 0.1111111119
125776  -24.210  20.957  -29.753 0.1111111119
84623  -25.517  23.645  -29.375 0.1111111119
80711  -22.509  19.921  -23.536 0.1111111119
81659  -23.054  20.243  -24.400 0.1111111119
120396  -23.805  20.613  -22.670 0.1111111119
82596  -24.021  21.493  -25.777 0.1111111119
131694  -22.711  21.861  -29.316 0.1111111119
83635  -23.017  22.101  -30.818 0.1111111119
83633  -22.821  23.257  -30.976 0.1111111119
83636  -23.775  22.585  -31.064 0.1111111119
136550  -25.654  22.987  -25.602 0.1111111119
69582  -33.131  8.792  -15.468 0.1111111119
144418  -35.177  10.466  -16.874 0.1111111119
75597  -30.045  14.406  -18.625 0.1111111119
137300  -29.123  19.509  -23.236 0.1111111119
82586  -29.539  21.632  -24.863 0.1111111119
82620  -30.857  22.050  -25.636 0.1111111119
85595  -22.857  24.680  -29.529 0.1111111119
71434  -35.472  10.121  -17.953 0.1111111119
77676  -31.383  16.279  -19.663 0.1111111119
142846  -30.416  19.958  -23.521 0.1111111119
119771  -30.450  21.678  -25.085 0.1111111119
84596  -30.012  23.207  -26.719 0.1111111119
129084  -22.101  19.410  -23.415 0.1111111119
136182  -23.141  20.389  -21.978 0.1111111119
86566  -22.912  25.786  -31.388 0.1111111119
84633  -24.714  24.086  -30.706 0.1111111119
85575  -25.258  24.877  -27.225 0.1111111119
50854  -24.626  -9.960  -9.729 0.2222222239
63569  -20.485  2.906  -15.946 0.2222222239
64620  -20.719  3.320  -16.583 0.2222222239
63578  -21.212  2.501  -16.677 0.4444444478
77722  -20.360  16.298  -25.316 0.3333333433
77704  -19.836  16.234  -24.098 0.2222222239
76673  -23.093  16.173  -23.697 0.1111111119
77707  -22.655  16.982  -24.019 0.1111111119
71499  -20.945  10.441  -23.993 0.2222222239
71484  -21.669  9.141  -22.442 0.1111111119
62550  -21.132  1.202  -15.837 0.2222222239
71500  -21.463  9.720  -23.359 0.1111111119
73550  -20.824  13.023  -23.842 0.1111111119
74559  -21.881  13.568  -23.436 0.1111111119
76661  -22.191  15.290  -23.511 0.1111111119
76686  -20.065  15.775  -25.008 0.2222222239
132540  -20.708  14.080  -23.817 0.1111111119
59370  -20.732  -1.136  -13.928 0.2222222239
61482  -20.900  0.675  -15.242 0.2222222239
67666  -20.619  6.257  -18.047 0.2222222239
75628  -20.534  14.946  -23.751 0.1111111119
67645  -20.318  6.020  -17.373 0.1111111119
68625  -19.891  7.513  -17.400 0.3333333433
77714  -20.676  17.070  -25.159 0.3333333433
77706  -20.955  17.275  -25.317 0.1111111119
62549  -20.747  1.672  -15.534 0.2222222239
76660  -21.034  15.494  -23.695 0.1111111119
77705  -20.185  16.570  -24.585 0.1111111119
76672  -22.743  15.994  -23.853 0.1111111119
76671  -21.468  16.153  -23.868 0.1111111119
75629  -21.797  14.511  -23.502 0.1111111119
75630  -22.767  14.649  -22.821 0.1111111119
123721  -23.025  15.405  -23.197 0.1111111119
50853  -23.748  -9.807  -9.483 0.1111111119
49758  -25.516  -10.917  -9.515 0.1111111119
50840  -22.300  -9.490  -8.798 0.1111111119
50852  -23.017  -9.235  -9.400 0.1111111119
52869  -21.582  -7.130  -9.981 0.1111111119
52870  -22.566  -7.312  -10.405 0.1111111119
59355  -20.646  -1.549  -13.217 0.1111111119
64619  -20.312  3.667  -16.078 0.1111111119
62561  -20.824  2.064  -15.981 0.1111111119
70559  -20.942  9.873  -19.146 0.2222222239
71456  -21.525  10.891  -19.530 0.2222222239
49756  -23.959  -10.796  -9.356 0.1111111119
49757  -24.699  -11.024  -9.428 0.1111111119
137585  -25.398  -10.487  -9.782 0.1111111119
50839  -21.333  -8.889  -8.606 0.1111111119
51825  -22.049  -8.563  -9.314 0.1111111119
121842  -21.527  -7.822  -9.542 0.1111111119
53896  -21.130  -6.293  -10.233 0.1111111119
59328  -20.629  -1.724  -12.619 0.1111111119
60412  -20.613  -0.377  -13.249 0.1111111119
62534  -20.367  1.771  -14.307 0.1111111119
131476  -20.432  3.104  -15.746 0.1111111119
70558  -20.585  9.479  -18.517 0.2222222239
72450  -21.631  11.373  -19.824 0.2222222239
123849  -22.401  10.387  -20.941 0.1111111119
50855  -26.202  -10.589  -10.091 0.1111111119
49744  -23.475  -11.512  -9.139 0.1111111119
71470  -21.575  11.405  -20.099 0.2222222239
70540  -20.289  9.297  -18.111 0.2222222239
64633  -20.450  4.156  -16.641 0.1111111119
54878  -21.029  -5.088  -11.030 0.1111111119
55939  -20.651  -4.212  -11.178 0.1111111119
59329  -20.604  -1.914  -12.816 0.1111111119
54862  -21.566  -5.854  -10.840 0.1111111119
52858  -22.308  -7.844  -9.872 0.1111111119
63568  -20.554  2.523  -15.622 0.1111111119
60428  -20.824  -0.466  -14.415 0.1111111119
50841  -23.232  -10.228  -9.120 0.1111111119
60387  -20.873  -0.568  -12.499 0.1111111119
134124  -21.093  9.936  -18.801 0.1111111119
53883  -20.838  -6.674  -9.694 0.1111111119
60364  -21.224  -0.824  -11.838 0.1111111119
61452  -20.568  0.555  -13.528 0.1111111119
71471  -21.929  11.471  -19.988 0.1111111119
139911  -21.058  11.518  -23.628 0.1111111119
69617  -19.983  8.717  -17.689 0.1111111119
72476  -22.498  10.655  -22.138 0.1111111119
128712  -20.140  12.101  -24.403 0.1111111119
54882  -29.197  -6.190  -12.173 0.1111111119
64654  -22.732  3.797  -19.334 0.8888888955
66718  -21.883  5.787  -20.195 0.6666666865
66720  -22.949  5.240  -20.827 0.8888888955
68644  -20.825  6.840  -18.802 0.3333333433
68674  -21.559  7.395  -20.968 0.4444444478
69618  -20.133  8.980  -18.216 0.2222222239
69670  -26.420  8.392  -23.446 0.8888888955
69677  -22.404  8.795  -23.591 0.7777777910
70530  -20.120  8.906  -17.646 0.1111111119
70533  -30.625  9.890  -17.584 0.3333333433
70534  -35.505  9.477  -17.747 0.1111111119
71443  -20.892  9.885  -18.828 0.2222222239
71457  -21.786  11.303  -19.648 0.2222222239
71461  -29.315  10.654  -19.322 0.5555555820
71522  -20.857  10.669  -24.159 0.4444444478
71535  -22.533  11.267  -25.417 0.6666666865
72499  -20.609  11.382  -24.288 0.3333333433
72525  -21.914  11.520  -25.889 0.5555555820
73587  -21.980  12.019  -26.334 0.5555555820
74518  -29.478  13.467  -18.796 0.2222222239
74605  -21.134  13.140  -26.314 0.4444444478
75606  -28.842  14.412  -19.676 0.2222222239
75616  -27.876  14.197  -20.578 0.4444444478
75653  -19.815  14.860  -24.661 0.3333333433
76659  -19.736  15.863  -23.938 0.1111111119
76678  -19.757  15.819  -23.995 0.2222222239
77696  -20.215  16.247  -23.791 0.1111111119
77713  -20.138  16.506  -24.516 0.2222222239
77723  -20.559  16.690  -25.473 0.3333333433
83621  -22.675  22.233  -30.345 0.1111111119
83634  -22.785  22.714  -30.759 0.1111111119
83643  -22.960  22.758  -31.095 0.1111111119
83644  -23.392  23.000  -31.223 0.1111111119
84595  -29.291  23.354  -26.789 0.1111111119
84631  -22.785  24.323  -30.931 0.1111111119
84632  -22.681  23.688  -30.606 0.1111111119
84640  -23.053  23.904  -31.304 0.1111111119
84641  -23.632  24.025  -31.444 0.1111111119
84648  -23.338  24.757  -31.454 0.1111111119
85605  -22.776  25.351  -31.076 0.1111111119
85606  -22.694  24.892  -30.614 0.1111111119
85618  -22.923  24.991  -31.275 0.1111111119
85619  -23.032  25.120  -31.424 0.1111111119
85620  -23.735  25.128  -31.519 0.1111111119
86553  -22.821  25.943  -31.085 0.1111111119
86567  -22.952  26.091  -31.371 0.1111111119
86577  -23.031  25.620  -31.494 0.1111111119
122990  -29.885  19.764  -23.288 0.1111111119
124909  -19.820  13.801  -24.459 0.3333333433
136108  -31.146  21.544  -25.231 0.1111111119
137180  -30.226  15.192  -18.939 0.1111111119
137610  -33.370  9.630  -15.624 0.1111111119
138855  -35.522  9.696  -18.226 0.1111111119
142081  -27.892  13.661  -20.478 0.5555555820
142674  -24.928  0.621  -19.001 1.0000000000
143529  -28.143  7.726  -20.088 0.8888888955
144867  -21.241  10.059  -24.031 0.5555555820
145034  -23.894  19.056  -28.026 0.3333333433
