#!ascii label  , from subject sub-v2s12x28905_ses-1 vox2ras=TkReg
950
12892  -43.740  -50.328  -13.570 0.5000000000
13582  -41.771  -49.863  -12.944 0.8000000119
14311  -40.361  -48.244  -11.979 0.8000000119
14315  -41.616  -48.506  -12.498 0.8000000119
13579  -42.065  -49.155  -12.805 0.8000000119
12209  -44.564  -51.354  -14.049 0.5000000000
13583  -42.649  -49.819  -13.226 0.5000000000
13580  -42.779  -49.056  -12.881 0.6000000238
130295  -40.419  -45.863  -11.498 0.6999999881
15067  -40.612  -47.360  -11.835 0.6999999881
14316  -42.433  -48.420  -12.611 0.8000000119
14317  -43.389  -48.445  -12.736 0.6999999881
12214  -45.250  -52.247  -14.357 0.6000000238
12893  -45.021  -50.551  -13.722 0.5000000000
13585  -44.390  -49.588  -13.376 0.6000000238
16622  -37.921  -45.078  -11.074 0.6999999881
13584  -43.465  -49.345  -13.171 0.6000000238
14322  -44.923  -48.906  -13.103 0.6000000238
137655  -38.813  -44.881  -11.326 0.6999999881
130009  -39.439  -45.730  -11.428 0.6999999881
15068  -41.440  -47.046  -11.958 0.6999999881
14321  -44.064  -48.897  -13.067 0.6000000238
14318  -44.387  -48.228  -12.770 0.6000000238
15071  -41.954  -47.722  -12.362 0.8000000119
15072  -42.861  -47.611  -12.422 0.8000000119
15073  -43.835  -47.476  -12.512 0.6999999881
12210  -45.786  -51.679  -14.223 0.4000000060
17387  -39.012  -43.974  -10.797 0.6999999881
14319  -45.438  -48.175  -12.830 0.6000000238
18207  -39.796  -43.697  -11.034 0.6999999881
16625  -39.875  -44.779  -11.431 0.6999999881
15845  -41.271  -46.145  -11.611 0.6999999881
15846  -41.945  -46.371  -11.811 0.6999999881
15848  -42.348  -46.911  -12.126 0.6000000238
15850  -44.385  -46.459  -12.351 0.6999999881
17402  -45.376  -44.956  -12.176 0.5000000000
16627  -41.885  -45.606  -11.609 0.6000000238
16628  -42.694  -45.951  -11.850 0.6000000238
16634  -43.637  -45.775  -12.058 0.6000000238
16635  -44.454  -45.426  -12.181 0.6000000238
16629  -43.882  -45.042  -11.950 0.6000000238
17398  -45.079  -44.088  -11.862 0.5000000000
12895  -47.597  -51.530  -13.879 0.4000000060
12894  -46.519  -50.871  -13.847 0.5000000000
17375  -39.211  -44.017  -8.880 0.6999999881
142632  -46.589  -49.699  -13.447 0.6000000238
14323  -46.093  -48.871  -13.189 0.6000000238
122322  -39.955  -43.971  -11.280 0.6999999881
140372  -45.876  -47.486  -12.699 0.6000000238
128745  -41.272  -44.157  -11.418 0.6999999881
15851  -45.697  -46.614  -12.521 0.5000000000
16636  -46.100  -45.707  -12.353 0.6000000238
17395  -42.133  -44.177  -11.477 0.6999999881
17396  -42.944  -44.296  -11.593 0.6000000238
17399  -45.980  -44.283  -11.924 0.5000000000
17400  -46.726  -44.541  -11.694 0.5000000000
130366  -44.245  -43.860  -11.700 0.5000000000
17368  -38.596  -44.463  -6.322 0.6000000238
18174  -39.116  -43.949  -6.049 0.6000000238
12213  -48.573  -51.012  -13.305 0.5000000000
136615  -48.796  -49.788  -13.094 0.5000000000
18178  -39.500  -43.825  -7.487 0.6999999881
141735  -38.906  -44.342  -7.994 0.6999999881
13587  -47.597  -50.272  -13.552 0.5000000000
14324  -47.509  -48.969  -13.215 0.5000000000
143200  -47.858  -48.310  -12.673 0.4000000060
17382  -38.964  -44.035  -9.830 0.6999999881
14320  -47.531  -47.982  -12.745 0.5000000000
18197  -40.540  -43.378  -10.668 0.6999999881
18198  -41.360  -43.087  -10.939 0.6999999881
15853  -47.374  -46.770  -12.159 0.5000000000
18209  -41.674  -43.441  -11.244 0.6999999881
18210  -42.597  -43.513  -11.355 0.6000000238
16637  -46.846  -45.710  -12.178 0.5000000000
18211  -43.449  -43.678  -11.502 0.6000000238
16632  -46.915  -45.198  -11.837 0.5000000000
135756  -43.889  -42.837  -10.595 0.5000000000
135410  -44.596  -43.094  -11.018 0.5000000000
18202  -45.348  -43.219  -11.054 0.5000000000
18214  -46.457  -43.884  -11.470 0.5000000000
121637  -46.088  -43.436  -11.154 0.5000000000
18204  -47.683  -43.760  -10.424 0.3000000119
14308  -47.869  -49.006  -10.866 0.3000000119
17357  -38.426  -43.688  -4.756 0.6000000238
18170  -39.037  -43.549  -5.284 0.6000000238
13574  -48.147  -49.075  -11.986 0.4000000060
144411  -47.619  -48.163  -10.643 0.4000000060
18179  -40.055  -43.328  -7.561 0.6000000238
133915  -47.614  -47.182  -11.948 0.5000000000
18187  -39.740  -43.647  -9.247 0.6999999881
18188  -40.472  -43.317  -9.642 0.6999999881
16633  -47.150  -45.849  -11.874 0.5000000000
18986  -41.947  -42.773  -10.422 0.5000000000
17401  -47.133  -44.980  -11.276 0.5000000000
18199  -42.213  -42.960  -11.079 0.5000000000
17389  -47.624  -44.322  -10.554 0.4000000060
17388  -47.112  -44.125  -11.178 0.3000000119
18206  -49.133  -43.202  -9.857 0.4000000060
18989  -45.989  -43.205  -10.420 0.5000000000
18191  -47.983  -43.396  -10.013 0.4000000060
18922  -38.590  -42.323  -4.221 0.6000000238
18932  -38.954  -43.001  -4.609 0.6000000238
18933  -39.548  -42.821  -5.310 0.6000000238
18941  -39.836  -43.042  -6.082 0.6000000238
18942  -40.308  -42.790  -6.733 0.6000000238
15840  -47.260  -46.524  -10.222 0.3000000119
15847  -47.341  -46.509  -11.507 0.4000000060
18183  -40.409  -43.236  -8.546 0.6000000238
15835  -47.508  -45.940  -9.375 0.3000000119
18972  -41.082  -42.909  -9.121 0.6000000238
18189  -41.202  -42.994  -10.107 0.6999999881
17377  -49.080  -44.322  -9.157 0.3000000119
16623  -47.297  -45.448  -10.255 0.3000000119
18973  -41.747  -42.665  -9.487 0.6000000238
17384  -49.876  -43.737  -9.194 0.3000000119
17376  -48.494  -44.160  -9.964 0.3000000119
129864  -42.794  -42.435  -9.001 0.5000000000
18974  -42.473  -42.581  -9.642 0.5000000000
18975  -43.386  -42.553  -9.535 0.5000000000
130960  -50.587  -42.640  -9.714 0.3000000119
17383  -49.198  -43.615  -9.742 0.3000000119
18976  -44.393  -42.676  -9.664 0.5000000000
18977  -45.312  -42.907  -9.565 0.5000000000
139373  -49.011  -42.998  -9.867 0.3000000119
138393  -44.834  -42.685  -8.901 0.5000000000
18979  -47.781  -43.250  -9.595 0.4000000060
18980  -48.514  -43.045  -9.682 0.3000000119
19670  -38.153  -41.670  -3.972 0.5000000000
19677  -38.896  -41.571  -4.253 0.6000000238
19688  -39.999  -41.906  -5.298 0.5000000000
18949  -40.685  -42.771  -7.697 0.6000000238
18943  -40.961  -42.196  -7.094 0.5000000000
18184  -51.473  -43.309  -9.169 0.3000000119
18950  -41.340  -42.372  -7.847 0.6000000238
18195  -52.802  -42.437  -9.941 0.3000000119
18194  -51.607  -42.630  -9.808 0.3000000119
140487  -42.661  -42.301  -8.429 0.6000000238
18964  -44.103  -42.500  -8.737 0.5000000000
18944  -45.852  -42.651  -7.651 0.5000000000
120024  -47.087  -43.211  -8.944 0.4000000060
18955  -47.485  -42.615  -7.545 0.4000000060
20434  -39.239  -40.829  -4.315 0.5000000000
19678  -39.516  -41.482  -4.626 0.5000000000
19679  -40.132  -40.899  -4.864 0.5000000000
19689  -40.770  -41.354  -5.736 0.5000000000
18180  -52.996  -43.269  -8.310 0.3000000119
18185  -52.991  -42.944  -9.221 0.3000000119
19710  -41.635  -41.819  -7.323 0.6000000238
18951  -42.094  -42.148  -8.047 0.6000000238
18952  -42.983  -42.058  -7.790 0.5000000000
121078  -44.859  -42.522  -7.956 0.5000000000
18967  -48.800  -42.664  -8.899 0.4000000060
19716  -48.636  -41.819  -7.289 0.4000000060
20435  -39.676  -40.030  -4.348 0.5000000000
20436  -40.574  -39.976  -4.823 0.5000000000
20442  -40.997  -40.584  -5.482 0.5000000000
17370  -52.841  -43.160  -7.485 0.4000000060
18958  -53.510  -42.280  -7.893 0.4000000060
19690  -41.470  -40.960  -6.139 0.5000000000
125603  -41.895  -41.232  -6.811 0.5000000000
18959  -53.952  -42.175  -8.844 0.4000000060
18971  -54.307  -41.424  -9.954 0.3000000119
20456  -42.168  -40.581  -6.319 0.4000000060
130189  -53.433  -41.524  -10.228 0.3000000119
19700  -42.603  -41.131  -6.792 0.5000000000
19712  -43.656  -41.839  -7.238 0.4000000060
19713  -44.456  -42.112  -7.195 0.4000000060
19715  -47.837  -42.064  -7.025 0.4000000060
21254  -39.188  -39.213  -4.124 0.5000000000
21255  -40.111  -39.166  -4.348 0.5000000000
21256  -41.043  -39.161  -4.806 0.5000000000
138260  -52.721  -42.307  -6.995 0.4000000060
138210  -41.631  -40.402  -5.844 0.5000000000
125403  -41.376  -39.894  -5.374 0.4000000060
19720  -53.464  -41.203  -7.713 0.4000000060
20472  -53.985  -40.131  -8.578 0.4000000060
20443  -42.075  -39.957  -5.782 0.4000000060
20457  -42.941  -40.588  -6.359 0.4000000060
20474  -54.104  -40.353  -9.320 0.4000000060
135418  -43.459  -41.226  -6.677 0.4000000060
20458  -44.285  -41.112  -6.288 0.4000000060
19702  -44.850  -41.709  -6.596 0.4000000060
18945  -46.216  -42.299  -6.896 0.4000000060
125176  -46.043  -41.197  -6.220 0.4000000060
19706  -48.094  -41.194  -6.804 0.4000000060
20469  -49.806  -40.706  -7.447 0.4000000060
20468  -48.908  -40.928  -7.064 0.4000000060
127839  -38.727  -38.512  -4.174 0.5000000000
22002  -39.608  -38.350  -4.128 0.4000000060
121763  -52.007  -41.744  -6.544 0.4000000060
19709  -52.685  -41.057  -7.024 0.4000000060
22003  -40.574  -38.337  -4.410 0.5000000000
22004  -41.675  -38.318  -4.825 0.4000000060
20444  -43.353  -40.090  -5.841 0.4000000060
21286  -53.631  -39.301  -8.315 0.4000000060
20445  -44.334  -40.305  -5.738 0.4000000060
19705  -47.301  -41.451  -6.620 0.4000000060
22802  -39.188  -37.605  -4.140 0.4000000060
129308  -40.068  -37.562  -4.147 0.5000000000
22804  -40.993  -37.518  -4.441 0.4000000060
20463  -51.900  -39.989  -6.479 0.4000000060
22013  -42.587  -38.733  -5.262 0.4000000060
22014  -43.401  -38.400  -5.265 0.4000000060
141212  -43.139  -38.996  -5.412 0.4000000060
21263  -43.796  -39.317  -5.472 0.4000000060
143435  -44.640  -39.600  -5.502 0.4000000060
20459  -45.221  -41.016  -6.018 0.4000000060
20460  -46.085  -40.488  -5.930 0.4000000060
21282  -49.210  -39.900  -7.026 0.4000000060
20461  -47.518  -40.571  -6.521 0.4000000060
141129  -48.299  -40.271  -6.716 0.4000000060
22803  -39.735  -36.931  -4.193 0.4000000060
128549  -40.449  -36.826  -4.283 0.4000000060
22805  -41.938  -37.283  -4.666 0.4000000060
22806  -42.827  -36.866  -4.838 0.4000000060
120898  -44.151  -38.419  -5.309 0.4000000060
21264  -44.538  -38.990  -5.399 0.4000000060
143598  -50.184  -39.926  -7.428 0.4000000060
22016  -45.572  -38.342  -5.579 0.4000000060
21274  -46.693  -39.030  -6.016 0.4000000060
22017  -46.368  -38.278  -5.895 0.4000000060
21275  -47.445  -39.110  -6.413 0.4000000060
20462  -47.703  -39.816  -6.513 0.4000000060
23629  -40.018  -36.159  -4.381 0.4000000060
24536  -41.391  -35.854  -4.644 0.4000000060
23644  -42.785  -36.046  -4.977 0.4000000060
23645  -43.563  -36.593  -5.163 0.4000000060
22818  -43.489  -37.499  -5.089 0.4000000060
23646  -44.291  -36.359  -5.540 0.4000000060
129801  -44.363  -37.424  -5.308 0.4000000060
126613  -45.164  -37.703  -5.521 0.4000000060
22820  -45.832  -37.586  -5.788 0.4000000060
21277  -49.167  -38.972  -6.962 0.3000000119
22029  -47.873  -38.368  -6.654 0.4000000060
21276  -48.338  -39.248  -6.678 0.4000000060
136528  -39.927  -35.568  -4.774 0.4000000060
24535  -40.626  -35.606  -4.692 0.4000000060
24553  -40.368  -35.172  -5.215 0.4000000060
24537  -42.064  -35.694  -4.881 0.4000000060
24555  -43.436  -35.858  -5.463 0.4000000060
22819  -45.207  -36.870  -5.687 0.4000000060
22829  -45.995  -36.973  -6.099 0.4000000060
131115  -51.015  -38.436  -7.472 0.4000000060
21283  -50.010  -39.157  -7.299 0.3000000119
22830  -46.661  -37.464  -6.375 0.4000000060
22030  -48.701  -38.292  -6.894 0.5000000000
22831  -47.494  -37.606  -6.750 0.5000000000
143827  -39.683  -35.280  -5.873 0.4000000060
25487  -41.066  -34.970  -5.644 0.4000000060
137932  -41.419  -35.266  -5.064 0.4000000060
119532  -41.854  -35.080  -5.852 0.4000000060
139668  -43.057  -35.502  -5.718 0.4000000060
23661  -46.409  -36.680  -6.729 0.4000000060
22832  -48.177  -37.712  -6.961 0.5000000000
24571  -39.401  -35.491  -6.865 0.4000000060
24573  -41.226  -35.030  -6.727 0.4000000060
24592  -42.057  -35.225  -7.145 0.4000000060
23662  -47.152  -36.903  -7.034 0.4000000060
22843  -47.925  -37.133  -7.340 0.5000000000
24590  -39.096  -35.445  -7.182 0.4000000060
138796  -40.375  -35.085  -7.583 0.4000000060
24591  -41.387  -35.469  -7.990 0.4000000060
23674  -47.543  -36.563  -7.783 0.5000000000
27461  -39.233  -33.043  -7.206 0.4000000060
25509  -38.620  -35.173  -7.602 0.4000000060
26479  -39.714  -34.005  -7.634 0.4000000060
25510  -39.648  -35.078  -7.444 0.4000000060
25511  -40.458  -34.983  -8.213 0.4000000060
25522  -41.043  -35.107  -8.929 0.5000000000
26478  -39.065  -34.099  -7.385 0.4000000060
122730  -45.578  -42.861  -8.593 0.5000000000
18954  -46.696  -42.675  -7.478 0.5000000000
18956  -48.343  -42.495  -7.743 0.4000000060
12208  -43.563  -51.327  -13.804 0.5000000000
141298  -40.498  -49.044  -12.253 0.8000000119
14310  -39.595  -48.204  -11.527 0.8000000119
15065  -39.049  -47.365  -11.238 0.6999999881
11525  -45.601  -53.487  -14.535 0.5000000000
16624  -38.471  -45.742  -11.292 0.6999999881
11526  -46.514  -54.274  -14.984 0.5000000000
17385  -37.507  -45.063  -10.458 0.6999999881
127752  -47.215  -52.437  -14.189 0.4000000060
12215  -46.269  -52.951  -14.486 0.4000000060
17381  -38.276  -44.477  -9.597 0.6999999881
18177  -39.138  -44.192  -6.916 0.6999999881
12212  -47.798  -51.751  -13.610 0.4000000060
12204  -48.337  -51.349  -13.240 0.4000000060
17356  -37.883  -44.369  -4.938 0.6000000238
13566  -48.146  -49.970  -10.994 0.4000000060
18915  -37.842  -42.402  -3.858 0.6000000238
19669  -37.323  -41.718  -3.722 0.5000000000
124819  -37.901  -40.383  -4.167 0.5000000000
127588  -38.805  -40.117  -4.132 0.5000000000
21253  -38.287  -39.491  -4.235 0.4000000060
22800  -37.710  -37.917  -4.812 0.4000000060
22816  -37.128  -37.846  -5.895 0.4000000060
22801  -38.567  -37.293  -4.495 0.4000000060
23643  -37.914  -36.841  -5.858 0.4000000060
24551  -38.664  -36.207  -5.340 0.4000000060
128156  -39.009  -35.690  -6.115 0.4000000060
24570  -38.709  -35.877  -7.107 0.4000000060
24589  -38.354  -35.801  -7.509 0.4000000060
27460  -38.533  -33.146  -7.169 0.4000000060
13578  -41.217  -49.262  -12.563 0.8000000119
15066  -39.815  -47.423  -11.566 0.6999999881
16626  -41.012  -45.104  -11.483 0.6999999881
15074  -44.892  -47.419  -12.575 0.6999999881
15849  -43.274  -46.697  -12.231 0.6999999881
15078  -46.653  -48.052  -12.926 0.6000000238
128014  -45.186  -45.821  -12.350 0.6000000238
18182  -39.638  -43.716  -8.283 0.6999999881
139168  -47.133  -46.339  -12.231 0.5000000000
18175  -39.644  -43.516  -6.668 0.6000000238
13581  -48.960  -50.200  -13.090 0.5000000000
133807  -48.263  -48.980  -12.890 0.5000000000
15064  -47.408  -47.330  -11.007 0.3000000119
18978  -46.239  -43.185  -9.279 0.5000000000
19698  -40.604  -42.074  -6.211 0.6000000238
18953  -43.893  -42.267  -7.874 0.5000000000
18965  -46.418  -42.995  -8.300 0.5000000000
18946  -47.029  -42.225  -6.870 0.4000000060
19714  -45.330  -42.291  -7.029 0.4000000060
19717  -49.436  -41.561  -7.573 0.4000000060
131823  -46.747  -40.876  -6.316 0.4000000060
20446  -45.270  -40.078  -5.619 0.4000000060
23627  -38.831  -36.610  -4.636 0.4000000060
22028  -47.111  -38.311  -6.362 0.4000000060
24604  -41.172  -35.587  -8.687 0.4000000060
6948  -29.526  -61.355  -13.194 0.4000000060
6965  -29.866  -61.325  -13.437 0.4000000060
7494  -31.240  -60.188  -13.226 0.4000000060
6968  -32.049  -60.409  -13.199 0.4000000060
122053  -30.464  -59.758  -12.282 0.4000000060
7486  -30.945  -59.463  -12.762 0.4000000060
8039  -32.164  -58.714  -12.803 0.4000000060
8590  -32.451  -57.892  -12.424 0.4000000060
8592  -34.207  -58.465  -12.138 0.5000000000
8024  -31.034  -58.176  -11.701 0.4000000060
8589  -31.666  -57.955  -12.259 0.4000000060
8579  -32.733  -57.082  -11.946 0.5000000000
8580  -33.636  -57.211  -11.975 0.5000000000
9693  -34.220  -55.706  -11.369 0.6000000238
8564  -31.226  -57.414  -10.555 0.4000000060
8577  -30.970  -57.836  -10.969 0.4000000060
9121  -32.928  -56.049  -11.140 0.4000000060
9135  -34.972  -57.169  -11.418 0.5000000000
12216  -46.455  -53.512  -14.499 0.3000000119
11519  -47.336  -52.603  -13.755 0.4000000060
12881  -47.852  -51.065  -11.627 0.3000000119
134743  -43.668  -54.999  -13.888 0.5000000000
10287  -46.248  -55.310  -15.095 0.4000000060
9104  -33.056  -56.389  -8.933 0.4000000060
9133  -33.262  -56.229  -11.512 0.5000000000
9692  -33.705  -55.652  -11.347 0.5000000000
9103  -32.160  -56.649  -9.134 0.4000000060
9120  -32.296  -56.677  -10.816 0.4000000060
9122  -35.613  -56.599  -10.955 0.6000000238
9694  -37.452  -55.703  -11.029 0.6000000238
10272  -38.589  -54.894  -11.812 0.6999999881
125215  -43.534  -53.439  -14.140 0.5000000000
9695  -38.343  -56.069  -11.540 0.6999999881
10277  -39.882  -55.028  -12.501 0.6999999881
10899  -42.988  -53.902  -13.814 0.6999999881
10273  -39.354  -55.346  -12.240 0.6999999881
127890  -40.635  -54.599  -12.767 0.6999999881
9691  -33.545  -55.565  -11.162 0.5000000000
9684  -34.756  -55.030  -10.844 0.6000000238
10881  -37.039  -53.590  -11.170 0.6000000238
9675  -33.490  -55.762  -9.919 0.4000000060
10261  -34.481  -54.251  -10.415 0.5000000000
136577  -34.527  -54.283  -10.446 0.6000000238
10264  -36.873  -54.712  -10.792 0.6000000238
122522  -37.870  -53.907  -11.614 0.6000000238
10889  -38.481  -53.669  -11.911 0.6000000238
124893  -48.011  -50.705  -11.139 0.3000000119
10271  -37.687  -54.749  -11.295 0.6000000238
10276  -39.142  -54.329  -12.241 0.6999999881
11522  -42.844  -52.860  -13.775 0.6000000238
11523  -44.373  -52.285  -14.279 0.5000000000
10862  -34.695  -53.445  -8.633 0.6000000238
10863  -34.911  -52.891  -9.348 0.6000000238
10871  -34.931  -52.930  -10.249 0.6999999881
10879  -35.275  -53.138  -10.618 0.6000000238
10880  -36.146  -52.949  -10.908 0.6000000238
125980  -38.531  -52.959  -11.887 0.6000000238
10254  -34.511  -54.237  -9.271 0.5000000000
10878  -34.757  -53.508  -10.389 0.6000000238
11514  -39.680  -52.543  -12.450 0.6000000238
11515  -40.496  -52.643  -12.768 0.6999999881
10893  -40.077  -53.422  -12.623 0.6999999881
126755  -43.349  -52.339  -13.926 0.6000000238
11521  -42.103  -52.842  -13.534 0.6999999881
11484  -36.207  -52.213  -8.801 0.6000000238
11495  -36.535  -52.272  -9.785 0.6999999881
11496  -37.469  -52.066  -10.140 0.6999999881
11494  -35.640  -52.729  -10.473 0.6999999881
11508  -37.629  -52.536  -11.171 0.6000000238
12891  -42.905  -50.624  -13.503 0.5000000000
11513  -39.014  -52.453  -12.025 0.6999999881
128213  -40.131  -51.947  -12.594 0.6999999881
12207  -42.626  -51.316  -13.551 0.6000000238
13558  -38.664  -49.662  -10.366 0.6999999881
13569  -39.562  -49.708  -11.717 0.6999999881
144868  -37.806  -51.587  -9.770 0.6999999881
12873  -39.273  -50.448  -11.429 0.6000000238
12874  -39.596  -50.366  -12.022 0.5000000000
11504  -37.711  -52.209  -10.738 0.6999999881
11505  -38.358  -51.979  -11.096 0.6000000238
12195  -39.503  -51.674  -12.251 0.6999999881
12885  -41.419  -50.513  -12.941 0.5000000000
11509  -38.384  -52.478  -11.573 0.6000000238
12197  -41.010  -51.038  -12.822 0.6999999881
12206  -41.684  -51.305  -13.269 0.6000000238
130109  -39.378  -48.942  -11.369 0.6999999881
14313  -39.927  -49.053  -11.908 0.6999999881
14309  -38.968  -48.130  -11.039 0.6999999881
12884  -40.723  -50.458  -12.624 0.6000000238
13577  -40.501  -49.743  -12.424 0.6999999881
10902  -45.439  -54.471  -14.517 0.5000000000
12883  -40.057  -50.382  -12.356 0.6000000238
6949  -30.099  -60.612  -12.822 0.4000000060
8591  -33.335  -57.990  -12.357 0.4000000060
9110  -31.635  -57.031  -10.188 0.4000000060
9132  -32.160  -57.006  -11.495 0.4000000060
9682  -33.216  -55.765  -10.746 0.4000000060
9112  -32.825  -56.303  -9.851 0.4000000060
10898  -41.881  -53.710  -13.461 0.6999999881
126005  -36.117  -53.877  -10.721 0.6000000238
10888  -37.789  -53.071  -11.551 0.6000000238
10870  -34.645  -53.353  -9.945 0.6999999881
11503  -36.741  -52.565  -10.743 0.6000000238
12867  -38.836  -50.525  -10.660 0.6999999881
12187  -39.309  -51.080  -11.836 0.6000000238
13568  -39.166  -49.695  -11.054 0.6000000238
12177  -37.855  -51.089  -9.362 0.5000000000
10248  -34.548  -54.407  -8.125 0.4000000060
11482  -34.948  -52.899  -8.359 0.5000000000
12861  -37.898  -50.110  -9.200 0.6000000238
10237  -34.521  -54.467  -7.164 0.4000000060
125163  -34.609  -53.651  -6.873 0.5000000000
11469  -34.778  -53.140  -7.601 0.5000000000
11470  -36.024  -52.125  -7.831 0.5000000000
12854  -37.526  -50.625  -8.579 0.5000000000
13544  -37.534  -49.711  -8.562 0.5000000000
12169  -37.309  -51.346  -8.660 0.5000000000
12862  -38.354  -50.432  -9.892 0.6000000238
13553  -38.205  -49.475  -9.747 0.5000000000
13552  -37.746  -49.106  -9.187 0.5000000000
14294  -37.974  -48.582  -9.817 0.6999999881
14293  -37.405  -48.040  -9.299 0.6000000238
15061  -37.775  -47.234  -10.466 0.6000000238
10845  -34.595  -53.560  -5.950 0.5000000000
11453  -35.336  -52.390  -6.317 0.5000000000
12844  -36.742  -50.746  -6.959 0.5000000000
128247  -37.017  -50.080  -7.404 0.5000000000
12845  -37.139  -50.937  -7.808 0.5000000000
14302  -38.339  -48.115  -10.442 0.6000000238
14281  -37.285  -48.734  -8.549 0.6000000238
15053  -37.236  -47.196  -9.915 0.5000000000
15838  -37.228  -46.414  -10.442 0.6000000238
11439  -34.858  -52.749  -5.568 0.5000000000
12133  -35.826  -51.694  -6.012 0.5000000000
13506  -36.321  -50.212  -5.981 0.5000000000
13517  -36.571  -49.856  -6.609 0.5000000000
14280  -36.711  -48.477  -7.961 0.5000000000
15062  -38.387  -47.326  -10.877 0.6000000238
15052  -36.698  -47.172  -9.288 0.5000000000
15837  -36.672  -46.006  -9.922 0.6000000238
10836  -34.510  -53.493  -5.019 0.5000000000
123319  -35.602  -51.486  -5.280 0.5000000000
13505  -35.948  -50.054  -5.436 0.5000000000
14229  -35.588  -49.179  -5.336 0.5000000000
14238  -35.089  -48.222  -5.355 0.6000000238
14254  -36.063  -48.629  -6.629 0.4000000060
15004  -34.722  -46.947  -6.125 0.4000000060
122894  -35.232  -47.750  -6.261 0.5000000000
14267  -35.600  -47.622  -7.173 0.5000000000
14268  -36.250  -48.257  -7.399 0.4000000060
16581  -35.040  -45.914  -5.884 0.4000000060
16591  -35.402  -45.952  -6.694 0.5000000000
15033  -35.407  -46.930  -7.686 0.5000000000
16569  -35.626  -45.558  -5.010 0.4000000060
15820  -35.950  -46.211  -8.602 0.6000000238
15829  -36.313  -46.461  -9.124 0.6000000238
16619  -36.988  -45.447  -9.908 0.6000000238
129270  -37.992  -44.798  -8.745 0.6000000238
15019  -35.032  -47.006  -6.909 0.5000000000
16582  -35.897  -45.668  -5.951 0.5000000000
16592  -36.226  -45.644  -6.804 0.5000000000
16603  -35.698  -45.913  -7.504 0.5000000000
17355  -36.506  -45.014  -4.608 0.4000000060
17361  -37.195  -44.933  -5.144 0.5000000000
16604  -36.456  -45.621  -7.712 0.6000000238
16611  -35.991  -45.891  -8.299 0.6000000238
16605  -37.303  -45.322  -8.073 0.6000000238
17362  -37.864  -44.858  -5.870 0.5000000000
18914  -37.007  -42.423  -3.541 0.3000000119
18152  -37.468  -43.134  -3.786 0.4000000060
18160  -37.059  -43.852  -3.757 0.4000000060
122120  -37.192  -44.432  -4.382 0.5000000000
17367  -38.149  -44.860  -6.718 0.5000000000
17371  -38.093  -44.909  -7.577 0.6000000238
22001  -37.656  -38.927  -4.568 0.3000000119
22000  -36.353  -39.728  -5.052 0.3000000119
21252  -37.181  -39.980  -4.491 0.4000000060
20432  -36.881  -40.560  -4.214 0.4000000060
22828  -36.345  -38.098  -7.013 0.3000000119
23657  -37.454  -37.089  -7.030 0.3000000119
23670  -37.267  -36.872  -7.945 0.3000000119
23658  -38.336  -36.332  -6.593 0.3000000119
23671  -38.021  -36.324  -7.458 0.3000000119
24603  -37.925  -35.616  -7.852 0.3000000119
25508  -37.649  -34.927  -8.024 0.3000000119
26477  -38.149  -34.053  -7.511 0.3000000119
18161  -37.746  -43.770  -4.277 0.5000000000
22012  -36.608  -38.983  -5.421 0.3000000119
132001  -38.873  -48.894  -10.730 0.5000000000
140801  -35.259  -52.614  -7.451 0.5000000000
15034  -36.062  -47.537  -8.007 0.5000000000
16613  -37.095  -45.331  -9.068 0.6000000238
10284  -44.324  -55.103  -13.945 0.3000000119
9703  -40.758  -55.890  -12.625 0.6000000238
128481  -42.681  -54.757  -13.552 0.6000000238
12200  -44.333  -51.966  -12.433 0.3000000119
120453  -45.523  -52.755  -12.740 0.3000000119
132831  -45.551  -53.633  -13.205 0.3000000119
10897  -46.434  -53.756  -13.791 0.3000000119
126822  -44.854  -53.829  -12.943 0.3000000119
10285  -46.337  -55.330  -15.135 0.3000000119
10904  -46.568  -54.687  -15.168 0.3000000119
10278  -41.591  -55.714  -13.037 0.6000000238
127110  -42.515  -55.633  -13.272 0.5000000000
12887  -44.414  -50.991  -12.001 0.3000000119
129565  -45.226  -51.767  -12.384 0.3000000119
11518  -46.551  -52.742  -12.987 0.3000000119
12202  -47.283  -52.307  -12.913 0.3000000119
133218  -45.873  -54.515  -13.971 0.3000000119
10281  -45.124  -54.842  -14.275 0.3000000119
9708  -42.990  -55.864  -13.073 0.4000000060
9667  -34.398  -55.186  -8.528 0.4000000060
13572  -43.984  -49.818  -11.296 0.3000000119
142903  -45.550  -50.630  -11.583 0.3000000119
12879  -46.321  -51.020  -11.656 0.3000000119
12191  -47.108  -51.686  -12.115 0.3000000119
6936  -33.569  -60.418  -11.871 0.5000000000
6925  -33.232  -60.207  -10.754 0.5000000000
6967  -31.457  -60.848  -13.327 0.4000000060
6399  -31.950  -61.123  -13.192 0.4000000060
6381  -32.307  -61.228  -12.860 0.4000000060
6924  -32.670  -60.652  -11.249 0.5000000000
8027  -37.143  -59.184  -11.128 0.5000000000
7461  -34.688  -59.786  -10.913 0.5000000000
7471  -34.067  -60.077  -12.047 0.5000000000
7472  -34.590  -59.729  -11.509 0.5000000000
6950  -32.613  -60.652  -12.898 0.4000000060
8584  -39.376  -59.160  -12.012 0.6000000238
123715  -38.503  -58.789  -11.926 0.6000000238
8026  -35.881  -59.184  -10.983 0.5000000000
143814  -33.808  -58.911  -12.425 0.3000000119
7490  -34.286  -59.471  -12.064 0.4000000060
8025  -34.910  -59.188  -11.571 0.5000000000
9138  -40.425  -57.959  -12.153 0.6000000238
9137  -39.067  -58.003  -12.150 0.6000000238
8567  -37.420  -57.719  -11.411 0.6000000238
8582  -35.297  -58.490  -11.451 0.4000000060
8565  -35.911  -58.336  -11.176 0.5000000000
9704  -41.562  -56.457  -12.594 0.6000000238
10896  -44.707  -54.658  -13.359 0.3000000119
9141  -42.635  -56.227  -12.612 0.4000000060
9702  -40.044  -56.239  -12.440 0.6000000238
8566  -36.709  -58.178  -11.252 0.4000000060
10895  -43.893  -53.695  -12.563 0.3000000119
11517  -43.972  -52.725  -12.519 0.3000000119
10280  -44.234  -55.157  -13.344 0.3000000119
9147  -42.287  -56.189  -12.927 0.5000000000
9696  -39.394  -56.612  -12.171 0.6000000238
135112  -40.209  -57.408  -12.345 0.6000000238
123224  -39.967  -58.271  -12.248 0.6000000238
10279  -43.562  -55.363  -12.617 0.3000000119
135288  -39.559  -59.105  -11.866 0.5000000000
8553  -39.343  -58.866  -11.223 0.5000000000
9139  -40.884  -57.614  -12.089 0.5000000000
9125  -40.111  -58.380  -11.522 0.4000000060
9126  -40.837  -57.641  -11.686 0.5000000000
8004  -38.507  -59.210  -10.924 0.5000000000
9114  -39.648  -57.393  -10.310 0.4000000060
9115  -40.613  -57.102  -10.698 0.4000000060
9697  -42.362  -56.239  -11.671 0.4000000060
119230  -41.531  -56.857  -12.205 0.5000000000
8013  -37.622  -59.428  -11.109 0.5000000000
8014  -38.318  -59.418  -11.400 0.5000000000
9140  -42.242  -56.496  -12.163 0.4000000060
3842  -34.497  -66.424  -11.739 0.3000000119
3824  -34.913  -66.628  -10.488 0.3000000119
4342  -35.067  -65.861  -11.498 0.3000000119
4836  -35.189  -65.243  -10.651 0.3000000119
5353  -35.592  -64.029  -8.939 0.4000000060
4853  -35.056  -65.868  -11.542 0.3000000119
4852  -33.874  -65.707  -11.333 0.3000000119
5339  -35.992  -63.438  -8.210 0.4000000060
5352  -34.558  -63.719  -8.634 0.4000000060
4835  -34.346  -64.868  -10.377 0.3000000119
4834  -33.026  -64.623  -10.290 0.3000000119
120177  -35.410  -62.804  -7.475 0.4000000060
5810  -34.760  -62.313  -6.934 0.4000000060
130773  -33.621  -63.464  -8.529 0.4000000060
5370  -33.352  -63.987  -9.334 0.4000000060
4833  -31.875  -64.318  -10.306 0.4000000060
5369  -32.372  -63.696  -9.422 0.4000000060
6852  -36.571  -60.137  -5.752 0.3000000119
144646  -35.476  -61.668  -6.404 0.4000000060
123853  -34.876  -61.704  -6.410 0.4000000060
5827  -34.129  -62.413  -7.181 0.4000000060
5825  -32.528  -61.971  -7.679 0.4000000060
5844  -32.419  -62.568  -8.250 0.4000000060
5350  -31.885  -62.807  -8.848 0.4000000060
119490  -35.836  -58.587  -5.327 0.3000000119
6851  -35.041  -60.494  -5.614 0.4000000060
6866  -33.521  -60.886  -6.507 0.4000000060
6309  -34.370  -60.949  -6.014 0.4000000060
6884  -32.937  -60.652  -7.176 0.4000000060
127188  -33.157  -59.834  -7.795 0.4000000060
6329  -32.576  -61.193  -7.565 0.4000000060
6900  -32.587  -60.551  -8.015 0.4000000060
132832  -32.000  -62.105  -8.319 0.4000000060
5855  -31.270  -62.404  -9.647 0.4000000060
142496  -34.814  -58.625  -5.947 0.4000000060
7976  -34.365  -58.940  -6.525 0.4000000060
128293  -32.332  -60.493  -8.945 0.4000000060
6355  -31.431  -61.541  -10.016 0.4000000060
6345  -31.569  -61.795  -8.985 0.4000000060
5367  -30.823  -62.937  -10.346 0.4000000060
7988  -34.438  -58.686  -7.676 0.4000000060
7446  -33.935  -59.141  -8.299 0.4000000060
7453  -33.558  -59.544  -9.140 0.4000000060
141419  -32.898  -59.995  -9.581 0.4000000060
6912  -31.858  -60.986  -10.545 0.4000000060
6914  -32.370  -60.497  -10.023 0.4000000060
7995  -35.281  -58.325  -8.565 0.4000000060
8001  -35.561  -59.153  -9.792 0.4000000060
8011  -35.941  -59.304  -10.674 0.4000000060
8538  -36.897  -57.558  -8.947 0.4000000060
7996  -36.218  -58.892  -9.782 0.4000000060
9107  -39.158  -56.385  -9.039 0.3000000119
9678  -40.972  -55.887  -9.883 0.3000000119
7460  -33.785  -59.791  -10.322 0.4000000060
8551  -36.912  -58.618  -9.844 0.4000000060
9687  -42.069  -56.036  -11.035 0.3000000119
131668  -36.375  -59.241  -10.459 0.4000000060
5338  -35.030  -63.320  -8.008 0.4000000060
5337  -34.039  -62.974  -7.801 0.4000000060
5826  -33.385  -62.233  -7.292 0.4000000060
122094  -32.739  -63.242  -8.627 0.4000000060
120063  -35.589  -59.981  -5.468 0.4000000060
6868  -35.842  -60.724  -5.807 0.4000000060
7402  -36.126  -59.321  -5.357 0.3000000119
6330  -33.056  -61.462  -7.047 0.4000000060
8498  -35.794  -57.979  -5.438 0.3000000119
7401  -35.340  -59.308  -5.436 0.4000000060
144277  -34.240  -59.865  -5.908 0.4000000060
7434  -33.790  -59.319  -7.156 0.4000000060
7989  -34.978  -58.207  -6.942 0.4000000060
7994  -34.679  -58.777  -8.784 0.4000000060
6913  -31.794  -60.998  -9.429 0.4000000060
133872  -34.406  -59.553  -10.111 0.4000000060
8537  -36.170  -57.956  -8.865 0.4000000060
6313  -37.960  -61.322  -7.089 0.3000000119
5846  -38.192  -63.580  -8.742 0.3000000119
5355  -37.333  -64.145  -9.118 0.3000000119
120426  -37.437  -62.797  -7.950 0.3000000119
6331  -37.767  -62.037  -7.498 0.3000000119
5845  -37.017  -63.493  -8.461 0.3000000119
5829  -36.366  -62.806  -7.613 0.3000000119
6312  -37.113  -61.435  -6.740 0.3000000119
5811  -36.736  -62.142  -7.113 0.3000000119
6869  -36.631  -60.890  -6.212 0.3000000119
7977  -35.323  -58.079  -5.886 0.3000000119
8525  -36.085  -57.206  -6.994 0.3000000119
141284  -36.383  -57.277  -8.056 0.3000000119
9106  -37.574  -57.078  -8.792 0.3000000119
6870  -37.468  -60.638  -6.419 0.3000000119
8536  -35.679  -57.667  -7.699 0.3000000119
4341  -34.570  -66.237  -11.826 0.3000000119
5351  -33.064  -62.764  -7.946 0.4000000060
5371  -35.018  -64.480  -9.599 0.3000000119
5809  -33.922  -61.736  -6.649 0.4000000060
5828  -34.671  -62.756  -7.467 0.4000000060
6310  -35.257  -61.212  -6.000 0.4000000060
6311  -36.113  -61.495  -6.409 0.4000000060
6346  -32.100  -61.269  -8.331 0.4000000060
6373  -29.245  -61.560  -12.553 0.4000000060
6398  -31.130  -61.453  -13.382 0.4000000060
6850  -34.494  -60.146  -5.720 0.4000000060
6867  -33.949  -60.274  -6.112 0.4000000060
6901  -32.794  -60.019  -8.627 0.4000000060
6926  -34.125  -60.048  -11.368 0.5000000000
6935  -32.912  -60.773  -12.381 0.5000000000
6951  -33.344  -60.285  -12.487 0.5000000000
6966  -30.659  -60.887  -13.380 0.4000000060
7400  -34.639  -59.388  -5.749 0.4000000060
7417  -34.010  -59.635  -6.293 0.4000000060
7433  -33.430  -60.072  -6.735 0.4000000060
7454  -34.545  -59.226  -9.467 0.4000000060
7455  -35.183  -59.508  -10.446 0.4000000060
7462  -35.236  -59.545  -11.046 0.5000000000
7487  -31.760  -59.523  -13.062 0.4000000060
7488  -32.814  -59.826  -12.981 0.4000000060
7489  -33.658  -59.684  -12.470 0.4000000060
7955  -35.251  -58.658  -5.604 0.3000000119
8002  -36.975  -59.223  -10.646 0.4000000060
8003  -37.691  -59.309  -10.786 0.4000000060
8012  -36.782  -59.280  -10.894 0.5000000000
8028  -38.087  -59.388  -11.364 0.5000000000
8029  -38.671  -59.359  -11.671 0.6000000238
8037  -30.669  -58.899  -11.978 0.4000000060
8038  -31.283  -58.711  -12.499 0.4000000060
8040  -33.089  -58.811  -12.671 0.3000000119
8524  -35.548  -57.666  -6.617 0.3000000119
8552  -37.656  -58.212  -9.831 0.4000000060
8563  -30.789  -57.733  -10.196 0.4000000060
8568  -38.996  -59.381  -11.713 0.5000000000
8578  -31.516  -57.525  -11.444 0.4000000060
8581  -34.579  -57.791  -11.754 0.5000000000
8583  -37.872  -59.049  -11.571 0.5000000000
8585  -40.141  -58.493  -12.068 0.5000000000
9102  -31.459  -56.903  -9.333 0.4000000060
9111  -32.199  -56.673  -9.954 0.4000000060
9113  -38.547  -57.573  -9.775 0.4000000060
9119  -31.750  -57.124  -10.900 0.4000000060
9123  -36.570  -56.587  -10.881 0.6000000238
9124  -37.202  -56.436  -11.003 0.6000000238
9127  -41.679  -56.814  -11.790 0.4000000060
9134  -33.973  -56.443  -11.683 0.5000000000
9136  -37.964  -57.042  -11.499 0.6000000238
9145  -40.832  -57.106  -12.307 0.6000000238
9146  -42.060  -56.446  -12.521 0.5000000000
9657  -34.396  -55.236  -7.590 0.4000000060
9666  -33.820  -55.840  -8.783 0.4000000060
9676  -34.225  -55.107  -9.614 0.4000000060
9683  -33.834  -55.078  -10.810 0.4000000060
9685  -35.876  -55.420  -10.640 0.6000000238
9686  -36.695  -55.574  -10.719 0.6000000238
9688  -42.489  -55.730  -11.403 0.3000000119
9698  -42.813  -56.077  -12.006 0.4000000060
9705  -43.176  -55.818  -12.616 0.3000000119
9706  -43.710  -55.377  -13.323 0.3000000119
9707  -44.355  -55.128  -13.772 0.3000000119
10228  -34.485  -54.463  -6.260 0.5000000000
10262  -35.176  -54.093  -10.658 0.6000000238
10263  -36.180  -54.758  -10.612 0.6000000238
10282  -41.665  -54.704  -13.295 0.6999999881
10283  -43.429  -55.341  -13.437 0.5000000000
10286  -45.240  -54.836  -14.336 0.3000000119
10288  -46.530  -55.271  -15.154 0.4000000060
10853  -34.600  -53.755  -7.662 0.5000000000
10887  -36.987  -52.870  -11.133 0.6000000238
10892  -39.177  -53.308  -12.268 0.6000000238
10894  -40.980  -53.590  -12.993 0.6999999881
10900  -44.280  -54.586  -14.258 0.5000000000
10901  -46.703  -54.982  -14.933 0.3000000119
10903  -46.512  -54.961  -15.297 0.5000000000
11440  -35.357  -52.106  -5.592 0.5000000000
11452  -34.828  -52.964  -6.635 0.5000000000
11483  -35.393  -52.585  -8.624 0.5000000000
11520  -41.284  -52.740  -13.201 0.6999999881
11524  -44.360  -53.453  -14.376 0.5000000000
11527  -47.065  -52.789  -14.205 0.3000000119
12144  -35.968  -51.961  -6.850 0.5000000000
12145  -36.370  -51.261  -6.486 0.5000000000
12163  -36.549  -51.471  -7.309 0.5000000000
12168  -36.705  -51.679  -8.176 0.5000000000
12175  -36.888  -51.891  -8.915 0.5000000000
12176  -37.393  -51.751  -9.401 0.5000000000
12183  -38.276  -51.434  -10.287 0.6999999881
12186  -38.898  -51.257  -11.131 0.6000000238
12193  -48.249  -51.363  -12.807 0.4000000060
12194  -38.926  -51.834  -11.656 0.6000000238
12196  -40.255  -51.164  -12.546 0.6999999881
12201  -46.371  -51.884  -12.324 0.3000000119
12205  -40.922  -51.822  -12.896 0.6000000238
12211  -46.945  -52.284  -14.330 0.4000000060
12820  -35.694  -50.722  -4.992 0.5000000000
12821  -36.146  -50.907  -5.738 0.5000000000
12834  -36.473  -50.632  -6.334 0.5000000000
12882  -48.424  -50.793  -12.492 0.3000000119
12888  -45.451  -51.076  -11.920 0.3000000119
12889  -48.754  -50.859  -13.120 0.5000000000
12890  -42.141  -50.537  -13.304 0.5000000000
12896  -48.359  -50.814  -13.444 0.5000000000
13516  -36.061  -49.413  -5.964 0.4000000060
13533  -37.152  -49.395  -7.940 0.5000000000
13534  -37.332  -50.199  -8.026 0.5000000000
13575  -48.346  -50.016  -12.155 0.5000000000
13576  -39.924  -49.764  -12.140 0.6999999881
13586  -45.513  -49.715  -13.440 0.6000000238
13588  -48.831  -50.389  -13.178 0.5000000000
14239  -35.602  -48.627  -5.907 0.5000000000
14292  -36.756  -47.833  -8.617 0.5000000000
14299  -48.061  -48.867  -9.878 0.3000000119
14301  -37.757  -47.827  -10.001 0.6000000238
14312  -48.608  -49.378  -12.945 0.4000000060
14314  -40.947  -48.586  -12.340 0.8000000119
14325  -48.533  -49.818  -13.273 0.5000000000
15043  -35.819  -46.726  -8.390 0.6000000238
15044  -36.224  -47.122  -8.731 0.5000000000
15069  -47.846  -48.017  -11.827 0.3000000119
15070  -41.135  -47.910  -12.233 0.8000000119
15075  -46.725  -47.201  -12.652 0.6000000238
15076  -47.244  -47.042  -12.425 0.5000000000
15077  -47.625  -47.685  -12.408 0.5000000000
15794  -34.664  -46.375  -5.679 0.4000000060
15795  -34.968  -46.413  -6.458 0.5000000000
15812  -35.277  -46.416  -7.241 0.5000000000
15819  -35.590  -46.321  -7.996 0.5000000000
15826  -47.794  -45.543  -9.073 0.3000000119
15830  -36.763  -46.569  -9.776 0.6000000238
15839  -37.844  -46.668  -10.838 0.6000000238
15841  -37.704  -45.955  -11.044 0.6999999881
15842  -38.375  -46.569  -11.143 0.6000000238
15843  -39.168  -46.574  -11.358 0.6999999881
15844  -40.044  -46.627  -11.538 0.6999999881
15852  -46.740  -46.379  -12.422 0.5000000000
16583  -36.901  -45.375  -5.960 0.5000000000
16593  -37.355  -45.316  -6.915 0.5000000000
16612  -36.386  -45.841  -9.142 0.6000000238
16616  -48.189  -45.017  -8.963 0.3000000119
16620  -47.689  -45.075  -9.641 0.3000000119
16621  -37.258  -45.619  -10.541 0.6999999881
16630  -44.442  -44.589  -11.990 0.5000000000
16631  -46.373  -45.033  -12.076 0.6000000238
17363  -38.514  -44.181  -5.492 0.6000000238
17374  -52.456  -43.610  -7.580 0.4000000060
17380  -37.573  -44.862  -9.799 0.6000000238
17386  -38.206  -44.520  -10.494 0.6999999881
17390  -48.275  -43.799  -10.194 0.4000000060
17391  -48.744  -43.586  -9.989 0.3000000119
17392  -38.562  -44.435  -11.073 0.6999999881
17393  -39.253  -44.162  -11.203 0.6999999881
17394  -40.520  -44.239  -11.391 0.6999999881
17397  -43.702  -44.387  -11.776 0.5000000000
18171  -39.466  -43.414  -5.842 0.6000000238
18181  -53.571  -42.666  -9.050 0.3000000119
18186  -53.654  -42.311  -9.855 0.3000000119
18190  -47.137  -43.376  -10.108 0.4000000060
18192  -49.851  -43.136  -9.643 0.3000000119
18193  -50.704  -43.236  -9.505 0.3000000119
18196  -39.740  -43.660  -10.291 0.6999999881
18200  -43.140  -43.074  -11.143 0.5000000000
18201  -44.020  -43.278  -11.278 0.5000000000
18203  -46.801  -43.622  -10.921 0.5000000000
18205  -48.529  -43.430  -9.976 0.3000000119
18208  -40.682  -43.621  -11.187 0.6999999881
18212  -44.817  -43.492  -11.431 0.5000000000
18213  -45.643  -43.663  -11.537 0.5000000000
18921  -38.215  -43.060  -4.202 0.5000000000
18923  -39.298  -42.209  -4.642 0.6000000238
18934  -40.100  -42.540  -5.894 0.6000000238
18957  -49.161  -42.302  -7.977 0.4000000060
18960  -41.011  -42.745  -8.362 0.6000000238
18961  -41.586  -42.529  -8.619 0.6000000238
18962  -42.214  -42.427  -8.875 0.6000000238
18963  -43.296  -42.362  -8.532 0.5000000000
18966  -47.893  -42.958  -8.607 0.4000000060
18970  -54.149  -42.047  -9.714 0.3000000119
18981  -49.685  -42.819  -9.593 0.3000000119
18984  -53.522  -41.957  -10.301 0.3000000119
18985  -54.094  -41.884  -10.160 0.3000000119
18987  -42.822  -42.748  -10.472 0.5000000000
18988  -44.910  -42.935  -10.449 0.5000000000
19699  -41.246  -41.602  -6.567 0.5000000000
19701  -44.147  -41.631  -6.771 0.4000000060
19703  -45.684  -41.745  -6.523 0.4000000060
19704  -46.494  -41.665  -6.532 0.4000000060
19708  -51.869  -40.898  -6.518 0.4000000060
19711  -42.339  -41.637  -7.346 0.6000000238
19721  -54.035  -41.274  -8.640 0.4000000060
19725  -54.303  -41.386  -9.490 0.3000000119
19726  -52.822  -41.234  -9.990 0.3000000119
19727  -54.048  -41.413  -10.223 0.3000000119
20425  -37.587  -41.062  -3.957 0.5000000000
20433  -38.447  -40.933  -4.115 0.5000000000
20447  -46.043  -39.614  -5.717 0.4000000060
20475  -54.199  -40.557  -9.385 0.4000000060
20476  -54.342  -40.997  -9.747 0.3000000119
20477  -53.838  -40.836  -10.024 0.3000000119
20478  -54.253  -40.886  -9.820 0.4000000060
21261  -41.911  -39.253  -5.337 0.4000000060
21262  -42.769  -39.494  -5.605 0.4000000060
21265  -45.267  -39.152  -5.496 0.4000000060
21266  -45.999  -38.905  -5.634 0.4000000060
21280  -53.267  -39.241  -7.685 0.4000000060
21287  -53.997  -39.949  -8.876 0.4000000060
22005  -42.661  -37.851  -4.978 0.4000000060
22015  -44.841  -38.350  -5.418 0.4000000060
22817  -38.108  -37.029  -5.034 0.4000000060
23628  -39.465  -36.544  -4.385 0.4000000060
23630  -41.271  -36.671  -4.482 0.4000000060
23631  -42.105  -36.327  -4.696 0.4000000060
24534  -39.341  -36.002  -4.709 0.4000000060
24552  -39.491  -35.544  -5.226 0.4000000060
24554  -42.477  -35.515  -5.357 0.4000000060
24572  -40.321  -35.033  -6.273 0.4000000060
24574  -42.704  -35.244  -6.132 0.4000000060
120560  -35.679  -62.180  -6.843 0.4000000060
121488  -39.722  -54.092  -12.503 0.6999999881
122113  -46.922  -39.924  -6.195 0.4000000060
122576  -43.228  -45.076  -11.799 0.6000000238
124956  -32.060  -57.387  -12.041 0.4000000060
125738  -47.005  -53.065  -13.673 0.3000000119
126154  -49.139  -42.815  -9.605 0.3000000119
126642  -36.669  -49.115  -7.310 0.5000000000
126656  -32.685  -56.567  -11.438 0.5000000000
128101  -40.738  -36.205  -4.448 0.4000000060
128520  -42.328  -52.070  -13.555 0.6000000238
128861  -42.466  -45.013  -11.616 0.6000000238
129372  -53.403  -42.795  -8.267 0.3000000119
129414  -41.609  -52.110  -13.326 0.6000000238
129553  -38.699  -44.339  -9.005 0.6999999881
129811  -30.666  -60.168  -12.944 0.4000000060
130307  -35.403  -52.585  -9.710 0.6000000238
130879  -38.615  -44.579  -7.090 0.6999999881
131298  -36.563  -45.626  -8.519 0.6000000238
131474  -32.706  -56.300  -10.540 0.4000000060
132370  -38.434  -48.938  -10.198 0.5000000000
132892  -34.963  -59.876  -5.467 0.4000000060
133056  -39.685  -50.909  -12.230 0.6000000238
133523  -33.928  -54.937  -11.005 0.5000000000
133869  -41.131  -49.964  -12.693 0.8000000119
134331  -38.397  -37.986  -4.366 0.5000000000
135238  -39.168  -36.971  -4.266 0.4000000060
135478  -42.641  -40.146  -5.972 0.4000000060
135802  -42.985  -41.570  -7.180 0.6000000238
136661  -52.222  -43.002  -9.364 0.3000000119
136810  -48.048  -48.536  -12.632 0.4000000060
137836  -41.423  -56.549  -10.904 0.3000000119
137981  -46.455  -53.652  -14.481 0.3000000119
138633  -41.779  -44.836  -11.511 0.6999999881
139026  -34.152  -64.113  -9.209 0.3000000119
139340  -47.221  -45.798  -11.041 0.5000000000
141908  -34.748  -47.442  -5.670 0.4000000060
142087  -45.902  -52.315  -12.536 0.3000000119
142190  -44.789  -52.944  -12.700 0.3000000119
142352  -36.461  -45.339  -5.321 0.4000000060
142710  -40.181  -49.399  -12.192 0.6999999881
142832  -47.117  -42.997  -8.090 0.4000000060
143039  -44.154  -50.414  -11.589 0.3000000119
144002  -40.775  -46.643  -11.667 0.6999999881
144231  -43.664  -40.662  -6.161 0.4000000060
144715  -37.321  -60.026  -5.996 0.3000000119
145019  -43.880  -37.943  -5.204 0.4000000060
