#!ascii label  , from subject sub-v2s12x28874_ses-1 vox2ras=TkReg
1499
95390  -48.531  39.192  46.380 0.0000000000
132293  -39.559  62.180  48.250 0.0000000000
102466  -44.494  49.499  45.498 0.0000000000
101896  -45.132  48.579  35.996 0.0000000000
109889  -43.634  63.187  44.542 0.0000000000
105148  -46.143  54.856  43.725 0.0000000000
105694  -47.486  55.745  38.436 0.0000000000
101866  -41.504  48.719  39.106 0.0000000000
94035  -43.340  36.606  54.052 0.0000000000
132231  -46.642  41.493  49.687 0.0000000000
109855  -35.006  62.871  48.041 0.0000000000
111817  -39.224  67.114  45.540 0.0000000000
112804  -41.658  70.683  43.465 0.0000000000
124655  -46.653  41.019  41.859 0.0000000000
106659  -46.381  56.994  49.532 0.0000000000
101842  -48.408  47.910  42.865 0.0000000000
96174  -48.137  39.613  36.312 0.0000000000
97634  -41.397  41.477  35.003 0.0000000000
135776  -37.116  43.355  39.590 0.0000000000
95411  -45.804  38.146  44.841 0.0000000000
109896  -46.400  63.776  42.967 0.0000000000
107776  -47.132  59.714  42.450 0.0000000000
107799  -46.173  59.143  40.522 0.0000000000
105166  -44.583  54.746  40.756 0.0000000000
95353  -45.326  38.802  51.933 0.0000000000
96773  -43.622  40.574  50.329 0.0000000000
108815  -32.915  61.893  51.137 0.0000000000
112350  -40.887  69.494  44.809 0.0000000000
98248  -43.636  42.628  43.456 0.0000000000
100622  -44.567  46.195  42.315 0.0000000000
109837  -41.337  63.764  51.181 0.0000000000
107739  -43.115  59.435  48.796 0.0000000000
104085  -45.775  52.236  40.324 0.0000000000
139967  -45.738  51.155  43.722 0.0000000000
101869  -46.637  48.188  39.561 0.0000000000
99521  -48.537  44.065  37.262 0.0000000000
134379  -47.439  43.938  35.616 0.0000000000
96180  -44.600  39.756  34.680 0.0000000000
98945  -44.640  43.296  37.528 0.0000000000
99493  -40.410  44.408  40.646 0.0000000000
109366  -41.305  62.252  44.940 0.0000000000
106684  -41.691  58.050  45.553 0.0000000000
134036  -44.094  59.110  43.874 0.0000000000
105160  -47.925  55.450  40.563 0.0000000000
104122  -46.614  52.999  35.736 0.0000000000
101881  -43.466  48.419  36.515 0.0000000000
104117  -44.135  51.960  37.487 0.0000000000
103576  -40.522  51.074  39.227 0.0000000000
94020  -46.291  36.959  55.212 0.0000000000
96014  -48.258  39.023  52.278 0.0000000000
96788  -50.127  40.431  48.730 0.0000000000
109270  -36.942  62.348  55.117 0.0000000000
109309  -37.968  62.360  52.021 0.0000000000
142015  -38.510  64.398  49.714 0.0000000000
111319  -40.136  66.800  48.682 0.0000000000
111332  -41.496  67.485  47.065 0.0000000000
111820  -44.540  67.998  45.288 0.0000000000
111364  -44.188  67.162  43.966 0.0000000000
112378  -41.272  69.193  42.343 0.0000000000
98218  -44.682  41.753  47.506 0.0000000000
97553  -47.202  41.063  45.500 0.0000000000
96827  -50.108  40.572  43.572 0.0000000000
103994  -46.622  52.671  48.723 0.0000000000
105636  -45.182  55.146  46.904 0.0000000000
104032  -48.410  51.603  47.650 0.0000000000
101210  -47.895  47.369  45.474 0.0000000000
130396  -46.958  45.238  39.955 0.0000000000
97600  -48.440  40.777  39.024 0.0000000000
122809  -48.696  38.497  40.922 0.0000000000
121020  -45.367  39.751  40.081 0.0000000000
122653  -42.920  40.535  40.144 0.0000000000
138435  -40.357  40.907  39.368 0.0000000000
99510  -42.902  44.087  39.169 0.0000000000
98942  -39.146  43.042  36.819 0.0000000000
96874  -37.401  41.124  38.848 0.0000000000
95374  -47.929  38.953  49.066 0.0000000000
119520  -46.849  38.664  48.570 0.0000000000
121644  -46.955  38.614  46.195 0.0000000000
109916  -46.007  63.215  41.845 0.0000000000
108881  -46.602  61.314  41.063 0.0000000000
107805  -45.505  60.412  40.774 0.0000000000
133104  -44.801  58.169  41.177 0.0000000000
101221  -45.157  47.872  43.947 0.0000000000
109342  -40.795  62.665  49.803 0.0000000000
103098  -45.483  50.836  37.511 0.0000000000
102518  -45.227  49.668  39.369 0.0000000000
101883  -45.939  47.895  37.401 0.0000000000
100682  -47.525  46.062  36.807 0.0000000000
100696  -46.313  46.176  35.848 0.0000000000
98954  -45.770  43.168  36.638 0.0000000000
100100  -45.687  45.757  36.067 0.0000000000
109888  -42.666  63.003  44.644 0.0000000000
142809  -42.411  60.255  44.593 0.0000000000
108307  -44.399  60.648  43.934 0.0000000000
106742  -48.025  57.139  39.671 0.0000000000
106723  -47.960  57.620  41.022 0.0000000000
105696  -48.252  55.688  38.466 0.0000000000
104635  -48.246  54.668  37.993 0.0000000000
104640  -47.196  54.076  36.807 0.0000000000
126232  -45.214  52.636  36.145 0.0000000000
104639  -45.797  53.676  37.656 0.0000000000
104096  -42.783  52.424  40.194 0.0000000000
96041  -46.226  39.804  51.124 0.0000000000
96012  -46.153  38.651  52.611 0.0000000000
96764  -47.472  40.062  51.210 0.0000000000
96031  -49.371  40.129  50.751 0.0000000000
97513  -48.696  41.387  49.517 0.0000000000
130001  -34.024  61.751  49.516 0.0000000000
108806  -34.981  61.429  51.343 0.0000000000
108829  -36.207  62.252  49.588 0.0000000000
109329  -38.623  63.206  50.799 0.0000000000
109844  -36.885  63.431  48.975 0.0000000000
110875  -38.115  65.884  46.462 0.0000000000
110863  -38.814  66.408  48.373 0.0000000000
142333  -39.411  67.185  47.586 0.0000000000
111331  -40.940  66.965  47.725 0.0000000000
111805  -40.696  68.211  47.313 0.0000000000
139647  -41.804  70.828  44.026 0.0000000000
112784  -42.631  69.646  45.910 0.0000000000
112798  -43.470  69.700  44.922 0.0000000000
111847  -44.930  67.109  44.343 0.0000000000
132404  -42.558  68.977  43.925 0.0000000000
111844  -42.138  67.895  43.708 0.0000000000
112379  -41.620  70.175  42.926 0.0000000000
99441  -40.256  44.289  45.872 0.0000000000
98845  -39.997  43.263  47.046 0.0000000000
98226  -41.173  43.108  46.137 0.0000000000
98217  -43.191  41.937  47.514 0.0000000000
98236  -42.553  42.333  45.740 0.0000000000
98256  -45.274  41.511  42.791 0.0000000000
97561  -45.561  40.945  44.289 0.0000000000
139488  -47.079  40.709  43.257 0.0000000000
97564  -49.049  41.278  44.757 0.0000000000
125241  -48.567  40.640  42.241 0.0000000000
106109  -46.171  56.814  50.156 0.0000000000
105610  -45.547  55.432  49.857 0.0000000000
105085  -47.322  54.633  49.581 0.0000000000
106170  -43.406  56.508  44.855 0.0000000000
135277  -42.911  56.540  46.283 0.0000000000
143487  -44.960  54.716  45.163 0.0000000000
102482  -46.742  49.655  43.799 0.0000000000
103539  -47.528  51.126  45.808 0.0000000000
102475  -48.057  49.148  45.415 0.0000000000
102470  -48.560  48.963  46.861 0.0000000000
101835  -48.381  47.575  44.413 0.0000000000
100613  -48.023  46.616  43.378 0.0000000000
100645  -48.865  45.976  41.407 0.0000000000
98304  -48.659  41.948  36.718 0.0000000000
98290  -48.416  41.828  37.451 0.0000000000
96155  -49.428  39.380  37.866 0.0000000000
95470  -49.803  38.899  39.904 0.0000000000
95474  -48.513  38.939  38.610 0.0000000000
95460  -47.459  38.820  40.085 0.0000000000
122587  -46.779  39.605  37.854 0.0000000000
96920  -42.327  40.714  34.699 0.0000000000
96902  -43.318  40.149  37.021 0.0000000000
96900  -41.573  40.497  36.415 0.0000000000
143678  -41.451  40.736  39.734 0.0000000000
120115  -40.809  40.754  36.864 0.0000000000
101874  -42.470  48.785  37.656 0.0000000000
100659  -43.685  46.111  38.581 0.0000000000
100650  -42.633  46.569  39.577 0.0000000000
98905  -38.634  43.576  40.269 0.0000000000
98917  -39.715  43.421  39.022 0.0000000000
98928  -38.145  43.300  37.873 0.0000000000
136366  -37.648  42.007  37.331 0.0000000000
98276  -36.630  42.580  38.333 0.0000000000
97598  -36.625  41.378  38.592 0.0000000000
94051  -48.356  36.780  52.999 0.0000000000
94775  -44.978  37.943  44.932 0.0000000000
109891  -45.630  63.699  44.072 0.0000000000
108854  -45.906  61.496  43.501 0.0000000000
108862  -47.089  61.286  42.163 0.0000000000
107800  -47.326  59.299  40.808 0.0000000000
106209  -47.153  56.968  39.461 0.0000000000
105172  -45.379  54.567  39.719 0.0000000000
105686  -45.384  55.991  40.514 0.0000000000
94703  -43.783  37.556  52.875 0.0000000000
135320  -43.492  38.469  51.484 0.0000000000
97499  -45.033  41.274  50.010 0.0000000000
109347  -32.798  62.903  48.180 0.0000000000
111830  -39.674  68.059  44.525 0.0000000000
113209  -40.756  71.546  41.845 0.0000000000
113216  -41.178  71.544  41.819 0.0000000000
98865  -42.429  43.286  44.384 0.0000000000
98886  -43.959  43.951  42.228 0.0000000000
98897  -45.008  44.061  41.281 0.0000000000
121070  -45.115  58.325  48.926 0.0000000000
104086  -46.049  52.875  41.559 0.0000000000
104061  -46.075  52.930  43.530 0.0000000000
103563  -45.226  51.561  41.921 0.0000000000
102498  -45.588  49.771  41.409 0.0000000000
101860  -47.958  48.163  40.912 0.0000000000
100652  -48.805  46.445  40.206 0.0000000000
100668  -48.242  45.797  37.794 0.0000000000
128871  -48.515  43.937  36.111 0.0000000000
97640  -47.348  41.001  35.218 0.0000000000
121712  -46.238  39.741  34.967 0.0000000000
97638  -45.795  41.292  35.073 0.0000000000
97625  -43.891  41.534  35.304 0.0000000000
98301  -43.432  42.009  36.371 0.0000000000
100642  -41.262  46.756  40.819 0.0000000000
104029  -44.501  52.420  46.452 0.0000000000
132081  -39.637  62.143  46.486 0.0000000000
107745  -40.255  59.412  46.499 0.0000000000
132145  -40.700  60.140  45.536 0.0000000000
133387  -43.111  57.990  44.556 0.0000000000
106182  -45.207  56.550  43.755 0.0000000000
133901  -45.823  59.320  43.349 0.0000000000
106712  -46.827  57.439  42.834 0.0000000000
125186  -47.465  55.109  41.966 0.0000000000
139266  -47.401  53.754  39.580 0.0000000000
104111  -46.523  52.392  37.831 0.0000000000
129079  -45.706  51.274  35.668 0.0000000000
142567  -44.402  48.556  35.512 0.0000000000
103115  -44.604  50.994  35.201 0.0000000000
103113  -42.941  50.412  36.255 0.0000000000
102525  -41.539  49.936  37.793 0.0000000000
140126  -43.577  52.628  39.649 0.0000000000
103578  -42.215  51.437  38.856 0.0000000000
94705  -45.360  37.897  53.387 0.0000000000
95326  -46.789  38.079  53.805 0.0000000000
95328  -48.364  38.138  53.186 0.0000000000
95354  -48.765  38.470  51.727 0.0000000000
96045  -49.546  39.537  50.224 0.0000000000
96061  -49.518  39.578  48.000 0.0000000000
109284  -38.826  62.771  54.925 0.0000000000
108782  -36.871  61.972  53.132 0.0000000000
109310  -38.625  62.621  52.944 0.0000000000
109319  -39.596  63.270  52.007 0.0000000000
110350  -40.568  64.477  50.425 0.0000000000
109859  -40.446  64.534  49.303 0.0000000000
109867  -36.064  63.777  47.540 0.0000000000
110366  -37.794  65.117  48.459 0.0000000000
110846  -39.555  65.840  49.412 0.0000000000
109868  -39.750  63.556  47.621 0.0000000000
109878  -40.066  64.013  46.244 0.0000000000
110396  -41.339  64.415  45.368 0.0000000000
110397  -42.616  64.533  45.103 0.0000000000
112330  -41.429  68.797  46.749 0.0000000000
111343  -43.157  67.184  45.796 0.0000000000
110889  -44.364  65.516  45.111 0.0000000000
110891  -45.525  66.014  44.309 0.0000000000
110916  -45.616  65.234  43.414 0.0000000000
110902  -43.419  66.196  43.556 0.0000000000
111362  -41.686  66.973  43.467 0.0000000000
112817  -41.425  71.021  41.543 0.0000000000
98193  -44.435  41.840  49.007 0.0000000000
98205  -45.905  41.739  48.415 0.0000000000
136573  -44.550  41.387  45.333 0.0000000000
97538  -45.741  41.318  46.291 0.0000000000
98221  -47.388  41.673  47.989 0.0000000000
123925  -49.224  41.585  46.748 0.0000000000
97556  -50.231  41.065  46.025 0.0000000000
96078  -49.918  39.652  45.526 0.0000000000
103038  -45.690  51.010  46.665 0.0000000000
132552  -41.717  58.212  47.426 0.0000000000
106665  -43.594  57.227  47.619 0.0000000000
106136  -45.449  56.100  47.900 0.0000000000
104582  -46.671  53.055  45.673 0.0000000000
104574  -47.084  53.228  46.613 0.0000000000
105107  -47.758  53.815  48.726 0.0000000000
103996  -48.153  52.347  48.634 0.0000000000
102445  -47.751  49.440  47.450 0.0000000000
102468  -46.537  48.600  46.207 0.0000000000
101233  -46.225  47.377  43.748 0.0000000000
100633  -46.025  46.247  41.715 0.0000000000
129540  -46.157  42.943  40.123 0.0000000000
99504  -47.888  44.999  38.816 0.0000000000
98273  -47.225  42.520  38.982 0.0000000000
97593  -47.614  40.984  40.247 0.0000000000
96852  -49.560  40.298  41.208 0.0000000000
95429  -49.763  39.275  42.824 0.0000000000
130909  -48.202  38.594  43.922 0.0000000000
140124  -47.243  38.421  43.669 0.0000000000
95439  -45.953  38.534  42.600 0.0000000000
96111  -44.454  39.102  42.734 0.0000000000
96160  -45.096  39.885  36.840 0.0000000000
96881  -44.481  40.239  39.816 0.0000000000
96110  -43.553  39.538  42.494 0.0000000000
96837  -41.813  40.098  42.200 0.0000000000
96836  -40.939  40.184  42.126 0.0000000000
100666  -44.624  46.261  37.231 0.0000000000
136773  -43.656  43.029  38.093 0.0000000000
98278  -41.855  42.802  37.709 0.0000000000
99501  -41.718  44.343  39.971 0.0000000000
98931  -41.350  43.187  38.650 0.0000000000
137193  -40.257  42.393  35.857 0.0000000000
97616  -39.080  41.606  36.852 0.0000000000
96876  -39.011  41.109  39.036 0.0000000000
95382  -48.526  39.291  47.422 0.0000000000
95381  -47.528  38.954  47.864 0.0000000000
140818  -46.938  38.716  47.018 0.0000000000
95389  -47.673  38.931  46.778 0.0000000000
109393  -45.073  62.638  41.663 0.0000000000
109394  -45.979  62.598  41.461 0.0000000000
108874  -45.397  61.996  41.227 0.0000000000
101823  -44.537  48.385  44.484 0.0000000000
101811  -45.017  48.753  45.164 0.0000000000
109352  -40.001  62.661  48.980 0.0000000000
108836  -40.359  61.685  49.294 0.0000000000
132608  -40.117  60.974  48.834 0.0000000000
102537  -45.196  49.465  36.668 0.0000000000
101875  -45.437  48.816  37.713 0.0000000000
101882  -45.359  48.573  36.579 0.0000000000
101290  -45.766  47.591  36.389 0.0000000000
138361  -45.645  46.900  35.913 0.0000000000
130584  -45.667  46.432  35.908 0.0000000000
100695  -45.131  47.286  35.844 0.0000000000
109370  -43.072  62.291  44.481 0.0000000000
108850  -43.557  61.549  44.330 0.0000000000
109371  -44.085  62.527  44.367 0.0000000000
106210  -47.874  56.710  39.208 0.0000000000
106218  -48.181  56.398  39.090 0.0000000000
105180  -48.075  55.368  37.837 0.0000000000
105183  -47.946  54.941  37.264 0.0000000000
105179  -47.545  55.055  37.606 0.0000000000
104633  -46.335  54.484  38.156 0.0000000000
94018  -43.980  36.608  54.574 0.0000000000
96776  -46.622  40.556  50.622 0.0000000000
128245  -47.660  40.640  50.609 0.0000000000
96777  -48.568  40.658  50.572 0.0000000000
97501  -47.827  41.254  49.927 0.0000000000
109338  -34.722  62.025  49.190 0.0000000000
108828  -35.440  61.824  49.760 0.0000000000
109339  -35.566  62.266  49.191 0.0000000000
109341  -36.907  62.853  49.497 0.0000000000
109340  -36.167  62.833  48.878 0.0000000000
125601  -37.889  66.134  44.536 0.0000000000
110874  -37.670  65.629  45.430 0.0000000000
111340  -38.576  66.410  45.743 0.0000000000
124149  -38.811  66.620  46.998 0.0000000000
111341  -39.330  67.127  46.637 0.0000000000
111804  -39.916  67.665  47.524 0.0000000000
113203  -41.494  70.761  43.404 0.0000000000
113194  -42.440  70.428  44.730 0.0000000000
112805  -42.494  70.345  44.157 0.0000000000
112364  -43.423  69.052  44.392 0.0000000000
138891  -42.830  69.759  44.165 0.0000000000
112363  -42.240  70.035  43.657 0.0000000000
99449  -40.197  45.028  45.449 0.0000000000
99450  -40.685  44.532  45.266 0.0000000000
98852  -40.464  43.546  46.357 0.0000000000
98858  -41.506  43.385  45.433 0.0000000000
98235  -41.853  42.713  45.909 0.0000000000
97581  -45.694  41.560  42.030 0.0000000000
142082  -46.368  40.779  43.337 0.0000000000
97582  -46.255  40.942  42.716 0.0000000000
96824  -47.416  40.742  42.471 0.0000000000
107197  -45.654  58.423  50.148 0.0000000000
106653  -46.338  57.112  49.887 0.0000000000
105598  -46.552  56.292  50.002 0.0000000000
106124  -46.617  56.431  49.783 0.0000000000
105655  -44.876  55.798  44.259 0.0000000000
105135  -44.833  55.182  44.727 0.0000000000
105136  -45.515  54.432  44.653 0.0000000000
102491  -47.583  48.814  43.363 0.0000000000
102483  -47.740  48.970  44.420 0.0000000000
101834  -48.359  48.111  43.913 0.0000000000
101826  -48.358  48.270  44.955 0.0000000000
128069  -48.451  47.440  43.527 0.0000000000
100626  -48.545  46.585  42.616 0.0000000000
101248  -48.955  46.756  42.120 0.0000000000
96913  -48.824  40.125  36.173 0.0000000000
96904  -49.225  40.028  37.126 0.0000000000
96165  -49.162  39.545  37.092 0.0000000000
96154  -49.662  38.973  38.256 0.0000000000
96163  -48.777  39.282  37.252 0.0000000000
119691  -48.145  39.208  37.862 0.0000000000
96162  -47.572  39.531  37.009 0.0000000000
96919  -41.642  40.898  34.953 0.0000000000
96910  -42.148  40.402  35.294 0.0000000000
96909  -41.374  40.720  35.526 0.0000000000
96899  -40.781  40.843  36.046 0.0000000000
101867  -42.190  48.328  38.703 0.0000000000
101262  -42.548  47.478  39.164 0.0000000000
101255  -42.183  47.205  39.782 0.0000000000
98916  -37.806  43.427  39.424 0.0000000000
128748  -38.658  43.436  38.967 0.0000000000
126585  -37.155  43.317  38.864 0.0000000000
98277  -37.248  42.837  37.858 0.0000000000
98926  -36.791  43.060  38.501 0.0000000000
98271  -36.147  42.848  38.898 0.0000000000
94722  -48.600  37.942  51.847 0.0000000000
94763  -45.327  37.856  45.569 0.0000000000
109895  -46.176  63.860  43.531 0.0000000000
133487  -46.364  62.410  43.206 0.0000000000
109377  -46.493  62.984  42.682 0.0000000000
124256  -46.444  59.978  40.610 0.0000000000
108353  -47.067  59.860  40.747 0.0000000000
107806  -47.018  59.191  40.519 0.0000000000
107275  -47.070  58.328  40.219 0.0000000000
106740  -46.592  57.608  40.051 0.0000000000
106208  -46.022  56.760  40.247 0.0000000000
106730  -45.857  58.236  40.538 0.0000000000
106199  -44.407  56.673  41.442 0.0000000000
123697  -42.867  38.118  51.586 0.0000000000
96774  -44.581  40.554  50.382 0.0000000000
97498  -44.084  41.187  50.008 0.0000000000
109336  -32.672  62.580  49.010 0.0000000000
112809  -40.217  70.822  42.163 0.0000000000
113214  -40.485  71.393  41.314 0.0000000000
112822  -39.588  70.696  40.695 0.0000000000
100612  -44.130  46.782  42.913 0.0000000000
100621  -43.783  46.027  42.625 0.0000000000
100054  -44.018  45.432  42.288 0.0000000000
98896  -44.499  44.007  41.711 0.0000000000
100055  -44.720  45.517  41.820 0.0000000000
109824  -41.522  63.629  51.931 0.0000000000
140006  -44.058  59.370  49.136 0.0000000000
142075  -46.150  52.727  40.717 0.0000000000
135697  -45.569  52.187  41.346 0.0000000000
103076  -45.177  51.489  41.085 0.0000000000
102519  -45.919  48.899  40.025 0.0000000000
102508  -45.396  49.689  40.442 0.0000000000
102509  -46.154  49.047  40.976 0.0000000000
102499  -46.422  49.224  41.853 0.0000000000
101859  -46.852  48.472  40.526 0.0000000000
101263  -47.645  47.589  39.537 0.0000000000
101270  -47.611  47.115  38.748 0.0000000000
99544  -47.533  44.615  35.757 0.0000000000
100101  -47.845  45.482  36.538 0.0000000000
98963  -47.958  43.407  35.541 0.0000000000
132580  -48.042  42.637  35.495 0.0000000000
98315  -47.348  41.864  35.494 0.0000000000
97639  -46.547  41.117  35.072 0.0000000000
98314  -46.601  41.934  35.660 0.0000000000
99520  -45.363  43.888  37.039 0.0000000000
98302  -45.518  42.268  36.359 0.0000000000
127636  -44.559  41.984  36.378 0.0000000000
98289  -44.253  42.446  37.226 0.0000000000
108846  -40.153  61.479  45.673 0.0000000000
108300  -39.908  60.880  45.922 0.0000000000
108302  -41.192  60.744  45.178 0.0000000000
107756  -42.858  59.901  44.463 0.0000000000
132110  -42.311  59.079  44.728 0.0000000000
107232  -43.713  58.337  44.174 0.0000000000
106697  -43.742  57.421  44.305 0.0000000000
106710  -44.723  57.337  43.781 0.0000000000
108315  -46.206  60.708  43.285 0.0000000000
108314  -45.259  60.681  43.662 0.0000000000
107775  -46.441  59.904  43.098 0.0000000000
106201  -48.190  56.689  40.494 0.0000000000
106722  -47.558  57.481  42.030 0.0000000000
105674  -47.878  56.057  41.122 0.0000000000
105673  -47.410  55.924  42.295 0.0000000000
105159  -47.432  54.575  41.168 0.0000000000
130906  -47.997  54.886  39.834 0.0000000000
133759  -47.207  53.506  36.458 0.0000000000
104112  -47.337  53.259  37.597 0.0000000000
103592  -47.073  52.828  36.518 0.0000000000
103600  -45.953  51.592  36.471 0.0000000000
103609  -46.257  52.339  35.699 0.0000000000
103614  -45.140  51.019  35.012 0.0000000000
104129  -45.888  52.457  35.480 0.0000000000
103598  -44.214  51.652  36.260 0.0000000000
119462  -43.084  50.906  36.679 0.0000000000
103107  -42.434  50.503  37.023 0.0000000000
104627  -44.351  53.974  40.406 0.0000000000
104632  -45.060  53.807  39.207 0.0000000000
104097  -44.056  53.260  39.976 0.0000000000
104108  -41.964  51.857  39.853 0.0000000000
95334  -44.302  37.958  52.524 0.0000000000
94704  -44.632  37.698  53.181 0.0000000000
121567  -45.143  38.258  52.699 0.0000000000
96013  -47.247  38.937  52.538 0.0000000000
95336  -47.025  38.500  53.197 0.0000000000
95337  -48.034  38.601  52.958 0.0000000000
95327  -47.803  38.224  53.686 0.0000000000
95338  -48.587  38.513  52.327 0.0000000000
96015  -48.917  38.881  51.723 0.0000000000
96781  -49.891  40.344  49.621 0.0000000000
137943  -49.454  39.389  50.783 0.0000000000
96046  -49.840  39.789  49.797 0.0000000000
96053  -49.619  39.667  49.230 0.0000000000
96054  -50.048  39.803  48.335 0.0000000000
109271  -37.698  62.566  56.480 0.0000000000
121160  -38.226  62.615  55.659 0.0000000000
126495  -39.367  62.791  56.055 0.0000000000
109283  -37.702  62.423  54.471 0.0000000000
108790  -33.226  61.921  52.412 0.0000000000
137301  -34.675  61.435  52.193 0.0000000000
108808  -37.049  61.881  51.369 0.0000000000
142891  -36.426  61.658  51.862 0.0000000000
108794  -37.048  61.917  52.303 0.0000000000
124025  -37.664  62.268  52.944 0.0000000000
109311  -39.601  63.080  52.875 0.0000000000
109318  -38.737  62.894  51.528 0.0000000000
109846  -38.516  63.789  50.166 0.0000000000
109834  -39.462  64.092  50.657 0.0000000000
110349  -40.085  64.830  50.353 0.0000000000
109847  -40.624  64.517  50.087 0.0000000000
110361  -40.257  65.137  50.008 0.0000000000
110365  -36.851  64.431  48.023 0.0000000000
110375  -37.336  65.012  47.592 0.0000000000
111318  -39.721  66.871  48.657 0.0000000000
110856  -39.261  66.283  48.975 0.0000000000
110857  -39.926  66.357  49.089 0.0000000000
110368  -40.342  65.136  48.813 0.0000000000
110376  -40.077  64.533  47.832 0.0000000000
110384  -39.882  64.020  47.038 0.0000000000
110385  -40.233  64.783  46.992 0.0000000000
110869  -41.340  66.497  46.583 0.0000000000
110876  -41.135  65.522  45.877 0.0000000000
110877  -42.064  65.326  45.462 0.0000000000
112349  -40.137  68.859  44.260 0.0000000000
111819  -40.719  68.527  46.393 0.0000000000
112340  -41.175  69.156  45.816 0.0000000000
112342  -43.996  68.932  45.578 0.0000000000
112332  -43.076  69.117  46.154 0.0000000000
111344  -44.316  67.324  45.491 0.0000000000
110878  -43.950  66.313  45.449 0.0000000000
129104  -44.773  66.670  45.241 0.0000000000
110890  -45.138  65.757  44.723 0.0000000000
110879  -45.134  66.425  44.864 0.0000000000
111365  -44.984  66.788  43.954 0.0000000000
110903  -44.672  66.190  43.598 0.0000000000
110422  -45.592  64.755  42.914 0.0000000000
111861  -41.691  68.829  43.242 0.0000000000
142523  -41.417  67.696  43.262 0.0000000000
111377  -40.931  67.052  43.027 0.0000000000
111860  -41.053  67.988  42.647 0.0000000000
126568  -41.959  41.891  48.348 0.0000000000
131286  -43.845  41.756  47.145 0.0000000000
141016  -43.193  41.905  48.219 0.0000000000
98203  -43.990  41.852  48.112 0.0000000000
98204  -44.996  41.858  48.327 0.0000000000
98219  -45.561  41.693  47.706 0.0000000000
98866  -43.018  42.932  43.924 0.0000000000
98243  -42.901  42.372  44.842 0.0000000000
97560  -44.088  41.792  43.911 0.0000000000
131289  -46.317  40.855  44.925 0.0000000000
97551  -45.404  41.137  45.328 0.0000000000
97539  -46.668  41.311  46.411 0.0000000000
97527  -47.049  41.539  47.223 0.0000000000
97540  -47.770  41.407  46.460 0.0000000000
97528  -47.997  41.616  47.393 0.0000000000
137614  -48.520  41.606  46.873 0.0000000000
97576  -49.685  41.057  44.121 0.0000000000
97565  -49.752  41.194  44.925 0.0000000000
96815  -50.127  40.868  44.474 0.0000000000
96070  -50.242  39.935  45.979 0.0000000000
96086  -50.253  40.238  44.332 0.0000000000
104540  -46.178  53.451  49.212 0.0000000000
104030  -45.217  52.189  46.907 0.0000000000
107216  -40.678  58.813  46.335 0.0000000000
107204  -40.575  58.909  47.113 0.0000000000
106671  -41.586  57.741  46.096 0.0000000000
105635  -44.249  55.376  46.060 0.0000000000
106147  -43.528  56.446  46.914 0.0000000000
105625  -44.324  55.876  46.920 0.0000000000
106135  -44.471  56.685  47.687 0.0000000000
103553  -46.093  52.001  44.147 0.0000000000
104591  -46.315  53.176  44.741 0.0000000000
103547  -46.755  51.756  45.067 0.0000000000
103540  -47.980  51.533  46.660 0.0000000000
104031  -47.408  52.455  46.317 0.0000000000
139940  -47.992  52.127  47.138 0.0000000000
104555  -47.508  53.509  47.645 0.0000000000
104556  -48.081  52.915  48.223 0.0000000000
104542  -48.111  52.892  48.828 0.0000000000
103525  -48.627  51.105  48.073 0.0000000000
101801  -48.205  48.283  46.697 0.0000000000
102446  -48.449  49.551  47.516 0.0000000000
101800  -47.602  48.304  46.566 0.0000000000
102455  -46.981  49.159  46.841 0.0000000000
101813  -47.244  47.984  45.869 0.0000000000
101825  -46.836  47.776  45.150 0.0000000000
101223  -47.463  47.244  44.517 0.0000000000
100634  -47.315  46.311  41.917 0.0000000000
100624  -47.257  46.631  42.793 0.0000000000
138603  -46.372  45.344  40.583 0.0000000000
99489  -45.579  44.613  40.807 0.0000000000
99496  -46.401  44.650  40.153 0.0000000000
130540  -48.349  45.717  38.765 0.0000000000
140688  -48.219  45.539  39.036 0.0000000000
99505  -48.247  45.133  38.391 0.0000000000
97607  -48.233  41.389  38.216 0.0000000000
98280  -47.687  42.304  38.366 0.0000000000
97599  -47.641  41.542  38.951 0.0000000000
97592  -47.095  41.627  39.724 0.0000000000
96866  -48.582  40.604  39.861 0.0000000000
96851  -48.432  40.660  40.821 0.0000000000
96867  -49.522  40.157  40.278 0.0000000000
95462  -49.366  38.639  40.357 0.0000000000
95454  -49.846  38.920  41.420 0.0000000000
95443  -49.605  38.878  42.129 0.0000000000
95415  -49.383  39.095  43.736 0.0000000000
95442  -48.570  38.538  42.327 0.0000000000
95452  -48.045  38.444  41.599 0.0000000000
121197  -46.326  39.268  40.229 0.0000000000
96135  -46.687  38.811  40.966 0.0000000000
95450  -46.175  38.714  41.785 0.0000000000
96112  -45.207  39.052  42.129 0.0000000000
96134  -45.591  39.338  41.083 0.0000000000
96181  -45.339  39.650  34.975 0.0000000000
96172  -45.780  39.658  35.802 0.0000000000
96171  -44.747  39.694  35.566 0.0000000000
96892  -43.221  40.444  38.371 0.0000000000
96903  -43.984  40.273  37.948 0.0000000000
96880  -43.556  40.489  39.506 0.0000000000
96132  -44.062  40.085  41.149 0.0000000000
96850  -43.246  40.279  41.220 0.0000000000
96109  -42.609  39.857  42.387 0.0000000000
123085  -42.412  40.521  40.816 0.0000000000
119889  -40.912  40.853  38.932 0.0000000000
122586  -40.915  40.674  40.860 0.0000000000
96835  -39.997  40.236  42.145 0.0000000000
96863  -40.158  40.744  40.761 0.0000000000
101895  -43.747  48.659  35.670 0.0000000000
101275  -44.372  47.191  36.672 0.0000000000
101274  -43.772  47.706  37.078 0.0000000000
100078  -43.391  45.458  39.040 0.0000000000
100085  -43.925  45.326  38.444 0.0000000000
98933  -43.439  43.669  38.553 0.0000000000
98279  -42.889  42.768  38.016 0.0000000000
98932  -42.452  43.234  38.689 0.0000000000
100069  -41.000  45.782  41.033 0.0000000000
98929  -39.148  43.275  37.758 0.0000000000
98930  -40.237  43.277  38.133 0.0000000000
98943  -39.838  43.108  36.968 0.0000000000
98944  -40.766  42.964  37.321 0.0000000000
98297  -39.633  42.645  36.328 0.0000000000
138412  -39.666  41.703  36.201 0.0000000000
98284  -38.832  42.682  36.684 0.0000000000
119258  -37.279  41.650  37.996 0.0000000000
96887  -38.105  41.255  38.350 0.0000000000
96875  -38.256  41.027  39.449 0.0000000000
96861  -38.408  40.764  40.391 0.0000000000
95365  -48.450  38.761  50.095 0.0000000000
95373  -47.300  38.546  49.533 0.0000000000
94739  -46.294  38.302  49.094 0.0000000000
109904  -46.251  63.385  42.380 0.0000000000
109382  -46.551  62.625  42.157 0.0000000000
109917  -46.340  62.648  41.777 0.0000000000
108351  -46.285  60.752  40.738 0.0000000000
141188  -45.790  59.771  40.624 0.0000000000
107798  -45.106  59.546  40.903 0.0000000000
128395  -44.335  47.438  43.437 0.0000000000
101232  -45.104  47.279  43.226 0.0000000000
109848  -41.163  63.645  50.457 0.0000000000
108830  -41.193  61.639  49.871 0.0000000000
107738  -41.954  59.415  48.506 0.0000000000
132126  -45.637  51.566  38.810 0.0000000000
103084  -45.049  50.593  39.715 0.0000000000
102527  -45.127  49.767  38.116 0.0000000000
101868  -45.694  48.837  38.948 0.0000000000
101876  -46.180  48.103  38.486 0.0000000000
122489  -46.718  47.427  38.105 0.0000000000
101276  -46.485  47.251  37.224 0.0000000000
124643  -46.707  46.306  36.175 0.0000000000
99543  -46.786  44.699  35.684 0.0000000000
134077  -46.840  43.754  35.727 0.0000000000
99542  -46.158  45.063  35.976 0.0000000000
99529  -45.664  44.873  36.514 0.0000000000
132288  -45.138  44.778  37.193 0.0000000000
108848  -41.656  61.454  44.823 0.0000000000
108849  -42.516  61.455  44.541 0.0000000000
108306  -43.609  60.670  44.234 0.0000000000
107757  -43.779  59.893  44.087 0.0000000000
133603  -47.800  58.124  40.812 0.0000000000
134632  -47.682  58.189  41.609 0.0000000000
106731  -48.038  57.464  40.273 0.0000000000
106211  -48.285  56.817  39.805 0.0000000000
105167  -48.362  55.647  39.354 0.0000000000
104628  -47.973  54.422  39.052 0.0000000000
105174  -48.377  55.089  38.579 0.0000000000
104641  -47.809  54.410  37.262 0.0000000000
104648  -46.799  53.308  35.990 0.0000000000
104121  -46.102  52.960  35.609 0.0000000000
104647  -46.181  53.288  36.272 0.0000000000
104118  -44.919  52.922  37.463 0.0000000000
104626  -43.464  53.517  40.779 0.0000000000
94019  -45.353  36.649  55.072 0.0000000000
134806  -45.468  39.365  51.416 0.0000000000
96027  -46.268  39.162  51.889 0.0000000000
96028  -47.341  39.446  51.799 0.0000000000
96029  -48.426  39.502  51.642 0.0000000000
96765  -48.626  40.128  51.148 0.0000000000
97502  -49.053  40.983  50.236 0.0000000000
97514  -49.454  41.052  49.653 0.0000000000
108771  -35.967  61.944  54.279 0.0000000000
108826  -33.752  61.617  50.138 0.0000000000
108805  -34.055  61.408  51.549 0.0000000000
108827  -34.564  61.607  49.944 0.0000000000
108818  -35.269  61.543  50.515 0.0000000000
108820  -37.051  62.097  50.607 0.0000000000
109317  -37.859  62.476  51.051 0.0000000000
109327  -36.819  62.309  50.017 0.0000000000
109845  -37.692  63.691  49.455 0.0000000000
110873  -36.824  64.965  45.257 0.0000000000
110867  -37.705  65.485  47.075 0.0000000000
110868  -38.390  66.210  47.508 0.0000000000
111330  -39.142  66.886  48.003 0.0000000000
111784  -40.135  67.244  48.431 0.0000000000
110864  -40.452  66.549  48.347 0.0000000000
111325  -40.415  67.212  48.248 0.0000000000
111793  -40.412  67.674  47.988 0.0000000000
111794  -40.954  68.114  47.627 0.0000000000
112796  -41.510  70.419  44.317 0.0000000000
112788  -41.706  69.991  45.193 0.0000000000
112789  -42.311  70.171  45.318 0.0000000000
112790  -42.900  70.081  45.168 0.0000000000
112791  -44.396  68.709  45.115 0.0000000000
111821  -45.002  67.379  44.936 0.0000000000
112352  -44.073  69.032  44.733 0.0000000000
111846  -44.178  68.135  44.430 0.0000000000
111845  -43.226  68.054  44.188 0.0000000000
111363  -42.788  67.063  43.758 0.0000000000
100597  -39.606  46.489  45.893 0.0000000000
100024  -39.252  45.737  46.282 0.0000000000
99440  -39.581  44.884  46.141 0.0000000000
98851  -39.760  44.000  46.586 0.0000000000
98215  -41.826  42.156  47.609 0.0000000000
120388  -41.616  42.506  46.765 0.0000000000
98228  -43.039  41.992  46.566 0.0000000000
136580  -43.733  41.719  46.389 0.0000000000
98249  -44.404  42.248  42.950 0.0000000000
97572  -44.917  41.386  43.616 0.0000000000
97573  -45.755  40.957  43.426 0.0000000000
97574  -46.528  40.746  43.970 0.0000000000
97562  -47.134  40.823  44.606 0.0000000000
122954  -48.332  41.280  45.521 0.0000000000
97575  -47.659  40.751  43.940 0.0000000000
96814  -48.837  40.968  43.981 0.0000000000
96826  -49.573  40.820  43.314 0.0000000000
106123  -46.127  56.128  50.111 0.0000000000
104528  -46.374  54.154  49.645 0.0000000000
104541  -47.232  53.139  49.215 0.0000000000
106169  -42.805  56.859  45.284 0.0000000000
106158  -42.608  56.798  45.792 0.0000000000
106159  -43.102  56.385  45.591 0.0000000000
105646  -44.392  55.251  45.246 0.0000000000
105119  -44.889  54.749  45.857 0.0000000000
120791  -46.325  50.465  44.168 0.0000000000
141131  -46.299  51.202  44.458 0.0000000000
103052  -46.847  50.711  45.029 0.0000000000
103059  -47.653  50.095  45.738 0.0000000000
103053  -48.246  50.495  46.589 0.0000000000
103042  -48.604  49.925  47.273 0.0000000000
102469  -48.406  49.446  46.400 0.0000000000
101815  -48.433  47.993  46.122 0.0000000000
101211  -48.191  47.559  45.664 0.0000000000
101235  -48.067  46.867  43.939 0.0000000000
100614  -48.209  46.678  43.304 0.0000000000
100635  -48.597  46.121  42.043 0.0000000000
100644  -48.076  45.920  41.229 0.0000000000
98956  -48.727  42.941  36.767 0.0000000000
123231  -48.545  43.120  37.219 0.0000000000
98291  -48.614  42.227  37.045 0.0000000000
97608  -48.823  40.620  37.843 0.0000000000
96894  -49.449  39.810  38.309 0.0000000000
96882  -49.512  40.044  39.169 0.0000000000
120079  -49.791  39.257  38.674 0.0000000000
95469  -49.389  38.718  39.506 0.0000000000
95461  -48.523  38.600  40.184 0.0000000000
120094  -47.697  38.544  40.898 0.0000000000
96144  -47.719  39.010  39.294 0.0000000000
96143  -46.912  39.210  39.579 0.0000000000
96142  -46.087  39.589  39.415 0.0000000000
96921  -43.084  40.183  34.692 0.0000000000
96912  -44.015  39.890  36.230 0.0000000000
96911  -43.040  39.902  35.594 0.0000000000
129543  -42.460  40.214  36.323 0.0000000000
96891  -42.342  40.597  38.426 0.0000000000
96879  -42.142  40.637  39.956 0.0000000000
96890  -41.494  40.692  37.860 0.0000000000
96889  -40.463  40.919  37.719 0.0000000000
101273  -43.213  48.237  37.437 0.0000000000
101269  -43.441  47.524  37.929 0.0000000000
100658  -43.240  46.940  38.719 0.0000000000
100651  -43.201  46.138  39.176 0.0000000000
100077  -42.753  45.565  39.599 0.0000000000
99492  -39.622  43.932  40.638 0.0000000000
98907  -40.136  43.684  39.996 0.0000000000
98906  -39.367  43.551  39.823 0.0000000000
123743  -38.476  43.098  37.094 0.0000000000
140663  -38.206  42.753  36.969 0.0000000000
98941  -37.828  43.024  37.416 0.0000000000
97613  -37.170  42.265  37.809 0.0000000000
97605  -36.527  41.967  38.267 0.0000000000
97597  -36.062  41.603  38.714 0.0000000000
119700  -48.410  36.750  53.813 0.0000000000
109890  -44.664  63.428  44.406 0.0000000000
130106  -44.569  61.944  44.138 0.0000000000
108852  -45.526  62.186  43.793 0.0000000000
108855  -46.633  61.487  42.855 0.0000000000
108316  -46.904  60.600  42.626 0.0000000000
108863  -47.128  60.962  41.591 0.0000000000
108329  -47.358  60.292  41.850 0.0000000000
107791  -47.458  59.459  41.276 0.0000000000
122865  -47.673  57.903  40.280 0.0000000000
106741  -47.575  57.451  39.761 0.0000000000
105688  -47.557  56.351  38.962 0.0000000000
105173  -46.481  55.217  38.944 0.0000000000
105687  -46.501  56.078  39.521 0.0000000000
125419  -45.511  55.272  40.160 0.0000000000
139857  -44.788  55.425  40.855 0.0000000000
106739  -45.250  57.361  40.826 0.0000000000
105680  -44.577  55.939  41.255 0.0000000000
94687  -44.105  37.184  53.781 0.0000000000
94686  -43.203  37.069  53.284 0.0000000000
95351  -43.620  37.964  52.091 0.0000000000
95352  -44.333  38.468  51.806 0.0000000000
96024  -42.898  38.838  51.032 0.0000000000
96025  -43.758  39.047  51.065 0.0000000000
96026  -44.653  39.216  51.274 0.0000000000
96040  -45.076  39.846  50.859 0.0000000000
96775  -45.587  40.497  50.474 0.0000000000
97500  -46.066  41.113  50.083 0.0000000000
109325  -32.521  62.405  50.633 0.0000000000
109337  -33.320  62.039  49.486 0.0000000000
109348  -33.413  62.437  48.647 0.0000000000
109356  -33.622  62.852  47.905 0.0000000000
144201  -39.150  67.180  44.897 0.0000000000
112361  -39.857  69.316  43.434 0.0000000000
112802  -40.511  70.470  43.051 0.0000000000
112810  -41.059  71.361  42.640 0.0000000000
113210  -41.239  71.257  42.528 0.0000000000
113588  -41.077  71.639  41.986 0.0000000000
113587  -40.849  71.567  41.268 0.0000000000
98885  -43.502  43.932  42.695 0.0000000000
98875  -43.821  43.219  42.756 0.0000000000
98255  -44.400  43.168  42.215 0.0000000000
124066  -44.967  42.341  42.174 0.0000000000
98262  -45.393  42.473  41.458 0.0000000000
107201  -45.315  58.850  49.684 0.0000000000
106658  -46.001  57.477  49.234 0.0000000000
104610  -46.538  53.778  42.849 0.0000000000
105149  -46.533  54.277  43.402 0.0000000000
104074  -46.011  52.978  42.534 0.0000000000
104060  -45.660  52.098  43.217 0.0000000000
103064  -45.371  51.267  42.771 0.0000000000
135029  -45.048  50.559  40.814 0.0000000000
139620  -45.263  50.618  41.954 0.0000000000
103065  -45.788  50.274  43.143 0.0000000000
102490  -46.541  49.427  42.814 0.0000000000
102500  -47.415  48.713  42.332 0.0000000000
101851  -48.211  48.143  41.829 0.0000000000
101861  -48.701  47.494  41.421 0.0000000000
101256  -48.488  47.430  40.367 0.0000000000
101264  -48.355  46.859  39.510 0.0000000000
100087  -48.381  45.165  37.942 0.0000000000
100667  -47.379  46.681  37.726 0.0000000000
100102  -48.370  44.973  36.755 0.0000000000
99531  -48.574  44.214  36.686 0.0000000000
98965  -48.694  42.689  36.260 0.0000000000
97641  -48.378  41.260  35.772 0.0000000000
96183  -47.855  39.865  35.589 0.0000000000
96182  -47.249  39.789  35.461 0.0000000000
96922  -46.908  39.907  34.979 0.0000000000
96192  -45.924  39.980  34.562 0.0000000000
96933  -44.999  40.143  34.337 0.0000000000
98313  -45.943  41.868  35.840 0.0000000000
132770  -45.001  40.997  34.657 0.0000000000
97647  -43.785  40.753  34.293 0.0000000000
97636  -43.286  41.179  34.537 0.0000000000
135162  -42.403  41.386  34.676 0.0000000000
97624  -42.062  41.926  35.068 0.0000000000
101254  -41.643  47.422  40.191 0.0000000000
101253  -40.990  47.763  40.602 0.0000000000
100641  -40.661  46.426  41.276 0.0000000000
100062  -40.340  45.714  41.395 0.0000000000
99487  -39.880  44.850  41.306 0.0000000000
98895  -39.076  44.136  41.275 0.0000000000
98894  -38.215  43.715  41.158 0.0000000000
98903  -36.777  43.309  40.167 0.0000000000
108842  -39.462  61.457  46.967 0.0000000000
108294  -39.527  60.692  47.380 0.0000000000
108297  -39.651  60.735  46.497 0.0000000000
107747  -40.724  59.319  45.789 0.0000000000
107229  -41.608  58.901  45.304 0.0000000000
107755  -42.035  59.759  44.758 0.0000000000
107230  -42.328  58.166  44.939 0.0000000000
106696  -42.863  57.322  44.863 0.0000000000
141033  -44.280  56.519  44.286 0.0000000000
105665  -45.745  55.763  43.728 0.0000000000
108851  -44.974  61.372  43.869 0.0000000000
107758  -44.649  59.926  43.746 0.0000000000
133902  -45.012  59.153  43.581 0.0000000000
134690  -47.272  58.040  42.388 0.0000000000
134217  -46.640  58.235  42.952 0.0000000000
142536  -45.140  57.886  43.564 0.0000000000
106183  -46.264  56.622  43.284 0.0000000000
105666  -46.686  55.803  43.151 0.0000000000
124413  -46.974  55.063  42.986 0.0000000000
129925  -47.056  54.330  42.154 0.0000000000
139017  -46.688  53.378  40.621 0.0000000000
104099  -46.800  53.071  39.465 0.0000000000
104634  -47.844  53.966  38.312 0.0000000000
104098  -46.173  52.348  39.050 0.0000000000
103591  -46.071  51.835  37.381 0.0000000000
103108  -45.380  50.373  36.794 0.0000000000
102551  -45.047  49.397  35.811 0.0000000000
101901  -44.569  48.711  35.562 0.0000000000
103124  -44.927  50.169  35.179 0.0000000000
102557  -44.152  49.640  35.167 0.0000000000
102550  -43.625  49.369  35.482 0.0000000000
121072  -44.683  51.569  35.429 0.0000000000
103606  -43.855  50.964  35.803 0.0000000000
102549  -42.950  49.783  36.071 0.0000000000
127781  -42.584  49.398  36.788 0.0000000000
102526  -42.012  49.529  37.405 0.0000000000
101873  -41.722  49.186  38.180 0.0000000000
104110  -44.508  53.110  38.828 0.0000000000
104109  -43.872  52.315  38.643 0.0000000000
142971  -43.303  52.948  40.359 0.0000000000
124465  -42.990  51.910  39.397 0.0000000000
103579  -43.162  51.595  38.416 0.0000000000
94688  -45.111  37.453  53.848 0.0000000000
94678  -45.811  37.344  54.548 0.0000000000
95335  -46.021  38.277  53.323 0.0000000000
94689  -45.911  37.870  53.913 0.0000000000
132874  -46.545  37.722  54.287 0.0000000000
94680  -47.821  37.321  54.992 0.0000000000
94681  -48.287  37.191  54.656 0.0000000000
94692  -48.379  37.445  53.650 0.0000000000
122861  -48.623  38.017  52.307 0.0000000000
95363  -48.790  38.502  51.304 0.0000000000
96030  -49.220  39.390  51.242 0.0000000000
96042  -49.167  38.903  51.261 0.0000000000
121759  -49.250  38.987  50.744 0.0000000000
95366  -48.967  39.285  49.738 0.0000000000
95375  -48.668  39.343  48.577 0.0000000000
96068  -49.374  39.478  46.920 0.0000000000
108781  -36.080  61.744  53.411 0.0000000000
122820  -35.628  61.509  51.982 0.0000000000
108793  -36.250  61.666  52.584 0.0000000000
109282  -36.809  62.101  53.976 0.0000000000
109297  -38.237  62.536  53.788 0.0000000000
109298  -39.463  62.970  54.047 0.0000000000
109789  -40.527  63.293  54.796 0.0000000000
109807  -40.466  63.366  53.644 0.0000000000
119660  -40.544  63.572  52.512 0.0000000000
109823  -40.964  63.889  51.726 0.0000000000
109822  -39.539  63.566  51.284 0.0000000000
109835  -40.430  64.222  50.987 0.0000000000
109836  -41.040  64.134  51.081 0.0000000000
131504  -40.959  64.189  50.649 0.0000000000
132870  -40.668  63.753  49.606 0.0000000000
141063  -40.227  63.656  48.893 0.0000000000
109866  -35.204  63.321  47.522 0.0000000000
109856  -36.471  63.643  48.374 0.0000000000
109857  -37.286  64.160  48.712 0.0000000000
110358  -38.136  64.692  49.172 0.0000000000
110862  -37.978  65.789  47.994 0.0000000000
110367  -38.676  65.584  49.093 0.0000000000
110359  -39.018  65.156  49.617 0.0000000000
110369  -40.249  65.263  49.573 0.0000000000
109858  -40.127  64.099  48.438 0.0000000000
109351  -39.741  63.075  48.270 0.0000000000
109877  -39.743  63.135  46.615 0.0000000000
109361  -40.166  63.197  45.730 0.0000000000
124576  -40.670  65.846  47.044 0.0000000000
110395  -40.503  64.793  46.025 0.0000000000
109883  -41.037  63.231  45.143 0.0000000000
109884  -42.115  63.647  44.890 0.0000000000
110405  -43.175  63.856  44.738 0.0000000000
111818  -39.970  67.826  46.298 0.0000000000
111806  -41.559  68.306  47.117 0.0000000000
112341  -41.948  69.580  46.116 0.0000000000
111807  -42.505  68.672  46.551 0.0000000000
111342  -42.102  66.928  46.148 0.0000000000
122952  -42.668  66.174  45.591 0.0000000000
110406  -43.793  64.709  44.930 0.0000000000
128180  -44.250  64.078  44.640 0.0000000000
133813  -45.242  64.334  44.398 0.0000000000
133973  -45.896  64.524  43.960 0.0000000000
110415  -46.125  64.475  43.419 0.0000000000
111832  -45.011  67.119  44.549 0.0000000000
110905  -45.597  65.688  43.803 0.0000000000
110424  -45.877  64.946  43.362 0.0000000000
109903  -45.973  64.051  42.479 0.0000000000
109902  -45.016  64.110  42.551 0.0000000000
110901  -42.164  66.183  43.492 0.0000000000
112811  -41.419  71.096  42.457 0.0000000000
112389  -41.450  70.340  42.125 0.0000000000
97497  -43.179  41.246  50.017 0.0000000000
98191  -42.677  41.824  48.646 0.0000000000
98192  -43.469  41.819  48.866 0.0000000000
97509  -43.728  41.566  49.518 0.0000000000
135622  -44.443  41.548  49.611 0.0000000000
97511  -45.708  41.550  49.528 0.0000000000
98195  -46.262  41.759  49.056 0.0000000000
98237  -43.310  41.883  45.698 0.0000000000
98238  -44.090  41.564  45.838 0.0000000000
97550  -44.685  41.338  44.552 0.0000000000
97537  -44.898  41.439  46.074 0.0000000000
98230  -45.233  41.602  46.911 0.0000000000
98220  -46.459  41.646  47.844 0.0000000000
97512  -47.176  41.687  49.194 0.0000000000
139376  -48.396  41.592  48.914 0.0000000000
125323  -49.461  41.454  48.179 0.0000000000
132865  -50.122  41.019  47.946 0.0000000000
97554  -49.227  41.438  45.506 0.0000000000
97542  -49.890  41.336  46.463 0.0000000000
96797  -50.301  40.485  47.303 0.0000000000
96063  -50.221  39.900  46.854 0.0000000000
96069  -49.950  39.655  46.439 0.0000000000
96077  -49.316  39.403  45.962 0.0000000000
104007  -44.987  52.745  47.395 0.0000000000
103523  -45.052  51.661  46.388 0.0000000000
126877  -44.831  50.669  45.921 0.0000000000
108295  -39.901  60.032  47.755 0.0000000000
107199  -42.303  58.727  48.122 0.0000000000
106672  -42.320  57.138  46.395 0.0000000000
106664  -42.633  57.386  47.249 0.0000000000
107200  -43.403  58.653  48.419 0.0000000000
106656  -44.115  58.107  48.351 0.0000000000
106128  -45.458  57.094  48.487 0.0000000000
106129  -46.256  56.760  48.848 0.0000000000
105137  -46.150  53.939  44.197 0.0000000000
104590  -46.020  53.676  45.129 0.0000000000
104573  -46.180  53.674  46.066 0.0000000000
104043  -47.371  51.913  45.801 0.0000000000
105121  -46.582  53.926  47.009 0.0000000000
105105  -46.188  54.695  47.394 0.0000000000
105627  -46.821  55.162  48.344 0.0000000000
105619  -47.177  55.651  49.065 0.0000000000
105098  -47.592  54.496  49.222 0.0000000000
103990  -47.832  53.116  49.103 0.0000000000
103995  -47.677  52.489  48.849 0.0000000000
103026  -48.686  50.433  47.950 0.0000000000
103509  -48.262  50.731  48.233 0.0000000000
103508  -47.526  51.166  48.224 0.0000000000
141118  -46.261  50.616  46.987 0.0000000000
103039  -45.964  50.059  46.568 0.0000000000
102467  -45.539  48.956  45.826 0.0000000000
101824  -45.658  48.183  44.806 0.0000000000
101222  -46.281  47.683  44.455 0.0000000000
101242  -45.011  46.808  42.685 0.0000000000
101234  -47.362  46.926  43.589 0.0000000000
125899  -46.349  46.565  42.274 0.0000000000
100632  -45.215  46.071  41.840 0.0000000000
98909  -45.348  43.490  40.996 0.0000000000
97587  -46.083  41.656  41.237 0.0000000000
140449  -48.794  46.094  40.770 0.0000000000
100073  -48.454  45.880  40.586 0.0000000000
99503  -47.144  44.670  39.372 0.0000000000
98935  -47.691  43.442  38.350 0.0000000000
140908  -47.560  44.285  38.719 0.0000000000
98921  -47.087  43.612  39.093 0.0000000000
98272  -46.640  42.697  39.630 0.0000000000
98266  -46.429  41.867  40.370 0.0000000000
121551  -47.040  41.002  40.943 0.0000000000
97588  -47.779  40.764  41.660 0.0000000000
143547  -48.807  40.554  41.577 0.0000000000
96839  -49.924  40.400  42.569 0.0000000000
96868  -50.015  39.950  40.717 0.0000000000
96853  -49.950  40.150  41.584 0.0000000000
135035  -50.148  40.020  42.880 0.0000000000
96099  -50.053  39.799  43.607 0.0000000000
95414  -48.927  38.987  44.609 0.0000000000
95399  -48.636  39.065  45.455 0.0000000000
95413  -47.958  38.712  44.906 0.0000000000
95412  -47.211  38.464  44.423 0.0000000000
127476  -46.509  38.337  44.813 0.0000000000
95451  -47.070  38.511  41.636 0.0000000000
95426  -46.736  38.402  43.037 0.0000000000
119359  -46.379  38.329  44.033 0.0000000000
125259  -45.429  38.241  44.224 0.0000000000
122949  -44.906  38.437  43.716 0.0000000000
96161  -46.315  39.739  36.905 0.0000000000
137006  -45.788  39.892  37.716 0.0000000000
96141  -45.175  40.056  39.163 0.0000000000
139862  -44.259  40.108  37.259 0.0000000000
96151  -44.923  40.126  38.087 0.0000000000
96133  -44.662  39.937  40.701 0.0000000000
135872  -44.340  39.457  42.130 0.0000000000
96098  -43.725  39.022  43.277 0.0000000000
96097  -42.684  39.342  43.184 0.0000000000
140577  -42.019  39.728  42.785 0.0000000000
96864  -41.542  40.661  40.495 0.0000000000
96848  -41.525  40.457  41.393 0.0000000000
101289  -44.605  47.647  35.927 0.0000000000
100091  -45.208  45.620  36.830 0.0000000000
99519  -44.660  44.213  37.650 0.0000000000
100660  -44.216  45.971  38.013 0.0000000000
99512  -44.075  44.457  38.268 0.0000000000
98934  -44.132  43.584  38.036 0.0000000000
98288  -43.488  42.524  37.479 0.0000000000
98287  -42.449  42.395  36.850 0.0000000000
98300  -41.698  42.265  35.748 0.0000000000
100643  -41.986  46.638  40.218 0.0000000000
98908  -40.939  43.992  40.103 0.0000000000
139914  -41.371  43.660  39.551 0.0000000000
98286  -41.283  42.626  36.537 0.0000000000
98311  -40.683  41.983  35.391 0.0000000000
97617  -40.298  41.461  35.855 0.0000000000
135379  -39.636  41.186  37.463 0.0000000000
119717  -39.888  41.032  38.620 0.0000000000
97615  -38.297  42.136  36.818 0.0000000000
96888  -38.921  41.293  37.881 0.0000000000
96877  -39.796  40.934  39.824 0.0000000000
94691  -48.053  37.772  54.173 0.0000000000
94706  -48.395  37.414  52.313 0.0000000000
94707  -48.471  37.565  52.842 0.0000000000
94752  -45.567  37.935  46.375 0.0000000000
95398  -47.784  38.818  45.821 0.0000000000
95425  -45.789  38.408  43.426 0.0000000000
95427  -47.814  38.449  43.044 0.0000000000
95428  -48.871  38.682  43.079 0.0000000000
95438  -45.164  38.684  42.987 0.0000000000
95440  -46.650  38.482  42.276 0.0000000000
95441  -47.446  38.435  42.313 0.0000000000
95453  -49.068  38.582  41.568 0.0000000000
95463  -49.850  38.860  40.693 0.0000000000
95468  -48.579  38.740  39.367 0.0000000000
96043  -49.730  39.861  50.307 0.0000000000
96055  -50.218  39.902  47.594 0.0000000000
96062  -50.003  39.679  47.371 0.0000000000
96079  -50.248  39.984  45.125 0.0000000000
96084  -49.347  39.320  45.191 0.0000000000
96085  -49.810  39.567  44.554 0.0000000000
96113  -50.074  39.659  42.039 0.0000000000
96122  -43.160  39.998  41.920 0.0000000000
96123  -44.611  39.620  41.499 0.0000000000
96124  -50.103  39.497  41.124 0.0000000000
96136  -50.091  39.298  40.417 0.0000000000
96145  -49.803  38.921  38.966 0.0000000000
96152  -45.944  39.809  38.554 0.0000000000
96153  -47.118  39.358  38.760 0.0000000000
96164  -49.264  39.234  37.637 0.0000000000
96170  -43.812  39.723  35.023 0.0000000000
96173  -46.939  39.651  35.957 0.0000000000
96175  -48.744  39.773  36.320 0.0000000000
96179  -43.969  39.990  34.447 0.0000000000
96190  -44.599  39.987  34.355 0.0000000000
96191  -45.277  39.867  34.521 0.0000000000
96778  -49.554  40.480  50.184 0.0000000000
96789  -50.262  40.316  48.020 0.0000000000
96801  -50.336  40.521  46.432 0.0000000000
96808  -50.340  40.534  45.582 0.0000000000
96816  -50.301  40.583  44.903 0.0000000000
96825  -48.392  40.723  43.110 0.0000000000
96838  -49.357  40.672  42.645 0.0000000000
96847  -40.531  40.492  41.476 0.0000000000
96849  -42.460  40.248  41.665 0.0000000000
96865  -43.734  40.360  40.481 0.0000000000
96878  -40.753  40.825  40.038 0.0000000000
96883  -49.963  39.474  39.708 0.0000000000
96893  -44.232  40.356  38.841 0.0000000000
96901  -42.404  40.438  37.435 0.0000000000
96908  -40.993  41.160  35.445 0.0000000000
96914  -49.051  40.052  36.538 0.0000000000
96923  -47.523  40.316  35.205 0.0000000000
96924  -48.360  40.335  35.741 0.0000000000
96930  -42.900  40.811  34.445 0.0000000000
96931  -43.615  40.414  34.403 0.0000000000
96932  -44.234  40.282  34.317 0.0000000000
96934  -46.632  40.355  34.827 0.0000000000
97510  -44.986  41.680  49.447 0.0000000000
97517  -47.676  41.664  48.669 0.0000000000
97518  -48.433  41.645  48.240 0.0000000000
97519  -49.808  41.033  48.900 0.0000000000
97526  -46.106  41.507  47.101 0.0000000000
97529  -48.930  41.641  47.481 0.0000000000
97530  -49.731  41.411  47.306 0.0000000000
97541  -48.741  41.530  46.199 0.0000000000
97543  -50.197  41.079  46.906 0.0000000000
97549  -43.794  41.667  44.865 0.0000000000
97552  -46.243  41.075  45.717 0.0000000000
97555  -49.863  41.285  45.690 0.0000000000
97563  -48.033  40.992  44.717 0.0000000000
97566  -50.180  41.014  45.228 0.0000000000
97604  -36.012  42.250  38.696 0.0000000000
97606  -38.113  41.665  37.416 0.0000000000
97614  -37.739  42.515  37.298 0.0000000000
97618  -48.746  41.017  37.187 0.0000000000
97623  -39.182  42.151  36.322 0.0000000000
97626  -45.025  41.503  35.459 0.0000000000
97627  -48.809  40.856  36.678 0.0000000000
97635  -42.008  41.116  34.644 0.0000000000
97637  -44.234  41.094  34.562 0.0000000000
97642  -48.714  40.641  36.174 0.0000000000
97648  -44.576  40.614  34.402 0.0000000000
97649  -45.574  40.562  34.613 0.0000000000
98194  -45.376  41.842  48.968 0.0000000000
98202  -42.555  42.000  47.896 0.0000000000
98206  -46.806  41.735  48.536 0.0000000000
98216  -42.417  42.163  47.101 0.0000000000
98227  -42.284  42.332  46.389 0.0000000000
98229  -44.414  41.627  46.658 0.0000000000
98244  -43.452  42.245  44.168 0.0000000000
98261  -44.893  43.254  41.618 0.0000000000
98265  -45.765  42.653  40.711 0.0000000000
98285  -40.374  42.756  36.329 0.0000000000
98298  -39.880  42.137  35.814 0.0000000000
98299  -40.890  42.385  35.742 0.0000000000
98303  -46.389  42.816  36.141 0.0000000000
98312  -41.415  42.008  35.226 0.0000000000
98316  -48.428  42.277  35.791 0.0000000000
98317  -48.648  41.649  36.196 0.0000000000
98857  -40.864  43.799  45.643 0.0000000000
98904  -37.623  43.458  40.293 0.0000000000
98910  -45.892  43.739  40.376 0.0000000000
98915  -36.489  43.180  39.315 0.0000000000
98918  -40.638  43.466  39.296 0.0000000000
98920  -46.499  43.766  39.757 0.0000000000
98927  -37.426  43.208  38.100 0.0000000000
98936  -48.110  42.696  37.771 0.0000000000
98953  -45.107  42.780  37.016 0.0000000000
98955  -48.659  43.513  36.412 0.0000000000
98962  -47.282  42.928  35.618 0.0000000000
98964  -48.438  43.280  35.820 0.0000000000
99439  -38.995  45.142  46.672 0.0000000000
99480  -43.639  44.643  42.437 0.0000000000
99481  -44.242  44.750  41.935 0.0000000000
99488  -44.910  44.798  41.446 0.0000000000
99502  -43.043  44.880  39.310 0.0000000000
99511  -43.501  44.661  38.835 0.0000000000
99513  -48.035  44.460  38.225 0.0000000000
99514  -48.357  44.602  37.789 0.0000000000
99530  -46.207  44.058  36.252 0.0000000000
99545  -48.230  44.510  36.135 0.0000000000
100032  -39.851  45.701  45.639 0.0000000000
100063  -45.596  45.575  41.290 0.0000000000
100064  -46.730  45.920  41.116 0.0000000000
100071  -42.275  45.960  40.087 0.0000000000
100072  -47.375  45.657  40.420 0.0000000000
100079  -47.836  45.517  39.616 0.0000000000
100080  -48.470  45.959  39.819 0.0000000000
100086  -44.557  45.250  37.690 0.0000000000
100092  -48.470  44.696  37.324 0.0000000000
100113  -46.279  45.636  35.817 0.0000000000
100114  -46.937  45.353  35.738 0.0000000000
100115  -47.734  45.142  36.052 0.0000000000
100623  -45.479  46.528  42.267 0.0000000000
100625  -48.220  46.433  42.767 0.0000000000
100636  -48.840  46.250  41.898 0.0000000000
100646  -49.072  46.523  41.206 0.0000000000
100661  -48.230  46.369  38.693 0.0000000000
100665  -43.955  46.818  37.790 0.0000000000
100680  -45.080  46.648  36.195 0.0000000000
100681  -46.620  46.751  36.669 0.0000000000
100683  -48.184  45.480  37.084 0.0000000000
100697  -47.168  45.750  36.030 0.0000000000
101202  -48.312  47.919  46.276 0.0000000000
101220  -44.031  47.918  43.880 0.0000000000
101224  -48.123  47.168  44.775 0.0000000000
101225  -48.224  47.326  44.860 0.0000000000
101236  -48.286  47.026  43.773 0.0000000000
101243  -46.065  46.965  42.884 0.0000000000
101261  -41.910  47.891  39.510 0.0000000000
101268  -42.885  47.894  38.329 0.0000000000
101288  -44.030  47.995  36.127 0.0000000000
101291  -46.025  46.877  35.965 0.0000000000
101296  -44.143  48.360  35.652 0.0000000000
101297  -44.678  48.104  35.699 0.0000000000
101298  -45.196  47.696  35.868 0.0000000000
101793  -48.509  48.901  47.118 0.0000000000
101812  -46.112  48.345  45.583 0.0000000000
101814  -48.105  47.698  46.190 0.0000000000
101827  -48.379  47.765  45.403 0.0000000000
101843  -48.716  47.077  42.858 0.0000000000
101850  -47.159  48.621  41.402 0.0000000000
101852  -48.685  47.435  42.231 0.0000000000
101870  -47.577  48.041  40.167 0.0000000000
101880  -43.126  49.069  36.104 0.0000000000
101900  -44.153  48.949  35.265 0.0000000000
102447  -48.545  49.843  47.576 0.0000000000
102456  -48.066  48.758  47.207 0.0000000000
102476  -48.467  48.520  45.893 0.0000000000
102489  -45.800  49.807  42.259 0.0000000000
102536  -42.237  50.060  36.951 0.0000000000
102558  -44.470  49.541  35.234 0.0000000000
102559  -44.722  49.340  35.476 0.0000000000
103009  -48.601  50.854  48.111 0.0000000000
103024  -47.956  49.943  47.827 0.0000000000
103025  -48.631  50.053  48.083 0.0000000000
103040  -46.964  50.131  47.347 0.0000000000
103041  -48.512  51.014  47.295 0.0000000000
103058  -47.094  49.850  44.796 0.0000000000
103089  -45.276  50.694  38.550 0.0000000000
103097  -41.760  50.471  37.697 0.0000000000
103114  -43.753  50.220  35.429 0.0000000000
103116  -45.267  50.289  35.756 0.0000000000
103123  -44.571  50.274  35.167 0.0000000000
103493  -48.154  51.579  48.457 0.0000000000
103494  -48.364  51.610  48.283 0.0000000000
103524  -45.637  51.683  46.998 0.0000000000
103571  -45.325  51.490  40.013 0.0000000000
103590  -43.186  51.294  37.423 0.0000000000
103599  -45.330  52.238  35.500 0.0000000000
103601  -46.591  52.451  36.264 0.0000000000
103607  -45.284  51.703  35.206 0.0000000000
103608  -45.584  51.713  35.272 0.0000000000
103997  -48.256  52.190  48.508 0.0000000000
104009  -47.085  51.858  48.365 0.0000000000
104010  -48.281  52.280  47.852 0.0000000000
104011  -48.416  51.813  48.237 0.0000000000
104052  -46.343  52.674  44.502 0.0000000000
104073  -45.509  52.189  42.260 0.0000000000
104123  -46.933  52.868  35.911 0.0000000000
104529  -47.243  53.907  49.532 0.0000000000
104530  -47.688  53.796  49.220 0.0000000000
104543  -48.257  52.374  48.412 0.0000000000
104575  -47.773  52.744  47.281 0.0000000000
104599  -46.236  53.518  43.820 0.0000000000
104619  -46.708  53.707  41.665 0.0000000000
104620  -47.383  54.092  40.382 0.0000000000
104642  -48.235  55.091  37.703 0.0000000000
104649  -47.093  53.139  35.944 0.0000000000
105083  -45.945  54.728  49.756 0.0000000000
105084  -46.938  54.788  49.895 0.0000000000
105097  -47.458  54.847  48.875 0.0000000000
105106  -47.172  54.345  48.011 0.0000000000
105120  -45.674  54.348  46.450 0.0000000000
105128  -45.475  54.205  45.536 0.0000000000
105611  -46.521  55.539  50.009 0.0000000000
105612  -47.011  55.553  49.843 0.0000000000
105613  -47.373  55.221  49.405 0.0000000000
105618  -46.510  55.948  48.570 0.0000000000
105626  -46.025  55.407  47.813 0.0000000000
105634  -43.544  56.010  46.164 0.0000000000
105645  -43.711  55.825  45.375 0.0000000000
105654  -44.145  55.790  44.752 0.0000000000
105681  -48.340  56.231  40.012 0.0000000000
105689  -48.362  56.201  39.255 0.0000000000
105695  -48.022  56.016  38.555 0.0000000000
106110  -46.388  56.868  49.993 0.0000000000
106125  -47.044  55.854  49.527 0.0000000000
106130  -46.753  56.324  49.274 0.0000000000
106192  -47.171  56.690  42.593 0.0000000000
106193  -47.815  56.827  41.428 0.0000000000
106200  -45.096  56.554  40.852 0.0000000000
106641  -45.597  57.369  50.241 0.0000000000
106642  -46.056  57.524  50.072 0.0000000000
106652  -46.111  57.644  49.826 0.0000000000
106657  -45.513  57.808  48.881 0.0000000000
106663  -41.819  57.670  46.894 0.0000000000
106666  -44.703  57.544  48.324 0.0000000000
106673  -42.882  56.838  46.895 0.0000000000
106685  -42.251  57.400  45.518 0.0000000000
106711  -45.768  57.504  43.381 0.0000000000
107202  -45.694  58.122  49.515 0.0000000000
107206  -42.457  58.040  47.677 0.0000000000
107207  -43.209  57.862  47.889 0.0000000000
107210  -41.144  58.273  46.727 0.0000000000
107217  -41.144  58.438  45.922 0.0000000000
107231  -43.142  58.910  44.429 0.0000000000
107247  -44.531  58.240  43.735 0.0000000000
107248  -45.629  58.482  43.385 0.0000000000
107249  -46.582  59.086  42.992 0.0000000000
107258  -47.360  58.818  42.272 0.0000000000
107259  -47.629  58.814  41.388 0.0000000000
107267  -45.250  58.790  40.853 0.0000000000
107268  -47.567  58.672  40.807 0.0000000000
107276  -47.366  58.604  40.535 0.0000000000
107734  -44.888  59.606  49.883 0.0000000000
107741  -39.751  60.004  46.835 0.0000000000
107742  -40.158  59.507  47.246 0.0000000000
107748  -41.354  59.888  45.228 0.0000000000
107774  -45.551  59.945  43.495 0.0000000000
107790  -47.500  59.446  41.843 0.0000000000
108282  -40.895  60.891  49.264 0.0000000000
108289  -39.683  60.770  48.227 0.0000000000
108291  -41.497  60.159  48.895 0.0000000000
108298  -40.077  60.138  45.998 0.0000000000
108301  -40.445  60.801  45.564 0.0000000000
108304  -41.976  60.614  44.730 0.0000000000
108305  -42.806  60.736  44.457 0.0000000000
108340  -44.708  61.160  41.135 0.0000000000
108341  -45.820  61.335  40.872 0.0000000000
108342  -47.006  61.018  41.283 0.0000000000
108343  -47.233  60.227  41.168 0.0000000000
108352  -46.875  60.563  40.878 0.0000000000
108791  -33.845  61.520  52.383 0.0000000000
108803  -32.924  62.052  51.781 0.0000000000
108804  -33.386  61.673  51.696 0.0000000000
108807  -36.061  61.573  51.149 0.0000000000
108816  -33.523  61.564  50.927 0.0000000000
108817  -34.313  61.443  50.723 0.0000000000
108819  -36.236  61.809  50.319 0.0000000000
108835  -39.714  61.565  48.583 0.0000000000
108839  -39.451  61.458  47.860 0.0000000000
108845  -39.709  61.436  46.200 0.0000000000
108847  -40.852  61.505  45.238 0.0000000000
108875  -46.261  62.032  41.281 0.0000000000
108876  -46.781  61.809  41.688 0.0000000000
109296  -37.421  62.251  53.632 0.0000000000
109326  -33.044  61.877  50.349 0.0000000000
109328  -37.637  62.851  50.198 0.0000000000
109343  -41.441  62.372  50.447 0.0000000000
109349  -34.339  62.515  48.421 0.0000000000
109350  -35.261  62.568  48.617 0.0000000000
109357  -39.512  62.408  47.458 0.0000000000
109360  -39.857  62.548  45.967 0.0000000000
109364  -39.869  61.978  45.899 0.0000000000
109365  -40.425  62.305  45.454 0.0000000000
109369  -42.155  62.193  44.649 0.0000000000
109372  -45.108  62.808  44.135 0.0000000000
109373  -45.964  63.067  43.680 0.0000000000
109376  -46.391  63.281  43.184 0.0000000000
109854  -32.078  63.236  48.640 0.0000000000
109882  -40.530  63.919  45.612 0.0000000000
109887  -41.861  62.866  44.807 0.0000000000
110348  -39.296  64.675  50.110 0.0000000000
110360  -39.843  65.374  49.895 0.0000000000
110377  -40.378  65.548  48.074 0.0000000000
110398  -43.237  65.389  45.293 0.0000000000
110407  -44.843  64.973  44.691 0.0000000000
110408  -45.553  65.210  44.324 0.0000000000
110409  -45.897  65.139  43.966 0.0000000000
110423  -45.936  64.705  42.941 0.0000000000
110847  -40.034  65.707  49.531 0.0000000000
110855  -38.493  65.899  48.606 0.0000000000
110858  -40.199  66.073  49.047 0.0000000000
110880  -45.187  66.775  44.622 0.0000000000
110904  -45.324  66.028  43.713 0.0000000000
110915  -44.946  65.381  43.256 0.0000000000
111324  -39.819  67.367  48.199 0.0000000000
111326  -40.881  67.718  47.732 0.0000000000
111333  -42.407  67.935  46.515 0.0000000000
111345  -44.969  67.107  45.112 0.0000000000
111366  -45.267  66.545  44.137 0.0000000000
111808  -43.526  68.278  45.961 0.0000000000
111831  -44.673  67.875  44.717 0.0000000000
112325  -41.338  68.447  47.196 0.0000000000
112331  -42.082  69.073  46.748 0.0000000000
112339  -40.307  68.439  45.286 0.0000000000
112351  -43.188  69.727  44.525 0.0000000000
112362  -40.676  69.977  43.924 0.0000000000
112797  -42.761  70.228  44.616 0.0000000000
112803  -41.316  70.771  43.528 0.0000000000
113199  -42.070  70.601  44.593 0.0000000000
113204  -42.155  70.722  44.175 0.0000000000
113215  -40.916  71.649  41.600 0.0000000000
113592  -41.013  71.646  41.467 0.0000000000
119301  -35.685  63.177  48.164 0.0000000000
119767  -49.231  38.996  37.979 0.0000000000
119888  -41.849  40.701  39.071 0.0000000000
120588  -48.938  39.424  36.951 0.0000000000
121095  -38.962  40.964  39.923 0.0000000000
121173  -46.801  52.484  45.390 0.0000000000
121630  -48.954  40.410  38.497 0.0000000000
122007  -44.222  61.240  44.120 0.0000000000
122225  -46.157  64.291  42.859 0.0000000000
122397  -44.652  67.364  44.315 0.0000000000
122585  -42.671  40.592  39.279 0.0000000000
122710  -33.937  62.044  49.002 0.0000000000
123172  -47.479  50.626  47.905 0.0000000000
123570  -47.806  41.067  39.560 0.0000000000
123894  -44.590  58.905  49.048 0.0000000000
124628  -32.591  62.397  49.827 0.0000000000
125147  -41.297  63.668  52.445 0.0000000000
125153  -48.664  50.331  47.864 0.0000000000
125168  -46.723  62.159  42.414 0.0000000000
125744  -48.692  43.629  36.883 0.0000000000
126162  -39.568  67.609  45.105 0.0000000000
126243  -48.545  46.206  39.449 0.0000000000
126284  -47.995  41.687  35.458 0.0000000000
126516  -48.116  43.976  35.747 0.0000000000
126671  -43.424  69.511  45.509 0.0000000000
127306  -45.339  50.974  35.148 0.0000000000
128019  -45.416  55.178  44.235 0.0000000000
129442  -49.147  41.479  48.961 0.0000000000
129476  -49.444  38.627  40.983 0.0000000000
130524  -37.786  43.378  38.594 0.0000000000
130973  -40.066  41.179  36.636 0.0000000000
131496  -48.234  43.823  37.705 0.0000000000
131676  -43.837  39.846  41.744 0.0000000000
133373  -47.078  38.530  45.285 0.0000000000
134078  -48.145  57.158  40.509 0.0000000000
134144  -46.938  41.121  50.239 0.0000000000
134382  -40.580  45.135  41.022 0.0000000000
134864  -44.781  66.129  45.142 0.0000000000
135224  -49.545  40.440  41.994 0.0000000000
135733  -42.846  41.682  35.147 0.0000000000
136407  -48.394  45.175  37.423 0.0000000000
136708  -49.267  40.048  37.649 0.0000000000
136724  -46.524  51.174  47.533 0.0000000000
137222  -40.279  63.740  51.698 0.0000000000
137303  -46.918  47.670  38.912 0.0000000000
137310  -47.950  40.904  35.408 0.0000000000
138663  -46.936  54.513  42.727 0.0000000000
138947  -42.459  51.142  38.077 0.0000000000
139144  -48.388  48.386  46.559 0.0000000000
139589  -49.427  38.816  38.675 0.0000000000
140340  -42.450  44.633  39.637 0.0000000000
141040  -50.025  39.890  49.211 0.0000000000
141280  -45.324  49.633  46.003 0.0000000000
141284  -49.286  38.774  42.591 0.0000000000
141858  -43.059  40.449  40.677 0.0000000000
141921  -45.993  49.215  46.323 0.0000000000
141964  -44.011  69.239  45.171 0.0000000000
142252  -46.996  41.297  40.348 0.0000000000
142393  -48.434  48.397  46.395 0.0000000000
142594  -45.213  49.540  37.372 0.0000000000
142682  -36.615  61.770  50.837 0.0000000000
142844  -38.885  62.806  52.236 0.0000000000
142934  -42.442  42.049  35.752 0.0000000000
143299  -49.402  41.497  46.108 0.0000000000
143500  -39.948  71.134  40.969 0.0000000000
143859  -47.940  41.541  49.213 0.0000000000
143897  -42.922  48.804  36.848 0.0000000000
143949  -44.096  42.911  37.793 0.0000000000
144126  -41.753  66.083  45.826 0.0000000000
144591  -41.825  41.634  34.835 0.0000000000
