#!ascii label  , from subject sub-v2s12x28874_ses-1 vox2ras=TkReg
1230
69237  -20.802  5.691  7.509 0.5555555820
70112  -20.852  6.421  7.159 0.6666666865
70984  -21.539  7.167  6.321 0.7777777910
70133  -22.145  6.495  6.177 0.7777777910
71018  -22.266  7.970  5.184 0.8888888955
71020  -24.273  7.745  4.258 0.8888888955
69224  -19.408  5.460  9.100 0.5555555820
122048  -20.274  6.362  7.778 0.5555555820
70982  -20.424  7.709  7.090 0.6666666865
70983  -21.047  7.764  6.572 0.8888888955
71007  -22.904  7.213  5.152 0.8888888955
71019  -23.058  7.797  4.576 0.8888888955
72698  -23.806  9.204  3.752 1.0000000000
133457  -24.912  8.043  4.152 0.8888888955
72700  -25.446  9.438  4.244 1.0000000000
141808  -20.056  8.101  7.278 0.7777777910
72659  -20.674  9.010  6.430 1.0000000000
73545  -21.166  10.647  5.677 1.0000000000
72677  -22.050  8.901  5.030 1.0000000000
72708  -22.823  9.904  3.897 1.0000000000
72676  -21.568  9.717  5.321 1.0000000000
72709  -23.563  10.130  3.516 1.0000000000
74438  -22.639  11.259  3.754 1.0000000000
73580  -23.665  10.967  3.196 1.0000000000
73581  -24.212  10.772  3.260 1.0000000000
73568  -25.438  10.835  3.932 1.0000000000
73591  -24.019  11.327  2.918 1.0000000000
73582  -24.829  11.132  3.396 1.0000000000
74408  -26.612  11.347  4.957 1.0000000000
129928  -26.242  12.140  4.474 1.0000000000
75259  -27.104  12.239  5.211 0.7777777910
74407  -21.071  11.565  5.618 0.8888888955
73566  -21.762  10.492  4.861 1.0000000000
74439  -23.223  11.250  3.235 1.0000000000
74427  -21.946  11.256  4.472 1.0000000000
75295  -22.952  11.939  3.167 1.0000000000
75306  -24.201  12.596  2.448 1.0000000000
75296  -25.263  12.703  3.171 1.0000000000
75297  -25.846  12.829  3.945 1.0000000000
75277  -26.561  12.956  4.622 1.0000000000
75260  -27.945  12.844  5.463 0.8888888955
76101  -27.515  13.763  5.216 1.0000000000
76090  -29.127  12.802  5.575 0.7777777910
133509  -30.075  12.710  5.204 0.7777777910
76088  -20.866  13.191  5.451 0.5555555820
138515  -21.836  15.148  3.628 0.7777777910
76114  -21.728  13.736  4.030 0.8888888955
76125  -23.352  13.512  2.541 1.0000000000
75305  -23.646  12.225  2.650 1.0000000000
125221  -24.322  13.915  2.230 1.0000000000
76128  -25.072  13.380  2.638 1.0000000000
76952  -26.466  14.469  4.350 1.0000000000
76953  -27.182  14.483  4.891 1.0000000000
76939  -28.702  14.503  5.547 0.8888888955
76954  -31.273  13.689  4.108 0.7777777910
76118  -30.554  10.962  1.163 0.6666666865
76966  -31.093  12.944  2.788 0.6666666865
77789  -20.424  15.508  5.225 0.4444444478
77790  -20.992  15.427  4.584 0.7777777910
128779  -21.274  16.014  4.101 0.6666666865
77810  -23.214  15.747  2.333 0.7777777910
130275  -23.573  15.068  2.302 0.8888888955
76978  -24.320  14.754  2.187 0.8888888955
76964  -25.289  14.212  2.807 1.0000000000
77811  -24.632  15.601  2.140 1.0000000000
77799  -26.068  15.253  3.959 1.0000000000
77791  -26.873  15.325  4.623 1.0000000000
77776  -28.255  15.339  5.443 0.8888888955
132193  -29.283  15.094  5.634 0.7777777910
76942  -30.961  14.346  5.033 0.7777777910
76129  -30.774  11.234  0.713 0.5555555820
77793  -31.594  14.674  3.851 0.7777777910
77800  -31.376  14.116  2.756 0.6666666865
79550  -21.061  17.248  3.719 0.6666666865
78690  -20.848  16.682  4.277 0.6666666865
78699  -22.414  16.285  2.724 0.7777777910
79559  -21.770  17.219  2.758 0.7777777910
78700  -23.236  16.415  2.179 0.8888888955
77812  -25.207  15.795  2.587 0.8888888955
78711  -24.431  16.969  1.822 1.0000000000
78702  -25.348  16.705  2.766 1.0000000000
132738  -26.418  16.080  4.220 1.0000000000
78672  -28.183  16.306  5.406 0.8888888955
126508  -30.841  15.913  5.590 0.8888888955
77779  -30.931  15.268  5.417 0.7777777910
78673  -28.962  16.830  5.488 0.8888888955
140256  -30.142  16.484  5.638 0.7777777910
77794  -31.948  15.841  4.441 0.7777777910
134756  -30.093  13.765  0.474 0.6666666865
79558  -20.654  17.777  3.842 0.6666666865
79549  -20.556  17.218  4.354 0.5555555820
131025  -21.156  17.904  3.092 0.7777777910
79570  -22.443  17.641  2.143 0.8888888955
79572  -23.958  17.464  1.668 0.8888888955
79551  -25.522  17.566  3.014 1.0000000000
79562  -24.996  17.430  2.247 1.0000000000
79542  -26.612  17.545  4.213 1.0000000000
78684  -27.489  16.635  4.990 0.8888888955
78685  -31.865  16.398  5.102 0.7777777910
78686  -32.251  16.600  4.701 0.7777777910
78703  -31.255  15.894  1.754 0.6666666865
77822  -29.540  14.622  0.115 0.5555555820
80458  -20.715  18.516  3.299 0.6666666865
80460  -21.749  18.107  2.312 0.8888888955
80461  -24.821  18.331  2.020 1.0000000000
80462  -25.302  18.332  2.562 1.0000000000
79544  -28.184  18.010  5.146 0.8888888955
137017  -28.747  17.562  5.397 0.8888888955
80427  -29.036  18.289  5.411 0.8888888955
79532  -29.612  17.443  5.558 0.8888888955
78675  -32.353  17.179  5.012 0.7777777910
79553  -32.710  17.721  3.905 0.7777777910
126038  -32.463  17.007  3.372 0.7777777910
78713  -30.171  15.649  0.666 0.5555555820
80430  -31.591  18.851  5.634 0.7777777910
79564  -32.547  17.742  2.891 0.5555555820
79573  -29.952  16.431  0.326 0.5555555820
80451  -32.811  18.463  3.464 0.6666666865
81367  -19.866  19.796  4.142 0.4444444478
81377  -20.858  19.388  2.771 0.5555555820
134231  -22.500  19.953  1.590 0.7777777910
81389  -24.572  19.133  1.892 1.0000000000
81387  -22.887  19.330  1.646 0.8888888955
81380  -25.411  19.212  2.857 1.0000000000
132405  -26.499  18.871  3.880 0.8888888955
81360  -27.905  19.354  4.611 0.8888888955
80439  -27.671  18.536  4.664 0.8888888955
80441  -28.916  19.028  5.292 0.8888888955
130922  -31.196  18.136  5.592 0.8888888955
131263  -32.789  18.327  4.405 0.6666666865
79575  -32.215  17.794  1.987 0.5555555820
83964  -22.036  22.522  1.570 0.6666666865
132598  -21.958  21.124  1.617 0.6666666865
83133  -24.075  21.434  2.135 0.7777777910
82258  -26.123  20.336  3.513 0.8888888955
82257  -25.592  20.783  3.208 0.7777777910
82259  -26.799  20.659  4.003 0.7777777910
81370  -27.386  19.975  4.330 0.8888888955
82245  -27.595  20.819  4.451 0.7777777910
81361  -28.547  19.520  4.972 0.8888888955
82233  -29.671  20.251  5.576 0.7777777910
81347  -30.090  19.519  5.629 0.7777777910
81348  -31.082  19.473  5.801 0.6666666865
132128  -29.729  20.907  5.731 0.6666666865
82236  -32.360  20.217  5.595 0.6666666865
81350  -32.572  19.558  5.180 0.6666666865
133244  -32.730  18.921  4.828 0.5555555820
83115  -32.855  21.030  5.096 0.6666666865
129227  -33.136  20.798  4.215 0.5555555820
81371  -33.073  20.070  3.799 0.5555555820
80475  -32.019  18.397  1.581 0.4444444478
82268  -32.693  20.401  2.643 0.5555555820
126114  -21.864  25.192  2.445 0.3333333433
84755  -21.332  24.677  2.316 0.3333333433
84757  -23.109  23.709  2.163 0.5555555820
83951  -23.697  22.728  2.230 0.6666666865
84758  -23.929  23.439  2.550 0.5555555820
83953  -24.975  22.115  2.859 0.7777777910
83113  -26.962  21.664  4.216 0.7777777910
83926  -26.807  22.540  4.280 0.6666666865
83114  -27.863  21.591  4.704 0.6666666865
83098  -28.565  21.528  5.211 0.6666666865
83100  -30.212  21.315  6.206 0.6666666865
83916  -30.875  21.893  6.589 0.6666666865
125673  -32.624  21.610  5.831 0.6666666865
82260  -32.986  21.007  3.444 0.5555555820
83135  -32.887  21.859  3.179 0.5555555820
83123  -33.226  21.646  4.139 0.6666666865
85493  -23.302  25.196  2.936 0.4444444478
86331  -21.465  26.229  2.974 0.4444444478
85508  -22.720  24.719  2.327 0.4444444478
85494  -24.117  24.653  3.434 0.5555555820
84739  -24.555  23.667  3.154 0.5555555820
84740  -25.488  23.493  3.616 0.6666666865
140484  -25.773  22.798  3.597 0.6666666865
128054  -26.274  23.175  4.077 0.6666666865
83928  -28.140  22.243  5.115 0.6666666865
83915  -29.771  22.161  6.224 0.6666666865
83902  -30.520  22.570  6.586 0.6666666865
130296  -33.136  22.834  4.828 0.6666666865
83939  -33.143  22.620  3.804 0.5555555820
86323  -23.681  25.580  3.696 0.4444444478
84727  -26.612  23.865  4.598 0.6666666865
84728  -27.040  23.123  4.590 0.6666666865
84720  -27.196  23.658  5.009 0.6666666865
83913  -27.748  23.055  5.145 0.6666666865
83904  -32.116  22.826  6.477 0.6666666865
71005  -21.645  7.821  5.943 0.8888888955
71782  -20.430  8.346  6.876 1.0000000000
126642  -21.356  8.988  5.776 1.0000000000
72697  -22.624  9.174  4.243 1.0000000000
72699  -24.677  9.318  3.817 1.0000000000
78682  -20.593  16.109  4.714 0.5555555820
80448  -20.365  18.303  4.013 0.5555555820
83121  -20.212  21.112  3.292 0.5555555820
80470  -21.780  18.818  2.008 0.7777777910
125862  -25.065  18.970  2.256 1.0000000000
127190  -30.115  18.165  5.606 0.8888888955
82255  -19.679  20.921  4.147 0.2222222239
129868  -33.040  19.111  4.028 0.6666666865
126309  -26.114  21.339  3.552 0.7777777910
81381  -32.775  19.339  2.939 0.4444444478
85495  -25.056  24.343  3.730 0.6666666865
85483  -26.231  24.717  4.681 0.6666666865
78681  -20.386  16.669  4.765 0.4444444478
138485  -20.373  17.673  4.360 0.4444444478
83145  -32.534  21.929  2.295 0.5555555820
83144  -32.199  21.813  1.483 0.5555555820
86321  -21.964  26.355  3.507 0.2222222239
86322  -22.889  25.995  3.445 0.3333333433
83954  -32.646  22.726  2.795 0.5555555820
68316  -20.498  4.251  8.314 0.5555555820
68329  -21.166  4.538  7.474 0.5555555820
69257  -22.034  5.622  6.464 0.5555555820
70166  -24.485  6.305  4.749 0.7777777910
140879  -24.619  7.001  4.496 0.8888888955
68315  -19.724  4.524  8.910 0.5555555820
69258  -22.930  5.610  5.987 0.6666666865
70152  -22.869  6.536  5.675 0.6666666865
70153  -23.591  6.432  5.111 0.8888888955
71021  -25.120  7.385  4.377 0.7777777910
132424  -25.587  7.975  4.497 0.7777777910
72701  -26.351  9.639  4.846 0.8888888955
69223  -18.711  5.477  9.645 0.4444444478
70950  -19.430  7.782  8.292 0.5555555820
132395  -25.634  10.160  4.281 1.0000000000
71780  -19.360  9.041  8.045 0.2222222239
71792  -20.127  9.027  7.057 0.6666666865
74409  -27.649  11.125  5.459 0.8888888955
126003  -27.998  11.912  5.531 0.6666666865
75263  -30.397  10.813  3.800 0.6666666865
73533  -20.157  10.831  6.847 0.5555555820
75298  -30.777  10.190  1.229 0.6666666865
75247  -20.344  12.537  6.602 0.4444444478
75308  -30.836  10.790  0.829 0.5555555820
76140  -31.238  11.787  0.485 0.5555555820
76937  -20.367  14.354  6.012 0.2222222239
76139  -30.836  11.890  0.375 0.5555555820
77775  -20.142  15.888  5.439 0.4444444478
76999  -29.819  13.702  -0.004 0.5555555820
134365  -19.064  17.597  6.196 0.3333333433
78724  -30.798  15.089  -0.569 0.5555555820
78734  -30.025  15.678  -0.625 0.4444444478
82242  -19.480  20.268  4.892 0.3333333433
79583  -29.952  17.289  0.095 0.5555555820
80474  -31.189  18.276  0.731 0.4444444478
134637  -20.348  24.915  2.979 0.3333333433
84754  -20.604  23.813  2.639 0.3333333433
133717  -21.381  23.542  1.948 0.4444444478
139885  -32.493  19.677  2.092 0.4444444478
82277  -32.006  20.899  1.174 0.4444444478
83967  -31.804  22.517  1.023 0.2222222239
85482  -25.395  24.947  4.329 0.6666666865
126461  -27.688  23.857  5.475 0.6666666865
84721  -28.382  23.410  5.704 0.6666666865
139258  -30.120  23.706  6.645 0.6666666865
85463  -30.825  24.137  6.830 0.6666666865
84723  -32.606  23.819  5.873 0.6666666865
83905  -32.533  23.158  6.146 0.6666666865
84741  -33.076  23.415  4.145 0.6666666865
131532  -32.776  23.519  3.342 0.4444444478
70100  -19.674  6.279  8.554 0.5555555820
69225  -20.288  5.340  8.294 0.5555555820
69238  -21.320  5.596  6.944 0.6666666865
70111  -20.322  7.102  7.382 0.6666666865
70132  -21.413  6.428  6.620 0.7777777910
70131  -20.940  7.119  6.858 0.7777777910
71006  -22.205  7.239  5.766 0.8888888955
71823  -22.686  8.468  4.447 1.0000000000
71811  -21.688  8.386  5.613 1.0000000000
71825  -24.404  8.538  3.969 1.0000000000
143805  -23.631  7.765  4.387 0.8888888955
70165  -23.763  7.180  4.641 0.8888888955
122386  -19.164  6.217  9.219 0.4444444478
70099  -19.236  7.033  8.864 0.5555555820
70110  -19.732  7.079  8.032 0.6666666865
70963  -19.804  7.795  7.603 0.5555555820
71824  -23.540  8.328  4.149 1.0000000000
71826  -25.179  8.650  4.170 1.0000000000
120787  -23.124  8.889  4.004 1.0000000000
121885  -25.989  8.702  4.667 1.0000000000
72711  -24.916  10.224  3.710 1.0000000000
141762  -19.509  8.180  7.943 0.5555555820
71781  -19.710  8.555  7.579 0.6666666865
71793  -21.170  8.374  6.227 1.0000000000
72675  -20.908  9.732  6.031 0.8888888955
73544  -20.557  10.468  6.297 0.8888888955
72696  -22.198  9.758  4.589 1.0000000000
73567  -22.423  10.544  4.185 1.0000000000
124691  -23.169  9.433  3.824 1.0000000000
72710  -24.247  9.930  3.553 1.0000000000
73569  -26.120  10.643  4.607 0.8888888955
74428  -25.299  11.463  3.637 1.0000000000
74441  -24.902  11.925  3.099 1.0000000000
74450  -24.083  11.852  2.678 1.0000000000
74442  -25.541  12.060  3.733 1.0000000000
75261  -28.903  11.902  5.515 0.7777777910
75258  -21.344  12.083  4.983 1.0000000000
75257  -20.714  12.391  5.858 0.5555555820
74406  -20.535  11.466  6.268 0.6666666865
74426  -21.457  11.193  5.110 1.0000000000
75276  -22.140  12.045  4.072 1.0000000000
75304  -23.096  12.781  2.804 1.0000000000
76127  -24.543  13.304  2.353 1.0000000000
76116  -25.519  13.532  3.425 1.0000000000
76100  -26.841  13.746  4.726 1.0000000000
125484  -29.299  13.725  5.596 0.8888888955
76102  -30.541  11.389  2.401 0.6666666865
125097  -20.491  13.286  6.218 0.5555555820
76087  -20.519  13.976  5.837 0.6666666865
76099  -20.969  14.075  5.053 0.6666666865
75293  -21.511  12.988  4.507 0.7777777910
76962  -21.380  14.639  4.380 0.7777777910
77809  -22.699  15.303  2.729 0.8888888955
76963  -22.061  14.295  3.570 0.8888888955
76976  -22.771  14.378  2.805 0.8888888955
75294  -22.350  12.833  3.614 0.8888888955
76115  -22.577  13.577  3.180 1.0000000000
76977  -23.702  14.220  2.314 0.8888888955
76979  -24.820  14.050  2.335 1.0000000000
134246  -27.511  15.098  5.126 0.8888888955
76941  -30.260  14.615  5.525 0.8888888955
132026  -30.019  13.857  5.509 0.7777777910
76092  -30.884  13.063  4.401 0.7777777910
76130  -31.420  11.451  0.852 0.5555555820
76980  -30.557  12.284  1.502 0.6666666865
77761  -20.255  15.093  5.744 0.3333333433
76951  -20.721  14.906  5.022 0.4444444478
78698  -21.513  16.561  3.503 0.6666666865
77808  -21.913  15.867  3.317 0.7777777910
77821  -23.914  15.739  1.952 0.8888888955
133163  -25.044  14.893  2.373 1.0000000000
77798  -25.729  16.110  3.478 1.0000000000
77777  -29.120  15.951  5.579 0.7777777910
77780  -31.458  15.231  4.892 0.7777777910
76988  -30.335  13.207  0.168 0.5555555820
79571  -23.242  17.175  1.996 0.8888888955
78692  -26.243  16.845  3.895 1.0000000000
78693  -32.306  16.373  3.918 0.7777777910
77801  -31.858  15.477  3.427 0.7777777910
77823  -30.510  14.826  1.191 0.6666666865
79540  -19.829  17.015  5.277 0.4444444478
80472  -23.234  17.992  1.821 0.8888888955
79552  -26.067  17.576  3.625 1.0000000000
80450  -26.393  18.149  3.880 0.8888888955
79533  -30.761  17.323  5.615 0.7777777910
78704  -32.038  16.167  2.857 0.6666666865
78712  -29.448  15.509  -0.018 0.5555555820
77841  -29.981  14.814  -0.453 0.5555555820
81356  -20.047  18.832  4.304 0.5555555820
81378  -21.471  19.455  2.157 0.6666666865
141524  -23.308  18.720  1.705 0.8888888955
80438  -26.921  18.310  4.336 1.0000000000
79535  -32.448  18.049  5.110 0.8888888955
79563  -31.957  16.922  2.136 0.6666666865
80429  -30.593  18.852  5.617 0.8888888955
79574  -31.175  17.393  1.116 0.5555555820
82264  -20.539  20.207  2.974 0.5555555820
82265  -21.107  20.215  2.330 0.5555555820
82276  -24.254  19.959  1.876 1.0000000000
82275  -23.351  20.156  1.691 0.7777777910
82274  -22.564  20.721  1.626 0.7777777910
81369  -26.675  19.737  3.915 0.8888888955
81379  -24.977  19.838  2.347 0.7777777910
83950  -21.470  22.626  1.825 0.5555555820
83132  -21.055  21.784  2.184 0.5555555820
84768  -21.925  23.372  1.559 0.4444444478
83141  -22.514  21.755  1.663 0.6666666865
137662  -23.901  22.061  2.202 0.6666666865
83142  -23.322  21.125  1.789 0.7777777910
132315  -20.748  20.994  2.536 0.7777777910
83131  -20.520  21.725  2.744 0.6666666865
83122  -25.330  21.413  3.063 0.7777777910
82266  -24.564  20.669  2.247 0.7777777910
128655  -28.134  20.130  4.648 0.7777777910
82232  -29.042  20.879  5.344 0.6666666865
139484  -30.556  20.000  5.843 0.6666666865
82234  -30.467  20.586  6.078 0.6666666865
83101  -31.261  21.092  6.435 0.6666666865
83102  -32.186  20.920  6.130 0.6666666865
82248  -32.917  20.224  4.749 0.5555555820
81363  -32.938  19.590  4.536 0.5555555820
82278  -32.303  20.235  1.647 0.4444444478
81390  -31.951  19.255  1.341 0.4444444478
131464  -32.693  21.263  2.691 0.5555555820
143174  -21.836  23.976  1.651 0.4444444478
83952  -24.493  22.813  2.690 0.6666666865
83938  -26.268  22.288  3.815 0.7777777910
83918  -32.715  22.476  5.884 0.6666666865
144568  -33.229  22.269  4.424 0.6666666865
84722  -29.055  22.872  5.969 0.6666666865
84710  -29.903  23.041  6.461 0.6666666865
84712  -31.524  23.432  6.639 0.6666666865
80437  -20.101  18.000  4.557 0.4444444478
142423  -19.794  21.572  3.790 0.3333333433
78667  -19.822  16.358  5.534 0.4444444478
80436  -19.777  17.730  4.995 0.4444444478
83154  -31.687  21.611  0.767 0.3333333433
136520  -31.781  23.247  1.160 0.3333333433
70167  -25.421  6.450  4.574 0.6666666865
68306  -18.807  4.607  9.559 0.4444444478
67370  -19.201  3.716  9.279 0.5555555820
73546  -26.982  10.403  5.227 0.7777777910
68314  -18.449  4.833  9.822 0.3333333433
75262  -29.835  11.559  5.012 0.6666666865
72658  -20.246  9.816  6.785 0.7777777910
76950  -20.490  14.712  5.563 0.3333333433
76075  -20.392  13.798  6.331 0.3333333433
79525  -19.395  16.921  5.772 0.4444444478
81340  -19.410  18.362  5.442 0.3333333433
130483  -19.724  18.540  4.827 0.3333333433
83935  -20.133  23.128  3.173 0.3333333433
84729  -32.870  23.846  4.931 0.6666666865
122479  -32.841  24.215  3.952 0.4444444478
67405  -24.271  2.804  6.027 0.4444444478
67385  -26.179  3.408  8.380 0.2222222239
67403  -21.646  3.220  7.245 0.4444444478
67404  -22.146  2.438  7.073 0.4444444478
141495  -21.879  3.849  6.873 0.4444444478
68353  -22.571  3.824  6.505 0.4444444478
136924  -23.844  2.987  5.750 0.4444444478
67426  -24.742  3.341  5.943 0.4444444478
68331  -26.382  4.310  7.206 0.2222222239
123471  -22.720  4.708  6.303 0.4444444478
68368  -23.503  4.500  5.760 0.4444444478
67435  -24.578  3.765  5.578 0.4444444478
68356  -27.029  4.911  6.775 0.1111111119
68332  -27.811  4.953  7.501 0.1111111119
68370  -25.198  4.574  5.159 0.4444444478
68371  -26.044  4.531  5.112 0.3333333433
68369  -24.229  4.433  5.412 0.4444444478
69277  -26.514  5.114  4.853 0.3333333433
69239  -27.691  5.396  6.898 0.2222222239
120092  -25.929  4.891  4.774 0.3333333433
69274  -23.435  5.859  5.472 0.5555555820
70154  -24.273  5.430  5.120 0.4444444478
70156  -27.522  6.269  4.992 0.2222222239
70157  -28.184  6.790  5.360 0.1111111119
124985  -30.074  8.038  6.123 0.1111111119
70169  -27.153  6.472  4.753 0.3333333433
71008  -27.701  7.060  4.918 0.3333333433
71827  -26.431  7.899  4.775 0.4444444478
71812  -27.039  8.577  5.096 0.5555555820
72679  -28.060  8.690  5.351 0.6666666865
121826  -29.689  9.051  4.921 0.4444444478
72678  -27.433  9.462  5.344 0.6666666865
73551  -30.540  9.469  3.137 0.3333333433
73547  -27.977  10.071  5.509 0.6666666865
124644  -29.986  9.646  3.945 0.5555555820
130092  -28.568  10.449  5.429 0.6666666865
74412  -30.541  9.465  2.377 0.5555555820
74431  -31.178  9.720  2.161 0.3333333433
74410  -28.710  11.114  5.459 0.5555555820
122983  -31.216  10.269  1.406 0.4444444478
75280  -30.918  9.756  1.633 0.4444444478
84709  -29.183  23.744  6.268 0.5555555820
85461  -28.285  24.187  5.960 0.5555555820
85462  -29.821  24.389  6.686 0.5555555820
85465  -32.286  24.564  6.201 0.5555555820
133175  -32.442  25.178  5.872 0.5555555820
66549  -23.001  2.267  6.753 0.4444444478
67384  -25.420  3.273  7.957 0.2222222239
68352  -21.888  4.708  6.712 0.4444444478
69259  -26.735  4.976  5.588 0.2222222239
70134  -27.841  6.078  5.644 0.2222222239
70135  -28.492  6.501  6.209 0.1111111119
124671  -27.909  7.925  5.136 0.4444444478
143077  -29.070  7.988  5.414 0.3333333433
71828  -27.207  7.700  4.916 0.4444444478
126384  -28.280  9.298  5.406 0.6666666865
73548  -29.039  9.542  5.204 0.4444444478
76103  -32.367  12.145  3.207 0.3333333433
76119  -31.729  11.582  1.806 0.4444444478
76990  -31.661  13.192  0.335 0.4444444478
85449  -29.443  25.133  6.729 0.5555555820
86278  -29.030  25.774  6.846 0.5555555820
72681  -30.231  9.032  4.677 0.2222222239
85474  -32.581  24.636  5.514 0.5555555820
65733  -21.701  1.280  7.774 0.4444444478
65752  -22.914  1.629  7.508 0.4444444478
123166  -23.657  1.701  8.098 0.4444444478
123267  -24.860  2.350  8.414 0.2222222239
66535  -25.609  2.713  8.608 0.2222222239
66536  -26.751  2.740  9.029 0.1111111119
66532  -20.576  2.543  8.386 0.4444444478
68317  -26.660  4.006  8.069 0.1111111119
131567  -27.217  4.492  7.748 0.1111111119
68333  -28.635  4.892  7.789 0.1111111119
139912  -28.777  6.047  7.022 0.1111111119
70113  -29.990  6.708  7.111 0.1111111119
127554  -30.902  8.137  6.490 0.1111111119
71794  -30.528  8.669  5.781 0.1111111119
72683  -31.506  9.583  5.614 0.2222222239
126313  -31.735  10.760  4.652 0.1111111119
72682  -30.682  9.464  4.508 0.2222222239
75281  -31.634  11.131  3.081 0.2222222239
76120  -32.943  13.185  3.318 0.3333333433
76981  -32.140  12.719  1.130 0.4444444478
76991  -32.784  14.199  1.333 0.3333333433
77825  -33.565  15.617  1.558 0.3333333433
77001  -30.929  13.351  -0.253 0.4444444478
77824  -32.392  14.856  0.641 0.3333333433
134248  -20.020  22.193  3.400 0.4444444478
131619  -29.589  16.222  -0.286 0.4444444478
143626  -31.050  19.555  0.174 0.3333333433
130875  -24.787  25.864  4.552 0.4444444478
85496  -32.601  24.540  2.978 0.5555555820
86303  -27.202  25.133  5.798 0.5555555820
85460  -28.050  25.035  6.164 0.5555555820
85450  -30.392  25.018  6.964 0.5555555820
86281  -31.465  25.808  6.838 0.5555555820
86291  -32.440  25.798  5.898 0.5555555820
86289  -27.500  25.805  6.224 0.5555555820
67402  -20.903  3.359  7.919 0.4444444478
69276  -25.272  5.459  4.751 0.5555555820
71022  -25.954  7.213  4.657 0.6666666865
74411  -29.625  10.735  4.961 0.5555555820
75279  -30.520  9.983  1.909 0.4444444478
77836  -31.401  14.321  -0.211 0.4444444478
133923  -31.685  19.949  0.863 0.3333333433
70168  -26.436  6.403  4.621 0.3333333433
66563  -23.833  2.706  6.036 0.4444444478
67406  -24.889  3.323  7.086 0.4444444478
66551  -24.825  2.790  7.849 0.3333333433
66550  -24.005  2.634  7.009 0.4444444478
67407  -25.829  3.747  7.597 0.1111111119
66548  -21.450  2.220  7.590 0.4444444478
67423  -22.384  3.060  6.745 0.4444444478
65751  -22.248  1.730  7.302 0.4444444478
66562  -23.270  3.015  6.345 0.4444444478
136002  -23.348  3.725  6.047 0.4444444478
67425  -24.159  2.998  5.683 0.4444444478
68330  -25.545  3.883  6.561 0.4444444478
68354  -25.390  4.033  5.633 0.4444444478
68355  -26.159  4.473  6.132 0.4444444478
69240  -28.329  5.458  7.269 0.1111111119
69278  -27.199  5.562  5.157 0.3333333433
69285  -26.136  5.572  4.620 0.3333333433
69261  -28.108  5.846  6.529 0.2222222239
71009  -28.440  7.554  5.304 0.2222222239
144338  -29.397  7.836  5.779 0.1111111119
70985  -28.907  7.294  5.854 0.1111111119
70986  -29.502  8.318  5.487 0.1111111119
70136  -29.635  7.339  6.429 0.1111111119
71023  -26.848  7.108  4.735 0.3333333433
72680  -28.942  8.833  5.222 0.4444444478
120004  -30.200  9.186  3.643 0.3333333433
71813  -28.704  8.209  5.293 0.4444444478
71814  -29.864  8.753  5.150 0.3333333433
73549  -29.942  9.200  4.063 0.4444444478
127366  -29.432  10.140  5.051 0.5555555820
128962  -30.268  9.804  3.355 0.5555555820
75264  -31.619  10.975  3.910 0.3333333433
76131  -32.540  12.794  2.067 0.4444444478
125174  -28.896  24.625  6.368 0.5555555820
132558  -31.823  25.139  6.505 0.5555555820
66533  -23.522  2.072  7.404 0.4444444478
128606  -29.227  6.681  6.700 0.1111111119
87088  -28.627  26.442  6.834 0.5555555820
65734  -22.310  1.119  7.791 0.4444444478
65736  -24.444  1.858  8.617 0.2222222239
66534  -24.214  2.243  7.907 0.4444444478
135663  -27.409  4.024  8.282 0.1111111119
67386  -27.110  3.480  8.591 0.1111111119
69241  -29.093  5.426  7.553 0.1111111119
60735  -21.676  -3.663  13.524 0.1111111119
62815  -19.759  -1.860  10.962 0.3333333433
61734  -21.377  -2.298  12.757 0.2222222239
61720  -21.910  -2.837  13.269 0.2222222239
140109  -22.607  -2.639  13.269 0.1111111119
63823  -18.054  -0.413  10.485 0.3333333433
62843  -18.458  -1.223  10.501 0.3333333433
62814  -18.732  -1.939  10.860 0.3333333433
62845  -20.268  -1.352  10.427 0.3333333433
63826  -21.146  -1.151  10.628 0.3333333433
62798  -20.968  -1.831  12.113 0.2222222239
62817  -21.619  -1.341  11.619 0.2222222239
62799  -21.713  -1.763  12.381 0.2222222239
132468  -22.999  -2.051  13.019 0.1111111119
62800  -22.512  -1.463  12.391 0.2222222239
65694  -17.825  1.650  10.721 0.2222222239
64781  -18.221  1.145  10.290 0.2222222239
131735  -17.701  0.534  10.648 0.2222222239
63824  -18.948  -0.708  10.093 0.3333333433
62844  -19.386  -1.405  10.404 0.3333333433
63793  -22.540  -0.886  11.676 0.1111111119
126234  -18.667  2.364  9.779 0.2222222239
64802  -19.078  0.684  9.632 0.3333333433
124551  -19.261  2.128  9.320 0.3333333433
130390  -19.613  1.203  9.139 0.3333333433
63844  -19.432  -0.208  9.590 0.3333333433
64804  -20.607  0.105  8.875 0.3333333433
63846  -21.205  -0.265  9.209 0.3333333433
63847  -22.106  -0.184  9.534 0.3333333433
64782  -22.873  0.073  9.994 0.3333333433
63828  -23.128  -0.185  10.752 0.1111111119
136904  -23.524  0.227  10.411 0.2222222239
67368  -18.525  3.806  9.899 0.2222222239
66514  -18.538  2.917  9.946 0.2222222239
66515  -18.872  2.976  9.560 0.3333333433
65715  -20.104  1.830  8.749 0.3333333433
65732  -20.981  1.574  8.243 0.3333333433
65716  -20.523  0.848  8.645 0.3333333433
64815  -21.818  0.685  8.190 0.3333333433
64805  -21.912  0.202  8.795 0.3333333433
64816  -22.435  0.682  8.459 0.3333333433
134875  -18.382  4.126  9.999 0.3333333433
67369  -18.518  3.755  9.780 0.3333333433
67383  -20.144  3.534  8.676 0.3333333433
64817  -23.077  0.816  8.909 0.3333333433
65735  -23.012  1.201  8.270 0.3333333433
64807  -23.830  1.296  9.002 0.3333333433
76967  -33.589  14.012  3.172 0.2222222239
76982  -33.298  14.107  2.253 0.2222222239
141456  -33.949  14.585  3.039 0.2222222239
78735  -30.934  16.082  -0.704 0.3333333433
78725  -31.955  15.714  -0.117 0.2222222239
61748  -20.119  -2.080  11.778 0.3333333433
65695  -18.462  1.921  10.029 0.3333333433
121830  -20.713  -0.804  9.867 0.3333333433
128464  -21.587  -0.623  10.060 0.3333333433
63827  -22.394  -0.398  10.374 0.3333333433
66531  -19.652  2.785  8.977 0.3333333433
60734  -20.712  -3.865  13.451 0.1111111119
121901  -17.642  -1.971  11.139 0.3333333433
61746  -18.386  -2.526  11.461 0.3333333433
61731  -18.944  -2.733  12.014 0.3333333433
61732  -19.687  -2.586  12.299 0.3333333433
61733  -20.528  -2.422  12.550 0.3333333433
59767  -22.266  -4.338  13.865 0.1111111119
61721  -23.314  -2.772  13.374 0.1111111119
143540  -17.659  1.155  10.713 0.2222222239
62801  -23.495  -1.508  12.583 0.1111111119
66496  -18.078  2.250  10.841 0.2222222239
63794  -23.390  -0.511  11.557 0.1111111119
64761  -23.915  0.019  11.032 0.1111111119
64783  -24.235  0.500  10.465 0.1111111119
126473  -23.508  0.626  9.704 0.1111111119
65717  -24.796  1.526  9.344 0.1111111119
135290  -18.467  4.693  9.884 0.1111111119
79593  -31.229  17.095  -0.888 0.2222222239
79584  -32.132  16.921  -0.311 0.2222222239
70098  -18.830  6.429  9.484 0.2222222239
72657  -19.681  9.532  7.583 0.5555555820
68305  -18.437  4.329  9.840 0.2222222239
78714  -33.007  16.072  0.872 0.2222222239
60736  -22.642  -3.452  13.573 0.1111111119
61719  -21.031  -2.963  13.212 0.1111111119
61747  -19.269  -2.315  11.508 0.3333333433
63843  -18.554  0.168  10.107 0.3333333433
143813  -17.514  0.462  10.896 0.2222222239
62813  -17.608  -1.070  10.888 0.2222222239
142911  -18.084  -1.594  10.761 0.3333333433
62816  -20.646  -1.647  11.198 0.3333333433
63825  -19.853  -0.911  9.842 0.3333333433
136080  -21.999  -0.847  10.891 0.2222222239
63784  -23.162  -0.986  12.148 0.1111111119
143749  -22.673  -0.526  11.084 0.1111111119
65714  -18.803  1.596  9.717 0.3333333433
66513  -18.432  2.973  10.430 0.2222222239
64803  -19.899  0.305  9.079 0.3333333433
63845  -20.272  -0.369  9.307 0.3333333433
134762  -21.240  0.359  8.621 0.3333333433
64806  -22.638  0.348  9.205 0.3333333433
67355  -18.357  3.652  10.581 0.2222222239
64814  -21.277  0.917  8.281 0.3333333433
59766  -21.456  -4.486  13.771 0.1111111119
60751  -20.136  -3.076  12.977 0.2222222239
60765  -18.284  -3.208  12.107 0.3333333433
60750  -19.284  -3.214  12.566 0.3333333433
63822  -17.419  -0.177  10.931 0.2222222239
63792  -17.104  -0.639  11.359 0.2222222239
138260  -34.274  15.657  2.246 0.1111111119
77802  -35.145  15.315  3.087 0.1111111119
77827  -36.010  16.040  1.788 0.1111111119
77814  -34.925  15.860  2.530 0.1111111119
78716  -35.013  17.027  1.544 0.1111111119
125348  -35.987  16.595  0.412 0.1111111119
78726  -33.085  16.903  0.534 0.1111111119
79578  -35.335  17.228  0.644 0.1111111119
79576  -33.984  17.448  0.742 0.1111111119
79587  -35.246  17.506  -0.228 0.1111111119
80481  -29.850  17.616  -0.411 0.2222222239
79585  -33.409  17.771  0.077 0.1111111119
80483  -34.084  18.170  -0.311 0.1111111119
81396  -30.190  18.496  -0.315 0.1111111119
129576  -31.150  18.995  0.457 0.2222222239
82292  -30.496  19.578  -0.464 0.1111111119
80489  -29.738  17.464  -1.061 0.1111111119
81410  -28.935  18.148  -1.774 0.1111111119
85472  -26.977  24.406  5.263 0.4444444478
82285  -31.336  20.585  0.300 0.1111111119
86302  -25.985  26.204  5.364 0.4444444478
86288  -26.726  25.925  5.871 0.4444444478
83166  -30.744  20.863  -0.590 0.1111111119
86279  -29.924  25.742  7.101 0.4444444478
84769  -31.942  23.774  1.559 0.2222222239
133548  -31.415  23.159  0.615 0.1111111119
83989  -30.957  22.084  -0.305 0.1111111119
83988  -30.575  22.845  -0.670 0.1111111119
87090  -30.377  26.460  7.315 0.4444444478
87089  -29.409  26.413  7.222 0.4444444478
87933  -30.856  27.277  7.397 0.4444444478
87091  -31.188  26.522  7.197 0.4444444478
87951  -32.073  27.343  6.359 0.4444444478
87108  -32.335  26.545  6.085 0.4444444478
87121  -32.594  26.338  5.266 0.4444444478
87133  -32.671  26.559  4.266 0.4444444478
86324  -32.665  25.867  3.819 0.2222222239
87150  -31.968  25.836  1.731 0.2222222239
86339  -31.889  25.104  1.623 0.2222222239
86347  -31.510  25.428  0.916 0.2222222239
85527  -31.209  24.631  0.522 0.2222222239
90239  -29.701  30.460  0.201 0.1111111119
131091  -30.615  27.998  -0.688 0.1111111119
85533  -29.610  25.082  -1.387 0.1111111119
87948  -26.282  27.457  6.163 0.4444444478
87949  -27.447  27.402  6.582 0.4444444478
87106  -27.894  26.524  6.461 0.4444444478
87950  -28.283  27.083  6.731 0.3333333433
87932  -29.853  27.162  7.359 0.4444444478
88728  -31.721  28.195  6.619 0.4444444478
88729  -32.215  27.941  6.036 0.4444444478
87952  -32.451  27.273  5.605 0.4444444478
87968  -32.552  27.414  4.355 0.4444444478
89475  -31.721  29.753  4.666 0.3333333433
87970  -32.154  27.749  3.069 0.3333333433
130989  -31.635  27.963  1.694 0.1111111119
87976  -31.736  27.262  1.333 0.1111111119
87980  -31.350  26.960  0.489 0.1111111119
87157  -31.179  26.117  0.335 0.1111111119
87984  -30.480  27.031  -0.734 0.1111111119
130775  -29.310  27.825  7.351 0.3333333433
144220  -29.764  28.471  7.379 0.3333333433
88735  -32.068  28.675  5.956 0.3333333433
88740  -32.326  28.255  4.486 0.4444444478
123548  -31.999  29.017  4.284 0.2222222239
88744  -31.688  28.390  2.482 0.2222222239
88746  -31.341  28.604  1.615 0.1111111119
89477  -31.330  30.205  3.814 0.1111111119
89479  -31.175  29.836  2.866 0.1111111119
123776  -30.868  29.756  1.962 0.1111111119
136993  -31.045  28.239  0.084 0.1111111119
90234  -30.629  30.461  2.321 0.1111111119
135284  -30.659  29.587  1.208 0.1111111119
124131  -30.953  28.843  0.828 0.1111111119
87930  -28.411  27.888  6.919 0.3333333433
88716  -28.996  28.532  7.338 0.3333333433
89464  -28.708  29.283  7.297 0.3333333433
89465  -29.631  29.161  7.410 0.3333333433
129069  -30.582  28.878  7.324 0.3333333433
131922  -31.588  29.139  6.509 0.3333333433
90225  -31.579  30.440  5.411 0.2222222239
90229  -31.416  30.503  4.576 0.2222222239
90228  -31.138  30.976  4.015 0.1111111119
90233  -30.035  30.942  1.851 0.1111111119
89484  -30.259  30.038  0.713 0.1111111119
91008  -28.298  31.494  0.271 0.1111111119
89463  -26.950  30.074  7.705 0.1111111119
128525  -28.150  30.120  7.573 0.1111111119
130005  -29.280  29.948  7.463 0.2222222239
90220  -29.784  30.642  7.504 0.2222222239
89466  -30.243  29.835  7.413 0.3333333433
90988  -30.873  31.523  6.890 0.2222222239
89470  -31.472  29.884  6.453 0.3333333433
90223  -31.206  30.562  6.664 0.3333333433
90989  -31.272  31.957  5.319 0.2222222239
91617  -31.090  32.617  4.546 0.1111111119
91620  -30.649  32.331  3.651 0.1111111119
91630  -30.145  31.990  2.871 0.1111111119
91001  -30.376  31.228  2.605 0.1111111119
91000  -29.663  31.622  2.170 0.1111111119
91641  -28.874  31.947  1.745 0.1111111119
90236  -29.772  30.662  1.088 0.1111111119
91012  -29.076  30.973  -0.273 0.1111111119
90242  -29.757  30.331  -0.854 0.1111111119
90218  -27.248  30.768  7.976 0.1111111119
90984  -28.101  32.006  8.119 0.1111111119
126386  -29.032  31.359  7.634 0.1111111119
120311  -29.239  32.294  7.633 0.1111111119
92256  -30.502  33.290  6.691 0.1111111119
121007  -30.940  32.872  6.252 0.1111111119
119533  -31.178  32.162  6.210 0.2222222239
92258  -30.908  33.625  5.856 0.1111111119
91614  -31.150  32.801  5.541 0.1111111119
92953  -29.795  34.665  3.418 0.1111111119
92268  -29.934  33.696  3.256 0.1111111119
92968  -29.163  34.071  2.700 0.1111111119
92281  -29.280  33.201  2.555 0.1111111119
91607  -28.197  32.888  8.212 0.1111111119
119256  -29.023  33.235  7.761 0.1111111119
92255  -30.391  34.127  6.512 0.1111111119
92940  -30.610  34.500  5.772 0.1111111119
93648  -30.302  35.289  5.588 0.1111111119
141546  -30.273  34.922  4.156 0.1111111119
92934  -29.205  34.613  7.586 0.1111111119
92933  -28.365  34.786  8.403 0.1111111119
93640  -29.566  35.216  7.042 0.1111111119
77815  -35.572  15.703  2.483 0.1111111119
77826  -34.604  16.336  1.953 0.1111111119
78717  -35.657  16.642  1.289 0.1111111119
78718  -36.289  16.033  0.775 0.1111111119
79594  -33.237  18.262  -0.639 0.1111111119
80491  -31.864  18.135  -1.110 0.1111111119
82291  -29.891  19.512  -1.194 0.1111111119
132109  -32.688  25.125  3.831 0.4444444478
86333  -32.570  25.548  3.133 0.3333333433
85518  -31.678  24.551  1.228 0.2222222239
84778  -31.504  23.885  0.874 0.1111111119
84784  -30.615  23.720  -0.395 0.1111111119
132816  -30.432  21.828  -0.973 0.1111111119
128735  -30.737  25.961  -0.201 0.2222222239
88748  -31.350  27.914  0.802 0.1111111119
87979  -31.015  27.460  -0.095 0.1111111119
87174  -30.032  26.638  -1.222 0.1111111119
89467  -31.229  28.786  7.008 0.3333333433
142444  -30.595  29.434  0.490 0.1111111119
92943  -30.503  34.753  4.924 0.1111111119
93643  -29.783  35.842  6.294 0.1111111119
125451  -28.919  35.414  7.821 0.1111111119
77007  -37.257  14.205  -1.041 0.1111111119
77837  -36.759  15.179  -0.061 0.1111111119
79592  -30.117  16.487  -0.801 0.2222222239
80482  -30.289  18.169  0.091 0.2222222239
87934  -31.482  27.346  6.964 0.4444444478
88717  -30.279  27.966  7.368 0.4444444478
141342  -32.553  27.641  4.956 0.4444444478
88742  -31.961  28.558  3.532 0.2222222239
91604  -27.421  32.439  8.693 0.1111111119
92249  -27.949  34.057  8.597 0.1111111119
92253  -29.716  33.797  7.269 0.1111111119
92937  -29.822  34.524  6.940 0.1111111119
77002  -37.076  14.507  0.342 0.1111111119
76968  -34.526  14.660  3.490 0.1111111119
77803  -35.904  15.116  2.965 0.1111111119
77828  -36.564  15.356  1.194 0.1111111119
123991  -37.922  13.512  -2.426 0.1111111119
77003  -37.413  13.532  -0.570 0.1111111119
77847  -37.199  14.836  -2.587 0.1111111119
78727  -35.886  16.677  -0.652 0.1111111119
78736  -36.052  16.232  -2.258 0.1111111119
79595  -34.741  17.918  -0.643 0.1111111119
80502  -33.066  18.659  -1.387 0.1111111119
80492  -34.056  18.349  -1.086 0.1111111119
79603  -34.838  17.822  -1.854 0.1111111119
80501  -31.938  18.766  -1.751 0.1111111119
81419  -31.202  18.815  -3.543 0.1111111119
80498  -28.783  17.656  -2.123 0.1111111119
86312  -25.706  25.584  4.852 0.4444444478
81409  -28.608  18.259  -2.216 0.1111111119
82302  -29.097  19.327  -1.836 0.1111111119
83996  -30.024  22.635  -1.253 0.1111111119
134543  -29.274  21.464  -2.227 0.1111111119
87103  -25.333  27.117  5.677 0.4444444478
87104  -26.284  26.687  5.804 0.4444444478
85550  -28.462  24.053  -2.555 0.1111111119
86362  -29.248  25.690  -1.790 0.1111111119
139602  -26.691  28.014  6.640 0.2222222239
135543  -27.417  28.434  6.881 0.2222222239
88715  -28.297  28.683  7.012 0.2222222239
87992  -29.289  27.199  -2.168 0.1111111119
88714  -26.674  29.297  7.339 0.1111111119
123388  -30.162  29.611  -1.435 0.1111111119
90244  -29.816  30.336  -1.989 0.1111111119
89462  -25.749  30.239  7.797 0.1111111119
90213  -25.029  31.038  8.339 0.1111111119
90980  -26.040  31.510  8.771 0.1111111119
90981  -26.703  31.895  8.909 0.1111111119
91011  -28.392  31.564  -0.707 0.1111111119
90977  -26.761  31.917  9.144 0.1111111119
91601  -27.242  32.536  9.026 0.1111111119
93679  -29.041  34.918  2.783 0.1111111119
92979  -27.553  33.868  1.725 0.1111111119
91639  -27.095  32.614  0.932 0.1111111119
91653  -26.636  32.507  0.186 0.1111111119
91605  -27.718  33.361  8.750 0.1111111119
130609  -29.819  36.199  4.311 0.1111111119
94345  -28.773  36.638  3.191 0.1111111119
79591  -29.836  16.795  -0.640 0.1111111119
83980  -31.366  22.312  0.386 0.1111111119
86314  -32.670  25.699  4.520 0.4444444478
81403  -29.729  18.291  -1.158 0.2222222239
79577  -34.658  17.395  1.010 0.1111111119
78728  -36.396  15.852  -0.416 0.1111111119
79596  -35.399  17.255  -1.303 0.1111111119
80500  -30.354  17.645  -1.720 0.1111111119
80499  -29.274  17.319  -1.825 0.1111111119
137290  -29.723  17.566  -2.298 0.1111111119
83178  -29.984  20.670  -1.360 0.1111111119
87974  -32.351  26.950  2.770 0.2222222239
87145  -32.075  26.699  1.922 0.2222222239
87149  -31.666  26.387  1.071 0.1111111119
85534  -30.146  24.926  -0.917 0.2222222239
132778  -30.291  24.256  -0.785 0.1111111119
89488  -30.313  29.688  -0.305 0.1111111119
87993  -29.993  27.331  -1.439 0.1111111119
89485  -30.758  28.879  -0.132 0.1111111119
89489  -30.455  28.871  -0.995 0.1111111119
88754  -30.226  28.172  -1.422 0.1111111119
85541  -28.977  24.762  -1.933 0.1111111119
85542  -29.718  24.300  -1.323 0.1111111119
86355  -29.957  25.619  -1.123 0.2222222239
88739  -32.135  28.948  5.106 0.3333333433
87166  -30.322  26.213  -0.745 0.2222222239
126920  -31.560  29.092  2.949 0.2222222239
89482  -31.035  29.205  1.582 0.1111111119
90237  -30.382  30.253  1.528 0.1111111119
128400  -27.744  29.275  7.247 0.1111111119
89469  -31.041  29.682  7.012 0.3333333433
90224  -31.562  30.361  6.131 0.2222222239
90997  -30.724  31.512  3.409 0.1111111119
91005  -29.300  31.315  1.440 0.1111111119
91009  -29.075  31.076  0.669 0.1111111119
91004  -28.460  31.624  1.061 0.1111111119
91654  -27.624  32.026  0.627 0.1111111119
90217  -26.071  31.027  8.303 0.1111111119
138929  -28.885  30.620  7.579 0.1111111119
90221  -30.571  30.612  7.194 0.3333333433
90985  -30.048  31.421  7.413 0.1111111119
90990  -31.433  31.203  6.053 0.2222222239
90994  -31.335  31.141  4.961 0.1111111119
92269  -30.647  33.215  3.854 0.1111111119
91619  -29.999  32.803  3.095 0.1111111119
91629  -29.419  32.372  2.391 0.1111111119
91640  -28.031  32.254  1.334 0.1111111119
91628  -28.613  32.700  1.967 0.1111111119
90219  -28.080  31.065  7.903 0.1111111119
90983  -26.977  31.595  8.421 0.1111111119
90987  -30.239  32.113  7.246 0.1111111119
91608  -30.004  32.872  7.298 0.1111111119
123142  -30.786  34.119  5.115 0.1111111119
92261  -30.984  33.455  4.819 0.1111111119
93665  -29.431  35.384  3.300 0.1111111119
92967  -28.325  34.383  2.283 0.1111111119
92280  -28.454  33.536  2.135 0.1111111119
130619  -28.209  33.545  8.273 0.1111111119
93654  -30.187  35.460  4.659 0.1111111119
94346  -29.426  36.124  3.557 0.1111111119
76984  -36.562  14.551  2.570 0.1111111119
77842  -36.883  14.840  -1.503 0.1111111119
80490  -30.505  17.184  -1.198 0.1111111119
84793  -30.199  23.557  -1.025 0.1111111119
87165  -29.806  26.151  -1.322 0.1111111119
134074  -29.397  26.563  -1.832 0.1111111119
93664  -28.888  35.735  2.938 0.1111111119
94327  -29.566  36.721  5.854 0.1111111119
77843  -37.530  14.061  -2.253 0.1111111119
81411  -30.906  18.370  -2.475 0.1111111119
80508  -29.957  17.981  -3.011 0.1111111119
84802  -28.974  23.188  -2.269 0.1111111119
87182  -28.512  26.168  -2.519 0.1111111119
88753  -29.637  27.926  -2.101 0.1111111119
125612  -25.590  29.421  7.350 0.1111111119
89491  -30.048  28.798  -1.867 0.1111111119
92966  -27.401  34.708  1.866 0.1111111119
92291  -27.733  33.000  1.572 0.1111111119
95011  -29.379  37.066  3.928 0.1111111119
131306  -19.809  11.173  7.445 0.2222222239
75246  -20.039  12.612  7.168 0.2222222239
73532  -19.897  10.352  7.352 0.3333333433
74395  -20.084  11.796  6.999 0.3333333433
87131  -24.017  26.865  4.770 0.2222222239
87962  -24.330  27.849  5.839 0.1111111119
87947  -25.074  27.881  6.270 0.1111111119
84738  -19.869  24.017  3.491 0.2222222239
137658  -19.457  22.159  4.568 0.1111111119
83934  -19.557  23.154  4.045 0.1111111119
87144  -20.997  26.802  3.125 0.1111111119
87127  -20.598  26.957  4.191 0.1111111119
87118  -22.610  27.281  5.156 0.1111111119
87961  -23.437  28.063  5.819 0.1111111119
87946  -23.772  28.552  6.446 0.1111111119
88727  -25.874  28.299  6.410 0.1111111119
86311  -23.891  26.149  4.275 0.2222222239
87129  -21.603  26.890  3.953 0.1111111119
70949  -19.148  7.779  8.871 0.2222222239
77760  -19.962  15.713  5.711 0.2222222239
87140  -22.489  26.567  4.034 0.1111111119
136229  -20.179  15.056  5.891 0.1111111119
78653  -19.477  16.424  5.850 0.3333333433
87132  -25.016  26.487  5.099 0.3333333433
87120  -24.196  27.415  5.323 0.1111111119
121492  -19.556  10.455  7.771 0.2222222239
87130  -23.052  26.972  4.529 0.1111111119
87116  -20.918  26.927  4.473 0.1111111119
121077  -22.177  26.760  4.549 0.1111111119
87119  -23.260  27.549  5.219 0.1111111119
72660  -31.049  9.118  5.646 0.1111111119
131252  -17.858  -3.941  12.486 0.1111111119
60733  -19.730  -3.806  13.192 0.1111111119
60749  -16.797  -3.881  12.395 0.1111111119
60764  -16.728  -3.087  11.984 0.1111111119
134432  -17.460  -2.745  11.645 0.1111111119
123843  -16.912  -1.374  11.470 0.1111111119
134651  -16.644  -0.712  11.847 0.1111111119
70912  -18.639  7.583  10.396 0.1111111119
75225  -19.878  12.526  7.517 0.1111111119
74394  -19.795  12.021  7.564 0.1111111119
81331  -19.030  19.002  6.164 0.2222222239
121816  -19.303  19.452  5.447 0.2222222239
82213  -18.735  20.123  6.408 0.2222222239
59781  -15.867  -4.263  12.670 0.1111111119
59764  -19.311  -4.543  13.312 0.1111111119
60748  -16.103  -3.408  12.393 0.1111111119
60763  -16.293  -2.792  12.144 0.1111111119
62812  -16.343  -1.671  11.982 0.1111111119
64759  -17.082  0.004  11.690 0.1111111119
63821  -17.185  -0.032  11.410 0.1111111119
64780  -17.490  1.051  10.892 0.1111111119
65679  -17.677  1.472  10.948 0.1111111119
70058  -18.818  6.805  10.704 0.1111111119
71734  -18.602  8.361  10.228 0.1111111119
72645  -19.293  9.565  8.067 0.1111111119
74375  -19.735  12.078  7.796 0.1111111119
80411  -18.907  18.388  6.501 0.2222222239
82212  -18.623  20.526  6.660 0.2222222239
82225  -18.745  21.653  6.077 0.1111111119
127264  -17.437  -4.592  12.751 0.1111111119
82226  -18.961  20.700  5.801 0.2222222239
83109  -19.243  21.401  5.279 0.1111111119
137834  -19.316  8.430  8.332 0.1111111119
80412  -19.116  18.170  6.005 0.2222222239
132278  -20.285  13.244  6.746 0.1111111119
134375  -18.944  7.134  9.275 0.1111111119
66481  -18.012  2.336  11.059 0.1111111119
69185  -18.426  5.630  9.999 0.1111111119
70080  -18.744  6.538  9.591 0.1111111119
64760  -17.427  0.633  11.251 0.1111111119
61745  -16.725  -2.293  11.714 0.1111111119
140851  -17.374  -3.362  12.065 0.1111111119
59784  -18.824  -3.876  12.798 0.1111111119
70930  -18.984  7.500  9.198 0.1111111119
126273  -18.572  10.901  8.957 0.1111111119
81330  -18.735  19.471  6.646 0.1111111119
61744  -16.216  -2.339  12.151 0.1111111119
63783  -16.493  -0.849  12.317 0.1111111119
71749  -19.153  8.266  8.811 0.1111111119
83080  -18.926  21.703  7.265 0.1111111119
83092  -18.708  22.111  6.179 0.1111111119
134550  -18.912  17.664  6.527 0.1111111119
84737  -19.337  24.194  4.653 0.1111111119
85492  -19.737  25.071  4.054 0.1111111119
85507  -20.737  25.776  2.805 0.1111111119
61735  -22.181  -2.146  12.894 0.1111111119
66497  -18.205  2.349  10.557 0.3333333433
67424  -23.962  3.545  5.566 0.4444444478
69260  -27.433  5.484  6.100 0.2222222239
69275  -23.675  5.149  5.512 0.4444444478
70155  -26.893  5.817  4.730 0.3333333433
73550  -30.345  9.392  3.138 0.5555555820
73552  -31.358  10.084  4.762 0.1111111119
73579  -23.041  10.643  3.521 1.0000000000
74413  -31.045  9.636  2.713 0.3333333433
74429  -30.471  9.670  2.258 0.5555555820
74430  -30.779  9.500  1.869 0.3333333433
74440  -24.374  11.527  2.960 1.0000000000
74449  -23.644  11.559  2.899 1.0000000000
74451  -24.434  12.094  2.703 1.0000000000
75278  -27.154  13.125  5.118 1.0000000000
75307  -24.747  12.635  2.647 1.0000000000
75309  -30.939  11.150  0.563 0.5555555820
76089  -28.331  13.739  5.504 0.8888888955
76091  -30.629  11.931  4.087 0.6666666865
76117  -26.152  13.647  4.141 1.0000000000
76126  -24.030  13.366  2.236 1.0000000000
76138  -30.538  13.008  -0.031 0.5555555820
76145  -31.016  12.405  0.080 0.5555555820
76938  -27.873  14.501  5.350 0.8888888955
76940  -29.528  14.397  5.600 0.8888888955
76965  -25.749  14.383  3.704 1.0000000000
76983  -34.304  15.137  2.791 0.1111111119
76989  -30.521  12.466  0.676 0.5555555820
77000  -30.140  13.884  -0.252 0.5555555820
77778  -30.131  15.556  5.655 0.7777777910
77788  -20.291  16.161  5.097 0.5555555820
77792  -27.511  15.802  5.123 0.8888888955
77813  -31.436  15.116  2.395 0.6666666865
77816  -36.308  15.350  2.223 0.1111111119
77834  -29.519  14.553  0.015 0.5555555820
77835  -30.675  14.243  -0.464 0.5555555820
78674  -31.250  16.514  5.512 0.7777777910
78680  -20.126  16.543  5.164 0.4444444478
78683  -26.831  16.803  4.480 0.8888888955
78691  -25.755  16.954  3.379 1.0000000000
78701  -24.827  16.437  2.206 1.0000000000
78705  -35.299  16.373  2.017 0.1111111119
78710  -23.876  16.623  1.755 0.8888888955
78715  -34.028  16.813  1.289 0.2222222239
78723  -29.596  15.576  -0.280 0.5555555820
79531  -28.102  17.172  5.304 0.8888888955
79534  -31.898  17.353  5.432 0.7777777910
79541  -20.174  17.238  4.787 0.4444444478
79543  -27.407  17.576  4.722 1.0000000000
79560  -22.622  16.950  2.389 0.8888888955
79561  -24.506  17.712  1.829 0.8888888955
79586  -34.590  17.773  0.270 0.1111111119
79602  -29.928  17.220  -1.159 0.1111111119
80420  -19.426  17.582  5.573 0.3333333433
80428  -29.623  18.913  5.504 0.8888888955
80440  -28.368  18.803  4.986 0.8888888955
80449  -25.827  18.444  3.369 1.0000000000
80459  -21.281  18.695  2.589 0.6666666865
80463  -32.530  18.483  2.470 0.4444444478
80471  -22.431  18.543  1.809 0.7777777910
80473  -24.091  18.387  1.688 0.8888888955
80507  -29.157  17.583  -2.413 0.1111111119
81349  -31.984  19.518  5.709 0.6666666865
81359  -27.158  19.135  4.325 0.8888888955
81362  -29.224  19.579  5.384 0.7777777910
81368  -25.973  19.436  3.449 0.8888888955
81386  -22.072  19.361  1.668 0.8888888955
81388  -23.784  19.290  1.714 1.0000000000
81417  -28.774  17.903  -2.593 0.1111111119
82235  -31.489  20.216  6.090 0.6666666865
82246  -28.365  20.866  4.822 0.6666666865
82247  -28.785  20.209  5.150 0.7777777910
82256  -20.141  20.266  3.605 0.5555555820
82267  -25.128  20.708  2.714 0.7777777910
82273  -21.811  20.250  1.706 0.7777777910
83081  -19.007  21.294  7.541 0.1111111119
83099  -29.340  21.486  5.679 0.6666666865
83134  -24.764  21.405  2.560 0.7777777910
83140  -21.714  21.812  1.716 0.5555555820
83143  -23.947  20.661  1.884 0.7777777910
83167  -31.258  21.499  0.125 0.3333333433
83177  -29.276  20.513  -2.047 0.1111111119
83903  -31.340  22.612  6.658 0.6666666865
83907  -18.803  22.564  5.846 0.1111111119
83914  -28.847  22.162  5.615 0.6666666865
83917  -31.955  21.860  6.524 0.6666666865
83927  -27.450  22.384  4.641 0.6666666865
83929  -33.113  21.963  5.043 0.6666666865
83936  -25.160  22.834  3.208 0.6666666865
83937  -25.595  22.130  3.360 0.7777777910
83949  -20.719  22.675  2.493 0.5555555820
83965  -22.643  22.918  1.774 0.4444444478
83966  -23.367  22.013  1.933 0.6666666865
83968  -32.239  22.805  1.793 0.3333333433
83979  -30.976  23.022  0.007 0.1111111119
83995  -29.375  22.402  -1.867 0.1111111119
84711  -30.739  23.235  6.718 0.6666666865
84713  -32.185  23.644  6.381 0.6666666865
84726  -25.865  24.080  4.160 0.6666666865
84756  -22.126  24.149  1.701 0.4444444478
84770  -32.406  23.635  2.400 0.4444444478
84777  -31.038  23.858  0.250 0.1111111119
84792  -29.557  23.370  -1.530 0.1111111119
85451  -31.172  25.006  6.908 0.5555555820
85464  -31.660  24.294  6.592 0.5555555820
85473  -27.637  24.511  5.729 0.4444444478
85481  -24.500  25.209  4.039 0.4444444478
85484  -32.692  24.834  4.661 0.5555555820
85509  -23.651  24.252  2.697 0.5555555820
85519  -32.145  24.473  2.004 0.3333333433
85526  -30.656  24.627  -0.228 0.2222222239
86280  -30.803  25.739  7.192 0.4444444478
86290  -32.092  25.885  6.367 0.5555555820
86304  -32.574  25.432  5.327 0.5555555820
86310  -23.203  26.348  3.971 0.1111111119
86313  -26.484  25.316  5.299 0.5555555820
86320  -20.379  26.721  3.980 0.1111111119
86329  -20.748  26.612  3.172 0.1111111119
86330  -21.143  26.022  2.755 0.1111111119
86332  -22.385  25.606  2.871 0.4444444478
86340  -32.308  25.270  2.333 0.3333333433
86346  -30.945  25.383  0.132 0.2222222239
86356  -30.457  25.470  -0.506 0.2222222239
87105  -26.976  26.578  6.299 0.4444444478
87107  -31.814  26.590  6.634 0.4444444478
87128  -21.024  27.333  3.995 0.1111111119
87138  -20.872  27.113  3.622 0.1111111119
87139  -21.133  27.021  3.505 0.2222222239
87141  -32.556  26.368  3.365 0.4444444478
87146  -32.348  26.117  2.542 0.2222222239
87931  -28.917  27.106  7.266 0.4444444478
87963  -32.653  27.037  4.928 0.4444444478
87971  -32.514  27.154  3.610 0.4444444478
87973  -31.967  27.520  2.206 0.1111111119
88718  -31.132  28.088  7.245 0.4444444478
88736  -32.356  28.136  5.383 0.4444444478
88743  -32.332  27.843  3.812 0.3333333433
89473  -31.800  29.620  5.782 0.3333333433
89478  -31.622  29.422  3.677 0.2222222239
89480  -31.298  29.165  2.240 0.1111111119
90231  -30.907  30.713  3.151 0.1111111119
90993  -31.095  31.774  4.286 0.1111111119
91611  -30.675  32.467  6.785 0.1111111119
92252  -28.757  34.003  8.005 0.1111111119
92954  -30.542  34.155  4.159 0.1111111119
93644  -30.198  34.939  6.363 0.1111111119
93653  -29.891  35.480  3.846 0.1111111119
123637  -31.341  15.863  5.344 0.8888888955
126637  -25.472  15.113  3.160 1.0000000000
126876  -20.351  19.321  3.564 0.5555555820
127062  -29.343  8.578  5.254 0.3333333433
127580  -32.482  21.100  1.946 0.5555555820
128126  -33.682  14.986  2.085 0.1111111119
128375  -24.353  22.091  2.437 0.6666666865
128614  -23.722  12.862  2.438 1.0000000000
129213  -30.829  16.497  1.174 0.6666666865
130170  -30.491  13.558  5.090 0.7777777910
130726  -32.507  17.098  4.357 0.7777777910
132066  -30.853  26.614  -0.187 0.1111111119
132179  -30.767  13.736  1.631 0.6666666865
132283  -29.699  16.114  -0.533 0.4444444478
133158  -21.373  21.021  1.988 0.6666666865
133657  -29.138  23.968  -1.857 0.1111111119
133735  -25.474  20.069  3.061 0.8888888955
133849  -20.250  25.982  3.496 0.1111111119
133869  -32.294  18.852  5.371 0.7777777910
134191  -27.020  16.123  4.686 0.8888888955
134368  -32.024  18.238  5.525 0.8888888955
134519  -29.734  21.628  -1.566 0.1111111119
135683  -29.639  13.920  0.088 0.5555555820
136521  -32.266  25.333  6.165 0.5555555820
137067  -32.588  17.676  4.654 0.7777777910
138280  -19.682  19.329  4.672 0.2222222239
138979  -32.816  23.209  5.568 0.6666666865
139194  -21.442  26.990  4.358 0.1111111119
139220  -18.689  21.092  6.373 0.2222222239
139341  -32.451  17.759  -0.549 0.1111111119
139995  -25.848  11.416  4.234 1.0000000000
140104  -28.302  25.806  6.472 0.5555555820
140261  -28.414  22.744  5.502 0.6666666865
140738  -28.718  25.269  6.498 0.5555555820
141225  -32.439  19.050  2.048 0.4444444478
141789  -24.323  16.240  1.875 0.8888888955
143068  -29.995  8.936  4.217 0.3333333433
143867  -19.097  21.716  7.294 0.1111111119
144400  -23.210  14.727  2.477 0.8888888955
