#!ascii label  , from subject sub-v2s12x28853_ses-1 vox2ras=TkReg
849
9081  -26.700  -62.067  11.363 0.5000000000
122830  -26.597  -64.279  9.226 0.8000000119
8458  -25.760  -63.549  8.468 0.8000000119
7808  -26.334  -64.535  8.666 0.8000000119
9071  -26.426  -61.309  12.488 0.5000000000
8444  -26.175  -62.896  10.716 0.5000000000
8445  -27.465  -63.501  10.012 0.6000000238
9719  -26.720  -61.214  9.349 0.6999999881
119071  -26.476  -63.016  8.373 0.6999999881
7809  -27.051  -64.482  8.624 0.8000000119
9092  -28.768  -63.579  9.490 0.6999999881
9683  -27.267  -60.203  13.626 0.6000000238
9072  -27.203  -61.398  11.840 0.5000000000
9701  -28.053  -61.249  11.688 0.6000000238
10368  -25.697  -59.915  10.750 0.6999999881
9082  -27.845  -62.287  10.897 0.6000000238
9702  -29.123  -61.150  11.450 0.6000000238
9712  -26.153  -60.446  10.152 0.6999999881
9718  -25.804  -61.219  9.561 0.6999999881
8459  -27.342  -63.869  8.298 0.6999999881
128900  -29.009  -62.326  10.635 0.6000000238
9083  -29.954  -62.069  10.517 0.6000000238
119130  -28.801  -63.837  8.675 0.8000000119
8452  -29.385  -63.474  8.863 0.8000000119
9093  -29.797  -62.977  9.564 0.6999999881
10342  -28.159  -59.560  13.444 0.4000000060
9684  -28.233  -60.269  12.460 0.6000000238
11053  -26.906  -59.284  10.750 0.6999999881
9703  -30.111  -61.099  11.160 0.6000000238
10370  -27.771  -59.392  10.383 0.6999999881
9098  -27.209  -62.479  8.496 0.6999999881
9721  -29.172  -62.431  8.624 0.6999999881
9100  -29.214  -63.424  8.723 0.6000000238
8454  -30.643  -62.482  9.237 0.6999999881
9716  -32.115  -60.935  9.429 0.5000000000
9720  -27.862  -61.625  8.886 0.6000000238
9723  -30.900  -61.905  8.996 0.6000000238
9724  -32.222  -60.627  9.260 0.6000000238
126930  -31.616  -61.114  9.111 0.6000000238
10375  -32.186  -60.406  8.787 0.5000000000
10343  -28.993  -59.138  13.211 0.4000000060
10354  -28.894  -59.684  12.701 0.5000000000
11811  -27.163  -57.978  11.378 0.6999999881
10355  -29.718  -59.517  12.389 0.6000000238
10356  -30.557  -59.478  11.909 0.6000000238
9713  -27.163  -60.279  10.008 0.6999999881
9704  -31.087  -61.145  10.604 0.6000000238
9714  -28.583  -60.600  9.390 0.6999999881
9705  -31.922  -61.053  10.086 0.5000000000
125689  -32.537  -60.564  10.160 0.6000000238
10371  -29.648  -60.194  9.394 0.6999999881
9722  -30.022  -61.650  8.818 0.6000000238
10372  -33.204  -59.783  9.046 0.5000000000
11057  -33.514  -59.316  9.281 0.5000000000
134407  -31.400  -60.482  9.112 0.5000000000
13110  -26.389  -55.981  11.912 0.6000000238
13117  -26.306  -55.355  11.484 0.6000000238
11026  -28.421  -59.077  14.187 0.5000000000
11027  -29.188  -58.488  13.767 0.5000000000
12482  -26.675  -56.986  11.968 0.6999999881
11810  -26.740  -57.766  11.788 0.6999999881
132932  -30.105  -59.126  12.415 0.5000000000
133793  -30.457  -57.948  12.648 0.4000000060
11054  -27.359  -58.555  10.950 0.6999999881
11055  -28.106  -58.485  10.666 0.6999999881
11047  -31.302  -59.141  11.591 0.5000000000
128669  -28.759  -59.355  10.155 0.6999999881
136259  -29.595  -59.231  9.960 0.6000000238
124106  -32.298  -59.648  10.642 0.5000000000
11062  -30.456  -59.783  9.407 0.6000000238
11049  -33.066  -59.142  10.308 0.5000000000
11828  -31.627  -58.503  9.443 0.5000000000
126294  -33.063  -58.985  8.951 0.5000000000
11823  -34.169  -58.677  8.985 0.5000000000
11065  -33.384  -59.638  8.976 0.5000000000
11824  -35.027  -57.917  8.775 0.3000000119
12468  -30.299  -56.670  13.265 0.3000000119
13109  -26.210  -55.294  12.300 0.6000000238
13116  -25.875  -54.925  11.568 0.6000000238
11796  -29.573  -57.777  13.849 0.4000000060
11797  -30.138  -57.489  13.238 0.4000000060
13118  -26.981  -55.989  11.291 0.6000000238
11040  -31.079  -58.191  12.048 0.5000000000
12487  -27.764  -56.862  11.127 0.6999999881
11818  -28.378  -57.605  10.781 0.6999999881
11048  -32.007  -58.619  11.264 0.5000000000
125357  -29.043  -58.444  10.419 0.5000000000
11813  -32.669  -58.012  10.922 0.5000000000
11056  -30.262  -58.622  9.971 0.5000000000
12492  -34.006  -56.872  10.415 0.4000000060
131473  -34.437  -58.029  9.565 0.3000000119
12493  -34.843  -57.174  9.568 0.4000000060
123136  -33.773  -58.202  8.764 0.5000000000
11831  -34.709  -58.049  8.684 0.4000000060
13674  -25.433  -54.588  12.146 0.6000000238
13681  -25.440  -54.208  11.320 0.6000000238
13124  -25.827  -54.643  11.262 0.6000000238
13682  -26.378  -55.083  11.174 0.6000000238
135412  -27.242  -55.296  10.975 0.6000000238
12477  -31.377  -56.765  12.049 0.3000000119
11812  -31.636  -57.572  11.718 0.4000000060
13125  -27.913  -56.005  10.947 0.6000000238
13119  -32.091  -55.699  11.618 0.3000000119
12488  -28.618  -56.741  10.771 0.6000000238
11819  -29.365  -57.567  10.510 0.6999999881
13120  -32.782  -55.128  11.260 0.3000000119
12483  -32.218  -56.802  11.476 0.3000000119
13685  -33.524  -54.506  10.803 0.3000000119
129439  -32.958  -56.225  11.008 0.3000000119
13126  -29.888  -55.861  10.546 0.5000000000
11820  -30.438  -57.517  10.237 0.5000000000
13693  -34.615  -54.953  10.090 0.3000000119
13121  -33.767  -55.695  10.606 0.3000000119
11821  -31.318  -57.432  9.828 0.5000000000
11829  -32.536  -57.938  9.217 0.5000000000
13130  -35.744  -56.334  8.796 0.3000000119
12491  -31.602  -56.765  9.795 0.5000000000
12498  -35.216  -57.161  8.259 0.4000000060
12499  -36.022  -56.757  8.058 0.3000000119
14269  -24.785  -53.512  11.406 0.5000000000
14908  -25.073  -53.388  11.145 0.6000000238
14277  -25.316  -53.998  11.124 0.5000000000
13688  -28.226  -55.193  10.757 0.6000000238
134385  -27.630  -54.673  10.758 0.5000000000
14272  -33.455  -53.505  11.012 0.3000000119
124102  -34.286  -52.937  10.390 0.3000000119
14285  -34.496  -53.898  10.207 0.3000000119
119118  -28.900  -55.897  10.684 0.6000000238
12490  -30.599  -56.651  10.333 0.5000000000
13692  -32.160  -55.114  9.813 0.5000000000
12497  -34.014  -57.342  8.520 0.4000000060
13133  -34.072  -56.258  8.429 0.4000000060
14897  -24.566  -52.867  11.412 0.5000000000
14898  -25.503  -52.634  11.116 0.5000000000
14909  -25.905  -53.292  10.905 0.5000000000
14278  -26.333  -53.971  10.825 0.5000000000
14910  -27.001  -53.194  10.807 0.5000000000
15566  -32.941  -51.314  11.700 0.3000000119
133550  -33.466  -52.715  11.118 0.3000000119
123899  -28.408  -54.370  10.665 0.6000000238
13689  -29.280  -54.982  10.626 0.6000000238
126834  -30.220  -55.214  10.491 0.5000000000
13691  -31.105  -54.999  10.314 0.5000000000
13137  -36.026  -55.971  7.794 0.4000000060
129037  -34.347  -54.354  8.293 0.4000000060
15561  -26.017  -51.686  11.266 0.5000000000
14899  -26.652  -52.343  11.090 0.5000000000
15562  -27.519  -51.739  11.375 0.5000000000
16318  -32.793  -50.564  11.863 0.4000000060
128817  -33.317  -50.035  11.453 0.4000000060
127766  -27.873  -53.158  10.740 0.5000000000
14280  -28.505  -53.552  10.676 0.5000000000
15567  -33.640  -51.327  11.085 0.4000000060
14904  -33.981  -52.092  10.671 0.3000000119
14911  -28.637  -52.701  10.934 0.4000000060
14916  -35.222  -52.253  9.576 0.3000000119
126743  -29.264  -54.020  10.604 0.5000000000
14281  -30.020  -53.662  10.587 0.4000000060
127704  -30.846  -54.053  10.439 0.4000000060
123711  -33.457  -54.320  8.883 0.4000000060
16311  -25.484  -50.990  11.368 0.5000000000
16312  -26.463  -50.811  11.541 0.5000000000
134733  -26.842  -51.474  11.394 0.5000000000
130224  -32.610  -49.106  12.131 0.4000000060
131508  -27.679  -52.505  11.031 0.5000000000
135067  -28.082  -51.352  11.688 0.4000000060
17073  -33.859  -49.542  10.810 0.4000000060
16322  -33.994  -50.478  10.717 0.4000000060
14900  -28.317  -51.944  11.343 0.4000000060
14912  -29.592  -52.624  10.974 0.4000000060
16323  -35.108  -50.573  9.685 0.4000000060
141260  -29.999  -53.065  10.725 0.4000000060
14282  -30.721  -53.265  10.593 0.4000000060
14283  -31.616  -53.633  10.329 0.4000000060
14284  -32.452  -54.193  9.718 0.4000000060
129177  -32.397  -53.192  9.940 0.4000000060
14287  -33.066  -53.611  9.324 0.4000000060
14291  -35.037  -53.891  8.083 0.4000000060
14288  -33.868  -53.612  8.504 0.4000000060
117550  -25.913  -49.947  11.568 0.5000000000
128815  -32.715  -48.366  11.955 0.4000000060
129991  -33.166  -49.124  11.552 0.4000000060
17068  -26.906  -50.048  11.977 0.5000000000
16313  -27.420  -50.888  11.779 0.4000000060
14901  -29.161  -52.022  11.328 0.4000000060
17074  -34.627  -49.879  10.150 0.4000000060
14902  -30.051  -52.026  11.282 0.4000000060
14913  -30.452  -52.605  10.848 0.4000000060
129531  -35.584  -53.365  8.064 0.3000000119
17056  -26.545  -49.250  11.940 0.5000000000
17057  -27.280  -49.351  12.325 0.4000000060
18816  -33.590  -47.929  10.921 0.4000000060
16301  -28.649  -50.047  12.426 0.4000000060
16314  -28.315  -50.773  12.101 0.4000000060
16315  -29.175  -50.763  12.147 0.4000000060
15564  -29.614  -51.396  11.681 0.4000000060
124660  -30.476  -51.305  11.431 0.4000000060
14914  -31.484  -52.654  10.519 0.4000000060
130619  -34.514  -52.100  8.209 0.4000000060
131399  -32.974  -51.971  9.458 0.4000000060
14919  -33.658  -52.076  8.713 0.4000000060
17903  -26.435  -48.463  11.828 0.4000000060
134430  -26.952  -48.774  12.249 0.4000000060
17058  -28.086  -49.312  12.568 0.4000000060
17059  -29.025  -49.263  12.605 0.4000000060
16302  -29.555  -50.008  12.322 0.4000000060
16316  -30.055  -50.688  11.911 0.4000000060
15577  -35.202  -51.660  7.932 0.4000000060
16317  -30.894  -50.489  11.436 0.4000000060
15569  -31.787  -51.710  10.557 0.4000000060
16320  -31.693  -50.186  10.748 0.4000000060
15570  -32.528  -51.332  9.960 0.4000000060
128926  -27.040  -48.180  12.260 0.4000000060
130156  -27.647  -48.050  12.482 0.4000000060
17891  -28.402  -48.418  12.655 0.4000000060
17892  -29.427  -48.447  12.555 0.4000000060
17060  -29.931  -49.214  12.338 0.4000000060
17893  -30.269  -48.424  12.118 0.4000000060
16303  -30.419  -49.883  11.894 0.4000000060
17069  -31.173  -49.635  11.302 0.4000000060
138418  -31.267  -48.941  11.123 0.4000000060
15574  -33.966  -51.429  8.439 0.3000000119
16321  -32.384  -50.414  10.063 0.4000000060
15573  -33.195  -51.355  9.167 0.4000000060
19779  -26.828  -46.858  11.735 0.4000000060
18795  -27.271  -47.500  12.231 0.4000000060
122369  -27.222  -46.111  11.746 0.4000000060
18796  -28.049  -47.525  12.543 0.4000000060
18797  -28.963  -47.633  12.679 0.4000000060
135466  -30.691  -49.089  11.701 0.4000000060
16329  -35.530  -50.373  7.708 0.4000000060
16328  -34.503  -50.724  8.124 0.3000000119
17071  -31.657  -49.247  10.613 0.4000000060
17075  -32.775  -49.914  9.279 0.5000000000
17076  -33.533  -50.029  8.594 0.4000000060
17072  -32.209  -49.561  10.062 0.5000000000
20785  -26.862  -45.481  11.159 0.4000000060
20786  -27.585  -45.338  11.872 0.4000000060
20768  -28.150  -46.022  12.297 0.4000000060
20769  -28.312  -45.247  12.218 0.4000000060
133263  -28.954  -46.311  12.507 0.4000000060
17905  -31.533  -48.410  10.505 0.4000000060
17913  -32.375  -48.965  9.386 0.5000000000
21769  -26.837  -44.163  10.482 0.4000000060
21754  -27.237  -44.702  11.269 0.4000000060
21755  -27.935  -44.580  11.994 0.4000000060
124882  -31.965  -48.843  10.018 0.4000000060
17912  -31.917  -48.156  9.548 0.5000000000
22726  -27.553  -43.757  11.442 0.4000000060
133529  -31.651  -47.144  9.535 0.5000000000
25558  -27.332  -40.703  9.835 0.4000000060
23697  -26.547  -42.806  9.754 0.4000000060
23682  -27.125  -42.397  10.278 0.4000000060
22747  -26.995  -43.300  10.411 0.4000000060
24633  -27.569  -41.847  11.154 0.4000000060
23661  -28.266  -42.141  11.858 0.5000000000
24657  -26.856  -41.861  9.462 0.4000000060
13695  -33.146  -55.168  9.170 0.5000000000
13136  -35.311  -56.181  7.936 0.4000000060
9080  -25.716  -62.061  11.812 0.5000000000
7817  -25.943  -64.417  8.501 0.8000000119
118635  -24.933  -62.867  8.905 0.8000000119
9091  -24.839  -61.541  9.698 0.6999999881
9666  -26.593  -60.833  14.161 0.5000000000
9711  -25.278  -60.599  10.306 0.6999999881
9654  -27.366  -60.687  15.275 0.5000000000
10361  -25.385  -59.523  11.414 0.6999999881
9667  -27.155  -60.434  14.695 0.4000000060
11046  -26.655  -58.552  11.393 0.6999999881
10325  -28.113  -59.297  15.254 0.4000000060
11016  -29.024  -58.033  15.309 0.4000000060
117857  -26.701  -55.891  12.970 0.6000000238
12467  -29.746  -57.020  13.956 0.4000000060
14252  -25.731  -53.869  12.487 0.6000000238
14251  -24.684  -53.346  12.120 0.5000000000
14896  -24.280  -53.094  11.676 0.5000000000
15560  -24.991  -52.051  11.334 0.5000000000
122164  -24.900  -50.336  11.413 0.4000000060
17067  -25.120  -49.419  11.420 0.4000000060
17901  -25.105  -48.565  11.387 0.4000000060
17902  -25.820  -48.930  11.543 0.4000000060
18811  -25.796  -47.959  11.416 0.4000000060
19778  -26.065  -46.972  11.210 0.4000000060
20784  -26.431  -46.197  11.115 0.4000000060
20800  -26.566  -44.896  10.545 0.4000000060
21768  -26.269  -44.410  10.116 0.4000000060
22746  -26.370  -43.703  9.916 0.4000000060
24658  -27.013  -41.205  9.030 0.4000000060
8450  -25.436  -64.567  9.106 0.8000000119
7820  -27.041  -64.399  8.521 0.8000000119
9692  -27.232  -60.736  12.571 0.5000000000
9097  -25.650  -62.212  8.901 0.6999999881
9084  -30.709  -61.855  10.303 0.6999999881
10362  -30.396  -60.269  11.571 0.6000000238
9715  -31.536  -61.513  9.682 0.6000000238
9102  -30.734  -62.364  9.123 0.6000000238
129908  -27.126  -57.113  11.502 0.6999999881
10363  -31.487  -60.233  10.941 0.5000000000
122011  -26.687  -56.253  11.670 0.6000000238
126774  -29.187  -58.073  14.450 0.5000000000
11028  -29.940  -58.208  13.139 0.5000000000
11805  -30.795  -57.235  12.489 0.3000000119
14279  -27.511  -53.922  10.689 0.6000000238
12496  -32.758  -57.036  9.228 0.5000000000
138415  -31.652  -54.405  10.236 0.4000000060
13699  -35.405  -55.025  7.909 0.4000000060
14915  -32.427  -52.276  10.039 0.4000000060
15565  -31.332  -51.101  11.013 0.4000000060
18812  -26.545  -47.661  11.768 0.4000000060
124035  -31.981  -50.943  10.524 0.4000000060
23660  -27.561  -42.737  11.295 0.4000000060
7054  -29.982  -64.158  18.856 0.4000000060
7071  -29.925  -64.251  17.958 0.4000000060
6508  -28.742  -65.110  16.128 0.4000000060
6525  -28.383  -65.643  15.444 0.4000000060
7070  -28.308  -63.908  17.132 0.4000000060
121303  -28.313  -64.589  16.469 0.4000000060
131224  -27.639  -65.646  15.250 0.4000000060
6524  -27.027  -65.294  15.408 0.4000000060
6042  -26.465  -66.923  13.806 0.5000000000
7090  -27.636  -64.342  16.450 0.4000000060
6523  -26.340  -65.490  15.035 0.5000000000
6540  -26.075  -66.146  14.419 0.5000000000
6041  -25.591  -66.920  13.623 0.6000000238
7700  -27.745  -63.242  17.702 0.4000000060
7719  -27.351  -63.675  16.953 0.4000000060
7112  -26.301  -64.815  15.551 0.4000000060
10308  -27.617  -60.062  15.271 0.3000000119
137680  -28.346  -59.286  15.980 0.4000000060
11771  -29.256  -57.312  15.662 0.3000000119
6059  -25.752  -67.960  12.743 0.5000000000
122361  -26.632  -62.044  14.639 0.5000000000
9033  -27.615  -61.231  15.519 0.4000000060
8364  -25.200  -63.052  16.934 0.4000000060
6522  -25.597  -65.487  14.773 0.5000000000
130552  -25.367  -66.186  14.188 0.5000000000
7698  -26.063  -63.221  17.035 0.4000000060
7718  -26.580  -63.621  16.731 0.4000000060
6058  -24.879  -67.797  12.674 0.6000000238
5612  -25.059  -68.211  11.505 0.6000000238
6591  -24.913  -67.046  11.378 0.6999999881
134838  -26.092  -62.082  14.177 0.5000000000
126298  -25.417  -68.054  11.207 0.6999999881
116967  -25.623  -65.608  12.094 0.6999999881
7142  -25.811  -63.148  13.664 0.6999999881
7164  -25.726  -64.513  12.851 0.6999999881
7129  -25.003  -65.026  14.876 0.5000000000
6539  -24.698  -65.769  14.246 0.6000000238
6555  -24.771  -66.784  13.503 0.6000000238
6069  -23.203  -67.254  11.566 0.6000000238
7733  -24.951  -63.577  16.117 0.4000000060
7110  -24.739  -64.279  15.372 0.5000000000
6554  -23.956  -66.535  13.346 0.6000000238
6070  -23.839  -67.945  11.762 0.6000000238
6082  -23.559  -67.507  11.557 0.6000000238
6590  -23.960  -66.888  11.382 0.6000000238
12455  -29.513  -56.696  14.869 0.3000000119
5611  -24.064  -67.967  11.638 0.6000000238
6569  -24.527  -65.747  11.727 0.6999999881
8412  -25.714  -62.415  13.706 0.6000000238
9060  -26.183  -61.269  13.517 0.5000000000
7731  -22.904  -63.516  15.331 0.6000000238
7127  -22.324  -64.324  13.744 0.6000000238
7141  -22.520  -65.097  13.240 0.6999999881
6553  -23.108  -65.945  13.055 0.6000000238
6568  -22.612  -66.656  11.900 0.6000000238
6081  -22.903  -66.900  11.365 0.6000000238
7732  -23.935  -63.531  15.684 0.5000000000
7128  -24.235  -64.889  14.615 0.6000000238
7186  -23.771  -65.873  11.395 0.6000000238
7163  -24.071  -64.804  11.798 0.6999999881
8430  -24.531  -63.052  12.181 0.6999999881
123632  -24.887  -64.593  12.468 0.6999999881
9070  -25.651  -61.708  12.870 0.6000000238
7761  -25.011  -62.821  13.035 0.6999999881
7760  -21.867  -63.975  13.454 0.6000000238
7161  -21.450  -64.879  11.479 0.6999999881
6552  -22.196  -65.727  12.366 0.6999999881
6588  -22.040  -66.377  10.821 0.6000000238
7185  -23.264  -65.536  10.968 0.6999999881
7162  -23.833  -64.439  11.486 0.6999999881
8431  -25.016  -62.445  12.293 0.6000000238
8449  -22.136  -63.605  10.268 0.6999999881
136462  -23.106  -64.330  9.691 0.6999999881
7779  -21.480  -64.018  11.582 0.6999999881
136275  -21.976  -64.881  10.238 0.6000000238
7805  -22.835  -64.728  10.034 0.5000000000
6587  -21.553  -65.686  10.944 0.6999999881
6603  -21.850  -65.822  10.575 0.6000000238
7795  -23.246  -64.950  10.538 0.6999999881
8443  -25.148  -63.199  10.780 0.5000000000
6589  -22.305  -66.356  10.840 0.6000000238
7796  -23.943  -63.938  11.362 0.6999999881
127503  -24.462  -63.227  11.574 0.6000000238
8456  -23.353  -62.885  9.586 0.6999999881
8457  -24.253  -63.688  8.972 0.6999999881
9096  -24.200  -62.421  9.432 0.6999999881
8442  -24.285  -64.243  10.202 0.6000000238
7806  -24.606  -64.484  9.167 0.6999999881
9047  -26.908  -61.240  14.911 0.5000000000
123226  -23.547  -64.552  9.902 0.6000000238
125046  -29.200  -63.951  17.622 0.4000000060
6541  -27.001  -66.057  14.695 0.4000000060
7699  -26.766  -63.106  17.455 0.4000000060
7113  -27.045  -64.631  15.949 0.4000000060
7088  -25.649  -64.185  15.827 0.4000000060
7717  -25.828  -63.620  16.464 0.4000000060
7143  -26.215  -64.014  13.380 0.6999999881
7781  -25.296  -63.726  13.062 0.6999999881
6056  -23.391  -67.206  12.284 0.6000000238
135027  -22.578  -66.677  11.259 0.6000000238
7109  -23.663  -64.086  14.941 0.6999999881
6537  -23.250  -64.753  14.011 0.6000000238
6567  -21.919  -66.246  11.363 0.6000000238
7184  -21.452  -64.698  10.875 0.6999999881
7196  -22.416  -65.519  10.431 0.6000000238
7814  -22.807  -63.713  9.710 0.6000000238
118347  -21.671  -63.418  12.435 0.5000000000
7715  -22.934  -63.207  16.081 0.4000000060
7742  -21.976  -63.658  14.380 0.5000000000
8428  -21.753  -63.051  11.669 0.6000000238
8362  -23.009  -62.874  16.907 0.4000000060
8361  -21.838  -63.017  16.540 0.5000000000
7714  -22.050  -63.339  15.798 0.5000000000
119426  -21.755  -63.265  14.081 0.5000000000
8410  -21.721  -62.907  13.207 0.5000000000
8411  -22.001  -62.083  12.931 0.5000000000
7759  -21.722  -63.582  13.152 0.5000000000
8441  -22.058  -62.601  10.906 0.5000000000
8429  -22.110  -62.138  11.946 0.5000000000
9089  -22.927  -61.889  10.485 0.6999999881
9078  -22.575  -61.416  11.351 0.6000000238
9709  -23.683  -60.773  10.891 0.6000000238
8345  -21.931  -62.751  17.575 0.5000000000
8360  -21.540  -62.697  16.390 0.5000000000
9044  -21.629  -62.250  15.027 0.5000000000
9059  -22.249  -61.295  13.497 0.5000000000
118607  -21.841  -62.323  14.019 0.5000000000
9691  -22.726  -60.430  12.206 0.6000000238
9698  -23.255  -60.500  11.510 0.5000000000
9700  -24.887  -60.120  10.992 0.6000000238
8344  -21.445  -62.543  17.241 0.5000000000
9031  -21.496  -62.300  15.757 0.5000000000
125713  -22.358  -60.716  14.789 0.5000000000
9045  -22.114  -61.410  14.460 0.5000000000
9681  -22.487  -60.358  13.043 0.5000000000
9090  -23.779  -61.552  10.238 0.6000000238
10351  -23.193  -59.846  12.240 0.5000000000
117085  -24.515  -59.744  11.651 0.6000000238
8323  -21.188  -62.388  17.945 0.5000000000
9014  -21.388  -61.994  16.317 0.5000000000
9653  -22.423  -60.487  15.470 0.5000000000
131861  -22.869  -59.592  15.494 0.5000000000
10987  -23.264  -58.831  15.457 0.6000000238
10323  -22.617  -59.757  14.610 0.4000000060
10999  -23.917  -57.956  14.984 0.4000000060
130508  -22.856  -59.026  14.858 0.5000000000
10339  -22.951  -59.135  13.422 0.5000000000
9665  -22.430  -60.488  14.001 0.4000000060
11770  -24.537  -57.405  15.306 0.4000000060
11784  -24.673  -57.891  14.419 0.5000000000
11013  -23.337  -58.688  13.945 0.5000000000
12443  -25.574  -56.261  14.975 0.4000000060
10340  -23.670  -58.973  13.233 0.6000000238
10352  -24.020  -59.441  12.441 0.6000000238
10353  -25.015  -59.177  12.166 0.6000000238
11045  -25.859  -58.849  11.822 0.6000000238
11014  -23.848  -58.335  14.399 0.5000000000
12465  -26.012  -56.770  14.180 0.5000000000
11794  -25.609  -57.544  13.922 0.5000000000
11025  -25.149  -58.221  13.516 0.5000000000
13096  -26.486  -55.109  14.319 0.4000000060
137219  -26.569  -55.673  13.707 0.5000000000
11804  -25.878  -57.875  13.124 0.6000000238
11035  -24.585  -58.779  12.960 0.6000000238
11037  -26.234  -58.119  12.311 0.6000000238
12466  -26.484  -56.375  13.567 0.5000000000
14253  -26.425  -53.668  13.403 0.4000000060
13667  -26.586  -54.389  13.802 0.4000000060
13104  -26.636  -55.117  13.337 0.5000000000
11795  -26.262  -57.231  13.326 0.5000000000
125614  -26.443  -57.463  12.506 0.6000000238
131775  -23.910  -50.689  11.535 0.3000000119
15559  -24.028  -52.535  11.613 0.4000000060
14888  -23.962  -52.932  11.824 0.4000000060
127759  -24.294  -48.276  11.519 0.3000000119
19777  -25.591  -46.646  11.101 0.3000000119
18810  -24.952  -47.726  11.362 0.3000000119
20798  -25.871  -45.487  10.510 0.3000000119
19788  -25.964  -46.178  10.750 0.3000000119
117492  -26.164  -45.027  10.319 0.3000000119
21777  -25.982  -43.964  9.821 0.3000000119
22760  -26.070  -43.386  9.695 0.3000000119
13666  -26.419  -54.438  12.867 0.5000000000
17900  -24.393  -49.068  11.496 0.3000000119
129578  -22.563  -62.737  10.229 0.5000000000
8378  -21.710  -63.108  15.782 0.5000000000
10350  -22.782  -59.697  12.865 0.5000000000
8394  -27.367  -61.974  15.165 0.3000000119
7165  -26.502  -64.891  12.777 0.6000000238
7762  -26.752  -63.472  13.975 0.6000000238
10284  -30.363  -59.269  17.542 0.3000000119
9621  -29.729  -59.749  17.304 0.3000000119
9620  -29.082  -60.220  16.804 0.3000000119
10298  -28.538  -59.639  16.415 0.3000000119
9016  -29.510  -61.062  16.634 0.3000000119
9034  -28.244  -61.077  16.047 0.3000000119
9655  -27.810  -60.521  15.751 0.3000000119
7144  -27.288  -64.421  13.358 0.6000000238
135449  -27.295  -62.814  14.595 0.5000000000
122994  -31.366  -58.048  17.527 0.3000000119
10283  -29.600  -58.950  17.367 0.3000000119
10299  -29.054  -59.323  16.955 0.3000000119
10988  -28.758  -58.944  16.456 0.3000000119
125767  -28.977  -61.518  16.177 0.3000000119
8379  -28.308  -61.909  15.601 0.3000000119
123326  -28.017  -62.549  15.077 0.4000000060
7716  -24.100  -63.089  16.458 0.4000000060
11749  -31.647  -57.294  17.465 0.3000000119
121309  -30.596  -58.096  17.636 0.3000000119
11747  -29.901  -57.670  17.552 0.3000000119
10989  -29.183  -58.548  17.018 0.3000000119
6045  -29.336  -66.893  14.320 0.5000000000
5559  -28.831  -67.846  13.235 0.5000000000
6509  -29.653  -65.141  16.441 0.4000000060
6526  -29.275  -65.664  15.685 0.4000000060
6025  -28.855  -66.244  14.940 0.4000000060
6046  -30.299  -66.767  14.592 0.5000000000
5108  -27.072  -68.476  11.092 0.5000000000
5582  -28.083  -68.485  12.249 0.5000000000
6044  -28.382  -66.930  14.099 0.5000000000
6061  -27.797  -67.771  13.159 0.5000000000
6572  -28.321  -66.064  11.853 0.6000000238
6085  -27.073  -67.983  10.877 0.6000000238
5613  -26.423  -68.474  11.032 0.5000000000
5581  -27.115  -68.581  12.092 0.5000000000
6542  -27.952  -66.219  14.771 0.3000000119
6043  -27.412  -66.911  13.964 0.4000000060
7166  -27.961  -65.159  12.722 0.6000000238
6071  -26.795  -66.995  11.211 0.6000000238
127345  -25.875  -68.433  11.125 0.6000000238
6060  -26.770  -67.877  12.996 0.4000000060
5580  -26.071  -68.616  11.786 0.5000000000
7145  -28.411  -64.472  13.458 0.6000000238
9035  -29.956  -61.796  16.168 0.3000000119
8395  -28.948  -62.758  15.107 0.4000000060
131243  -26.629  -65.889  12.023 0.6000000238
5595  -25.853  -68.539  11.247 0.4000000060
9017  -30.473  -61.309  16.706 0.3000000119
9622  -30.627  -60.056  17.417 0.3000000119
8380  -29.417  -62.270  15.659 0.3000000119
7745  -28.420  -63.224  14.607 0.5000000000
6570  -25.892  -67.081  11.264 0.6000000238
132000  -27.212  -65.204  12.628 0.6000000238
6571  -27.446  -65.963  12.000 0.6000000238
7167  -28.900  -65.139  12.817 0.5000000000
7168  -29.867  -64.987  12.956 0.5000000000
7147  -30.446  -64.483  13.512 0.4000000060
7765  -29.910  -64.067  14.027 0.5000000000
6573  -29.327  -65.820  12.062 0.5000000000
7169  -30.816  -64.995  12.860 0.4000000060
7766  -30.863  -63.985  14.054 0.4000000060
7747  -30.408  -63.511  14.581 0.4000000060
7764  -28.919  -63.938  14.088 0.5000000000
6086  -28.051  -67.365  11.028 0.5000000000
6592  -28.829  -66.717  11.302 0.5000000000
7746  -29.448  -63.430  14.591 0.4000000060
4074  -31.333  -71.585  16.539 0.3000000119
3585  -30.836  -72.307  15.964 0.3000000119
4075  -32.325  -71.638  16.210 0.3000000119
4567  -33.606  -70.261  15.264 0.3000000119
4598  -33.956  -70.463  14.497 0.4000000060
4060  -32.600  -70.471  16.754 0.3000000119
4566  -33.214  -69.795  16.301 0.3000000119
4599  -34.311  -70.236  13.934 0.4000000060
5058  -34.159  -69.244  14.207 0.4000000060
5041  -33.874  -69.202  14.980 0.3000000119
5030  -32.967  -68.560  16.736 0.3000000119
5112  -34.538  -69.472  12.081 0.4000000060
5111  -34.090  -68.997  11.367 0.4000000060
123421  -33.686  -68.216  14.503 0.4000000060
5541  -33.438  -68.075  15.343 0.4000000060
5540  -32.921  -67.267  15.695 0.4000000060
120531  -33.099  -67.388  14.787 0.4000000060
5629  -34.343  -67.773  9.469 0.3000000119
4657  -33.785  -69.022  10.365 0.4000000060
4656  -32.918  -69.408  9.956 0.4000000060
126556  -33.213  -68.981  11.147 0.4000000060
5602  -32.213  -68.240  12.526 0.4000000060
5586  -32.602  -67.699  13.349 0.4000000060
5562  -32.311  -67.252  14.169 0.4000000060
6606  -33.654  -65.988  10.378 0.3000000119
5627  -32.795  -68.559  9.410 0.4000000060
5624  -31.433  -69.180  9.976 0.4000000060
4643  -32.354  -69.449  10.260 0.4000000060
123242  -31.652  -69.085  11.446 0.4000000060
5097  -30.533  -69.406  10.996 0.4000000060
5601  -31.013  -68.703  12.126 0.4000000060
5585  -31.650  -67.808  13.191 0.4000000060
6029  -32.364  -66.826  15.260 0.4000000060
6097  -32.343  -67.275  9.795 0.4000000060
6096  -31.270  -68.067  9.979 0.4000000060
5096  -29.776  -69.024  11.134 0.4000000060
5600  -29.960  -68.914  11.708 0.4000000060
6047  -31.390  -66.775  14.760 0.4000000060
5561  -31.297  -67.375  13.855 0.4000000060
6011  -32.298  -66.637  16.274 0.4000000060
6095  -30.457  -68.178  10.319 0.4000000060
5109  -30.274  -69.179  10.874 0.4000000060
5583  -29.488  -68.411  12.559 0.4000000060
5560  -29.848  -67.527  13.665 0.4000000060
6088  -30.051  -67.550  10.661 0.4000000060
5615  -28.936  -68.458  11.017 0.4000000060
5094  -27.897  -68.498  11.272 0.4000000060
6593  -29.588  -66.774  11.165 0.4000000060
7767  -31.767  -63.934  14.024 0.3000000119
8398  -31.808  -63.075  15.117 0.3000000119
121525  -28.791  -68.635  12.167 0.4000000060
6574  -30.250  -65.660  12.114 0.4000000060
8397  -30.897  -63.057  15.108 0.3000000119
6087  -28.729  -67.700  10.859 0.4000000060
5059  -34.305  -69.164  13.470 0.4000000060
5078  -33.815  -68.370  13.141 0.4000000060
5587  -33.199  -68.057  12.876 0.4000000060
5563  -33.312  -67.749  13.804 0.4000000060
5628  -33.469  -68.207  9.376 0.4000000060
5120  -33.370  -69.115  9.772 0.4000000060
6099  -34.352  -66.266  9.701 0.3000000119
135570  -32.219  -69.334  10.955 0.4000000060
6605  -32.766  -66.325  10.474 0.3000000119
6101  -32.982  -67.742  9.426 0.4000000060
5625  -32.146  -68.399  9.581 0.4000000060
5119  -30.959  -69.351  10.513 0.4000000060
6090  -31.800  -66.637  10.501 0.4000000060
5616  -29.886  -68.699  10.704 0.4000000060
131977  -30.662  -67.259  14.005 0.4000000060
5095  -29.047  -68.711  11.297 0.4000000060
6594  -30.571  -66.337  11.360 0.4000000060
5113  -35.310  -68.819  11.008 0.3000000119
4110  -34.501  -70.604  14.262 0.3000000119
3616  -34.036  -71.029  14.740 0.3000000119
4120  -34.805  -70.245  13.151 0.3000000119
131298  -35.108  -69.820  12.134 0.3000000119
4109  -34.094  -70.640  14.451 0.3000000119
5099  -34.691  -69.979  12.719 0.3000000119
4658  -34.658  -68.928  10.809 0.3000000119
4645  -34.552  -69.177  11.493 0.3000000119
5121  -34.233  -68.826  10.006 0.3000000119
6596  -32.397  -65.821  11.266 0.3000000119
6595  -31.493  -66.033  11.367 0.3000000119
6575  -31.182  -65.501  12.125 0.3000000119
7170  -31.716  -64.924  12.791 0.3000000119
5128  -34.744  -68.193  9.709 0.3000000119
6089  -30.837  -67.008  10.513 0.3000000119
4617  -34.540  -70.070  13.267 0.4000000060
4630  -34.859  -69.931  12.442 0.3000000119
4642  -31.761  -69.465  10.120 0.4000000060
4644  -33.488  -69.094  10.578 0.4000000060
4646  -35.188  -69.350  11.563 0.3000000119
4655  -32.355  -69.503  9.904 0.4000000060
4663  -32.745  -69.324  9.761 0.4000000060
5031  -33.475  -68.934  15.841 0.4000000060
5079  -34.367  -69.245  12.712 0.4000000060
5092  -26.772  -68.560  11.119 0.5000000000
5093  -27.094  -68.586  11.202 0.5000000000
5098  -33.758  -68.682  12.163 0.4000000060
5110  -31.436  -69.514  10.544 0.4000000060
5114  -35.749  -68.920  11.631 0.3000000119
5122  -35.088  -68.517  10.302 0.3000000119
5125  -32.309  -69.218  9.708 0.4000000060
5126  -33.077  -68.952  9.456 0.4000000060
5127  -33.847  -68.597  9.543 0.4000000060
5522  -33.191  -67.978  16.057 0.3000000119
5578  -24.334  -68.260  12.032 0.6000000238
5579  -25.023  -68.475  11.744 0.6000000238
5584  -30.519  -68.031  13.036 0.4000000060
5593  -23.556  -67.557  11.613 0.6000000238
5594  -24.371  -68.225  11.768 0.6000000238
5596  -26.647  -68.652  11.255 0.5000000000
5597  -27.497  -68.629  11.447 0.5000000000
5598  -28.434  -68.677  11.508 0.4000000060
5599  -29.201  -68.830  11.537 0.4000000060
5614  -27.884  -68.187  10.962 0.4000000060
5623  -30.634  -69.033  10.350 0.4000000060
6057  -24.107  -67.615  12.510 0.6000000238
6072  -27.551  -66.837  11.277 0.6000000238
6083  -24.502  -67.694  11.421 0.6999999881
6084  -26.193  -68.137  10.970 0.6000000238
6098  -33.329  -66.783  9.774 0.3000000119
6102  -33.907  -67.288  9.491 0.4000000060
6507  -27.823  -65.038  15.853 0.4000000060
6538  -23.874  -65.574  13.934 0.6000000238
6566  -21.632  -65.369  11.832 0.6999999881
6576  -32.098  -65.380  12.068 0.3000000119
6604  -21.977  -65.980  10.544 0.6000000238
7089  -26.417  -64.172  16.146 0.4000000060
7091  -29.123  -64.483  16.883 0.4000000060
7092  -29.939  -64.664  17.193 0.4000000060
7111  -25.555  -64.805  15.293 0.4000000060
7139  -21.632  -64.309  12.398 0.6999999881
7140  -21.991  -64.780  12.848 0.6999999881
7146  -29.332  -64.505  13.515 0.5000000000
7148  -31.310  -64.452  13.460 0.4000000060
7194  -21.741  -65.199  10.481 0.6000000238
7195  -22.092  -65.288  10.313 0.6000000238
7730  -21.955  -63.498  15.188 0.5000000000
7741  -21.695  -63.222  15.074 0.5000000000
7743  -22.651  -63.903  14.569 0.6000000238
7744  -26.315  -62.642  14.203 0.6999999881
7748  -31.327  -63.507  14.575 0.4000000060
7763  -27.875  -63.745  14.050 0.5000000000
7780  -24.404  -63.715  12.314 0.6999999881
7794  -21.620  -63.705  10.832 0.6999999881
7803  -21.815  -64.456  10.372 0.6999999881
7804  -22.383  -64.466  10.061 0.6000000238
7807  -25.626  -64.475  8.752 0.8000000119
7815  -23.651  -64.084  9.318 0.6999999881
7816  -24.582  -64.490  8.993 0.8000000119
7818  -26.455  -64.512  8.569 0.8000000119
7819  -26.536  -64.190  8.359 0.8000000119
8377  -21.541  -62.871  15.553 0.5000000000
8392  -21.583  -62.873  14.823 0.5000000000
8393  -25.818  -61.828  13.691 0.6000000238
8451  -27.891  -64.297  8.920 0.8000000119
8453  -30.242  -62.808  9.123 0.6999999881
8460  -27.937  -64.181  8.614 0.8000000119
9001  -21.098  -62.195  17.700 0.5000000000
9015  -28.786  -60.847  16.439 0.3000000119
9032  -21.815  -61.455  15.422 0.5000000000
9046  -26.307  -61.529  14.252 0.5000000000
9069  -22.360  -61.234  12.461 0.6000000238
9079  -23.189  -61.142  10.901 0.6000000238
9085  -30.989  -62.061  9.475 0.6000000238
9094  -30.489  -62.484  9.610 0.6999999881
9095  -31.444  -61.533  9.191 0.6000000238
9099  -28.385  -63.427  8.411 0.6999999881
9101  -30.070  -62.797  8.896 0.6000000238
9638  -28.352  -60.346  16.270 0.3000000119
9639  -30.030  -60.579  17.135 0.3000000119
9682  -26.641  -60.777  13.340 0.6000000238
9693  -29.405  -60.266  11.977 0.6000000238
9699  -24.063  -60.280  11.233 0.6000000238
9710  -24.397  -60.740  10.562 0.6999999881
9717  -32.723  -60.270  9.227 0.5000000000
10309  -28.013  -59.817  15.887 0.3000000119
10324  -22.836  -59.013  14.173 0.5000000000
10338  -22.646  -59.622  13.644 0.4000000060
10341  -27.667  -59.719  14.489 0.4000000060
10360  -23.761  -59.934  11.783 0.6000000238
10364  -33.046  -59.922  9.577 0.6000000238
10369  -26.392  -59.790  10.572 0.6999999881
10374  -30.801  -61.002  8.958 0.6000000238
10376  -32.863  -60.086  9.127 0.5000000000
10979  -29.597  -58.282  17.360 0.3000000119
10980  -30.112  -58.509  17.598 0.3000000119
10981  -30.984  -58.717  17.612 0.3000000119
10998  -23.316  -58.535  14.718 0.6000000238
11015  -28.690  -58.568  14.814 0.4000000060
11024  -24.225  -58.504  13.769 0.5000000000
11036  -25.494  -58.494  12.661 0.6000000238
11038  -29.694  -58.820  12.835 0.5000000000
11039  -30.432  -58.694  12.379 0.5000000000
11058  -33.514  -59.270  9.046 0.5000000000
11063  -31.439  -59.569  9.292 0.5000000000
11064  -32.595  -59.660  9.043 0.5000000000
11748  -30.708  -57.444  17.660 0.3000000119
11785  -29.379  -57.489  14.659 0.3000000119
11817  -27.652  -57.763  11.106 0.6999999881
11822  -33.745  -58.592  9.899 0.5000000000
11830  -33.865  -58.886  9.024 0.5000000000
11832  -35.418  -57.119  8.425 0.3000000119
12422  -32.088  -56.434  17.302 0.3000000119
12453  -25.273  -57.118  14.766 0.4000000060
12454  -26.270  -55.953  14.330 0.5000000000
12475  -26.588  -56.789  12.707 0.5000000000
12489  -29.615  -56.678  10.562 0.5000000000
12494  -35.504  -57.189  8.630 0.3000000119
12500  -36.214  -56.488  7.935 0.3000000119
12501  -36.069  -56.668  8.004 0.4000000060
13127  -30.850  -55.884  10.347 0.5000000000
13128  -31.843  -55.945  9.787 0.5000000000
13129  -34.806  -56.097  9.817 0.3000000119
13132  -32.936  -56.119  9.194 0.5000000000
13135  -36.285  -56.144  7.965 0.4000000060
13687  -26.011  -54.565  10.798 0.6000000238
13690  -30.096  -54.461  10.514 0.5000000000
13694  -35.508  -55.400  9.344 0.3000000119
13696  -34.179  -55.196  8.363 0.4000000060
14261  -24.629  -53.419  11.516 0.5000000000
14262  -24.981  -53.963  11.840 0.6000000238
14270  -25.000  -53.743  11.359 0.6000000238
14903  -33.189  -52.074  11.461 0.3000000119
14918  -33.243  -52.802  9.221 0.4000000060
14921  -35.544  -52.479  8.029 0.3000000119
15563  -28.780  -51.390  11.758 0.4000000060
15568  -30.940  -51.912  10.971 0.4000000060
15571  -34.602  -51.336  10.199 0.4000000060
16300  -27.752  -50.061  12.304 0.4000000060
16310  -24.417  -51.422  11.434 0.4000000060
16319  -33.347  -50.734  11.427 0.4000000060
16324  -32.811  -50.719  9.455 0.5000000000
16325  -33.367  -50.683  8.829 0.4000000060
17070  -32.704  -49.784  11.985 0.4000000060
17890  -27.547  -48.678  12.479 0.4000000060
17904  -30.957  -48.368  11.341 0.4000000060
17906  -33.263  -48.357  11.416 0.4000000060
17907  -33.741  -48.706  10.859 0.4000000060
17914  -34.710  -49.049  9.951 0.4000000060
18800  -32.539  -47.510  12.102 0.4000000060
19766  -27.637  -46.791  12.255 0.4000000060
20799  -26.265  -45.561  10.627 0.4000000060
24647  -27.227  -41.551  10.048 0.4000000060
117472  -26.185  -59.308  11.127 0.6999999881
118136  -25.191  -64.293  8.668 0.6999999881
118492  -23.806  -64.351  9.588 0.5000000000
118862  -34.481  -70.349  13.875 0.3000000119
119546  -27.011  -64.099  16.425 0.4000000060
120064  -29.658  -68.917  11.133 0.4000000060
120748  -28.662  -63.969  8.732 0.8000000119
121197  -34.801  -70.481  13.722 0.3000000119
121519  -26.340  -61.903  8.862 0.6999999881
122153  -26.773  -54.610  10.875 0.6000000238
122519  -25.479  -47.236  11.278 0.3000000119
122976  -33.160  -65.753  11.062 0.3000000119
124995  -29.376  -67.960  10.658 0.4000000060
125575  -29.432  -57.746  17.147 0.3000000119
127917  -29.327  -53.241  10.712 0.4000000060
128350  -28.519  -46.852  12.533 0.4000000060
128405  -21.335  -62.352  17.033 0.5000000000
128862  -32.853  -68.599  11.902 0.4000000060
129189  -34.534  -52.885  8.278 0.4000000060
129407  -35.883  -51.061  7.855 0.4000000060
130687  -33.359  -57.423  10.637 0.5000000000
131211  -33.903  -68.400  13.824 0.4000000060
131439  -25.405  -62.170  13.166 0.6000000238
134014  -23.065  -66.746  11.227 0.6000000238
135499  -23.204  -59.384  12.816 0.5000000000
136103  -21.829  -62.695  12.453 0.5000000000
137167  -31.516  -56.129  11.937 0.3000000119
137383  -33.424  -58.585  8.901 0.5000000000
137704  -35.337  -56.862  9.261 0.3000000119
137735  -29.895  -64.494  13.534 0.4000000060
139141  -34.347  -56.481  10.250 0.4000000060
140193  -31.179  -61.763  10.051 0.6999999881
140498  -25.589  -54.326  11.172 0.6000000238
140523  -26.215  -57.664  12.857 0.6000000238
140833  -25.953  -65.147  15.191 0.5000000000
140884  -22.484  -62.103  10.751 0.5000000000
141361  -29.557  -64.317  17.408 0.4000000060
