#!ascii label  , from subject sub-v2s12x28853_ses-1 vox2ras=TkReg
1986
21718  -21.617  -45.312  13.247 0.5000000000
21719  -22.757  -45.258  13.378 0.4000000060
21731  -23.166  -44.491  13.234 0.6000000238
22705  -22.476  -43.771  12.904 0.6000000238
22704  -21.092  -43.835  12.709 0.6000000238
21730  -22.007  -44.547  13.095 0.5000000000
22703  -20.187  -43.507  12.419 0.6000000238
22706  -23.594  -43.731  13.061 0.6999999881
21732  -24.160  -44.469  13.390 0.6999999881
129394  -21.830  -43.025  12.678 0.6999999881
126586  -20.551  -42.946  12.555 0.6999999881
23659  -19.762  -42.579  12.177 0.5000000000
24620  -19.827  -41.839  12.394 0.6999999881
124839  -19.942  -43.269  12.237 0.5000000000
23611  -16.686  -41.202  15.458 0.5000000000
23638  -24.066  -42.955  12.935 0.6999999881
128357  -23.025  -42.995  12.783 0.6999999881
129030  -21.210  -42.278  12.549 0.6999999881
24602  -22.921  -41.453  12.575 0.6999999881
24601  -21.885  -41.518  12.522 0.6999999881
23637  -22.450  -42.252  12.617 0.6999999881
133055  -22.434  -40.915  12.511 0.6999999881
126659  -19.697  -41.829  12.001 0.6000000238
24555  -27.384  -41.840  16.480 0.6999999881
24585  -27.041  -41.644  15.014 0.6999999881
124531  -24.538  -42.033  12.993 0.6999999881
24568  -16.293  -40.513  15.349 0.6000000238
23608  -14.400  -41.737  15.350 0.4000000060
124293  -23.494  -42.182  12.701 0.6999999881
23636  -20.188  -42.272  12.540 0.6999999881
126317  -19.704  -41.078  12.489 0.6999999881
26375  -19.985  -39.798  12.356 0.6999999881
25553  -19.847  -40.423  11.492 0.6000000238
25459  -26.366  -40.857  17.514 0.6999999881
24533  -26.753  -41.614  17.358 0.6999999881
130595  -26.951  -42.380  15.079 0.6999999881
24571  -27.440  -41.325  15.848 0.6999999881
25460  -27.125  -40.709  17.108 0.6999999881
25488  -17.484  -38.784  15.531 0.6000000238
122298  -26.509  -41.080  14.232 0.6999999881
127758  -24.597  -41.085  12.832 0.6999999881
24605  -25.918  -41.545  13.756 0.6999999881
24586  -27.202  -40.795  15.093 0.6999999881
25489  -27.540  -40.471  15.936 0.6999999881
25468  -15.222  -40.736  15.752 0.5000000000
23609  -15.229  -41.226  15.536 0.5000000000
127757  -22.363  -40.265  12.483 0.6999999881
24603  -23.793  -41.313  12.662 0.6999999881
25504  -26.855  -40.229  14.418 0.6999999881
24566  -14.013  -41.277  15.558 0.4000000060
25522  -21.483  -40.796  12.489 0.6999999881
25524  -23.972  -40.479  12.631 0.6999999881
124104  -25.778  -40.915  13.530 0.6999999881
25527  -26.211  -40.294  13.723 0.6999999881
23606  -13.033  -41.569  15.548 0.4000000060
26378  -23.245  -39.778  12.521 0.6999999881
26381  -25.847  -39.589  13.299 0.6999999881
26365  -26.615  -39.588  13.882 0.6999999881
25521  -20.183  -40.637  12.547 0.6999999881
27220  -24.121  -38.309  12.512 0.6999999881
26380  -25.068  -39.645  12.799 0.6999999881
25537  -19.569  -40.549  12.308 0.6999999881
121512  -23.739  -38.985  12.527 0.6999999881
26398  -19.449  -39.758  11.900 0.6000000238
27219  -19.379  -39.127  12.103 0.6999999881
133707  -19.705  -38.469  12.203 0.6999999881
129668  -20.821  -37.078  10.636 0.5000000000
28083  -20.845  -37.854  10.667 0.5000000000
27254  -23.585  -39.048  10.211 0.4000000060
127756  -22.393  -39.056  10.471 0.5000000000
26336  -27.171  -39.636  17.032 0.6999999881
25450  -17.549  -38.770  16.357 0.6000000238
127939  -25.190  -40.825  13.074 0.6999999881
25485  -15.965  -40.290  15.720 0.5000000000
25505  -27.385  -39.961  15.195 0.6999999881
26377  -22.192  -39.489  12.464 0.6999999881
26376  -21.193  -39.361  12.416 0.6999999881
27206  -22.668  -38.207  12.473 0.6999999881
28977  -19.118  -36.656  11.146 0.6999999881
27237  -19.369  -39.107  12.065 0.6999999881
28082  -19.679  -37.394  11.129 0.6999999881
132350  -19.314  -38.527  11.927 0.6999999881
27175  -20.347  -37.295  16.495 0.6999999881
27176  -21.231  -37.465  16.627 0.6999999881
27164  -21.762  -36.962  17.001 0.8000000119
27165  -22.835  -37.081  17.219 0.8000000119
27174  -20.218  -37.327  16.437 0.6000000238
27163  -20.429  -37.249  16.886 0.6000000238
28006  -20.528  -37.245  16.637 0.6000000238
27166  -23.790  -38.421  17.213 0.8000000119
27162  -19.966  -37.443  16.846 0.6000000238
26331  -19.546  -37.893  17.151 0.6000000238
117494  -26.558  -39.035  17.381 0.6999999881
26330  -18.695  -38.203  16.710 0.6000000238
25449  -17.073  -39.407  16.391 0.6000000238
24527  -17.676  -39.887  17.232 0.6000000238
118023  -27.442  -39.180  16.452 0.6999999881
24549  -15.763  -40.329  15.823 0.5000000000
24525  -16.359  -40.222  16.366 0.6000000238
27168  -27.143  -38.720  16.926 0.6999999881
26366  -27.141  -39.575  14.534 0.6999999881
27205  -21.817  -38.664  12.450 0.6999999881
124327  -22.875  -38.895  12.481 0.6999999881
27209  -25.398  -38.914  12.830 0.6999999881
126817  -18.806  -37.454  12.016 0.8000000119
120790  -19.255  -38.339  11.939 0.6999999881
27221  -24.900  -38.267  12.552 0.6999999881
29959  -18.178  -36.274  11.557 0.8000000119
28034  -20.845  -38.109  12.364 0.6999999881
28035  -22.018  -37.751  12.442 0.6999999881
128067  -21.796  -37.029  10.453 0.5000000000
27253  -22.926  -38.273  10.334 0.5000000000
28979  -22.798  -36.765  10.215 0.5000000000
27265  -23.905  -38.126  9.931 0.4000000060
27152  -21.031  -37.372  17.488 0.6000000238
28007  -20.894  -37.098  16.777 0.6999999881
27994  -21.752  -36.998  17.284 0.8000000119
27151  -20.358  -37.763  17.407 0.6000000238
122644  -23.890  -37.301  17.210 0.8000000119
27998  -25.585  -37.299  17.154 0.8000000119
25453  -19.076  -38.609  17.326 0.6000000238
24528  -18.494  -40.011  17.624 0.6000000238
27167  -26.438  -38.109  17.224 0.8000000119
23577  -15.501  -40.959  16.373 0.6000000238
24526  -16.992  -40.540  17.187 0.6000000238
24509  -17.643  -41.138  17.687 0.6000000238
27177  -27.424  -38.225  16.282 0.6999999881
23597  -14.351  -41.186  16.030 0.5000000000
27195  -27.538  -38.201  14.784 0.6999999881
122970  -27.620  -38.046  15.627 0.6999999881
126494  -13.720  -41.921  16.626 0.5000000000
23576  -14.543  -42.288  16.857 0.5000000000
27194  -27.115  -38.923  14.199 0.6999999881
27210  -26.307  -38.779  13.405 0.6999999881
29941  -18.304  -35.923  12.036 0.8000000119
129167  -19.651  -37.681  12.233 0.8000000119
123135  -22.232  -36.865  12.378 0.6999999881
28037  -23.769  -37.750  12.468 0.6999999881
28927  -20.061  -36.749  12.413 0.6999999881
28084  -22.285  -37.623  10.411 0.5000000000
26321  -21.261  -38.390  18.213 0.6999999881
27983  -21.795  -36.925  17.561 0.8000000119
123411  -22.750  -36.182  17.816 0.8000000119
26320  -20.464  -38.809  17.964 0.6999999881
27153  -21.855  -37.507  18.151 0.8000000119
28877  -23.150  -35.612  17.963 0.8000000119
25441  -19.897  -39.399  17.858 0.6000000238
27997  -24.490  -36.747  17.203 0.8000000119
24511  -19.307  -40.035  17.877 0.6000000238
23578  -16.389  -41.317  17.212 0.6000000238
23579  -17.199  -41.763  17.774 0.6000000238
28009  -27.142  -37.344  16.409 0.8000000119
28008  -26.395  -37.258  16.861 0.6999999881
22650  -15.793  -42.164  17.311 0.6000000238
28898  -27.237  -36.457  16.092 0.8000000119
22647  -13.363  -42.482  17.409 0.4000000060
27222  -25.686  -38.167  12.818 0.6999999881
27223  -26.351  -37.992  13.226 0.6999999881
28039  -27.423  -37.369  14.216 0.6999999881
22631  -11.833  -41.845  18.061 0.4000000060
28052  -25.208  -37.553  12.537 0.6999999881
27211  -27.027  -38.134  13.810 0.6999999881
28948  -18.975  -37.072  12.226 0.8000000119
120474  -21.110  -37.227  12.407 0.8000000119
28051  -24.421  -37.648  12.473 0.6999999881
28949  -23.193  -36.423  12.318 0.6999999881
30966  -18.541  -35.021  11.024 0.8000000119
29972  -19.729  -36.161  10.845 0.6999999881
29973  -20.799  -35.842  10.505 0.5000000000
28992  -23.316  -36.120  9.717 0.5000000000
140752  -22.233  -36.534  10.342 0.5000000000
28094  -24.280  -37.278  9.495 0.4000000060
25442  -22.190  -39.729  18.551 0.6000000238
26322  -22.480  -38.795  18.507 0.6999999881
129547  -22.516  -36.748  18.161 0.8000000119
27984  -23.103  -36.043  18.150 0.8000000119
134789  -20.810  -40.120  18.411 0.6999999881
24512  -20.266  -40.739  18.337 0.6999999881
28889  -23.371  -35.479  17.918 0.8000000119
127359  -19.795  -41.279  18.359 0.6000000238
29864  -23.235  -35.523  17.983 0.8000000119
23563  -18.752  -42.125  18.436 0.6000000238
28890  -24.166  -34.906  17.788 0.8000000119
28891  -25.259  -35.985  17.055 0.8000000119
23561  -16.637  -42.505  17.834 0.6000000238
118458  -17.443  -42.771  18.317 0.6000000238
28017  -27.513  -37.329  15.901 0.8999999762
28897  -26.516  -36.376  16.539 0.8000000119
28929  -26.413  -36.611  12.907 0.8000000119
28916  -27.603  -36.511  14.560 0.8000000119
22649  -15.153  -42.853  17.413 0.5000000000
29945  -25.573  -35.577  12.455 0.8000000119
28053  -26.005  -37.436  12.800 0.6999999881
22632  -13.976  -43.667  18.127 0.4000000060
29919  -18.427  -34.962  12.101 0.8000000119
124647  -20.297  -35.926  12.469 0.8000000119
127493  -22.339  -36.091  12.295 0.8000000119
28951  -24.717  -36.948  12.424 0.6999999881
30952  -18.307  -34.925  11.409 0.8000000119
28928  -21.364  -36.225  12.389 0.8000000119
28950  -23.889  -37.091  12.411 0.6999999881
29922  -21.025  -35.278  12.400 0.8000000119
30965  -18.523  -34.181  11.093 0.8000000119
128859  -20.914  -35.039  10.361 0.6000000238
30967  -19.716  -34.883  10.686 0.6000000238
28991  -22.553  -36.036  10.150 0.5000000000
27154  -22.950  -37.993  18.529 0.6999999881
24513  -21.154  -41.296  18.641 0.6000000238
27155  -23.669  -37.351  18.542 0.6999999881
28879  -23.407  -35.454  18.116 0.6999999881
23565  -20.511  -41.836  18.663 0.6000000238
24514  -21.877  -40.715  18.645 0.6000000238
25433  -22.884  -40.709  18.995 0.6000000238
23546  -20.589  -42.784  19.110 0.6000000238
29865  -23.980  -34.863  18.033 0.8000000119
22636  -18.349  -43.054  18.693 0.6000000238
23564  -19.688  -42.232  18.650 0.6000000238
119470  -16.823  -43.484  18.404 0.5000000000
138562  -25.875  -35.511  16.765 0.8000000119
22634  -15.975  -43.292  17.866 0.3000000119
29909  -27.638  -35.550  14.782 0.8000000119
124720  -27.271  -35.585  15.946 0.8000000119
130628  -26.945  -35.983  13.274 0.8000000119
29926  -27.460  -35.795  13.910 0.8000000119
30938  -24.171  -34.634  12.121 0.8000000119
29921  -19.836  -35.149  12.457 0.8000000119
29944  -24.675  -35.545  12.265 0.8000000119
131919  -25.086  -36.246  12.394 0.6999999881
29923  -21.949  -35.383  12.202 0.8000000119
30919  -21.614  -34.676  12.226 0.8000000119
118668  -19.269  -34.197  10.716 0.6999999881
30968  -21.796  -34.435  10.044 0.6000000238
29986  -24.595  -35.813  9.167 0.3000000119
25443  -23.176  -39.919  18.854 0.6000000238
26323  -23.556  -39.191  18.815 0.6999999881
26324  -23.966  -38.573  18.786 0.6999999881
27156  -24.591  -37.391  18.709 0.6999999881
20655  -19.060  -45.869  21.455 0.5000000000
24499  -21.909  -41.694  18.910 0.6000000238
28880  -24.364  -35.414  18.373 0.6999999881
23545  -19.846  -43.190  19.139 0.5000000000
23547  -21.436  -42.358  19.102 0.6000000238
29866  -24.758  -34.437  18.179 0.6999999881
21651  -16.500  -44.793  19.345 0.3000000119
22635  -17.628  -43.681  18.775 0.5000000000
30850  -24.680  -34.272  18.036 0.8000000119
30880  -25.789  -33.959  17.442 0.8000000119
28896  -25.215  -34.574  17.360 0.8000000119
29925  -27.054  -35.095  13.317 0.8999999762
30906  -27.602  -34.394  15.089 0.8999999762
29900  -27.452  -35.143  15.562 0.8000000119
29892  -26.942  -34.589  16.327 0.8000000119
22633  -15.053  -43.859  18.021 0.4000000060
30939  -25.236  -34.743  12.330 0.8999999762
29946  -26.371  -35.739  12.791 0.8999999762
30922  -27.532  -34.877  14.141 0.8999999762
121602  -18.514  -33.645  11.857 0.8000000119
31925  -18.755  -34.027  12.267 0.8000000119
30936  -22.456  -34.537  12.101 0.8000000119
29943  -23.732  -35.574  12.189 0.8000000119
31962  -18.362  -34.047  11.479 0.8000000119
31978  -19.205  -33.438  10.731 0.6999999881
132914  -20.785  -34.290  10.300 0.6000000238
119627  -23.106  -34.101  9.324 0.6000000238
29985  -22.977  -35.390  9.645 0.6000000238
24501  -23.630  -41.487  19.595 0.6000000238
26314  -24.126  -40.159  19.285 0.6000000238
26315  -24.527  -39.443  19.263 0.6999999881
23549  -23.196  -42.252  19.744 0.6000000238
27144  -24.961  -38.534  19.145 0.6999999881
22621  -22.079  -42.972  19.683 0.6000000238
27986  -25.458  -37.683  19.020 0.8000000119
21653  -18.875  -44.292  19.633 0.6000000238
141238  -19.913  -43.816  19.600 0.5000000000
22620  -21.432  -43.294  19.667 0.6000000238
128614  -24.783  -36.722  18.644 0.6999999881
29867  -25.644  -34.461  18.258 0.8000000119
21652  -17.336  -44.792  19.576 0.4000000060
30851  -25.106  -34.045  18.068 0.6999999881
29890  -25.274  -34.024  17.757 0.8000000119
139688  -27.343  -34.267  13.733 0.8000000119
30881  -26.598  -33.731  16.880 0.8000000119
125841  -24.004  -33.673  12.193 0.8999999762
30921  -26.762  -33.944  13.210 0.8000000119
120915  -27.331  -34.173  16.006 0.8000000119
31948  -24.819  -33.772  12.334 0.8000000119
31927  -20.379  -33.583  12.408 0.8000000119
31946  -21.945  -32.712  12.481 0.8000000119
136685  -23.277  -34.869  12.088 0.6999999881
32960  -18.978  -33.069  12.162 0.8000000119
122630  -22.587  -33.404  12.244 0.8000000119
30935  -21.761  -33.827  12.242 0.8000000119
31977  -18.626  -33.422  11.213 0.8000000119
32961  -19.744  -32.408  12.335 0.8000000119
33009  -21.118  -32.859  9.924 0.6999999881
31980  -21.479  -33.673  9.952 0.6999999881
33023  -22.660  -32.382  9.507 0.6000000238
33024  -23.573  -32.585  9.553 0.6000000238
121356  -24.113  -33.152  9.599 0.6000000238
23529  -22.780  -42.954  20.097 0.6000000238
26307  -25.628  -39.741  20.383 0.8000000119
139147  -25.694  -39.138  19.771 0.6999999881
20634  -20.482  -45.360  22.400 0.5000000000
21632  -21.407  -44.029  20.459 0.5000000000
27987  -25.579  -36.673  18.719 0.8000000119
28881  -25.506  -35.380  18.489 0.6999999881
21631  -20.050  -44.817  20.638 0.5000000000
135097  -20.449  -44.261  20.204 0.5000000000
27977  -26.434  -37.712  19.392 0.8000000119
28864  -26.614  -36.718  18.872 0.8000000119
20673  -19.577  -45.365  21.030 0.5000000000
30852  -25.800  -34.066  18.079 0.8000000119
30853  -26.740  -34.130  17.662 0.8000000119
30866  -25.635  -33.951  17.822 0.8000000119
31876  -26.384  -33.834  17.283 0.8000000119
120362  -27.514  -33.883  14.387 0.8000000119
134015  -26.143  -33.128  13.123 0.8000000119
30894  -27.391  -33.462  16.129 0.8000000119
140077  -20.398  -32.210  12.453 0.8000000119
130304  -23.434  -32.872  12.412 0.8000000119
127019  -22.704  -32.456  12.544 0.8999999762
32994  -18.714  -32.908  11.597 0.8000000119
33953  -19.207  -32.329  12.039 0.8000000119
33008  -20.063  -32.716  10.315 0.6999999881
33007  -19.135  -32.606  10.825 0.6999999881
31996  -22.060  -33.050  9.594 0.6999999881
33990  -19.729  -31.836  10.376 0.6999999881
33021  -20.745  -31.972  9.973 0.6999999881
34006  -21.204  -31.235  9.614 0.6999999881
33022  -21.772  -32.042  9.662 0.6999999881
25398  -24.952  -40.645  21.710 0.8000000119
25427  -24.738  -41.011  20.333 0.6000000238
25416  -24.902  -40.939  21.003 0.6000000238
24457  -20.415  -41.690  23.491 0.6000000238
130584  -20.703  -42.715  23.704 0.5000000000
22602  -23.081  -42.995  20.900 0.6000000238
130684  -23.489  -42.543  21.032 0.6000000238
27134  -26.548  -38.410  19.971 0.8000000119
25394  -18.694  -40.312  22.613 0.6000000238
25371  -19.793  -40.882  23.208 0.6000000238
25372  -20.635  -40.724  23.317 0.6000000238
22572  -22.201  -43.212  23.136 0.5000000000
22578  -22.136  -43.796  21.942 0.5000000000
27946  -18.461  -37.485  21.454 0.5000000000
27089  -18.884  -38.992  22.201 0.5000000000
134607  -19.560  -38.975  22.416 0.6000000238
25396  -20.000  -40.112  22.935 0.6000000238
21612  -21.082  -44.896  21.997 0.5000000000
136800  -22.028  -43.666  22.627 0.5000000000
28865  -27.481  -36.599  19.267 0.8000000119
28882  -26.779  -35.810  18.506 0.8000000119
27113  -19.180  -37.499  21.800 0.5000000000
21613  -21.620  -44.326  21.528 0.5000000000
27966  -17.977  -37.053  21.067 0.4000000060
123942  -20.928  -44.689  21.073 0.5000000000
29868  -27.030  -35.014  18.136 0.6999999881
31904  -27.564  -32.767  16.012 0.8000000119
31877  -27.280  -33.605  17.208 0.6999999881
32979  -25.145  -32.547  13.023 0.8000000119
31930  -26.699  -32.787  13.697 0.8000000119
32934  -27.728  -32.711  16.204 0.8000000119
31914  -27.431  -32.721  14.998 0.8000000119
31931  -26.892  -32.173  14.621 0.8000000119
34967  -18.699  -30.784  11.360 0.8999999762
33963  -19.960  -31.081  12.237 0.8999999762
32975  -21.701  -31.883  12.626 0.8000000119
31947  -24.317  -32.978  12.486 0.8000000119
32963  -21.279  -32.531  12.491 1.0000000000
32976  -22.438  -31.710  12.717 0.8000000119
33989  -18.866  -31.696  10.890 0.8000000119
34004  -19.277  -30.961  10.453 0.6999999881
129052  -24.936  -40.105  22.461 0.8000000119
26291  -25.712  -39.639  21.371 0.8000000119
136071  -26.407  -38.615  21.394 0.8000000119
26267  -20.663  -39.001  22.877 0.6000000238
140331  -24.055  -41.302  22.601 0.6000000238
24477  -24.365  -41.419  21.661 0.6000000238
27115  -26.583  -38.435  20.711 0.8000000119
27948  -27.046  -37.738  21.105 0.8000000119
27090  -19.341  -38.335  22.183 0.5000000000
26266  -20.086  -39.345  22.700 0.6000000238
25373  -21.538  -40.610  23.430 0.6000000238
23505  -23.170  -42.009  22.984 0.6000000238
27967  -26.988  -37.926  20.140 0.8000000119
138452  -27.695  -36.859  20.049 0.8000000119
28866  -28.119  -36.311  20.012 0.6999999881
27929  -19.803  -37.786  22.241 0.5000000000
25374  -22.636  -40.582  23.442 0.6000000238
23511  -23.221  -42.491  22.279 0.6000000238
118609  -19.426  -36.723  21.676 0.4000000060
27947  -19.886  -37.049  22.085 0.4000000060
27930  -20.523  -37.543  22.500 0.4000000060
29869  -28.421  -35.413  18.700 0.6999999881
133507  -19.287  -36.167  21.425 0.4000000060
28834  -19.946  -36.147  21.780 0.4000000060
27076  -21.720  -38.194  23.265 0.4000000060
30867  -28.166  -34.390  17.622 0.6999999881
29822  -20.226  -35.267  21.699 0.4000000060
123565  -21.163  -36.273  22.592 0.5000000000
31878  -27.913  -33.256  16.805 0.6999999881
30808  -19.889  -34.562  21.306 0.3000000119
29796  -21.241  -35.489  22.541 0.5000000000
28814  -21.595  -36.802  22.969 0.5000000000
31929  -25.873  -32.187  13.707 0.8000000119
32952  -27.219  -31.825  15.184 0.8000000119
32943  -27.586  -32.166  15.678 0.8000000119
34968  -19.482  -30.514  11.790 0.8000000119
126925  -20.642  -31.079  12.360 1.0000000000
33965  -22.150  -31.205  12.682 0.8000000119
33966  -22.945  -31.067  12.973 0.8000000119
32977  -23.198  -31.694  12.867 0.8000000119
32978  -24.637  -31.210  13.616 0.8000000119
32964  -25.415  -31.298  13.909 0.8000000119
34969  -20.396  -30.635  12.124 1.0000000000
34973  -24.189  -30.788  13.241 0.8000000119
129492  -18.646  -31.276  11.172 0.8000000119
34970  -21.701  -30.841  12.386 0.8000000119
34972  -23.430  -30.838  13.003 0.8000000119
34997  -18.145  -30.343  10.696 0.8999999762
35007  -19.527  -30.290  9.875 0.6999999881
34005  -20.271  -31.103  9.960 0.6999999881
35008  -20.663  -30.454  9.447 0.6999999881
35009  -21.576  -30.627  9.188 0.6999999881
34007  -22.497  -31.528  9.380 0.6999999881
34026  -23.047  -30.987  9.007 0.6999999881
35017  -21.979  -30.169  8.599 0.6999999881
34009  -24.183  -31.785  9.548 0.6000000238
34027  -23.850  -31.148  9.002 0.6000000238
26269  -25.454  -39.401  22.358 0.8000000119
27114  -26.068  -38.992  21.779 0.8000000119
26248  -20.833  -39.798  23.127 0.5000000000
26252  -23.758  -39.200  23.367 0.8000000119
26268  -24.650  -39.355  23.064 0.8000000119
27095  -26.433  -38.312  22.040 0.8000000119
27091  -20.138  -38.485  22.515 0.5000000000
26249  -21.427  -39.059  23.235 0.6000000238
123181  -22.155  -38.765  23.437 0.5000000000
25376  -24.233  -40.038  23.142 0.8000000119
27968  -27.416  -37.260  20.548 0.6999999881
28813  -20.527  -36.624  22.313 0.4000000060
27931  -21.308  -37.544  22.893 0.5000000000
27078  -23.372  -38.529  23.477 0.6999999881
26251  -23.272  -39.830  23.412 0.6999999881
27949  -27.365  -36.988  21.615 0.6999999881
29850  -28.703  -35.519  20.014 0.6999999881
29849  -27.951  -36.023  18.893 0.6999999881
30854  -28.980  -34.807  18.498 0.6999999881
29797  -21.815  -35.148  22.875 0.5000000000
31879  -29.347  -33.677  17.183 0.6999999881
30809  -20.516  -34.548  21.807 0.4000000060
30787  -21.236  -34.635  22.462 0.4000000060
32965  -26.856  -31.463  14.790 0.8000000119
31892  -28.815  -32.860  16.374 0.6999999881
128750  -26.271  -31.466  14.326 0.8000000119
34957  -25.568  -30.766  13.775 0.8000000119
34959  -27.128  -30.715  13.754 0.6999999881
34971  -22.536  -30.803  12.566 0.8000000119
34956  -24.914  -30.759  13.531 0.8000000119
35945  -18.707  -30.112  11.440 0.8999999762
34983  -18.234  -30.576  10.942 0.8999999762
35946  -19.202  -29.855  11.584 0.8999999762
35957  -20.481  -29.530  11.444 0.8000000119
34984  -21.039  -30.349  11.914 0.8000000119
35959  -22.415  -30.338  11.678 0.8000000119
35982  -17.793  -29.691  10.172 0.8999999762
130307  -18.014  -28.750  10.621 0.8000000119
35006  -18.331  -30.267  10.299 0.8999999762
35983  -18.149  -29.419  9.538 0.8000000119
31999  -24.667  -33.145  9.769 0.4000000060
35984  -19.888  -29.613  9.222 0.8000000119
35993  -20.380  -29.070  8.526 0.6999999881
35038  -24.789  -30.221  7.796 0.5000000000
27093  -25.035  -38.657  23.074 0.6999999881
27094  -25.819  -38.554  22.464 0.8000000119
129876  -23.940  -37.106  23.465 0.6999999881
139191  -26.318  -36.966  22.842 0.6999999881
29795  -20.634  -35.822  22.174 0.4000000060
29780  -23.325  -35.681  23.476 0.6000000238
135745  -25.731  -37.061  23.155 0.6999999881
28850  -27.834  -36.485  21.026 0.6999999881
28851  -28.373  -35.745  21.037 0.6999999881
121116  -29.174  -34.737  20.573 0.6999999881
30836  -29.187  -34.885  19.604 0.6999999881
29779  -22.655  -35.253  23.323 0.5000000000
30837  -29.518  -34.407  19.344 0.6999999881
31813  -21.619  -33.802  22.716 0.4000000060
30868  -29.214  -34.325  17.851 0.6999999881
32853  -21.049  -31.976  22.432 0.3000000119
137802  -21.069  -32.899  22.465 0.3000000119
31814  -22.571  -33.704  23.288 0.5000000000
33958  -26.612  -31.032  14.523 0.6999999881
32944  -28.011  -32.112  15.894 0.6999999881
31893  -30.074  -33.075  16.840 0.6999999881
121327  -22.082  -32.988  23.134 0.4000000060
34948  -27.496  -30.931  14.567 0.6999999881
32945  -29.085  -32.197  15.816 0.6999999881
122778  -27.920  -31.233  15.046 0.6999999881
34975  -26.333  -30.627  13.118 0.6999999881
35958  -21.562  -29.841  11.366 0.8000000119
34986  -23.288  -30.566  12.098 0.8000000119
138807  -23.730  -30.679  12.828 0.8000000119
123367  -24.779  -30.600  12.914 0.8000000119
36871  -19.743  -28.714  11.074 0.8000000119
36878  -17.430  -28.159  10.026 0.8000000119
37757  -18.034  -27.815  10.438 0.8000000119
36870  -18.669  -28.588  11.019 0.8999999762
36891  -17.482  -28.242  9.079 0.8999999762
35992  -18.892  -28.646  8.825 0.8000000119
36906  -20.852  -28.624  7.826 0.8000000119
35018  -23.565  -30.524  8.466 0.6999999881
35019  -24.360  -30.634  8.455 0.6000000238
35994  -21.513  -29.414  8.239 0.6999999881
35995  -22.459  -29.664  8.058 0.6999999881
36937  -21.601  -27.433  6.564 0.6999999881
136267  -26.148  -37.755  22.620 0.6999999881
30777  -24.641  -34.929  23.498 0.6000000238
29798  -24.867  -35.499  23.444 0.6000000238
29799  -25.423  -35.323  23.372 0.6999999881
29801  -26.744  -35.426  22.754 0.6999999881
28819  -26.691  -36.319  22.697 0.6999999881
28835  -27.489  -36.194  22.222 0.6999999881
28804  -23.560  -36.342  23.494 0.6000000238
30791  -26.800  -34.801  22.728 0.6999999881
29823  -27.565  -35.326  22.345 0.6999999881
28836  -27.993  -35.787  21.755 0.6999999881
29781  -24.077  -35.639  23.473 0.6000000238
31829  -20.329  -33.181  21.556 0.3000000119
30776  -23.095  -34.361  23.412 0.5000000000
125958  -23.644  -34.997  23.480 0.5000000000
31816  -25.479  -34.463  24.301 0.6000000238
32855  -22.878  -32.211  23.288 0.4000000060
32856  -23.724  -32.748  23.382 0.5000000000
123333  -24.655  -33.564  23.441 0.6000000238
31860  -29.970  -33.735  19.491 0.6999999881
32946  -30.076  -32.004  15.917 0.6999999881
31880  -30.418  -33.300  17.753 0.6999999881
33935  -29.484  -31.629  15.335 0.6999999881
34833  -23.043  -30.694  22.587 0.3000000119
34949  -28.420  -30.914  14.405 0.6999999881
34987  -24.258  -30.602  12.150 0.8000000119
34988  -25.222  -30.608  11.900 0.8000000119
34989  -26.084  -30.637  11.964 0.6999999881
123406  -26.780  -30.646  12.050 0.6999999881
134016  -28.813  -30.668  13.259 0.6999999881
136518  -22.315  -29.831  10.999 0.8000000119
34999  -24.843  -30.279  11.100 0.8000000119
37758  -18.955  -27.910  10.611 0.8000000119
36872  -20.888  -28.993  10.882 0.8000000119
35970  -21.864  -29.218  10.631 0.8000000119
35960  -23.024  -30.109  11.066 0.8000000119
37776  -17.773  -26.665  9.505 0.8000000119
134912  -21.688  -27.475  9.208 0.8000000119
36881  -22.318  -28.653  9.947 0.8000000119
37779  -23.062  -27.795  8.859 0.8000000119
122484  -22.951  -26.980  8.230 0.8000000119
35037  -24.060  -30.134  7.892 0.6000000238
35996  -23.305  -29.910  7.957 0.6999999881
136386  -20.082  -27.854  7.557 0.8000000119
36002  -21.952  -28.955  7.604 0.6000000238
38740  -21.176  -26.638  6.269 0.6999999881
37828  -22.424  -27.196  6.152 0.6000000238
121769  -23.136  -28.608  6.768 0.6000000238
30789  -25.664  -34.615  24.210 0.6000000238
117058  -25.709  -33.465  23.340 0.6000000238
30811  -27.547  -34.569  22.392 0.6999999881
30812  -28.321  -34.342  21.824 0.6999999881
31817  -26.071  -33.929  24.223 0.6000000238
31831  -28.493  -33.569  21.659 0.6999999881
30827  -29.080  -34.229  21.211 0.6999999881
30828  -29.516  -34.102  20.320 0.6999999881
122068  -23.789  -32.064  23.253 0.4000000060
32859  -26.321  -32.275  23.674 0.5000000000
32869  -27.988  -32.739  22.039 0.6999999881
32858  -26.109  -32.336  23.842 0.5000000000
31861  -30.567  -33.022  18.985 0.6999999881
33843  -23.402  -31.422  23.020 0.3000000119
34834  -23.959  -30.820  22.590 0.3000000119
33844  -24.363  -31.583  22.918 0.4000000060
34960  -28.146  -30.719  13.794 0.6999999881
32927  -30.824  -32.635  17.338 0.6999999881
34851  -23.567  -30.100  22.147 0.3000000119
34852  -24.464  -30.241  22.147 0.3000000119
33946  -29.989  -31.103  14.679 0.6999999881
33936  -30.515  -31.451  15.437 0.6999999881
34950  -29.280  -30.892  14.186 0.6999999881
34998  -23.914  -30.272  11.138 0.8000000119
133360  -27.298  -30.484  11.673 0.6999999881
34976  -27.321  -30.627  12.497 0.6999999881
34962  -30.427  -30.550  13.428 0.6999999881
34991  -27.991  -30.448  11.718 0.6999999881
35948  -29.756  -30.114  11.904 0.6999999881
36880  -21.268  -28.455  10.265 0.8000000119
35971  -22.724  -29.422  10.467 0.8000000119
34990  -26.727  -30.362  11.342 0.6999999881
34992  -28.872  -30.338  11.804 0.6999999881
116961  -29.365  -29.729  11.177 0.6999999881
36879  -20.164  -28.194  10.481 0.8000000119
35972  -23.569  -29.624  10.445 0.8000000119
35973  -24.438  -29.708  10.418 0.8000000119
35974  -25.318  -29.686  10.368 0.8000000119
118241  -28.134  -29.476  10.393 0.8000000119
35977  -28.940  -29.313  10.423 0.6999999881
37767  -19.269  -27.354  10.095 0.8000000119
36894  -23.086  -28.435  9.433 0.8000000119
36908  -24.545  -28.255  8.752 0.8000000119
36897  -26.294  -28.805  9.303 0.8000000119
38680  -18.390  -26.657  9.804 0.8000000119
38693  -19.351  -26.699  9.440 0.8000000119
36893  -22.349  -27.965  9.309 0.8000000119
36907  -23.780  -28.291  9.060 0.8000000119
127271  -26.038  -28.344  8.670 0.8000000119
37790  -17.915  -26.646  8.641 0.8000000119
38694  -21.208  -26.788  8.893 0.8000000119
121914  -23.903  -27.639  8.398 0.8000000119
37792  -24.675  -27.775  8.241 0.8000000119
37793  -25.953  -27.812  8.106 0.8000000119
37810  -18.728  -25.868  8.306 0.8000000119
38711  -23.845  -26.915  7.752 0.8000000119
36005  -25.075  -29.756  7.199 0.5000000000
36026  -23.810  -29.114  6.837 0.6000000238
119876  -19.165  -25.069  7.458 0.8000000119
37826  -19.190  -26.065  7.144 0.8000000119
36027  -24.474  -29.447  6.945 0.6000000238
36939  -23.893  -28.519  6.382 0.6000000238
37829  -23.246  -27.958  6.308 0.6000000238
36946  -23.940  -27.997  5.963 0.6000000238
125367  -26.263  -34.116  24.020 0.6999999881
31818  -26.236  -34.056  22.962 0.6999999881
32870  -28.752  -32.910  21.455 0.6999999881
31845  -29.281  -33.477  21.122 0.6999999881
125376  -26.595  -31.654  22.424 0.5000000000
33855  -28.542  -31.979  21.515 0.6999999881
34835  -24.889  -30.980  22.501 0.4000000060
34854  -26.221  -30.472  21.984 0.4000000060
33852  -25.889  -31.140  22.440 0.5000000000
31847  -30.288  -32.935  19.928 0.6999999881
32920  -30.983  -32.607  18.197 0.6999999881
35836  -24.940  -29.730  21.630 0.3000000119
35837  -25.668  -29.900  21.652 0.3000000119
34855  -27.049  -30.435  21.713 0.5000000000
33886  -31.310  -31.436  18.731 0.6999999881
32936  -31.267  -32.014  16.953 0.6999999881
35835  -24.060  -29.550  21.583 0.3000000119
36771  -25.963  -28.876  20.718 0.3000000119
33925  -31.636  -31.320  16.593 0.6999999881
36795  -25.662  -28.316  20.057 0.3000000119
34952  -31.622  -30.482  14.443 0.6999999881
35975  -26.052  -29.616  10.303 0.8000000119
35962  -28.497  -29.913  11.022 0.6999999881
34980  -30.805  -30.262  12.867 0.6999999881
35961  -27.549  -30.032  10.922 0.6999999881
35978  -29.836  -29.229  10.700 0.6999999881
36892  -21.540  -27.956  9.652 0.8000000119
36895  -24.376  -28.734  9.367 0.8000000119
35988  -26.570  -29.281  9.915 0.6999999881
140712  -28.438  -29.167  10.097 0.8000000119
37768  -20.482  -27.689  9.879 0.8000000119
36899  -28.049  -28.606  9.330 0.8000000119
122700  -20.053  -26.387  9.004 0.8000000119
36909  -25.283  -28.095  8.426 0.8000000119
37795  -27.334  -27.826  8.188 0.8000000119
38709  -20.222  -25.788  8.562 0.8000000119
38708  -18.836  -25.673  8.691 0.8000000119
37778  -22.212  -27.281  8.776 0.8000000119
135192  -24.451  -27.342  7.875 0.8000000119
38722  -24.640  -26.802  7.418 0.8000000119
37813  -26.894  -27.257  7.430 0.8000000119
39679  -19.382  -24.523  7.615 0.8000000119
39667  -19.347  -24.846  8.164 0.8000000119
139561  -22.530  -26.411  7.967 0.8000000119
134290  -23.402  -25.762  7.177 0.8000000119
38724  -26.364  -26.725  6.988 0.8000000119
38750  -20.500  -25.608  5.993 0.8000000119
130781  -25.700  -33.342  23.204 0.6000000238
32868  -26.637  -32.530  22.561 0.6000000238
33845  -25.381  -31.796  22.778 0.5000000000
33854  -27.489  -31.691  22.086 0.6000000238
123192  -27.176  -31.007  21.970 0.5000000000
33867  -29.560  -30.696  21.620 0.6999999881
118646  -29.253  -31.687  21.253 0.6999999881
33884  -30.277  -31.412  20.221 0.6999999881
139195  -27.844  -30.071  22.340 0.6000000238
34886  -29.777  -30.639  20.552 0.6999999881
33868  -29.525  -31.192  20.862 0.6999999881
33885  -30.807  -31.421  19.442 0.6999999881
36770  -25.121  -28.655  20.551 0.3000000119
36772  -26.803  -29.032  20.697 0.3000000119
36769  -24.266  -28.491  20.379 0.3000000119
37666  -28.090  -27.724  19.310 0.3000000119
34900  -31.647  -30.777  18.397 0.6999999881
119379  -31.921  -30.797  17.718 0.6999999881
38597  -25.974  -26.703  17.349 0.3000000119
125663  -26.740  -27.086  18.139 0.3000000119
37690  -27.288  -27.400  18.725 0.3000000119
38579  -28.493  -26.934  18.092 0.3000000119
38635  -26.007  -26.172  16.005 0.3000000119
34963  -31.385  -30.287  13.528 0.6999999881
35949  -30.645  -29.852  12.121 0.6999999881
133868  -29.128  -28.568  9.538 0.8000000119
36912  -28.158  -28.154  8.685 0.8000000119
39668  -20.664  -25.288  8.075 0.8000000119
39669  -22.069  -25.861  7.774 0.8000000119
39680  -21.309  -24.962  7.515 0.8000000119
39681  -22.555  -25.446  7.323 0.8000000119
40705  -24.002  -25.610  6.844 0.8000000119
135947  -24.837  -26.089  6.843 0.8000000119
39683  -25.825  -26.126  6.649 0.8000000119
39696  -19.361  -24.496  6.994 0.8000000119
40704  -23.119  -25.103  6.847 0.8000000119
38749  -19.626  -25.206  6.412 0.8000000119
39713  -20.560  -24.864  5.582 0.6999999881
122289  -21.107  -25.582  5.617 0.6000000238
33866  -28.121  -31.077  21.590 0.6000000238
135661  -29.427  -30.152  20.657 0.6000000238
34887  -30.489  -30.657  19.853 0.6999999881
36798  -28.557  -28.459  19.916 0.4000000060
124154  -30.130  -29.300  19.793 0.6000000238
35881  -31.283  -29.661  19.041 0.6999999881
127654  -31.601  -30.136  18.619 0.6999999881
36810  -30.732  -28.430  18.935 0.4000000060
34901  -32.007  -30.158  18.064 0.6999999881
34919  -32.295  -30.101  17.383 0.6999999881
34932  -32.074  -30.711  16.205 0.6999999881
136342  -29.590  -26.415  16.876 0.3000000119
37694  -31.433  -28.115  18.314 0.4000000060
35895  -32.265  -29.436  17.761 0.6000000238
35935  -32.809  -29.446  15.350 0.6999999881
34953  -32.330  -30.081  14.865 0.6999999881
35950  -31.432  -29.844  12.678 0.6999999881
36860  -32.827  -29.095  13.212 0.6999999881
134991  -31.373  -29.499  12.051 0.6999999881
36873  -31.293  -28.804  10.931 0.6999999881
36898  -27.231  -28.857  9.465 0.8000000119
36911  -27.520  -28.395  8.886 0.8000000119
36913  -28.751  -28.396  9.187 0.8000000119
37812  -26.077  -27.309  7.512 0.8000000119
137630  -28.519  -27.240  7.514 0.8000000119
39682  -23.988  -26.261  7.249 0.8000000119
39684  -26.716  -26.101  6.533 0.8000000119
40715  -20.091  -23.623  6.751 0.8000000119
40703  -21.829  -24.466  6.971 0.8000000119
40718  -23.903  -24.861  6.504 0.8000000119
124959  -24.591  -25.391  6.542 0.8000000119
40717  -22.704  -24.126  6.455 0.8000000119
38752  -22.892  -26.530  5.473 0.6000000238
40735  -20.128  -23.829  5.853 0.8000000119
39714  -21.846  -25.511  5.324 0.6000000238
39722  -21.078  -24.232  5.130 0.6999999881
40751  -21.917  -24.038  4.466 0.6999999881
35863  -29.093  -30.324  21.027 0.6000000238
128680  -29.494  -29.586  20.367 0.6000000238
35880  -30.668  -29.886  19.568 0.6000000238
37692  -29.580  -27.591  18.850 0.3000000119
35886  -31.755  -29.514  18.395 0.6000000238
38580  -29.523  -27.074  18.229 0.3000000119
37693  -30.661  -27.768  18.548 0.3000000119
38602  -31.640  -27.014  17.238 0.3000000119
37706  -31.860  -27.631  17.611 0.5000000000
35926  -33.162  -28.757  15.773 0.6999999881
129425  -28.856  -25.854  15.781 0.3000000119
38636  -30.551  -26.009  16.075 0.3000000119
37727  -33.419  -27.553  15.546 0.4000000060
35941  -33.186  -28.798  14.036 0.6999999881
39606  -28.711  -25.550  14.937 0.3000000119
36861  -33.400  -28.368  13.250 0.6000000238
36887  -32.096  -28.219  10.558 0.6000000238
126976  -33.043  -28.325  11.828 0.6000000238
36900  -30.391  -28.364  9.670 0.8000000119
36886  -31.235  -28.350  10.124 0.6999999881
37770  -32.694  -27.623  10.232 0.6000000238
129751  -29.568  -28.247  9.186 0.8000000119
129834  -31.193  -27.926  9.392 0.6999999881
37769  -31.945  -27.833  9.831 0.6999999881
37796  -28.331  -27.604  8.013 0.8000000119
37797  -29.819  -27.632  8.443 0.8000000119
37798  -30.610  -27.373  8.319 0.6999999881
37799  -31.371  -27.350  8.647 0.6999999881
37781  -31.870  -27.495  9.229 0.6999999881
37814  -27.845  -27.167  7.374 0.8000000119
37815  -29.200  -27.315  7.748 0.8000000119
37816  -30.202  -27.099  7.776 0.6999999881
38712  -31.084  -26.905  7.891 0.6999999881
38725  -27.217  -26.669  6.893 0.8000000119
138331  -27.947  -26.577  6.809 0.8000000119
38742  -30.209  -26.143  6.751 0.6999999881
38728  -30.632  -26.508  7.305 0.6999999881
40702  -20.323  -23.993  7.190 0.8000000119
39697  -25.352  -25.451  6.388 0.8000000119
38726  -28.429  -26.080  6.480 0.8000000119
120626  -24.784  -24.785  6.166 0.8000000119
39698  -26.259  -25.465  6.240 0.8000000119
40701  -19.536  -23.939  7.247 0.8000000119
41749  -21.603  -23.154  6.160 0.8000000119
41751  -23.868  -23.995  5.920 0.8000000119
40737  -25.830  -23.978  5.500 0.8000000119
40714  -19.789  -23.848  6.651 0.8000000119
41764  -20.456  -23.223  6.094 0.8000000119
42662  -21.115  -22.536  5.403 0.6999999881
39715  -22.927  -25.800  5.056 0.6000000238
128137  -24.379  -25.952  4.594 0.6000000238
40736  -20.713  -23.194  5.441 0.8000000119
40750  -21.159  -23.370  4.861 0.6999999881
41782  -21.574  -23.000  4.291 0.6999999881
36831  -32.868  -28.367  16.825 0.5000000000
35911  -33.013  -28.759  16.406 0.5000000000
38625  -30.371  -26.424  16.808 0.3000000119
135425  -32.740  -26.994  16.350 0.4000000060
36832  -33.280  -28.046  16.120 0.5000000000
35936  -33.171  -28.811  14.947 0.6000000238
39574  -31.308  -26.049  15.950 0.3000000119
36858  -33.445  -28.219  14.663 0.5000000000
117708  -33.581  -27.923  14.055 0.6000000238
39608  -31.330  -25.315  14.785 0.3000000119
39609  -32.405  -25.522  14.891 0.3000000119
37748  -33.746  -27.509  13.329 0.6000000238
36866  -33.581  -27.896  12.446 0.6000000238
40624  -29.316  -25.175  14.194 0.3000000119
39628  -30.830  -24.818  14.070 0.3000000119
39610  -33.197  -25.705  14.571 0.3000000119
40625  -30.054  -24.831  13.907 0.3000000119
37759  -32.995  -27.927  11.039 0.6000000238
40663  -28.479  -24.442  12.588 0.3000000119
37782  -32.524  -27.320  9.513 0.6999999881
38713  -31.920  -26.655  8.173 0.6999999881
40721  -27.431  -24.937  5.813 0.8000000119
39700  -28.999  -25.476  6.124 0.6999999881
39701  -29.902  -25.623  6.282 0.6999999881
132038  -28.024  -25.320  6.030 0.6999999881
40738  -26.539  -24.200  5.505 0.8000000119
40739  -27.316  -24.390  5.506 0.6999999881
41750  -22.685  -23.371  5.967 0.8000000119
41766  -24.408  -23.238  5.363 0.6999999881
41752  -25.043  -24.054  5.672 0.8000000119
41768  -26.291  -23.537  5.157 0.6000000238
38760  -25.212  -26.330  4.615 0.6000000238
42650  -21.051  -22.676  5.773 0.6999999881
137052  -21.464  -21.552  4.746 0.6999999881
131579  -21.635  -21.579  5.014 0.6999999881
40762  -22.525  -23.598  3.814 0.6999999881
40752  -23.019  -24.659  4.233 0.6999999881
41800  -21.395  -21.924  4.278 0.6999999881
42725  -23.703  -20.166  1.758 0.5000000000
42726  -24.334  -20.566  0.955 0.5000000000
124828  -33.977  -27.038  12.684 0.6000000238
37752  -33.908  -27.228  11.931 0.6000000238
38674  -34.119  -26.660  11.416 0.6000000238
38681  -33.833  -26.712  10.563 0.6000000238
37800  -32.270  -27.036  8.830 0.6999999881
38715  -33.420  -26.065  8.959 0.6999999881
38729  -31.546  -26.196  7.452 0.6999999881
41697  -26.934  -23.938  11.473 0.3000000119
39686  -30.959  -25.970  6.884 0.6999999881
38714  -32.712  -26.385  8.520 0.6999999881
39687  -31.532  -25.660  6.971 0.6999999881
41767  -25.418  -23.390  5.236 0.6999999881
40740  -28.733  -24.681  5.608 0.6999999881
40722  -29.627  -25.008  5.808 0.6000000238
118496  -27.915  -24.650  5.626 0.6999999881
42651  -21.826  -22.426  5.611 0.6999999881
41765  -23.228  -22.938  5.512 0.6999999881
42666  -24.842  -22.621  4.789 0.6999999881
41783  -25.811  -22.863  4.705 0.6000000238
43687  -22.385  -21.281  4.563 0.6999999881
40753  -24.147  -25.048  4.184 0.6000000238
39725  -25.043  -25.551  4.270 0.5000000000
41801  -21.854  -22.350  3.662 0.6999999881
42715  -22.090  -20.576  3.037 0.6999999881
41802  -23.333  -22.687  2.856 0.6999999881
41818  -23.869  -22.338  2.275 0.6000000238
138407  -34.135  -26.333  12.756 0.5000000000
39639  -34.383  -25.215  11.877 0.4000000060
38675  -34.365  -25.954  11.665 0.5000000000
38682  -34.333  -26.056  10.945 0.6000000238
124725  -34.448  -25.478  10.604 0.5000000000
38697  -34.211  -25.929  10.224 0.6000000238
39672  -33.865  -25.358  8.764 0.6000000238
41716  -27.411  -23.424  10.882 0.3000000119
38730  -32.427  -26.005  7.845 0.6999999881
39702  -31.167  -25.445  6.508 0.6000000238
120285  -32.149  -25.548  7.260 0.6000000238
40723  -30.557  -25.145  6.018 0.6000000238
41769  -27.128  -23.730  5.138 0.6000000238
40741  -29.543  -24.467  5.389 0.6000000238
42665  -23.617  -22.157  4.851 0.6999999881
41784  -26.750  -23.083  4.670 0.6000000238
41770  -28.052  -24.021  5.160 0.6000000238
42678  -25.113  -21.971  4.103 0.6999999881
43697  -21.942  -20.717  3.591 0.6999999881
40763  -24.353  -24.352  3.628 0.6000000238
40765  -26.070  -24.470  3.405 0.5000000000
41803  -24.459  -23.539  2.971 0.6000000238
40764  -25.182  -24.393  3.435 0.6000000238
43729  -22.979  -20.084  2.602 0.6000000238
125804  -24.837  -22.994  2.344 0.5000000000
41817  -22.847  -21.334  2.459 0.5000000000
41819  -25.696  -23.083  2.031 0.5000000000
41828  -25.219  -22.125  1.264 0.5000000000
42727  -25.609  -21.845  0.722 0.5000000000
130788  -34.467  -24.630  11.308 0.4000000060
39647  -34.476  -25.358  11.173 0.4000000060
40676  -34.589  -23.954  10.642 0.4000000060
41687  -32.590  -23.371  12.497 0.4000000060
39659  -34.051  -25.657  9.493 0.6000000238
130264  -27.884  -22.824  10.432 0.3000000119
42613  -28.723  -22.710  10.527 0.3000000119
42615  -30.291  -22.457  10.843 0.3000000119
39688  -32.925  -25.343  7.611 0.6000000238
43651  -28.774  -21.432  9.465 0.3000000119
40725  -32.240  -24.395  6.254 0.6000000238
139119  -30.209  -24.023  4.968 0.5000000000
40724  -31.401  -24.847  6.116 0.6000000238
41785  -27.643  -23.296  4.636 0.6000000238
41786  -28.546  -23.428  4.582 0.6000000238
42680  -27.188  -22.627  4.138 0.6000000238
40754  -29.077  -24.014  5.037 0.6000000238
42679  -26.165  -22.346  4.065 0.6000000238
42681  -28.080  -22.809  4.118 0.6000000238
43699  -23.211  -20.896  4.110 0.6999999881
42700  -26.597  -21.964  3.450 0.6000000238
43717  -23.117  -19.851  2.834 0.6999999881
42717  -24.319  -21.819  1.629 0.5000000000
42742  -25.077  -20.598  0.313 0.5000000000
41688  -33.486  -23.596  12.369 0.4000000060
40685  -34.567  -24.848  10.622 0.4000000060
41702  -34.346  -23.897  11.508 0.4000000060
39660  -34.497  -25.223  10.045 0.5000000000
42617  -34.381  -22.484  10.720 0.4000000060
39673  -34.447  -24.914  9.348 0.4000000060
40698  -34.291  -24.631  8.615 0.4000000060
39689  -33.662  -25.034  8.066 0.5000000000
43635  -29.165  -22.057  10.108 0.3000000119
43653  -30.369  -21.391  9.941 0.3000000119
42616  -30.874  -21.744  10.499 0.4000000060
40706  -33.399  -24.645  7.413 0.4000000060
44638  -30.236  -20.816  9.446 0.3000000119
43637  -31.812  -21.274  10.408 0.4000000060
39704  -32.617  -24.905  6.988 0.6000000238
40743  -31.595  -24.267  5.702 0.5000000000
123778  -30.217  -23.381  4.434 0.5000000000
41804  -28.959  -22.929  4.042 0.6000000238
42683  -31.202  -22.861  4.363 0.5000000000
42701  -27.567  -22.278  3.511 0.6000000238
44696  -24.884  -20.313  2.396 0.6000000238
43719  -26.038  -21.125  2.718 0.6000000238
43718  -23.966  -19.930  2.579 0.5000000000
43730  -23.682  -19.866  2.158 0.5000000000
43740  -24.120  -19.732  1.463 0.5000000000
42741  -24.594  -19.590  0.793 0.5000000000
43755  -25.007  -19.479  0.166 0.5000000000
43756  -25.707  -20.558  -0.255 0.5000000000
41701  -33.883  -23.287  11.751 0.4000000060
40692  -34.673  -24.442  9.963 0.4000000060
41735  -34.683  -24.112  9.204 0.4000000060
134597  -34.594  -23.947  8.495 0.4000000060
42618  -34.684  -22.995  10.298 0.4000000060
41742  -34.638  -23.435  7.851 0.4000000060
41741  -33.849  -23.910  7.242 0.4000000060
44637  -29.430  -20.815  9.202 0.3000000119
41753  -32.909  -23.642  6.108 0.4000000060
41754  -33.525  -23.583  6.615 0.5000000000
44653  -29.178  -20.344  8.589 0.3000000119
41789  -31.614  -23.167  4.810 0.4000000060
42682  -30.597  -22.910  4.140 0.5000000000
42684  -31.781  -22.518  4.363 0.4000000060
42702  -28.457  -22.405  3.483 0.6000000238
41805  -29.836  -22.993  3.992 0.5000000000
128339  -31.167  -22.342  3.774 0.5000000000
43720  -27.021  -21.722  2.986 0.6000000238
42719  -28.870  -21.987  2.848 0.5000000000
42720  -29.791  -22.020  2.886 0.5000000000
44706  -24.155  -19.746  1.826 0.5000000000
124700  -27.521  -21.159  2.142 0.6000000238
42718  -27.844  -21.771  2.819 0.6000000238
44708  -26.593  -20.445  1.585 0.6000000238
44718  -24.553  -19.526  1.072 0.5000000000
44738  -24.880  -19.264  0.532 0.5000000000
43770  -26.384  -20.583  -0.691 0.5000000000
44707  -25.361  -20.129  1.766 0.5000000000
46328  -28.037  -18.329  6.484 0.3000000119
46330  -29.667  -18.170  6.627 0.4000000060
47252  -30.605  -17.724  6.537 0.4000000060
44709  -27.721  -20.738  1.623 0.5000000000
48279  -28.399  -16.984  5.240 0.4000000060
121057  -30.781  -20.692  1.066 0.5000000000
44723  -31.314  -20.822  1.473 0.5000000000
44719  -26.731  -19.874  0.906 0.5000000000
44722  -30.044  -20.707  1.062 0.5000000000
130535  -25.291  -19.344  0.778 0.5000000000
45583  -25.749  -18.966  0.132 0.6000000238
44753  -26.331  -19.863  -1.157 0.5000000000
43769  -25.522  -19.332  -0.503 0.6000000238
45595  -25.657  -18.678  -0.505 0.5000000000
44762  -26.692  -19.363  -1.652 0.4000000060
126668  -29.733  -17.470  5.901 0.4000000060
47234  -32.200  -17.561  7.112 0.4000000060
44720  -28.022  -20.272  1.052 0.5000000000
44740  -28.405  -19.868  0.459 0.5000000000
45584  -27.086  -19.478  0.279 0.5000000000
45597  -27.500  -19.083  -0.314 0.5000000000
122617  -28.849  -19.478  -0.138 0.5000000000
44739  -25.207  -19.032  0.104 0.5000000000
45596  -26.102  -18.554  -0.520 0.5000000000
45626  -27.010  -18.785  -2.256 0.4000000060
45608  -25.885  -18.142  -1.121 0.5000000000
45616  -26.133  -18.110  -1.648 0.5000000000
48263  -31.877  -16.531  5.881 0.4000000060
48301  -28.864  -16.470  4.658 0.4000000060
44743  -31.431  -20.363  0.697 0.4000000060
46381  -26.489  -18.123  -1.081 0.4000000060
46404  -26.298  -17.845  -1.658 0.4000000060
45625  -26.551  -17.788  -2.118 0.5000000000
140276  -26.894  -18.118  -2.528 0.3000000119
45610  -30.316  -19.289  -0.529 0.4000000060
46392  -27.026  -17.815  -1.600 0.4000000060
46405  -26.770  -17.549  -2.077 0.5000000000
46438  -27.663  -17.424  -3.098 0.4000000060
47339  -27.431  -17.435  -2.545 0.4000000060
46393  -28.545  -18.288  -1.343 0.4000000060
45648  -30.827  -18.482  -3.508 0.4000000060
47327  -27.638  -17.533  -2.028 0.4000000060
47370  -28.105  -16.797  -3.733 0.4000000060
47341  -29.734  -17.471  -2.138 0.4000000060
47371  -28.255  -16.900  -4.204 0.4000000060
46440  -29.421  -17.780  -3.948 0.4000000060
47372  -30.826  -17.599  -4.110 0.4000000060
48367  -28.986  -16.822  -2.740 0.4000000060
47340  -28.227  -17.216  -2.565 0.3000000119
48384  -28.237  -16.569  -3.449 0.4000000060
48368  -30.361  -16.952  -2.479 0.4000000060
48369  -31.675  -16.984  -2.310 0.4000000060
49397  -28.423  -15.632  -3.970 0.3000000119
48403  -28.320  -15.632  -4.660 0.4000000060
47388  -28.496  -16.314  -4.563 0.4000000060
47390  -31.519  -16.889  -4.552 0.4000000060
49423  -28.407  -15.309  -4.741 0.4000000060
48404  -28.855  -15.690  -5.058 0.5000000000
48385  -29.227  -16.231  -3.157 0.4000000060
49410  -28.818  -14.904  -4.456 0.4000000060
117189  -24.939  -39.408  17.507 0.6999999881
25469  -16.739  -39.564  15.760 0.6000000238
27993  -20.890  -37.021  16.999 0.6999999881
27996  -23.284  -36.231  17.516 0.8000000119
133641  -21.296  -39.565  18.415 0.6000000238
122222  -26.485  -35.234  16.451 0.8000000119
20671  -17.712  -45.305  20.255 0.4000000060
30917  -19.720  -34.174  12.426 0.8000000119
25428  -25.164  -40.488  20.518 0.6000000238
21588  -21.197  -44.337  23.186 0.5000000000
31891  -27.277  -33.403  16.741 0.8000000119
25375  -23.751  -40.683  23.156 0.6000000238
27092  -20.947  -38.312  22.861 0.5000000000
27077  -22.634  -38.111  23.505 0.6000000238
130352  -26.851  -37.413  22.194 0.6999999881
34974  -25.456  -30.595  12.954 0.6999999881
29836  -28.775  -34.942  21.227 0.6999999881
37811  -25.218  -27.445  7.775 0.8000000119
32887  -29.841  -32.197  20.522 0.6999999881
35963  -30.939  -29.343  11.488 0.6999999881
36885  -30.443  -28.776  10.409 0.6999999881
36812  -31.934  -28.780  18.122 0.6000000238
35951  -32.195  -29.296  12.469 0.6999999881
36874  -32.276  -28.542  11.337 0.6000000238
35878  -28.868  -29.354  20.492 0.6000000238
37714  -32.868  -27.624  16.580 0.5000000000
38667  -34.063  -25.713  13.048 0.4000000060
40742  -30.889  -24.506  5.552 0.6000000238
41727  -34.931  -23.219  8.855 0.4000000060
46382  -27.959  -18.633  -0.855 0.4000000060
21729  -21.030  -44.754  12.958 0.5000000000
121562  -20.344  -44.225  12.511 0.5000000000
21733  -25.016  -44.441  13.747 0.6999999881
24643  -20.053  -41.827  11.543 0.5000000000
24550  -17.477  -40.693  15.559 0.5000000000
25545  -19.432  -40.461  12.063 0.6999999881
26335  -26.597  -39.990  17.409 0.6999999881
26346  -27.403  -40.105  16.556 0.6999999881
25525  -24.772  -40.346  12.796 0.6999999881
25526  -25.487  -40.275  13.189 0.6999999881
27207  -23.380  -38.264  12.485 0.6999999881
26379  -24.233  -39.702  12.620 0.6999999881
27251  -19.674  -39.001  11.601 0.6999999881
129161  -21.720  -38.445  10.534 0.5000000000
123417  -19.737  -38.266  11.344 0.6000000238
123864  -21.559  -36.341  10.433 0.5000000000
25451  -18.075  -38.782  16.762 0.6000000238
125045  -27.526  -39.076  15.137 0.6999999881
28069  -18.572  -36.848  11.748 0.6999999881
27161  -19.736  -37.657  16.444 0.6000000238
137464  -25.264  -38.255  17.367 0.8000000119
27185  -27.633  -38.753  15.846 0.6999999881
127783  -23.592  -36.761  9.786 0.4000000060
27995  -22.585  -36.517  17.561 0.8000000119
123069  -19.065  -41.190  18.178 0.6000000238
23562  -17.958  -42.038  18.178 0.6000000238
137845  -18.729  -35.426  12.349 0.8000000119
125740  -24.088  -35.752  17.429 0.6999999881
28907  -27.535  -36.316  15.508 0.8000000119
29974  -22.001  -35.334  10.212 0.5000000000
22637  -19.160  -42.891  18.797 0.6000000238
29879  -24.671  -34.271  17.989 0.8000000119
137714  -25.806  -36.210  12.557 0.8000000119
139020  -20.068  -34.220  10.503 0.6999999881
30982  -22.663  -34.631  9.604 0.6000000238
27985  -23.875  -36.283  18.438 0.6999999881
21655  -20.611  -43.606  19.653 0.6000000238
30937  -23.304  -34.011  12.098 0.8999999762
31928  -21.140  -33.293  12.389 0.8000000119
30981  -22.372  -33.865  9.577 0.6000000238
128315  -24.313  -34.883  9.265 0.4000000060
20654  -18.121  -45.891  21.015 0.3000000119
22619  -19.138  -43.655  19.258 0.5000000000
22618  -18.330  -43.976  19.190 0.5000000000
139149  -17.717  -44.305  19.234 0.5000000000
20695  -16.823  -45.276  20.011 0.4000000060
30920  -25.780  -33.873  12.659 0.8999999762
32973  -18.882  -32.690  11.762 0.8000000119
25435  -24.341  -40.957  19.730 0.6000000238
24492  -23.774  -42.067  20.059 0.6000000238
25436  -24.960  -40.299  19.814 0.6000000238
27145  -25.987  -38.509  19.594 0.8000000119
22601  -22.141  -43.480  20.264 0.5000000000
21629  -18.248  -44.709  19.780 0.4000000060
21630  -19.155  -44.809  20.217 0.5000000000
119044  -27.292  -33.354  13.947 0.8000000119
34008  -23.283  -31.714  9.402 0.6000000238
33025  -24.475  -32.485  9.779 0.4000000060
23519  -23.935  -42.058  20.732 0.6000000238
20628  -20.341  -45.312  23.216 0.5000000000
20657  -20.397  -45.206  21.527 0.5000000000
22587  -22.171  -43.811  21.072 0.5000000000
24484  -24.449  -41.514  20.835 0.6000000238
23503  -21.534  -43.088  23.540 0.6000000238
131932  -21.614  -43.776  23.162 0.5000000000
24458  -21.334  -41.474  23.531 0.6000000238
22571  -20.908  -43.738  23.652 0.5000000000
22589  -23.150  -42.817  21.591 0.5000000000
26265  -19.292  -39.676  22.559 0.6000000238
25395  -19.353  -40.377  22.836 0.6000000238
21596  -21.548  -44.279  22.495 0.5000000000
23510  -22.753  -42.613  23.021 0.6000000238
136606  -22.620  -41.961  23.350 0.6000000238
22579  -22.640  -43.199  22.316 0.5000000000
28833  -18.745  -36.720  21.355 0.4000000060
29880  -27.998  -34.981  17.976 0.6999999881
139511  -28.371  -33.836  17.269 0.6999999881
33967  -23.835  -31.013  13.341 0.8000000119
33964  -21.270  -31.335  12.513 0.8999999762
117707  -21.696  -39.887  23.389 0.6000000238
24459  -22.177  -41.396  23.483 0.6000000238
139038  -22.823  -41.451  23.354 0.6000000238
26250  -22.303  -39.508  23.467 0.6000000238
125156  -21.032  -36.956  22.636 0.4000000060
27917  -22.047  -37.403  23.344 0.5000000000
30786  -20.738  -35.138  22.167 0.4000000060
28815  -21.893  -35.961  23.066 0.5000000000
33933  -27.634  -31.716  15.414 0.6999999881
125720  -21.051  -30.833  12.307 0.8000000119
131160  -22.782  -30.356  8.501 0.6999999881
27079  -24.132  -38.576  23.345 0.6999999881
27918  -24.476  -37.882  23.340 0.6999999881
127630  -23.556  -37.873  23.477 0.6000000238
31869  -29.976  -33.857  18.309 0.6999999881
30788  -22.136  -34.476  23.058 0.5000000000
30810  -20.780  -33.877  22.051 0.4000000060
129831  -24.879  -37.100  23.348 0.6000000238
28816  -24.394  -36.322  23.440 0.6000000238
28818  -25.948  -36.175  23.181 0.6999999881
130576  -22.937  -37.098  23.538 0.6000000238
28803  -22.745  -36.167  23.422 0.5000000000
32854  -21.775  -32.116  22.922 0.3000000119
33934  -28.412  -31.688  15.425 0.6999999881
32935  -30.559  -32.382  16.607 0.6999999881
33842  -22.443  -31.369  22.884 0.3000000119
36903  -17.538  -27.344  8.984 0.8999999762
36905  -19.512  -28.148  8.098 0.8000000119
36904  -18.039  -27.645  8.437 0.8000000119
36921  -21.261  -27.995  7.155 0.6000000238
36003  -23.006  -29.225  7.379 0.6000000238
36938  -22.380  -28.007  6.672 0.6000000238
37827  -20.465  -26.984  6.695 0.8000000119
31803  -24.157  -34.294  23.499 0.6000000238
29800  -25.997  -35.358  23.199 0.6999999881
31830  -27.294  -33.581  22.470 0.6999999881
31815  -23.501  -33.594  23.444 0.5000000000
32857  -24.876  -32.521  23.224 0.4000000060
33945  -28.901  -31.283  14.822 0.6999999881
35000  -25.860  -30.212  11.001 0.8000000119
34978  -29.233  -30.520  12.602 0.6999999881
38692  -18.211  -26.213  9.259 0.8000000119
37791  -18.756  -26.960  7.824 0.8000000119
31846  -29.740  -33.190  20.437 0.6999999881
33846  -26.354  -31.681  23.388 0.5000000000
32908  -30.955  -32.160  18.921 0.6999999881
33924  -30.984  -31.755  16.188 0.6999999881
35860  -24.582  -29.059  21.059 0.3000000119
130378  -29.987  -30.778  13.974 0.6999999881
33937  -31.414  -31.184  15.739 0.6999999881
34979  -30.082  -30.397  12.690 0.6999999881
33947  -31.042  -30.963  14.923 0.6999999881
139014  -30.176  -29.549  11.377 0.6999999881
35986  -24.881  -29.209  9.800 0.8000000119
35987  -25.749  -29.222  9.779 0.8000000119
36896  -25.310  -28.685  9.153 0.8000000119
34853  -25.332  -30.386  22.097 0.3000000119
32907  -30.527  -32.228  19.718 0.6999999881
32921  -31.301  -32.020  18.318 0.6999999881
35861  -25.451  -29.284  21.194 0.3000000119
34872  -28.048  -29.916  22.235 0.5000000000
123025  -27.396  -29.689  21.260 0.4000000060
33915  -31.663  -31.429  17.345 0.6999999881
33948  -31.863  -30.615  15.308 0.6999999881
36794  -24.856  -28.109  19.856 0.3000000119
34964  -32.227  -30.019  14.012 0.6999999881
34874  -29.134  -30.648  21.517 0.6000000238
36809  -29.163  -27.951  19.348 0.3000000119
37691  -28.850  -27.419  18.749 0.3000000119
34933  -32.483  -30.085  16.638 0.6999999881
38578  -27.555  -26.992  18.047 0.3000000119
38600  -28.971  -26.578  17.372 0.3000000119
36799  -29.523  -28.744  19.797 0.6000000238
36801  -30.750  -29.096  19.316 0.6000000238
36811  -31.335  -28.907  18.730 0.6000000238
37667  -30.060  -28.031  19.167 0.4000000060
35910  -32.685  -29.277  16.990 0.6999999881
35925  -32.823  -29.412  16.197 0.6999999881
34942  -32.487  -30.112  15.784 0.6999999881
121039  -32.736  -29.456  14.477 0.6999999881
36865  -32.985  -28.674  12.529 0.6000000238
131369  -28.710  -26.794  7.042 0.8000000119
39699  -27.123  -25.456  6.149 0.8000000119
40719  -25.799  -24.725  5.876 0.8000000119
39723  -22.378  -25.039  4.745 0.6000000238
39724  -23.461  -25.515  4.592 0.6000000238
38581  -30.408  -27.191  18.075 0.3000000119
38601  -30.855  -26.812  17.415 0.3000000119
37707  -32.497  -27.911  17.265 0.5000000000
36848  -33.409  -28.128  15.345 0.5000000000
39590  -30.847  -25.624  15.403 0.3000000119
134435  -33.747  -27.204  14.075 0.5000000000
140954  -33.498  -27.759  11.695 0.6000000238
37780  -30.470  -27.851  8.946 0.8000000119
37771  -33.320  -27.361  10.575 0.6000000238
38741  -29.348  -26.170  6.597 0.6999999881
127333  -22.721  -22.886  3.309 0.6999999881
39575  -31.948  -26.284  16.084 0.3000000119
39607  -30.330  -25.235  14.593 0.3000000119
38651  -33.122  -26.217  15.183 0.3000000119
40646  -29.527  -24.648  13.378 0.3000000119
41667  -31.289  -24.035  13.128 0.3000000119
37760  -33.671  -27.295  11.212 0.6000000238
37783  -33.229  -27.089  9.914 0.6000000238
42676  -21.556  -21.334  4.241 0.6999999881
43686  -21.722  -21.082  4.307 0.6999999881
38696  -33.646  -26.388  9.704 0.6000000238
39671  -33.171  -25.714  8.271 0.6999999881
43698  -22.286  -20.504  3.776 0.6999999881
39734  -24.891  -24.916  3.884 0.5000000000
39634  -34.176  -25.091  12.553 0.4000000060
43700  -23.896  -20.619  3.468 0.6000000238
126307  -25.268  -21.195  3.251 0.6000000238
40779  -25.514  -23.768  2.846 0.6000000238
41829  -26.311  -22.806  1.391 0.4000000060
41689  -34.040  -23.891  12.121 0.4000000060
130903  -31.666  -22.421  11.450 0.4000000060
42614  -29.517  -22.585  10.666 0.3000000119
42630  -28.320  -22.189  9.946 0.3000000119
43652  -29.673  -21.445  9.720 0.3000000119
41771  -31.244  -23.847  5.165 0.5000000000
41787  -29.493  -23.475  4.504 0.5000000000
40707  -34.145  -24.309  7.920 0.4000000060
43654  -31.099  -20.905  9.827 0.4000000060
41772  -32.134  -23.594  5.490 0.5000000000
42644  -34.815  -22.631  7.372 0.4000000060
41790  -32.402  -22.680  4.951 0.4000000060
42704  -30.262  -22.486  3.529 0.5000000000
47251  -28.915  -17.918  6.232 0.3000000119
119428  -31.472  -17.538  6.701 0.4000000060
43741  -28.738  -21.014  1.648 0.5000000000
47270  -31.246  -17.122  6.120 0.4000000060
47328  -29.078  -17.845  -1.776 0.4000000060
47389  -29.948  -16.646  -4.633 0.4000000060
48386  -30.827  -16.246  -2.827 0.4000000060
20713  -25.562  -45.815  18.052 0.5000000000
19738  -26.125  -46.183  16.919 0.5000000000
21671  -21.822  -44.848  18.247 0.4000000060
21672  -22.883  -44.615  18.434 0.5000000000
119860  -23.662  -45.383  18.767 0.5000000000
20712  -24.765  -45.422  18.485 0.5000000000
126903  -26.129  -45.306  17.578 0.6000000238
20731  -26.464  -45.468  16.962 0.6000000238
22638  -23.240  -43.858  18.184 0.5000000000
21687  -22.207  -43.940  17.845 0.5000000000
22639  -24.294  -43.836  18.234 0.5000000000
128151  -25.687  -44.215  17.926 0.5000000000
22653  -21.406  -43.622  17.444 0.5000000000
123532  -26.365  -43.993  17.511 0.6000000238
22672  -26.924  -43.799  17.011 0.6000000238
21689  -26.552  -44.685  17.225 0.6000000238
21702  -26.764  -44.645  16.623 0.6000000238
21723  -26.368  -44.342  14.842 0.6000000238
22684  -27.058  -43.874  16.201 0.6000000238
21722  -25.763  -44.390  14.299 0.6000000238
22708  -25.427  -43.692  13.836 0.6000000238
22694  -26.182  -43.700  14.459 0.6000000238
126226  -22.766  -43.326  17.785 0.5000000000
22656  -25.772  -43.286  17.843 0.6000000238
23580  -20.674  -43.324  17.163 0.5000000000
116957  -22.116  -43.076  17.460 0.5000000000
22657  -26.645  -43.154  17.383 0.6000000238
23599  -19.552  -42.145  16.490 0.5000000000
23600  -20.465  -42.273  16.775 0.5000000000
22673  -27.189  -43.102  16.600 0.6000000238
23624  -26.623  -42.996  14.766 0.6000000238
22707  -24.563  -43.708  13.368 0.6000000238
22654  -23.584  -43.155  17.986 0.5000000000
22655  -24.684  -43.106  18.069 0.5000000000
23581  -21.332  -42.695  17.186 0.5000000000
119440  -22.087  -42.009  17.270 0.5000000000
23582  -22.875  -42.632  17.601 0.5000000000
23583  -23.907  -42.309  17.778 0.5000000000
133504  -19.858  -41.388  16.419 0.5000000000
24554  -21.177  -41.637  16.861 0.5000000000
22658  -27.055  -42.971  17.058 0.6000000238
24552  -19.112  -40.821  16.095 0.5000000000
22685  -27.329  -42.504  16.318 0.6000000238
117528  -27.152  -42.995  15.710 0.6000000238
129289  -25.014  -42.925  13.426 0.6000000238
23623  -25.891  -42.934  14.018 0.6000000238
133439  -22.466  -41.213  17.238 0.5000000000
135802  -23.745  -41.433  17.546 0.5000000000
134684  -24.521  -41.739  17.735 0.6000000238
118299  -25.442  -40.942  17.690 0.6000000238
24529  -21.712  -40.775  16.842 0.5000000000
23584  -25.230  -42.290  17.868 0.6000000238
24532  -25.943  -41.617  17.695 0.6000000238
24570  -17.198  -39.400  15.417 0.5000000000
23639  -26.388  -42.108  14.311 0.6000000238
126122  -25.520  -42.167  13.601 0.6000000238
25454  -21.652  -39.619  16.638 0.5000000000
25456  -23.657  -40.464  17.408 0.5000000000
25472  -19.911  -39.354  16.120 0.5000000000
139624  -18.724  -39.260  15.720 0.5000000000
25471  -18.864  -38.547  15.804 0.6000000238
26332  -21.988  -38.787  16.670 0.6000000238
25455  -22.527  -40.221  17.077 0.5000000000
135418  -24.061  -39.626  17.394 0.5000000000
129096  -19.876  -38.141  15.977 0.6000000238
26345  -20.806  -38.302  16.371 0.6000000238
25458  -25.705  -40.169  17.642 0.6000000238
26329  -17.707  -38.405  16.054 0.5000000000
26343  -18.650  -38.344  16.030 0.5000000000
119038  -19.500  -37.940  16.005 0.6000000238
133348  -17.041  -39.415  15.428 0.4000000060
26344  -19.882  -37.510  16.137 0.6000000238
26333  -22.390  -37.831  16.847 0.6000000238
119932  -23.078  -39.260  17.105 0.5000000000
26334  -25.887  -39.394  17.587 0.6000000238
31997  -22.880  -33.304  9.399 0.5000000000
36884  -29.552  -28.755  9.974 0.6000000238
38751  -21.702  -26.247  5.778 0.5000000000
38753  -23.845  -26.948  5.356 0.5000000000
120385  -23.563  -23.658  3.377 0.5000000000
48405  -30.502  -15.971  -5.038 0.4000000060
49425  -31.013  -15.302  -5.318 0.3000000119
119088  -32.256  -15.569  -5.104 0.3000000119
139924  -33.299  -15.061  -4.674 0.3000000119
120628  -21.846  -45.612  18.778 0.4000000060
20696  -23.340  -46.213  19.178 0.5000000000
19724  -24.180  -46.224  18.887 0.5000000000
19754  -25.833  -46.280  15.530 0.5000000000
20729  -20.894  -44.862  17.857 0.4000000060
19751  -26.263  -45.931  16.305 0.6000000238
21711  -26.641  -44.669  15.626 0.6000000238
20758  -26.132  -45.012  14.813 0.5000000000
125047  -25.408  -45.119  14.232 0.5000000000
20728  -20.125  -44.913  17.597 0.4000000060
22652  -20.137  -43.812  17.159 0.5000000000
22670  -19.087  -43.019  16.650 0.5000000000
22671  -19.935  -43.121  16.879 0.5000000000
123114  -18.295  -42.907  16.393 0.3000000119
23598  -17.575  -42.118  15.956 0.4000000060
23610  -15.927  -41.682  15.405 0.4000000060
30983  -23.412  -34.807  9.371 0.4000000060
139551  -23.734  -34.283  9.318 0.4000000060
31998  -23.589  -33.605  9.401 0.4000000060
35862  -28.412  -29.948  21.102 0.5000000000
37834  -23.481  -27.410  5.765 0.5000000000
37840  -24.616  -26.816  5.053 0.5000000000
38666  -33.916  -26.564  13.495 0.4000000060
129458  -31.354  -14.557  -5.424 0.3000000119
50571  -32.756  -14.179  -4.848 0.3000000119
20709  -20.333  -45.387  18.053 0.4000000060
23586  -26.950  -42.376  17.224 0.6000000238
26342  -17.366  -38.698  15.819 0.5000000000
24551  -18.065  -39.678  15.558 0.5000000000
25470  -17.925  -38.497  15.680 0.6000000238
125410  -24.381  -27.608  5.539 0.5000000000
122845  -18.515  -41.713  16.123 0.4000000060
20730  -25.956  -46.025  17.439 0.6000000238
20711  -22.637  -45.457  18.801 0.4000000060
21674  -24.961  -44.486  18.285 0.5000000000
21688  -26.131  -44.665  17.672 0.6000000238
127143  -20.657  -44.217  17.436 0.5000000000
24530  -22.994  -41.805  17.461 0.5000000000
24553  -20.354  -41.006  16.482 0.5000000000
25473  -20.848  -39.572  16.441 0.5000000000
49433  -30.132  -14.373  -5.333 0.4000000060
21685  -19.832  -44.403  17.286 0.4000000060
20757  -25.724  -45.747  14.800 0.4000000060
21721  -24.633  -45.183  13.740 0.4000000060
22651  -19.477  -43.836  16.987 0.4000000060
20627  -19.723  -45.714  23.480 0.4000000060
20633  -19.914  -45.791  22.751 0.3000000119
20656  -19.862  -45.710  21.920 0.4000000060
20672  -18.668  -45.367  20.596 0.4000000060
126754  -19.472  -43.410  23.977 0.4000000060
22570  -20.119  -44.072  23.943 0.4000000060
131713  -17.336  -40.818  22.557 0.4000000060
24455  -18.536  -41.646  23.271 0.4000000060
23502  -19.140  -42.514  23.655 0.4000000060
131815  -19.924  -42.315  23.606 0.4000000060
25414  -16.402  -39.953  21.889 0.3000000119
25415  -17.168  -40.139  22.141 0.3000000119
27110  -17.027  -38.860  21.441 0.4000000060
24475  -18.987  -40.955  22.994 0.4000000060
124676  -17.027  -39.509  21.742 0.4000000060
25393  -17.925  -40.264  22.371 0.5000000000
27111  -17.710  -38.564  21.545 0.4000000060
26264  -18.443  -39.654  22.285 0.5000000000
27945  -17.839  -37.825  21.315 0.4000000060
35877  -27.811  -29.011  20.547 0.3000000119
38637  -33.447  -26.926  15.366 0.3000000119
39592  -32.487  -26.179  15.604 0.3000000119
38628  -32.997  -26.689  15.782 0.3000000119
38652  -33.602  -26.528  14.509 0.3000000119
43732  -28.373  -21.409  2.241 0.4000000060
40666  -33.128  -23.966  12.986 0.3000000119
42578  -33.113  -22.889  11.976 0.3000000119
43733  -29.294  -21.545  2.265 0.4000000060
43742  -29.682  -21.140  1.655 0.4000000060
42594  -32.528  -22.293  11.471 0.3000000119
42593  -31.018  -22.364  11.124 0.3000000119
43615  -31.732  -21.917  10.997 0.3000000119
43722  -31.542  -21.624  3.220 0.4000000060
43735  -31.145  -21.360  2.435 0.3000000119
43743  -30.631  -21.100  1.686 0.4000000060
44741  -29.514  -20.144  0.487 0.4000000060
45609  -29.348  -19.071  -0.665 0.3000000119
42595  -33.683  -22.426  11.323 0.3000000119
43616  -32.840  -21.600  10.866 0.3000000119
43638  -34.012  -21.784  10.711 0.3000000119
44642  -34.700  -21.227  9.729 0.3000000119
42632  -35.192  -22.266  8.791 0.3000000119
44616  -33.541  -21.160  10.362 0.3000000119
44617  -34.276  -21.397  10.243 0.3000000119
44643  -35.145  -20.796  8.994 0.3000000119
131529  -35.311  -21.942  8.241 0.3000000119
42638  -35.129  -22.585  8.155 0.3000000119
41755  -34.192  -23.194  6.933 0.3000000119
44614  -31.936  -20.710  9.948 0.3000000119
44615  -32.656  -20.897  10.239 0.3000000119
45499  -30.881  -20.111  9.107 0.3000000119
45500  -31.631  -19.733  9.039 0.3000000119
41773  -33.570  -22.922  6.130 0.3000000119
45519  -30.417  -19.595  8.391 0.3000000119
46296  -30.843  -18.973  7.832 0.3000000119
43701  -32.697  -21.570  4.053 0.3000000119
43723  -32.371  -21.264  3.354 0.3000000119
42705  -31.986  -21.897  3.871 0.3000000119
43736  -31.865  -21.213  2.775 0.3000000119
48281  -30.126  -16.775  5.331 0.3000000119
44742  -30.474  -20.261  0.504 0.3000000119
46394  -30.010  -18.634  -1.107 0.3000000119
43656  -35.305  -21.492  8.606 0.3000000119
44641  -33.447  -20.571  9.913 0.3000000119
45502  -34.364  -20.497  9.530 0.3000000119
43665  -35.383  -21.367  7.908 0.3000000119
42652  -34.406  -22.462  6.581 0.3000000119
44639  -31.721  -20.262  9.479 0.3000000119
44640  -32.572  -20.345  9.699 0.3000000119
125261  -33.506  -19.867  9.393 0.3000000119
43672  -35.313  -21.322  7.061 0.3000000119
43671  -34.969  -22.045  7.001 0.3000000119
43677  -34.733  -21.714  6.366 0.3000000119
122757  -34.017  -22.120  5.803 0.3000000119
45501  -32.381  -19.748  9.251 0.3000000119
45521  -33.028  -19.242  8.897 0.3000000119
45523  -34.638  -19.806  8.818 0.3000000119
42667  -33.220  -22.398  5.355 0.3000000119
45534  -30.001  -19.175  7.740 0.3000000119
45520  -31.249  -19.417  8.508 0.3000000119
127365  -32.081  -19.260  8.694 0.3000000119
43702  -33.377  -21.326  4.356 0.3000000119
44698  -33.137  -21.035  3.676 0.3000000119
46317  -31.350  -18.190  7.296 0.3000000119
44711  -32.413  -20.871  2.684 0.3000000119
47269  -30.550  -17.175  5.827 0.3000000119
48282  -31.716  -16.094  5.336 0.3000000119
44710  -31.802  -20.979  2.083 0.3000000119
118577  -31.029  -16.583  5.419 0.3000000119
44724  -32.023  -20.598  1.375 0.3000000119
45599  -30.992  -19.763  -0.109 0.3000000119
46395  -31.006  -19.143  -0.733 0.3000000119
47329  -30.275  -18.085  -1.588 0.3000000119
44655  -35.354  -20.857  8.284 0.3000000119
45524  -35.253  -20.142  8.227 0.3000000119
44659  -35.423  -20.552  7.533 0.3000000119
137862  -35.390  -20.533  6.745 0.3000000119
44668  -35.146  -20.903  6.213 0.3000000119
46299  -33.722  -18.747  8.527 0.3000000119
45535  -35.037  -19.194  7.988 0.3000000119
45536  -35.349  -19.764  7.568 0.3000000119
123838  -35.440  -19.869  6.891 0.3000000119
43689  -34.442  -21.346  5.578 0.3000000119
46297  -31.735  -18.765  8.087 0.3000000119
46318  -32.404  -18.170  7.705 0.3000000119
46319  -33.451  -18.167  8.007 0.3000000119
43703  -34.077  -20.993  4.787 0.3000000119
123744  -33.586  -20.425  3.243 0.3000000119
44679  -33.807  -20.728  4.031 0.3000000119
47253  -32.046  -17.030  6.504 0.3000000119
44712  -33.056  -20.488  2.558 0.3000000119
48283  -32.633  -15.860  5.607 0.3000000119
117784  -32.515  -20.608  1.986 0.3000000119
48304  -31.212  -15.905  4.832 0.3000000119
45585  -33.010  -19.906  1.139 0.3000000119
44744  -32.323  -20.171  0.803 0.3000000119
46383  -32.335  -19.292  -0.272 0.3000000119
126987  -31.082  -18.530  -1.241 0.3000000119
127033  -35.445  -19.986  6.024 0.3000000119
47236  -34.235  -17.755  7.537 0.3000000119
47257  -35.264  -17.904  6.482 0.3000000119
45545  -35.546  -19.103  5.547 0.3000000119
123738  -34.869  -20.551  5.333 0.3000000119
47235  -33.212  -17.577  7.435 0.3000000119
46343  -35.597  -18.299  5.169 0.3000000119
44680  -34.557  -20.325  4.454 0.3000000119
47254  -32.950  -17.043  6.836 0.3000000119
47255  -33.999  -17.082  7.053 0.3000000119
47256  -34.717  -17.451  6.842 0.3000000119
48264  -32.775  -16.492  6.282 0.3000000119
49286  -33.803  -15.463  5.522 0.3000000119
49305  -33.987  -14.921  5.027 0.3000000119
45587  -34.240  -19.278  1.658 0.3000000119
45586  -33.562  -19.747  1.570 0.3000000119
126662  -32.915  -15.043  4.956 0.3000000119
45602  -33.598  -19.361  0.830 0.3000000119
45601  -32.742  -19.606  0.419 0.3000000119
46384  -33.151  -19.069  -0.026 0.3000000119
128693  -31.793  -18.916  -0.790 0.3000000119
47342  -31.124  -17.745  -1.813 0.3000000119
46332  -35.360  -18.598  6.661 0.3000000119
45556  -35.512  -18.945  4.655 0.3000000119
45555  -34.930  -19.600  3.962 0.3000000119
48285  -34.471  -16.673  6.379 0.3000000119
48286  -35.321  -16.887  5.454 0.3000000119
47272  -35.438  -17.671  5.693 0.3000000119
138683  -34.250  -20.219  3.735 0.3000000119
134896  -34.555  -16.047  5.740 0.3000000119
49287  -35.117  -16.186  5.306 0.3000000119
133886  -34.460  -19.401  2.483 0.3000000119
50450  -32.307  -14.143  3.538 0.3000000119
50434  -35.233  -15.230  4.371 0.3000000119
50431  -32.633  -14.518  4.229 0.3000000119
50432  -33.644  -14.457  4.529 0.3000000119
50433  -34.608  -14.719  4.540 0.3000000119
134100  -34.263  -18.908  0.912 0.3000000119
121207  -33.901  -18.744  0.255 0.3000000119
47331  -32.955  -18.092  -1.171 0.3000000119
47330  -32.008  -18.307  -1.262 0.3000000119
47343  -32.317  -17.570  -1.701 0.3000000119
45572  -35.351  -18.833  3.833 0.3000000119
47279  -35.559  -17.396  4.771 0.3000000119
47291  -35.634  -17.467  3.790 0.3000000119
138749  -35.398  -18.296  3.172 0.3000000119
48305  -35.419  -16.517  4.749 0.3000000119
117054  -35.612  -16.802  4.174 0.3000000119
138287  -35.372  -18.082  2.385 0.3000000119
50451  -33.278  -13.902  3.957 0.3000000119
118947  -35.570  -16.002  4.052 0.3000000119
46385  -34.765  -18.543  1.337 0.3000000119
50452  -34.391  -14.012  4.111 0.3000000119
50453  -35.151  -14.463  3.982 0.3000000119
49326  -35.500  -15.165  3.618 0.3000000119
126929  -35.667  -16.732  3.382 0.3000000119
130275  -34.554  -18.352  0.554 0.3000000119
46397  -33.456  -18.442  -0.469 0.3000000119
47332  -33.794  -17.778  -0.908 0.3000000119
49398  -29.742  -15.502  -3.561 0.3000000119
49382  -32.100  -16.187  -2.576 0.3000000119
116737  -35.546  -17.509  2.820 0.3000000119
51591  -32.907  -13.496  3.314 0.3000000119
47303  -35.477  -17.624  2.115 0.3000000119
46370  -35.252  -18.080  1.739 0.3000000119
51592  -34.078  -13.354  3.533 0.3000000119
51593  -34.960  -13.787  3.508 0.3000000119
50473  -35.411  -14.424  3.195 0.3000000119
118924  -35.679  -15.904  2.200 0.3000000119
47311  -35.530  -17.001  1.055 0.3000000119
47320  -34.797  -17.785  0.149 0.3000000119
134349  -35.220  -17.049  0.107 0.3000000119
46398  -34.242  -18.146  -0.212 0.3000000119
48372  -34.312  -16.217  -1.384 0.3000000119
47345  -34.132  -17.004  -1.242 0.3000000119
49383  -33.068  -16.001  -2.274 0.3000000119
48371  -33.571  -16.515  -1.741 0.3000000119
48370  -32.733  -16.812  -2.109 0.3000000119
49400  -32.456  -15.213  -2.732 0.3000000119
139764  -34.271  -12.953  3.135 0.3000000119
51604  -34.777  -13.209  2.987 0.3000000119
50492  -35.540  -14.503  2.241 0.3000000119
49354  -35.623  -15.344  1.739 0.3000000119
48341  -35.614  -16.187  1.380 0.3000000119
50505  -35.564  -14.679  1.240 0.3000000119
48360  -35.381  -16.180  -0.184 0.3000000119
49385  -34.547  -15.504  -1.367 0.3000000119
133429  -34.760  -15.969  -1.119 0.3000000119
48359  -34.840  -16.506  -0.772 0.3000000119
127938  -33.379  -15.257  -2.230 0.3000000119
49384  -33.830  -15.706  -1.802 0.3000000119
49399  -31.256  -15.485  -3.187 0.3000000119
49424  -28.730  -14.653  -5.073 0.3000000119
50541  -30.138  -14.739  -3.962 0.3000000119
48412  -28.482  -14.978  -5.061 0.3000000119
52757  -34.453  -12.661  2.766 0.3000000119
51605  -35.296  -13.730  2.701 0.3000000119
130578  -35.519  -14.013  0.711 0.3000000119
49376  -35.523  -15.501  -0.089 0.3000000119
50529  -34.955  -14.752  -1.183 0.3000000119
49375  -35.143  -15.614  -0.798 0.3000000119
50555  -29.351  -14.191  -4.836 0.3000000119
50568  -29.477  -14.121  -5.244 0.3000000119
51624  -35.173  -12.948  2.193 0.3000000119
25392  -16.563  -40.606  22.349 0.3000000119
24456  -19.440  -41.641  23.375 0.4000000060
126278  -20.061  -43.121  23.846 0.4000000060
24474  -18.162  -40.936  22.785 0.4000000060
27112  -18.526  -38.269  21.751 0.4000000060
26290  -18.147  -39.055  21.904 0.4000000060
39630  -33.634  -25.550  13.803 0.3000000119
41726  -34.768  -23.576  9.762 0.3000000119
43655  -35.094  -21.754  9.293 0.3000000119
43721  -30.691  -21.877  3.030 0.4000000060
46316  -30.327  -18.492  7.213 0.3000000119
133481  -28.927  -17.416  5.673 0.3000000119
48280  -29.290  -16.895  5.271 0.3000000119
48302  -29.689  -16.355  4.722 0.3000000119
42645  -35.224  -21.983  7.648 0.3000000119
24473  -16.684  -41.273  22.766 0.4000000060
24454  -17.512  -41.597  23.113 0.4000000060
23501  -18.102  -42.407  23.584 0.4000000060
26288  -16.247  -39.209  21.389 0.3000000119
123960  -17.537  -39.142  21.718 0.4000000060
45522  -33.910  -19.293  8.906 0.3000000119
43688  -33.638  -21.661  5.078 0.3000000119
46298  -32.709  -18.688  8.364 0.3000000119
46320  -34.400  -18.477  8.034 0.3000000119
49303  -30.069  -15.812  4.243 0.3000000119
45539  -35.489  -19.207  6.366 0.3000000119
46331  -34.994  -18.310  7.291 0.3000000119
46321  -35.345  -19.142  7.140 0.3000000119
44713  -33.773  -19.936  2.357 0.3000000119
44699  -34.310  -19.805  3.137 0.3000000119
48284  -33.707  -16.079  6.121 0.3000000119
46334  -35.498  -18.474  5.986 0.3000000119
44681  -35.287  -19.719  5.025 0.3000000119
47271  -35.117  -17.125  6.185 0.3000000119
50430  -31.773  -14.709  3.863 0.3000000119
139472  -34.990  -16.543  5.865 0.3000000119
45571  -34.965  -19.152  3.097 0.3000000119
48315  -35.693  -15.944  3.061 0.3000000119
47344  -33.290  -17.324  -1.535 0.3000000119
49340  -35.629  -15.185  2.724 0.3000000119
127525  -35.470  -13.802  1.735 0.3000000119
49367  -35.585  -15.555  0.743 0.3000000119
50542  -31.377  -14.587  -3.496 0.3000000119
50518  -35.418  -14.794  -0.491 0.3000000119
129641  -35.290  -13.908  -0.763 0.3000000119
126290  -23.758  -35.564  9.378 0.4000000060
23560  -12.327  -41.649  17.354 0.3000000119
138805  -12.882  -41.122  15.838 0.3000000119
119851  -13.843  -41.203  15.663 0.3000000119
27132  -16.511  -38.517  21.106 0.3000000119
27133  -17.116  -38.162  21.162 0.3000000119
27965  -17.245  -37.405  20.833 0.3000000119
22558  -18.417  -44.020  24.357 0.3000000119
23500  -17.159  -42.388  23.591 0.3000000119
22569  -18.679  -43.240  23.988 0.3000000119
21579  -19.862  -44.982  23.954 0.3000000119
22559  -19.327  -44.147  24.215 0.3000000119
22568  -17.752  -43.157  24.042 0.3000000119
28993  -24.082  -36.349  9.386 0.3000000119
20710  -21.116  -45.443  18.417 0.4000000060
20745  -26.558  -45.272  16.241 0.6000000238
20751  -26.271  -45.517  15.518 0.5000000000
21587  -20.609  -44.607  23.500 0.5000000000
21595  -20.930  -44.870  22.817 0.5000000000
21654  -19.588  -44.296  19.875 0.6000000238
21670  -17.037  -44.276  18.930 0.5000000000
21673  -23.987  -44.578  18.486 0.5000000000
21675  -25.595  -45.000  18.038 0.6000000238
21684  -19.182  -44.451  17.121 0.4000000060
21686  -21.391  -44.307  17.720 0.5000000000
22588  -22.665  -43.364  21.462 0.5000000000
22640  -25.119  -43.791  18.128 0.5000000000
22648  -14.330  -42.966  17.431 0.5000000000
22683  -16.728  -42.488  15.787 0.4000000060
22695  -26.765  -43.791  15.247 0.6000000238
23504  -22.047  -42.327  23.523 0.6000000238
23518  -23.719  -42.145  21.513 0.6000000238
23530  -23.415  -42.518  20.405 0.6000000238
23548  -22.356  -42.347  19.423 0.6000000238
23575  -12.657  -41.317  16.300 0.3000000119
23585  -26.282  -42.397  17.610 0.6000000238
23587  -27.239  -42.407  16.884 0.6000000238
23595  -12.365  -41.308  15.986 0.4000000060
23596  -13.263  -41.191  15.841 0.3000000119
23612  -27.314  -42.127  15.746 0.6000000238
23648  -19.985  -42.711  12.407 0.6999999881
24460  -23.423  -41.350  23.101 0.6000000238
24476  -23.705  -41.835  22.339 0.6000000238
24493  -24.245  -41.598  20.169 0.6000000238
24500  -22.654  -41.559  19.192 0.6000000238
24510  -18.295  -41.140  17.901 0.6000000238
24531  -25.174  -41.544  17.760 0.6000000238
24534  -27.214  -41.666  17.021 0.6999999881
24546  -13.289  -41.220  15.767 0.4000000060
24547  -14.550  -41.111  15.700 0.5000000000
24548  -14.761  -40.760  15.932 0.5000000000
24567  -15.401  -40.743  15.649 0.5000000000
24569  -16.780  -39.985  15.402 0.5000000000
24600  -20.423  -41.508  12.552 0.6999999881
24604  -25.259  -41.437  13.276 0.6999999881
25397  -24.499  -40.781  22.503 0.8000000119
25399  -25.334  -40.061  21.791 0.8000000119
25417  -25.329  -40.296  21.111 0.6000000238
25434  -23.693  -40.698  19.311 0.6000000238
25452  -18.629  -38.883  17.243 0.6000000238
25457  -24.727  -40.311  17.586 0.6000000238
25474  -27.397  -41.018  16.586 0.6999999881
25486  -16.836  -39.737  15.529 0.4000000060
25487  -17.243  -39.016  15.587 0.4000000060
25523  -23.157  -40.680  12.549 0.6999999881
26289  -17.711  -39.631  22.023 0.4000000060
26292  -26.142  -39.108  20.948 0.8000000119
26308  -26.156  -38.946  20.217 0.8000000119
26316  -25.268  -39.527  19.640 0.6999999881
26355  -17.483  -38.592  15.688 0.5000000000
26356  -27.597  -39.587  15.919 0.6999999881
26389  -19.450  -39.841  12.073 0.6999999881
27204  -20.458  -38.911  12.323 0.6999999881
27208  -24.573  -38.973  12.603 0.6999999881
27932  -25.375  -37.897  23.084 0.6999999881
27933  -27.179  -36.745  22.250 0.6999999881
27978  -27.189  -37.294  19.607 0.8000000119
28026  -27.679  -37.301  15.180 0.8999999762
28036  -23.044  -37.474  12.425 0.6999999881
28038  -26.762  -37.374  13.400 0.6999999881
28070  -19.092  -37.698  11.815 0.6999999881
28081  -18.831  -36.979  11.492 0.6999999881
28085  -23.344  -37.441  10.122 0.5000000000
28802  -22.225  -36.683  23.325 0.5000000000
28817  -25.194  -36.236  23.353 0.6999999881
28878  -23.086  -35.561  17.958 0.8000000119
28926  -19.027  -36.221  12.391 0.8000000119
28930  -27.200  -36.621  13.650 0.8000000119
28947  -18.469  -36.724  11.964 0.8000000119
28952  -25.540  -36.837  12.543 0.6999999881
28976  -18.357  -36.447  11.390 0.6999999881
28978  -20.278  -36.616  10.731 0.5000000000
29821  -19.455  -35.364  21.277 0.3000000119
29824  -28.195  -35.109  21.838 0.6999999881
29863  -23.248  -35.438  17.986 0.8000000119
29891  -25.903  -34.122  17.128 0.8000000119
29920  -18.956  -34.729  12.417 0.8000000119
29924  -26.192  -34.856  12.694 0.8999999762
29940  -18.173  -35.497  11.678 0.8000000119
29942  -22.814  -35.485  12.182 0.8000000119
29971  -18.685  -35.941  11.007 0.8000000119
30790  -26.016  -34.641  23.179 0.6999999881
30855  -29.582  -34.281  18.698 0.6999999881
30918  -20.818  -34.296  12.386 0.8000000119
30934  -18.300  -34.600  11.784 0.8000000119
30953  -18.220  -35.807  11.340 0.8000000119
30984  -24.393  -33.883  9.425 0.4000000060
31926  -19.583  -33.311  12.362 0.8000000119
31945  -18.445  -34.357  12.034 0.8000000119
31979  -20.323  -33.610  10.329 0.6999999881
32886  -29.334  -32.601  21.114 0.6999999881
32928  -31.332  -32.102  17.687 0.6999999881
32962  -20.509  -32.768  12.431 0.8000000119
32974  -20.949  -32.050  12.524 1.0000000000
33006  -18.805  -32.535  11.330 0.8000000119
33853  -26.506  -31.225  22.321 0.5000000000
33902  -31.594  -31.472  18.042 0.6999999881
33944  -27.237  -31.343  14.970 0.6999999881
33954  -19.585  -31.693  12.173 0.8000000119
33955  -20.368  -31.661  12.407 0.8999999762
33956  -25.099  -30.938  13.897 0.8000000119
33957  -25.768  -30.945  14.182 0.8000000119
33962  -19.097  -31.732  11.594 0.8999999762
33976  -18.930  -32.094  11.328 0.8000000119
33988  -18.554  -31.258  11.057 0.8000000119
34003  -18.459  -30.887  10.790 0.8999999762
34871  -26.380  -29.629  21.375 0.3000000119
34873  -28.625  -30.389  21.376 0.6000000238
34888  -31.210  -30.569  19.164 0.6999999881
34918  -32.089  -30.758  17.019 0.6999999881
34951  -30.741  -30.708  14.155 0.6999999881
34958  -26.156  -30.803  14.073 0.6999999881
34961  -29.531  -30.663  13.411 0.6999999881
34977  -28.230  -30.615  12.772 0.6999999881
34985  -21.849  -30.505  12.015 0.8000000119
35016  -21.078  -29.893  8.878 0.6999999881
35879  -30.096  -29.990  20.193 0.6000000238
35939  -32.183  -29.736  13.257 0.6999999881
35940  -32.649  -29.448  13.782 0.6999999881
35947  -20.018  -30.015  11.792 1.0000000000
35955  -18.155  -30.059  11.063 0.8999999762
35956  -19.396  -29.321  11.444 0.8999999762
35964  -31.733  -29.079  11.684 0.6999999881
35965  -32.476  -28.809  11.975 0.6000000238
35969  -17.897  -29.911  10.613 0.8999999762
35976  -27.361  -29.397  10.178 0.8000000119
35979  -30.529  -29.168  10.957 0.6999999881
35985  -24.037  -29.190  9.880 0.8000000119
35989  -27.983  -29.066  9.853 0.8000000119
36004  -23.860  -29.613  7.391 0.6999999881
36800  -30.251  -28.684  19.438 0.4000000060
36820  -32.448  -28.649  17.487 0.5000000000
36864  -18.461  -29.434  11.217 0.8999999762
36882  -23.243  -29.026  9.924 0.8000000119
36883  -28.685  -28.832  9.776 0.8000000119
36910  -26.830  -28.415  8.788 0.8000000119
36920  -19.821  -27.165  7.183 0.8000000119
36922  -22.387  -28.582  7.121 0.6000000238
37695  -32.063  -28.194  17.787 0.5000000000
37715  -33.222  -27.272  15.988 0.5000000000
37741  -33.580  -27.484  14.829 0.4000000060
37765  -17.574  -27.245  10.019 0.8000000119
37766  -18.124  -27.071  10.177 0.8000000119
37775  -17.384  -27.578  9.522 0.8000000119
37777  -20.810  -27.205  9.367 0.8000000119
37794  -26.559  -27.648  7.908 0.8000000119
38582  -31.162  -27.401  17.916 0.3000000119
38599  -27.941  -26.657  17.390 0.3000000119
38603  -32.331  -27.285  16.955 0.4000000060
38670  -34.200  -26.535  12.132 0.5000000000
38671  -34.283  -25.806  12.359 0.4000000060
38695  -32.987  -26.739  9.206 0.6000000238
38707  -18.020  -25.948  9.044 0.8000000119
38710  -21.773  -26.376  8.336 0.8000000119
38723  -25.490  -26.755  7.167 0.8000000119
38727  -29.708  -26.692  7.176 0.6999999881
38738  -19.327  -25.328  6.847 0.8000000119
38739  -19.922  -26.008  6.461 0.8000000119
38759  -23.722  -26.273  5.019 0.5000000000
39591  -31.768  -25.761  15.528 0.3000000119
39670  -23.100  -26.262  7.627 0.8000000119
39685  -27.570  -26.043  6.461 0.8000000119
39703  -31.862  -25.162  6.672 0.6000000238
39712  -19.823  -24.572  6.198 0.8000000119
39726  -25.920  -25.896  4.356 0.6000000238
39735  -25.607  -25.071  3.908 0.5000000000
40668  -34.276  -24.500  12.042 0.4000000060
40697  -19.771  -24.389  7.686 0.8000000119
40716  -21.527  -23.727  6.567 0.8000000119
40720  -26.750  -24.876  5.828 0.8000000119
40726  -33.110  -24.215  6.740 0.5000000000
41700  -31.181  -22.798  11.718 0.3000000119
41715  -26.580  -23.403  10.817 0.3000000119
41740  -20.783  -23.721  6.754 0.8000000119
41748  -20.725  -23.221  6.330 0.8000000119
41781  -21.111  -22.561  4.903 0.6999999881
41788  -30.863  -23.387  4.626 0.5000000000
42577  -32.071  -22.807  11.961 0.4000000060
42592  -30.546  -22.775  11.374 0.3000000119
42596  -34.390  -23.159  11.085 0.4000000060
42631  -34.937  -22.645  9.512 0.3000000119
42663  -21.296  -22.000  5.214 0.6999999881
42664  -22.489  -21.996  5.219 0.6999999881
42675  -21.271  -21.858  4.832 0.6999999881
42677  -24.234  -21.686  4.306 0.6999999881
42698  -21.678  -21.274  3.579 0.6999999881
42699  -22.184  -21.728  3.041 0.6999999881
42703  -29.361  -22.490  3.463 0.5000000000
42716  -23.413  -21.088  1.983 0.5000000000
43639  -34.724  -22.046  10.109 0.3000000119
43716  -22.385  -20.047  3.165 0.6999999881
43731  -26.782  -21.123  2.346 0.6000000238
43734  -30.211  -21.524  2.321 0.4000000060
44697  -32.901  -20.792  3.128 0.3000000119
44721  -29.105  -20.572  1.075 0.5000000000
44725  -33.109  -20.204  1.828 0.3000000119
44761  -25.818  -18.651  -1.095 0.5000000000
45517  -28.820  -19.887  8.080 0.3000000119
45579  -34.962  -18.732  2.238 0.3000000119
45598  -29.959  -19.697  -0.065 0.4000000060
45600  -31.926  -19.807  0.135 0.3000000119
46300  -34.416  -19.063  8.475 0.3000000119
46357  -35.582  -18.189  4.255 0.3000000119
46386  -35.144  -17.791  0.911 0.3000000119
46396  -32.617  -18.689  -0.665 0.3000000119
46418  -27.140  -17.724  -2.551 0.5000000000
47250  -27.381  -17.836  6.032 0.3000000119
47333  -34.552  -17.406  -0.522 0.3000000119
47357  -27.799  -17.158  -3.058 0.4000000060
47387  -28.188  -16.197  -4.349 0.4000000060
48265  -33.626  -16.615  6.577 0.3000000119
48303  -30.476  -16.189  4.795 0.3000000119
48329  -35.637  -16.814  2.179 0.3000000119
48351  -35.505  -16.340  0.525 0.3000000119
48394  -28.200  -15.953  -4.308 0.4000000060
48413  -29.457  -15.024  -5.304 0.3000000119
49306  -34.710  -15.446  5.064 0.3000000119
49307  -35.272  -15.860  4.727 0.3000000119
49432  -29.062  -14.376  -5.179 0.3000000119
50519  -35.589  -14.800  0.302 0.3000000119
50576  -29.664  -13.847  -5.303 0.3000000119
116917  -32.848  -23.060  5.580 0.4000000060
117952  -32.942  -21.935  4.681 0.3000000119
118054  -24.213  -36.315  12.329 0.6999999881
118300  -24.545  -41.086  17.635 0.6000000238
119542  -30.187  -24.637  5.544 0.6000000238
120095  -23.055  -41.060  17.375 0.5000000000
120162  -22.962  -33.032  23.378 0.4000000060
120543  -30.078  -27.516  18.611 0.3000000119
122339  -26.706  -38.131  21.511 0.8000000119
122563  -26.694  -29.802  10.581 0.8000000119
123067  -24.031  -31.872  13.016 0.8000000119
123322  -18.165  -36.198  11.342 0.8000000119
123601  -19.546  -41.085  12.246 0.6999999881
123918  -18.536  -33.350  11.547 0.8000000119
125800  -19.668  -41.103  11.748 0.6000000238
126053  -30.420  -14.056  -4.338 0.3000000119
126488  -22.894  -38.981  23.503 0.6999999881
126813  -29.282  -17.120  -4.365 0.4000000060
127244  -20.853  -40.582  16.554 0.5000000000
127274  -20.006  -35.561  10.738 0.6000000238
127900  -30.003  -26.685  17.524 0.3000000119
128058  -17.650  -29.178  10.271 0.8999999762
128606  -21.223  -42.264  23.622 0.6000000238
128880  -34.100  -20.896  10.050 0.3000000119
128973  -17.551  -28.793  9.676 0.8000000119
129295  -28.965  -27.912  8.546 0.8000000119
129667  -29.090  -24.458  12.836 0.3000000119
130268  -21.278  -40.036  12.455 0.6999999881
130647  -23.550  -24.330  3.815 0.6999999881
130730  -35.528  -14.180  -0.087 0.3000000119
131084  -17.954  -29.508  10.732 0.8000000119
131403  -26.204  -33.229  24.005 0.5000000000
131668  -19.532  -40.130  16.102 0.5000000000
131687  -14.757  -41.115  15.638 0.5000000000
132110  -15.079  -41.998  16.746 0.5000000000
133003  -27.528  -33.380  15.300 0.8000000119
133029  -23.000  -35.908  17.868 0.8000000119
133848  -19.161  -24.982  8.104 0.8000000119
134457  -29.751  -32.541  16.289 0.6999999881
134632  -27.596  -18.580  -2.781 0.3000000119
134759  -22.318  -30.811  9.033 0.6999999881
135748  -27.005  -37.977  16.771 0.6999999881
136294  -25.434  -34.855  24.190 0.6000000238
136364  -19.361  -31.147  11.863 0.8000000119
136388  -27.606  -38.505  15.381 0.6999999881
136403  -24.570  -30.927  13.598 0.8000000119
136643  -30.576  -25.682  6.488 0.6999999881
137323  -25.768  -26.530  4.617 0.6000000238
137724  -32.606  -20.318  1.410 0.3000000119
138406  -32.493  -26.576  16.084 0.3000000119
138695  -21.905  -31.249  9.403 0.6999999881
138836  -28.848  -30.757  13.805 0.6999999881
138934  -24.158  -41.807  21.166 0.6000000238
139130  -26.387  -26.868  17.753 0.3000000119
139213  -35.436  -17.490  1.580 0.3000000119
139300  -22.795  -20.113  3.387 0.6999999881
139487  -17.332  -28.193  9.471 0.8000000119
139846  -32.353  -22.112  4.385 0.3000000119
139868  -32.106  -15.025  4.442 0.3000000119
139956  -24.464  -29.822  7.435 0.6000000238
140210  -31.627  -19.408  -0.391 0.3000000119
140464  -35.536  -15.918  0.210 0.3000000119
140649  -23.707  -28.742  9.531 0.8000000119
140690  -31.229  -21.101  1.913 0.5000000000
140786  -22.606  -43.368  20.764 0.5000000000
140819  -26.546  -28.012  8.342 0.8000000119
141339  -26.336  -28.522  20.265 0.3000000119
