#!ascii label  , from subject sub-v2s12x28899_ses-1 vox2ras=TkReg
1827
4271  9.923  -76.208  13.886 0.6999999881
4286  9.572  -76.322  12.883 0.8000000119
4272  8.319  -76.499  13.616 0.8000000119
4288  7.835  -77.014  13.089 0.6999999881
4299  10.931  -76.721  11.897 0.6000000238
118782  9.967  -76.247  11.950 0.6000000238
4287  8.635  -76.678  13.038 0.6000000238
3798  11.054  -77.122  11.071 0.6000000238
4795  8.736  -75.523  14.517 0.8000000119
4252  8.095  -76.081  14.132 0.6999999881
4810  7.248  -75.728  13.752 0.6999999881
4818  6.399  -75.664  13.011 0.6999999881
4284  11.342  -76.659  12.864 0.6000000238
4809  9.512  -75.668  14.563 0.6999999881
4274  6.799  -76.423  13.340 0.6999999881
3810  11.649  -77.658  10.686 0.6000000238
119181  12.197  -78.208  10.002 0.6000000238
3414  11.693  -77.938  9.109 0.6000000238
3437  12.997  -78.606  7.208 0.6000000238
3426  11.984  -78.059  8.274 0.6000000238
5389  8.060  -74.390  13.996 0.8000000119
6596  7.700  -73.200  13.008 0.8000000119
5997  7.041  -73.521  12.737 0.6999999881
6609  6.375  -72.983  12.417 0.6999999881
6011  5.052  -72.879  11.511 0.6999999881
5967  8.833  -74.663  14.602 0.8000000119
138841  7.195  -74.527  13.310 0.6999999881
5999  5.957  -73.336  12.317 0.6999999881
124261  9.326  -75.096  14.878 0.6999999881
5377  8.032  -75.293  14.268 0.8000000119
5404  6.426  -74.655  12.713 0.6999999881
134223  10.351  -75.674  14.492 0.6999999881
3782  11.903  -77.306  12.318 0.6999999881
3390  13.095  -78.483  11.389 0.6000000238
3796  12.461  -77.946  11.780 0.6000000238
3425  12.722  -78.464  8.041 0.6000000238
3413  12.480  -78.408  8.988 0.6000000238
3063  13.281  -78.949  6.406 0.6000000238
2703  13.043  -80.671  3.954 0.6999999881
3083  12.664  -79.488  4.335 0.6000000238
1946  12.425  -82.254  3.565 0.5000000000
2333  12.882  -81.561  3.514 0.6000000238
1616  12.062  -82.463  3.763 0.5000000000
6607  7.987  -72.427  12.640 0.8999999762
6608  7.129  -72.737  12.435 0.8000000119
6623  6.271  -72.117  12.203 0.6999999881
5982  8.666  -73.731  14.065 0.6999999881
6595  8.550  -72.862  13.394 0.8999999762
6624  5.226  -72.062  11.748 0.6999999881
117055  10.036  -75.129  15.018 0.8000000119
5376  9.748  -74.507  14.940 0.8000000119
4794  10.965  -75.162  14.842 0.8000000119
4269  12.775  -76.635  13.855 0.6999999881
117981  10.923  -76.186  13.499 0.6999999881
4283  12.283  -77.062  13.174 0.8000000119
3795  13.390  -78.239  12.206 0.8000000119
3399  13.565  -78.922  10.844 0.6999999881
3412  13.171  -78.826  9.809 0.6999999881
3424  13.350  -78.824  7.834 0.6000000238
3062  13.430  -79.467  5.818 0.6999999881
2329  13.262  -81.580  4.300 0.6999999881
6606  8.797  -71.949  12.911 0.8999999762
6622  7.378  -72.000  12.000 0.8000000119
7229  5.714  -71.449  11.790 0.6999999881
6579  9.906  -72.840  14.421 0.8000000119
5981  9.178  -73.047  14.061 0.8000000119
5965  10.303  -73.603  14.932 0.6999999881
4249  13.347  -76.004  14.298 0.6999999881
118980  11.926  -75.318  14.816 0.6000000238
4250  12.349  -75.994  14.353 0.8000000119
3766  13.221  -77.252  13.359 0.8000000119
3389  13.922  -78.716  11.687 0.8000000119
3021  14.104  -79.329  10.244 0.6999999881
3029  13.939  -79.321  9.194 0.8000000119
3037  14.503  -79.846  8.697 0.8000000119
2312  14.157  -81.227  5.814 0.6999999881
2687  14.198  -80.369  6.350 0.6999999881
3038  13.891  -79.251  8.196 0.6999999881
120815  13.344  -82.113  4.559 0.6999999881
2695  13.586  -80.867  4.989 0.6999999881
7748  4.422  -70.445  14.881 0.6000000238
7747  5.204  -70.298  15.152 0.6000000238
7723  5.034  -70.897  18.007 0.6000000238
8355  4.682  -70.017  18.814 0.6999999881
7228  6.577  -71.429  11.724 0.6999999881
5964  11.289  -73.333  15.175 0.6000000238
122007  13.374  -74.699  14.762 0.6000000238
5361  12.546  -73.642  15.274 0.6000000238
4268  13.718  -76.623  13.801 0.6999999881
3778  15.250  -77.386  12.268 0.6999999881
4267  14.523  -76.445  13.318 0.6999999881
9030  4.386  -67.604  7.347 0.6999999881
9656  3.592  -67.036  8.264 0.6999999881
3377  15.098  -78.127  12.207 0.8000000119
3780  13.708  -77.766  12.858 0.8000000119
9048  4.676  -68.043  6.668 0.6000000238
9674  3.974  -66.761  7.747 0.6000000238
9675  3.133  -66.229  8.276 0.6999999881
3388  14.763  -78.722  11.748 0.6999999881
134344  3.238  -65.771  8.315 0.5000000000
10925  2.170  -64.889  9.021 0.6999999881
3028  14.835  -79.855  9.712 0.8000000119
3020  14.900  -79.541  10.553 0.8000000119
10335  3.821  -66.332  7.896 0.5000000000
10940  3.938  -65.581  8.293 0.5000000000
2686  14.456  -81.117  6.877 0.6999999881
10923  4.759  -65.290  9.039 0.5000000000
10905  5.378  -65.437  9.947 0.6000000238
10906  4.514  -65.242  9.752 0.5000000000
10276  3.299  -66.058  11.083 0.6000000238
9620  2.888  -66.947  11.712 0.6999999881
8966  3.226  -68.383  12.773 0.6999999881
10275  4.412  -66.144  11.104 0.5000000000
9619  3.947  -66.924  11.716 0.6000000238
9597  3.512  -67.638  12.288 0.6000000238
8396  4.783  -69.833  14.456 0.6000000238
10292  4.906  -65.658  10.470 0.6000000238
9596  4.350  -67.501  12.257 0.6000000238
8955  4.917  -68.586  13.258 0.6000000238
10274  5.455  -66.207  11.249 0.5000000000
9618  4.989  -66.954  11.889 0.5000000000
8395  5.704  -69.787  14.656 0.6000000238
7730  5.857  -70.737  16.934 0.6000000238
8354  5.521  -69.589  18.538 0.6999999881
9531  4.493  -67.052  17.687 0.6000000238
9522  4.002  -67.248  18.286 0.6999999881
8964  5.015  -67.768  12.578 0.6000000238
8950  6.346  -69.205  14.228 0.6000000238
7737  6.387  -70.443  16.184 0.6000000238
7721  6.397  -70.367  17.497 0.6999999881
9520  5.134  -67.548  17.926 0.5000000000
7227  7.348  -71.512  11.297 0.8999999762
6578  10.848  -72.602  14.814 0.6000000238
6594  9.456  -72.198  13.677 0.6999999881
7242  6.954  -70.981  10.822 0.8000000119
136310  4.783  -70.325  10.952 0.6999999881
7823  5.797  -69.682  10.104 0.6999999881
136723  6.305  -70.219  9.151 0.8000000119
4792  13.736  -75.272  14.405 0.6999999881
8461  5.165  -69.105  7.812 0.8000000119
9013  4.612  -68.305  8.130 0.6000000238
9047  4.890  -68.650  6.758 0.6999999881
132079  5.044  -68.656  6.519 0.6000000238
135985  16.178  -79.490  10.582 0.8000000119
3386  16.198  -78.471  11.167 0.8000000119
3026  16.732  -79.657  9.997 0.8000000119
131052  4.758  -67.646  6.786 0.5000000000
2672  15.296  -80.543  9.082 0.8000000119
10334  4.497  -66.350  7.734 0.5000000000
10333  5.681  -66.401  8.032 0.5000000000
10922  5.808  -65.599  9.309 0.6000000238
10939  5.111  -65.767  8.405 0.6000000238
10904  6.327  -65.659  10.097 0.6000000238
10892  5.908  -65.818  10.663 0.6000000238
10844  4.003  -65.512  16.562 0.5000000000
130628  5.647  -67.317  12.393 0.5000000000
132629  4.712  -66.567  17.337 0.5000000000
10190  4.117  -66.419  17.257 0.6000000238
8954  6.562  -68.428  13.659 0.6000000238
8385  6.885  -70.009  15.553 0.6999999881
7720  7.142  -70.140  17.178 0.6999999881
8917  6.014  -68.853  18.387 0.6999999881
9576  6.823  -67.615  13.202 0.6000000238
8353  6.499  -69.485  18.249 0.6000000238
129203  7.077  -68.776  14.209 0.6999999881
8384  7.613  -69.671  15.816 0.6000000238
8367  7.685  -69.641  17.464 0.5000000000
7213  8.363  -71.812  12.139 0.6999999881
7226  8.081  -71.559  11.251 0.6999999881
7259  7.388  -71.135  9.559 0.8000000119
7822  6.831  -70.781  8.815 0.6999999881
7850  5.704  -69.956  7.246 0.6999999881
7835  6.314  -70.391  8.066 0.6999999881
12123  4.256  -63.411  15.293 0.5000000000
10310  7.998  -66.425  8.971 0.5000000000
10921  6.798  -65.803  9.557 0.6000000238
11487  3.190  -65.199  15.987 0.5000000000
10920  7.776  -66.066  9.767 0.5000000000
10291  8.509  -66.221  10.347 0.5000000000
10891  6.823  -65.758  10.838 0.6000000238
10256  5.948  -66.661  11.939 0.6000000238
122899  5.995  -68.007  18.235 0.5000000000
10272  7.260  -65.897  11.593 0.6000000238
9594  7.188  -66.775  12.802 0.6000000238
10254  7.650  -66.120  12.352 0.6000000238
7212  9.201  -71.205  12.401 0.6999999881
7240  8.272  -71.434  10.268 0.6999999881
129774  7.926  -71.437  9.677 0.6999999881
8949  7.714  -68.529  14.520 0.5000000000
10308  9.173  -66.772  10.085 0.5000000000
8366  8.426  -69.393  17.118 0.5000000000
10883  8.132  -65.904  11.741 0.5000000000
9575  7.608  -67.155  13.476 0.5000000000
8953  7.327  -68.063  13.848 0.5000000000
8943  8.055  -69.019  15.291 0.5000000000
8942  8.692  -68.579  15.781 0.5000000000
8925  9.306  -68.100  17.798 0.5000000000
10234  9.394  -66.391  13.713 0.5000000000
9551  9.077  -67.588  15.448 0.5000000000
8383  8.314  -69.312  16.228 0.5000000000
10252  9.149  -66.145  12.317 0.5000000000
9562  8.804  -66.954  14.596 0.5000000000
9563  8.033  -67.541  14.165 0.5000000000
10270  9.123  -66.269  11.480 0.5000000000
10235  8.762  -66.199  13.434 0.5000000000
9561  9.516  -66.886  15.207 0.5000000000
132380  1.617  -61.747  13.626 0.6000000238
12852  1.511  -62.577  14.108 0.6000000238
12851  2.569  -61.912  13.373 0.5000000000
14160  2.393  -60.467  13.168 0.6999999881
13475  0.999  -61.115  14.238 0.6000000238
12837  0.392  -61.875  14.951 0.6000000238
14128  0.064  -60.484  15.774 0.6999999881
14815  2.632  -59.743  14.198 0.6000000238
14126  1.842  -59.969  14.765 0.6999999881
14144  0.512  -60.725  14.997 0.6999999881
13462  0.074  -61.112  15.353 0.6999999881
14113  1.463  -60.030  16.169 0.8000000119
14813  3.862  -59.357  13.625 0.5000000000
14826  2.770  -59.916  13.424 0.5000000000
117863  1.850  -60.021  15.510 0.8000000119
14125  2.791  -59.852  15.133 0.6000000238
13434  2.981  -60.850  17.602 0.6999999881
15503  4.632  -59.021  13.442 0.5000000000
14824  4.089  -59.345  12.842 0.5000000000
136785  3.401  -60.835  17.121 0.6999999881
13435  1.953  -60.047  17.436 0.6999999881
14112  2.567  -60.174  16.018 0.6999999881
14124  3.881  -59.740  15.153 0.6999999881
13412  3.535  -61.425  18.401 0.6999999881
13433  3.986  -61.446  17.621 0.6999999881
14812  4.468  -59.332  14.393 0.6000000238
125931  3.498  -60.208  15.919 0.8000000119
138002  7.342  -58.973  22.422 0.6999999881
14027  8.819  -60.917  22.642 0.8000000119
15486  7.592  -58.133  15.426 0.4000000060
12773  4.732  -62.548  19.589 0.6999999881
15487  6.738  -58.667  15.336 0.5000000000
12786  4.447  -62.070  18.558 0.6999999881
14798  5.362  -59.290  15.025 0.6000000238
14785  5.339  -59.698  15.861 0.6000000238
116207  4.098  -60.704  16.723 0.6999999881
14111  4.454  -60.051  15.909 0.8000000119
14110  5.161  -60.317  16.599 0.8000000119
20516  4.929  -50.816  19.619 0.5000000000
125153  3.888  -51.349  19.118 0.5000000000
20518  3.249  -52.164  19.086 0.5000000000
17488  6.432  -56.314  20.937 0.5000000000
16798  7.181  -57.068  21.909 0.6000000238
17478  6.996  -56.033  21.793 0.6000000238
18152  6.053  -55.567  20.452 0.6000000238
18175  3.340  -55.657  18.498 0.6000000238
16095  6.754  -58.109  21.226 0.6999999881
16086  7.230  -58.119  21.921 0.6999999881
16087  6.541  -58.503  21.520 0.6999999881
12784  5.970  -62.598  19.210 0.6999999881
12770  7.274  -62.721  20.021 0.6999999881
13367  9.123  -62.021  21.783 0.8000000119
15474  7.253  -58.656  15.980 0.5000000000
12785  5.254  -62.530  18.944 0.6999999881
14797  6.073  -59.276  15.640 0.6000000238
13432  4.842  -61.678  17.882 0.8000000119
14078  5.713  -61.230  17.849 0.8000000119
14093  4.931  -61.077  17.285 0.8000000119
21370  5.831  -50.315  20.253 0.5000000000
21383  5.213  -49.639  19.160 0.6000000238
22240  5.121  -49.626  18.712 0.5000000000
21384  4.536  -50.431  18.865 0.6000000238
20532  3.957  -51.174  18.582 0.6000000238
19708  3.114  -52.434  18.583 0.6000000238
20550  3.542  -51.954  18.222 0.6000000238
19732  3.324  -52.958  17.992 0.5000000000
18151  6.829  -55.171  21.399 0.5000000000
17477  7.927  -55.882  22.580 0.6000000238
18163  5.236  -55.382  19.432 0.6000000238
137306  5.296  -56.469  19.761 0.6999999881
18189  3.078  -54.944  17.977 0.6000000238
16797  7.971  -57.019  22.715 0.6000000238
16807  6.473  -57.548  20.913 0.6999999881
16815  5.732  -57.074  20.270 0.8000000119
17495  4.349  -56.800  19.225 0.6999999881
16085  8.115  -58.032  22.715 0.6999999881
15410  8.246  -59.024  22.739 0.6999999881
130726  9.132  -59.715  22.784 0.6999999881
14719  8.447  -60.023  22.801 0.8000000119
13355  9.523  -61.145  22.112 0.8000000119
14783  7.372  -59.013  16.599 0.5000000000
14759  7.936  -59.878  18.106 0.6000000238
13394  6.746  -62.219  19.294 0.8000000119
13381  8.970  -62.167  20.983 0.8000000119
14109  6.117  -59.807  16.536 0.6000000238
14771  7.488  -59.534  17.339 0.6999999881
13409  7.124  -61.363  18.861 0.8000000119
14092  6.651  -60.150  17.362 0.6999999881
117282  6.654  -60.811  18.113 0.6999999881
118893  5.829  -60.504  17.238 0.8000000119
21369  5.910  -49.073  19.607 0.4000000060
21402  4.549  -50.550  18.390 0.5000000000
18974  3.882  -53.488  17.674 0.5000000000
127544  7.487  -54.500  21.437 0.5000000000
126790  5.480  -54.227  19.437 0.6000000238
18172  4.740  -54.657  18.569 0.6000000238
18953  3.951  -54.288  17.782 0.6000000238
18173  4.418  -55.732  18.464 0.6999999881
18174  3.760  -55.503  18.120 0.6999999881
16788  8.974  -57.264  23.300 0.6000000238
119138  9.410  -60.381  22.500 0.8000000119
14076  8.386  -60.274  18.876 0.6999999881
14059  8.050  -61.057  19.271 0.6999999881
13392  8.570  -61.604  20.105 0.8000000119
13366  9.551  -61.409  21.381 0.8000000119
14077  7.559  -60.585  18.494 0.6999999881
23112  6.145  -48.318  19.135 0.4000000060
22223  6.581  -48.699  20.107 0.4000000060
135037  7.174  -48.505  20.584 0.4000000060
22267  5.768  -49.010  18.501 0.5000000000
22239  5.615  -48.783  18.939 0.4000000060
23082  7.259  -48.633  21.524 0.5000000000
20570  4.568  -52.165  17.456 0.5000000000
19731  4.909  -53.437  17.786 0.5000000000
18952  4.378  -54.073  17.936 0.5000000000
19780  6.298  -52.260  16.880 0.5000000000
18187  4.145  -54.847  18.011 0.6999999881
15402  9.227  -58.214  23.214 0.6000000238
14033  9.909  -60.781  21.704 0.8000000119
14740  9.081  -59.831  19.287 0.6000000238
14057  9.640  -60.247  20.176 0.6000000238
14044  10.227  -60.120  21.516 0.6999999881
14026  10.046  -60.187  22.185 0.6999999881
14058  8.889  -60.722  19.707 0.6999999881
23075  7.481  -47.862  22.281 0.3000000119
23138  6.625  -48.179  18.704 0.4000000060
129657  6.415  -48.116  18.973 0.3000000119
127545  6.966  -48.177  19.638 0.4000000060
23081  7.831  -48.129  20.917 0.4000000060
22288  6.229  -49.541  17.708 0.4000000060
23948  8.155  -47.279  22.007 0.3000000119
21425  4.814  -51.138  17.656 0.4000000060
18951  6.157  -52.809  17.817 0.5000000000
20569  5.221  -51.921  17.221 0.4000000060
18950  7.020  -53.052  19.040 0.6000000238
120747  6.026  -50.363  17.276 0.4000000060
19753  6.605  -52.413  16.906 0.4000000060
20595  5.915  -51.981  16.845 0.5000000000
15409  9.555  -59.074  22.925 0.6999999881
14045  9.919  -60.714  21.040 0.6999999881
23963  8.418  -47.513  21.068 0.4000000060
23941  8.585  -46.645  21.848 0.3000000119
22266  6.414  -48.705  18.218 0.3000000119
21447  6.299  -51.156  16.699 0.4000000060
19779  7.100  -52.153  16.150 0.4000000060
20594  6.752  -51.851  16.308 0.4000000060
23111  7.074  -48.034  19.237 0.3000000119
23096  7.735  -47.942  19.998 0.3000000119
22287  6.985  -49.444  17.322 0.3000000119
121142  6.966  -51.288  16.181 0.3000000119
21423  6.812  -50.329  16.720 0.3000000119
20593  7.400  -51.845  15.561 0.3000000119
23962  8.480  -47.647  20.492 0.3000000119
24796  8.929  -46.922  21.142 0.3000000119
23095  8.008  -47.935  19.744 0.3000000119
23961  9.353  -47.223  20.590 0.3000000119
21422  7.537  -50.097  16.172 0.3000000119
21446  7.458  -50.978  15.758 0.3000000119
20610  7.958  -51.636  15.209 0.3000000119
23942  7.597  -46.924  22.882 0.3000000119
134418  7.891  -48.383  18.930 0.3000000119
23110  9.146  -48.316  19.640 0.3000000119
21421  8.662  -50.276  16.169 0.3000000119
10907  2.604  -64.849  9.682 0.6000000238
10294  2.508  -65.262  10.390 0.6999999881
10277  2.175  -66.043  11.116 0.6999999881
125887  2.510  -67.849  12.279 0.6999999881
19754  5.272  -52.791  17.441 0.4000000060
115947  4.604  -53.891  18.060 0.6000000238
24784  8.987  -46.073  21.609 0.3000000119
116146  9.102  -76.381  12.152 0.6999999881
123605  5.961  -75.067  12.203 0.6999999881
4270  11.797  -76.439  13.690 0.8000000119
132110  13.877  -79.634  6.408 0.6999999881
139531  11.561  -74.686  15.137 0.6000000238
7804  5.449  -69.990  10.891 0.6999999881
3015  15.224  -79.183  11.203 0.8000000119
2679  14.319  -80.071  7.041 0.6999999881
2678  14.680  -80.835  7.731 0.8000000119
121670  5.193  -68.478  18.469 0.6999999881
10293  3.642  -65.242  10.110 0.5000000000
8956  3.794  -68.826  13.250 0.6000000238
10846  3.021  -65.813  16.915 0.6000000238
8393  7.241  -69.374  14.869 0.6999999881
7836  5.753  -69.644  8.721 0.8000000119
9694  5.601  -67.549  6.920 0.5000000000
10352  5.032  -66.987  7.251 0.6000000238
10273  6.393  -66.096  11.406 0.6000000238
13410  6.097  -61.836  18.607 0.8000000119
2259  13.706  -80.689  13.408 0.4000000060
2644  14.124  -80.359  14.346 0.4000000060
1569  12.345  -82.697  10.530 0.3000000119
2268  12.413  -81.042  12.495 0.4000000060
2260  12.756  -80.566  13.324 0.4000000060
130559  13.185  -80.136  14.296 0.4000000060
1565  15.596  -83.703  11.140 0.4000000060
1906  16.053  -82.838  11.584 0.5000000000
1899  15.631  -81.996  12.040 0.5000000000
1566  14.604  -83.565  11.080 0.3000000119
1907  15.115  -82.744  11.492 0.4000000060
2266  14.165  -81.369  12.661 0.4000000060
1574  13.227  -83.989  10.515 0.3000000119
1901  13.668  -81.987  11.928 0.3000000119
2267  13.213  -81.322  12.574 0.3000000119
1575  12.594  -83.635  10.242 0.3000000119
1259  14.471  -84.528  9.896 0.4000000060
118633  15.818  -84.411  10.134 0.4000000060
1247  17.377  -83.965  10.885 0.5000000000
1009  14.692  -84.486  9.154 0.3000000119
1260  13.634  -84.486  10.004 0.3000000119
131685  11.800  -83.702  7.339 0.4000000060
115683  12.593  -84.390  8.194 0.3000000119
1295  11.612  -82.840  5.205 0.4000000060
115512  11.228  -83.451  6.167 0.4000000060
115768  11.047  -82.621  4.410 0.4000000060
1257  16.291  -84.255  9.881 0.4000000060
1268  15.868  -84.130  9.278 0.4000000060
128575  14.491  -84.399  8.795 0.4000000060
1276  14.930  -83.800  8.160 0.4000000060
1593  17.657  -82.855  8.178 0.5000000000
806  13.598  -84.459  8.377 0.4000000060
1280  14.185  -83.927  7.791 0.4000000060
114982  12.146  -83.830  7.492 0.4000000060
1033  12.699  -83.531  6.561 0.5000000000
1285  13.458  -83.600  7.085 0.4000000060
1609  12.477  -82.538  4.651 0.4000000060
2334  12.369  -81.825  3.081 0.4000000060
1927  18.117  -82.248  7.249 0.6000000238
1929  16.608  -82.696  7.739 0.6000000238
1599  14.889  -83.450  7.517 0.6000000238
1930  15.453  -83.130  7.501 0.6000000238
1931  14.445  -83.132  6.837 0.6000000238
2310  15.158  -82.814  7.226 0.6999999881
1603  13.269  -82.911  5.856 0.5000000000
1934  13.892  -82.754  5.900 0.6000000238
2299  14.967  -81.911  7.466 0.6999999881
2685  17.587  -80.605  5.386 0.6999999881
3047  17.634  -79.976  7.786 0.6999999881
125701  17.696  -81.159  6.027 0.6000000238
2677  17.481  -80.918  7.004 0.6999999881
135401  17.247  -79.053  9.525 0.6999999881
3411  16.951  -78.680  10.070 0.6999999881
3387  15.552  -78.607  11.587 0.6999999881
2284  16.221  -81.599  8.397 0.6999999881
2664  16.898  -80.340  9.352 0.6999999881
2670  16.606  -80.985  8.992 0.6999999881
134785  17.231  -78.266  7.377 0.5000000000
3846  16.916  -77.522  7.597 0.6000000238
3036  17.547  -79.631  8.479 0.6999999881
3821  17.231  -78.280  9.308 0.6000000238
3822  16.795  -77.758  9.962 0.6999999881
4308  16.294  -77.025  10.185 0.6999999881
2669  17.297  -80.527  8.573 0.6999999881
3793  16.368  -77.704  10.836 0.6999999881
3794  15.782  -77.759  11.651 0.6000000238
3835  16.959  -77.501  9.056 0.6000000238
4335  15.730  -76.419  8.677 0.6000000238
3808  15.953  -76.985  11.040 0.6000000238
4322  15.189  -76.219  9.397 0.6000000238
124598  13.368  -73.750  14.920 0.5000000000
4819  5.758  -76.016  12.282 0.6000000238
4289  6.149  -76.660  12.785 0.6000000238
4297  15.462  -76.796  11.762 0.6000000238
4282  15.044  -76.555  12.487 0.6000000238
5387  14.310  -75.135  13.584 0.5000000000
5372  13.995  -74.515  14.247 0.5000000000
6025  4.629  -73.267  10.665 0.6000000238
6010  5.572  -73.486  11.841 0.6000000238
5429  5.294  -74.726  10.962 0.6000000238
122016  14.741  -75.970  10.134 0.6000000238
4817  14.653  -75.680  12.783 0.5000000000
138574  14.461  -75.741  13.424 0.5000000000
119725  3.333  -70.642  9.501 0.6000000238
7244  3.837  -70.905  10.304 0.6000000238
7260  3.998  -71.795  10.329 0.6000000238
6650  4.139  -72.708  10.112 0.6000000238
7243  4.445  -71.066  11.007 0.6000000238
6625  4.536  -72.171  11.082 0.6000000238
7204  10.014  -71.434  13.635 0.6000000238
4298  15.018  -75.967  11.858 0.6000000238
7806  3.681  -70.183  10.150 0.6000000238
119426  3.226  -68.458  9.543 0.6000000238
7805  4.229  -70.272  10.573 0.6000000238
8453  4.293  -68.767  9.885 0.6000000238
8439  4.655  -69.676  10.528 0.6000000238
9015  3.478  -67.855  9.306 0.5000000000
8438  5.118  -69.321  10.294 0.6000000238
8452  5.044  -68.808  9.442 0.5000000000
7276  3.013  -71.195  8.659 0.6999999881
7837  2.573  -70.173  8.644 0.6000000238
8440  3.745  -69.430  10.058 0.6000000238
140362  2.672  -67.759  9.326 0.6000000238
9657  2.723  -66.835  8.767 0.6000000238
8424  0.418  -69.014  10.664 0.6000000238
123933  3.077  -69.691  9.465 0.6000000238
131198  2.547  -68.742  9.311 0.6000000238
9658  1.182  -66.280  9.110 0.5000000000
9017  0.630  -67.317  9.294 0.6000000238
9623  0.333  -67.053  10.551 0.6000000238
132262  0.202  -68.116  10.423 0.6000000238
8423  1.107  -68.877  11.488 0.6000000238
8454  0.807  -68.252  8.875 0.6000000238
10311  1.594  -65.526  8.879 0.6000000238
9659  0.508  -66.595  9.527 0.6000000238
10313  0.359  -66.216  9.745 0.5000000000
10279  0.615  -66.361  10.726 0.6000000238
8982  0.937  -67.798  11.359 0.5000000000
8967  1.626  -68.359  11.956 0.5000000000
10295  1.537  -65.326  10.384 0.6000000238
10278  1.195  -66.112  10.980 0.6000000238
9598  1.693  -67.730  11.853 0.6000000238
134678  2.189  -68.478  12.400 0.6000000238
8406  3.050  -69.536  13.322 0.6999999881
7750  3.040  -70.972  13.840 0.6999999881
7193  3.276  -71.804  14.714 0.6999999881
6546  3.689  -72.032  16.453 0.6999999881
140032  2.680  -68.636  12.718 0.6999999881
8397  3.939  -69.975  14.216 0.6999999881
7759  3.337  -70.089  13.810 0.6999999881
7184  3.814  -71.627  15.442 0.6999999881
6576  12.801  -72.176  14.891 0.5000000000
6577  11.999  -72.380  15.181 0.5000000000
7756  11.873  -70.670  13.288 0.5000000000
7191  12.189  -71.538  14.642 0.5000000000
7202  11.592  -70.914  14.080 0.6000000238
7799  11.905  -70.476  11.121 0.6000000238
7779  12.073  -70.642  12.225 0.6000000238
7766  11.390  -70.455  12.679 0.6000000238
7758  10.109  -70.805  13.079 0.6000000238
7768  9.856  -70.563  12.082 0.6000000238
7819  11.224  -70.309  9.302 0.5000000000
7820  10.422  -70.365  9.689 0.6000000238
7239  8.849  -71.194  10.130 0.6000000238
7849  10.072  -71.007  7.472 0.6000000238
7272  9.052  -70.999  8.653 0.5000000000
7256  9.262  -70.860  9.624 0.6000000238
7257  8.428  -71.276  9.358 0.6000000238
7287  9.839  -71.330  6.220 0.5000000000
7273  8.321  -71.182  8.180 0.6000000238
7867  5.814  -69.905  6.547 0.5000000000
8477  6.976  -70.144  6.207 0.5000000000
7275  6.921  -70.869  7.801 0.6000000238
7274  7.608  -71.129  7.871 0.6000000238
1608  12.970  -82.488  5.043 0.6000000238
2311  14.445  -82.305  6.540 0.6999999881
7192  11.289  -71.641  14.582 0.5000000000
10296  0.691  -65.725  10.170 0.6000000238
8405  3.527  -69.473  13.578 0.6999999881
6593  10.351  -71.894  14.233 0.6000000238
7258  7.817  -71.286  8.874 0.6000000238
7290  7.244  -70.993  6.879 0.6000000238
1910  12.576  -82.252  11.229 0.3000000119
1568  12.915  -83.128  10.816 0.3000000119
1900  14.640  -82.006  11.987 0.4000000060
115783  12.265  -83.962  9.430 0.3000000119
1016  13.593  -84.530  8.776 0.4000000060
1023  12.627  -84.037  7.587 0.4000000060
1587  16.948  -83.452  8.716 0.4000000060
128474  13.706  -84.163  7.820 0.3000000119
1279  15.380  -83.643  8.100 0.5000000000
1598  15.947  -83.212  7.845 0.6000000238
1028  12.960  -83.829  7.207 0.5000000000
1602  13.830  -82.776  6.190 0.5000000000
1293  12.819  -82.806  5.506 0.5000000000
2297  16.611  -82.247  7.627 0.6000000238
3410  17.476  -78.930  8.793 0.6999999881
9016  1.965  -67.950  9.250 0.6000000238
6536  3.145  -72.195  17.000 0.6000000238
7800  11.054  -70.223  10.913 0.6000000238
125908  10.812  -70.659  7.783 0.5000000000
7781  10.448  -70.306  11.526 0.6000000238
133035  9.871  -70.472  9.938 0.6000000238
7833  10.462  -70.543  8.649 0.5000000000
7821  9.817  -70.621  9.196 0.6000000238
7848  10.729  -70.891  6.674 0.5000000000
7289  8.136  -71.335  7.043 0.5000000000
7304  8.014  -71.145  6.531 0.5000000000
899  4.346  -85.374  24.905 0.4000000060
1119  5.547  -84.735  24.342 0.4000000060
913  4.231  -85.416  23.278 0.5000000000
695  2.835  -85.971  26.655 0.5000000000
697  1.382  -86.621  26.980 0.5000000000
482  0.385  -87.614  26.980 0.5000000000
901  2.374  -85.996  24.942 0.5000000000
893  3.642  -85.646  25.967 0.5000000000
119967  6.289  -84.360  24.659 0.4000000060
1401  6.657  -83.749  24.115 0.4000000060
1122  5.866  -84.382  22.603 0.5000000000
1539  14.312  -83.599  14.678 0.3000000119
1228  14.099  -84.783  13.820 0.3000000119
1882  13.899  -82.766  15.269 0.3000000119
1871  13.519  -81.890  15.623 0.3000000119
694  4.037  -86.143  26.916 0.4000000060
691  2.166  -86.425  27.462 0.5000000000
682  1.366  -86.777  28.031 0.5000000000
892  4.615  -85.759  26.403 0.4000000060
133049  4.641  -85.485  25.684 0.4000000060
1115  6.593  -84.628  25.558 0.3000000119
890  6.530  -85.230  26.421 0.3000000119
1142  6.531  -84.527  21.712 0.4000000060
1392  7.654  -83.554  25.465 0.3000000119
1407  7.039  -83.109  23.631 0.4000000060
1408  6.473  -83.720  23.065 0.5000000000
1758  7.940  -82.804  25.158 0.3000000119
981  15.297  -85.195  14.392 0.3000000119
999  14.221  -86.310  13.030 0.3000000119
2236  14.010  -81.256  15.589 0.3000000119
2620  13.719  -80.536  15.308 0.3000000119
478  4.501  -86.805  27.809 0.3000000119
124306  3.366  -86.537  27.623 0.4000000060
693  6.148  -85.935  27.132 0.3000000119
1391  8.295  -83.082  25.928 0.3000000119
130308  7.371  -83.099  21.813 0.4000000060
1141  7.217  -84.155  21.577 0.4000000060
1768  7.607  -82.571  24.265 0.4000000060
1744  9.021  -82.736  26.326 0.3000000119
973  16.215  -85.069  15.324 0.4000000060
980  15.740  -85.245  14.819 0.4000000060
770  14.597  -85.843  15.693 0.4000000060
763  14.110  -86.353  16.516 0.4000000060
756  14.276  -86.285  17.482 0.4000000060
118233  14.194  -87.142  18.166 0.5000000000
1537  16.077  -84.126  14.723 0.3000000119
1538  15.214  -83.824  14.623 0.3000000119
1521  15.691  -82.968  15.183 0.3000000119
2619  14.610  -80.855  15.356 0.3000000119
2258  14.706  -80.740  13.545 0.3000000119
476  6.270  -87.017  28.402 0.3000000119
120082  8.570  -81.235  23.709 0.3000000119
1785  7.541  -82.429  22.234 0.3000000119
139766  8.667  -84.133  21.247 0.4000000060
936  9.809  -84.982  21.855 0.4000000060
1742  10.657  -82.762  26.783 0.3000000119
2121  9.139  -81.694  25.115 0.3000000119
1756  9.526  -82.140  25.874 0.3000000119
1767  8.273  -82.073  24.804 0.3000000119
721  14.335  -86.659  21.544 0.5000000000
722  13.801  -86.953  21.894 0.5000000000
1486  19.362  -82.987  18.296 0.3000000119
1501  17.521  -84.015  17.349 0.3000000119
1176  18.529  -84.512  16.962 0.3000000119
1178  16.687  -84.373  17.027 0.3000000119
968  15.813  -85.161  16.070 0.4000000060
951  15.545  -85.366  19.370 0.5000000000
130008  15.174  -86.771  20.010 0.5000000000
1177  17.816  -84.559  16.609 0.3000000119
1193  15.291  -84.935  16.742 0.4000000060
962  14.612  -85.397  17.162 0.4000000060
957  14.993  -85.436  18.571 0.5000000000
749  15.171  -86.255  19.296 0.5000000000
1520  16.609  -83.139  15.300 0.3000000119
129242  15.141  -82.112  15.469 0.3000000119
2634  15.252  -80.635  14.960 0.3000000119
2633  15.790  -80.751  14.384 0.3000000119
2257  15.624  -80.849  13.638 0.4000000060
1784  8.013  -81.827  21.863 0.3000000119
1475  9.434  -83.096  20.265 0.4000000060
1375  12.612  -83.663  26.558 0.3000000119
2120  10.064  -81.656  25.198 0.3000000119
2131  9.565  -81.262  24.296 0.3000000119
137972  9.625  -84.166  20.945 0.4000000060
1754  11.384  -82.596  26.176 0.3000000119
934  11.486  -85.361  21.459 0.4000000060
739  12.727  -85.963  21.460 0.5000000000
1137  13.667  -84.641  20.777 0.4000000060
126414  12.773  -85.489  20.896 0.5000000000
1466  21.873  -83.356  20.129 0.3000000119
121820  15.236  -86.082  21.697 0.5000000000
932  13.595  -85.618  21.276 0.5000000000
1836  18.896  -82.512  18.847 0.3000000119
930  16.372  -85.519  21.515 0.4000000060
1135  15.551  -84.877  21.879 0.5000000000
1498  19.978  -84.174  17.668 0.3000000119
1488  17.482  -82.938  18.426 0.4000000060
132808  16.762  -83.143  18.830 0.4000000060
929  16.610  -85.430  20.935 0.5000000000
736  15.612  -86.412  20.898 0.5000000000
1191  17.633  -84.553  16.308 0.3000000119
129976  15.699  -84.481  17.177 0.4000000060
1179  15.064  -84.758  17.705 0.5000000000
1166  15.470  -84.432  18.577 0.5000000000
125411  17.533  -83.160  15.521 0.3000000119
1867  17.874  -82.256  15.302 0.4000000060
2245  17.604  -81.618  14.717 0.3000000119
2234  16.366  -81.537  15.232 0.4000000060
2256  16.443  -81.016  13.884 0.4000000060
4370  9.792  -75.711  6.534 0.5000000000
2264  16.192  -81.460  12.850 0.3000000119
133106  14.796  -83.606  26.210 0.3000000119
127602  12.114  -82.548  25.432 0.3000000119
1826  9.785  -82.477  19.800 0.3000000119
1389  12.816  -83.089  25.937 0.3000000119
1473  11.132  -83.286  19.470 0.3000000119
133475  12.974  -84.422  20.236 0.5000000000
1436  14.297  -84.074  21.017 0.4000000060
1455  12.707  -83.743  19.772 0.3000000119
1450  22.342  -83.360  21.207 0.3000000119
129597  15.062  -84.064  21.537 0.5000000000
1834  20.271  -82.733  19.312 0.3000000119
1126  16.947  -84.369  22.180 0.4000000060
1418  15.831  -84.109  21.981 0.4000000060
1821  18.237  -82.553  18.997 0.4000000060
1469  17.474  -82.876  19.291 0.4000000060
1453  17.793  -83.692  20.415 0.4000000060
1133  17.107  -84.801  21.705 0.4000000060
1175  19.264  -84.527  16.878 0.3000000119
1189  19.669  -84.457  16.811 0.3000000119
1470  16.820  -83.712  19.641 0.4000000060
1148  16.679  -84.832  20.320 0.5000000000
1866  18.828  -82.667  15.381 0.3000000119
1880  19.393  -82.642  14.971 0.4000000060
2254  17.978  -81.687  14.091 0.4000000060
120486  10.301  -76.363  7.100 0.5000000000
1892  16.926  -81.493  13.270 0.4000000060
1890  18.503  -82.176  13.660 0.5000000000
4369  10.554  -76.267  6.064 0.5000000000
1752  13.540  -82.471  25.803 0.3000000119
6039  4.325  -73.668  9.646 0.5000000000
137392  14.177  -82.972  20.472 0.3000000119
134569  13.778  -82.618  19.974 0.3000000119
5430  4.905  -74.449  10.218 0.5000000000
6056  4.050  -73.809  8.652 0.6000000238
1428  24.194  -83.218  21.724 0.3000000119
117293  21.680  -82.881  22.088 0.3000000119
1448  24.512  -83.394  20.957 0.3000000119
1808  21.276  -83.234  21.473 0.3000000119
1451  19.535  -83.420  21.266 0.3000000119
1417  16.426  -83.683  22.152 0.4000000060
1800  15.242  -82.726  21.292 0.4000000060
3767  6.938  -77.194  12.999 0.5000000000
7305  1.640  -71.812  6.494 0.5000000000
1468  18.305  -82.933  19.886 0.3000000119
129974  18.477  -83.811  21.054 0.3000000119
1433  17.885  -84.095  21.517 0.3000000119
1797  18.145  -82.883  22.169 0.3000000119
3784  7.453  -77.365  12.522 0.5000000000
122599  21.000  -84.422  17.079 0.3000000119
1202  20.258  -84.295  16.563 0.3000000119
4312  8.764  -76.241  10.650 0.5000000000
134740  20.194  -83.689  15.888 0.3000000119
4324  9.210  -75.889  9.346 0.5000000000
130423  20.293  -83.274  15.086 0.4000000060
4337  9.887  -76.442  8.944 0.6000000238
1534  21.159  -83.750  14.606 0.4000000060
1549  19.715  -83.187  13.380 0.5000000000
3848  10.842  -77.099  7.615 0.5000000000
1556  20.150  -83.741  12.620 0.4000000060
1896  18.422  -82.677  12.697 0.3000000119
1898  16.962  -82.014  12.487 0.4000000060
3860  11.236  -77.002  6.099 0.6000000238
1571  21.304  -83.191  10.967 0.3000000119
1253  20.066  -83.702  11.231 0.4000000060
1246  18.840  -83.705  11.433 0.4000000060
1905  16.890  -82.782  11.757 0.3000000119
3467  12.174  -78.043  5.441 0.6000000238
3874  11.602  -77.329  5.356 0.5000000000
1911  21.210  -82.537  10.496 0.3000000119
1572  20.153  -83.428  10.589 0.5000000000
1255  18.707  -83.649  10.545 0.4000000060
1256  17.122  -83.929  10.351 0.4000000060
120571  11.818  -77.730  4.519 0.6000000238
2276  21.075  -82.098  9.708 0.3000000119
1579  20.227  -82.925  9.840 0.5000000000
1573  19.397  -83.360  10.156 0.4000000060
1266  17.710  -83.739  10.151 0.4000000060
1914  20.324  -82.272  8.900 0.4000000060
1585  19.425  -82.824  9.284 0.5000000000
1581  17.283  -83.613  9.445 0.4000000060
1586  18.585  -82.810  8.697 0.5000000000
6662  3.827  -72.975  9.182 0.6000000238
120555  3.410  -73.015  8.156 0.6000000238
1782  26.111  -82.797  23.213 0.3000000119
1793  23.813  -82.924  22.165 0.3000000119
123387  22.361  -83.001  22.038 0.3000000119
1794  20.424  -83.131  22.110 0.3000000119
6663  3.384  -72.176  8.839 0.6000000238
7291  2.713  -71.851  7.741 0.6000000238
1427  25.230  -83.131  21.786 0.3000000119
2162  20.253  -82.830  22.257 0.3000000119
2163  19.377  -82.445  22.174 0.3000000119
7292  1.734  -71.153  7.008 0.6000000238
1817  24.989  -82.646  19.600 0.3000000119
1431  19.335  -83.515  21.879 0.3000000119
1796  19.045  -82.995  22.249 0.3000000119
7852  -0.154  -70.148  7.718 0.6000000238
125726  20.859  -84.320  16.587 0.3000000119
7261  -0.411  -70.386  8.686 0.6000000238
123875  -0.315  -71.060  8.223 0.6000000238
126044  0.171  -71.635  9.254 0.6000000238
6639  0.689  -72.177  10.468 0.5000000000
1226  21.110  -84.088  12.925 0.4000000060
1245  20.069  -83.804  11.684 0.4000000060
1916  20.440  -81.614  8.267 0.4000000060
1917  19.518  -82.299  8.348 0.5000000000
2150  26.547  -82.152  23.839 0.3000000119
2151  25.945  -82.390  23.917 0.3000000119
1783  25.106  -82.743  23.010 0.3000000119
2161  23.034  -82.310  22.181 0.3000000119
119533  21.245  -83.059  22.213 0.3000000119
2181  21.094  -81.548  21.391 0.3000000119
2182  19.989  -81.381  21.272 0.3000000119
139943  3.761  -72.270  9.616 0.5000000000
1792  26.133  -82.861  22.770 0.3000000119
1447  25.091  -83.244  21.039 0.3000000119
7838  1.531  -69.817  7.888 0.5000000000
7277  2.151  -70.643  7.753 0.6000000238
2198  25.403  -82.542  20.780 0.3000000119
2164  18.538  -82.137  22.047 0.3000000119
7851  0.989  -70.193  7.292 0.6000000238
2199  25.105  -82.028  19.848 0.3000000119
7278  -0.503  -70.134  8.216 0.6000000238
129148  21.982  -84.185  13.815 0.3000000119
1214  21.840  -84.072  14.739 0.3000000119
7245  0.410  -71.093  9.971 0.6000000238
137943  1.216  -72.367  11.827 0.6000000238
7839  0.287  -69.426  7.960 0.6000000238
8462  -0.227  -68.950  8.628 0.5000000000
8441  -0.521  -69.038  9.259 0.6000000238
7808  -0.169  -69.943  9.500 0.6000000238
7807  0.654  -70.487  10.666 0.6000000238
7231  0.978  -71.641  11.193 0.6000000238
6611  1.510  -72.668  12.479 0.6000000238
7215  1.561  -71.746  12.094 0.6000000238
5968  1.841  -73.275  14.214 0.5000000000
138256  0.504  -68.836  8.428 0.5000000000
9031  -0.068  -68.300  9.216 0.5000000000
7785  0.131  -69.484  10.203 0.5000000000
116418  1.332  -70.761  11.670 0.6000000238
6538  1.670  -72.048  16.759 0.5000000000
7146  2.394  -71.108  18.171 0.6000000238
7166  2.030  -71.578  17.431 0.6000000238
7167  1.382  -71.197  17.022 0.5000000000
7724  1.645  -70.801  17.769 0.6000000238
7725  1.162  -70.167  17.092 0.6000000238
138888  -0.220  -68.711  9.894 0.5000000000
7214  2.033  -70.901  12.580 0.5000000000
7205  2.429  -71.448  13.356 0.5000000000
7206  1.971  -72.006  12.881 0.6000000238
6580  2.717  -72.530  14.814 0.5000000000
6562  2.314  -72.809  15.519 0.5000000000
6561  3.168  -72.397  15.608 0.6000000238
7183  4.316  -71.373  16.114 0.6000000238
7712  1.411  -70.046  18.150 0.5000000000
12744  3.959  -61.728  21.833 0.5000000000
134210  -0.005  -67.458  9.881 0.5000000000
7770  1.650  -69.879  12.056 0.5000000000
120570  2.552  -70.631  13.194 0.6000000238
122897  5.354  -62.673  23.285 0.5000000000
119931  5.248  -62.882  23.802 0.6000000238
12723  4.997  -62.375  22.641 0.6000000238
12743  4.669  -62.085  21.841 0.6000000238
130851  4.360  -62.158  22.309 0.5000000000
122188  3.733  -61.115  20.929 0.5000000000
14034  3.176  -60.525  20.969 0.5000000000
9505  1.346  -67.817  19.930 0.5000000000
8338  1.557  -69.117  19.333 0.5000000000
12719  8.579  -62.383  22.222 0.6000000238
13345  8.311  -61.360  23.004 0.6999999881
12720  7.962  -62.926  22.376 0.6000000238
13346  7.934  -61.804  23.789 0.6999999881
13334  7.499  -61.377  24.491 0.6000000238
13335  6.825  -61.711  24.840 0.6000000238
12704  7.572  -62.487  23.343 0.6000000238
12740  7.911  -63.198  21.490 0.6000000238
12031  7.252  -63.368  21.909 0.6000000238
12721  7.047  -63.013  22.810 0.6000000238
12705  6.784  -62.568  23.732 0.5000000000
12682  6.082  -62.026  25.073 0.6000000238
12066  6.769  -63.280  20.515 0.6000000238
12054  5.947  -63.133  21.480 0.6000000238
12722  5.929  -62.656  23.103 0.5000000000
12706  5.869  -62.561  23.993 0.6000000238
12067  5.933  -63.205  20.596 0.6000000238
12742  5.456  -62.645  22.180 0.6000000238
12756  5.299  -62.798  21.183 0.6000000238
13383  4.061  -61.908  20.302 0.6000000238
128091  3.386  -61.120  20.077 0.5000000000
14047  2.152  -59.508  20.152 0.5000000000
14062  0.881  -58.958  19.540 0.5000000000
14741  -0.187  -58.913  19.253 0.5000000000
13397  -0.508  -60.061  19.226 0.5000000000
14016  7.452  -60.532  24.528 0.6000000238
126389  6.977  -60.175  24.987 0.6999999881
12772  5.624  -62.947  19.750 0.5000000000
13395  3.889  -61.896  19.265 0.6000000238
13396  3.251  -61.159  19.106 0.6000000238
14060  2.756  -60.326  19.582 0.5000000000
14061  1.959  -59.576  19.221 0.6000000238
14080  0.021  -59.178  18.241 0.5000000000
14097  0.155  -59.662  17.256 0.6000000238
14098  -0.375  -59.911  17.630 0.6000000238
16079  9.913  -57.549  23.413 0.4000000060
15404  6.355  -58.618  22.278 0.6999999881
16081  5.731  -58.104  22.931 0.5000000000
116003  10.228  -59.121  22.556 0.6000000238
15401  10.112  -58.366  23.153 0.5000000000
16080  6.225  -58.490  23.458 0.6000000238
15399  6.049  -58.560  24.596 0.5000000000
120919  10.751  -58.782  22.251 0.5000000000
15412  6.929  -58.830  22.006 0.6000000238
14720  7.613  -59.473  22.831 0.6999999881
14715  7.209  -59.378  23.420 0.8000000119
14700  6.461  -59.445  24.993 0.6999999881
13413  2.379  -60.283  18.403 0.6000000238
14079  0.850  -59.413  17.702 0.6000000238
123936  5.220  -57.657  22.521 0.5000000000
16096  6.198  -58.361  20.969 0.6999999881
16789  5.063  -57.183  23.687 0.5000000000
137227  11.123  -58.123  22.801 0.4000000060
16078  10.761  -57.792  23.210 0.4000000060
15417  10.859  -58.767  21.488 0.4000000060
14739  9.647  -59.276  19.627 0.5000000000
14758  8.641  -59.459  18.504 0.4000000060
16800  4.756  -57.577  21.012 0.5000000000
16790  4.561  -57.024  22.270 0.5000000000
16787  9.674  -56.674  23.443 0.3000000119
16796  8.881  -56.243  23.165 0.3000000119
16799  5.394  -58.056  21.350 0.6000000238
15423  10.735  -58.674  20.502 0.4000000060
15431  9.847  -58.682  19.249 0.4000000060
14770  8.300  -59.130  17.710 0.4000000060
16808  5.665  -57.935  20.631 0.6000000238
15445  8.967  -58.706  18.143 0.4000000060
17489  4.138  -57.146  20.604 0.5000000000
17475  10.389  -55.342  23.106 0.3000000119
17476  9.457  -55.523  23.070 0.3000000119
18136  8.754  -54.980  22.472 0.3000000119
18137  7.654  -55.061  22.004 0.4000000060
15458  8.723  -58.379  17.335 0.3000000119
15459  8.007  -58.763  16.999 0.4000000060
120777  8.380  -58.259  16.659 0.4000000060
18150  8.454  -54.300  21.625 0.4000000060
16816  4.911  -57.054  19.646 0.6000000238
135510  3.809  -56.850  20.380 0.4000000060
18134  10.745  -54.669  22.521 0.3000000119
16810  4.121  -57.112  19.848 0.5000000000
18162  6.794  -54.274  20.775 0.4000000060
18931  5.554  -53.496  18.648 0.5000000000
18919  7.427  -53.539  20.167 0.4000000060
18920  6.352  -53.707  19.835 0.4000000060
19750  9.341  -52.842  17.477 0.3000000119
19751  8.433  -52.879  16.315 0.3000000119
19730  8.299  -52.739  17.683 0.3000000119
19752  7.556  -52.566  16.612 0.3000000119
19778  7.723  -52.468  15.663 0.3000000119
22213  6.951  -49.287  21.049 0.4000000060
19776  9.399  -52.880  15.986 0.3000000119
2184  17.906  -81.267  21.371 0.3000000119
1548  20.621  -83.621  13.697 0.4000000060
14096  1.025  -59.866  16.930 0.6000000238
22206  6.727  -49.347  21.860 0.4000000060
14731  10.005  -59.501  20.307 0.5000000000
118659  7.315  -52.608  17.855 0.3000000119
1563  17.541  -83.570  11.409 0.3000000119
123347  18.147  -83.852  10.848 0.4000000060
897  5.985  -85.074  25.697 0.4000000060
900  3.163  -85.596  24.884 0.5000000000
479  0.734  -87.085  27.550 0.5000000000
1143  5.790  -85.119  21.762 0.5000000000
988  14.767  -85.775  13.987 0.4000000060
891  5.508  -85.528  26.256 0.4000000060
1419  6.995  -83.161  22.472 0.4000000060
126471  7.909  -85.005  21.622 0.4000000060
1217  16.021  -84.828  14.782 0.4000000060
571  15.010  -86.645  14.350 0.4000000060
552  14.103  -86.677  15.606 0.4000000060
679  3.920  -87.208  28.587 0.3000000119
1377  10.062  -83.175  27.190 0.3000000119
2133  7.938  -81.800  23.924 0.3000000119
1439  7.590  -83.555  21.540 0.4000000060
1140  7.935  -84.258  21.451 0.4000000060
1205  17.071  -84.646  15.718 0.3000000119
1536  16.805  -84.366  15.227 0.4000000060
1802  7.919  -82.731  21.471 0.4000000060
935  10.696  -85.140  21.805 0.4000000060
118247  16.026  -86.006  20.572 0.5000000000
4338  9.295  -75.771  8.455 0.5000000000
1869  16.022  -82.149  15.399 0.4000000060
1765  11.741  -82.127  24.715 0.3000000119
1151  10.001  -83.883  20.522 0.4000000060
1138  11.027  -84.843  21.035 0.4000000060
945  11.684  -85.128  20.784 0.5000000000
1136  14.542  -84.838  21.388 0.5000000000
1820  19.091  -82.656  19.600 0.3000000119
1174  20.526  -84.393  17.280 0.3000000119
1204  18.261  -84.363  16.292 0.3000000119
1518  18.850  -83.637  15.956 0.3000000119
121015  10.865  -76.837  6.759 0.6000000238
1472  12.084  -83.260  19.376 0.3000000119
1157  11.662  -83.880  19.700 0.4000000060
1416  17.266  -83.706  22.235 0.3000000119
4311  9.512  -76.286  10.488 0.5000000000
1889  19.171  -82.527  14.123 0.4000000060
1811  14.021  -81.712  19.838 0.3000000119
2165  17.252  -82.338  21.937 0.3000000119
1244  20.723  -83.850  11.729 0.4000000060
1239  19.723  -83.801  11.862 0.4000000060
1558  18.338  -83.435  11.784 0.4000000060
118581  20.834  -81.486  10.682 0.3000000119
2180  22.047  -81.621  21.635 0.3000000119
7825  -0.605  -69.571  8.644 0.6000000238
1237  21.363  -84.003  12.394 0.3000000119
2565  20.512  -80.430  20.456 0.3000000119
2590  24.385  -81.295  19.211 0.3000000119
6581  2.293  -72.710  14.095 0.5000000000
6548  1.990  -72.596  16.253 0.6000000238
14714  7.630  -60.032  23.645 0.6999999881
15398  6.709  -59.014  23.965 0.6999999881
15403  6.879  -58.998  22.763 0.6999999881
16088  5.894  -58.392  21.757 0.6000000238
17465  10.094  -56.060  23.416 0.3000000119
18135  9.793  -54.758  22.576 0.3000000119
3823  11.318  -77.590  9.795 0.5000000000
3811  10.802  -77.138  10.379 0.5000000000
3061  17.502  -79.840  6.579 0.6000000238
7769  2.304  -69.881  12.793 0.4000000060
7711  1.907  -70.483  18.393 0.5000000000
7177  4.398  -71.491  17.004 0.5000000000
7144  3.822  -71.160  18.337 0.5000000000
7709  3.062  -70.797  18.624 0.5000000000
7698  2.797  -70.052  19.128 0.5000000000
7731  5.005  -71.020  16.539 0.5000000000
8901  2.394  -67.989  19.889 0.4000000060
7708  4.533  -70.743  18.405 0.5000000000
8356  3.774  -70.299  18.891 0.5000000000
8337  2.412  -69.112  19.545 0.5000000000
10155  2.397  -66.280  20.129 0.5000000000
136742  4.106  -69.548  19.058 0.6000000238
8336  3.378  -69.402  19.294 0.5000000000
10167  2.786  -67.053  19.828 0.5000000000
12788  0.616  -61.726  18.457 0.5000000000
8919  3.915  -67.932  19.078 0.6000000238
12075  1.959  -63.392  19.475 0.5000000000
12093  1.591  -62.871  18.323 0.5000000000
9504  3.200  -67.675  19.541 0.6000000238
10822  2.901  -65.612  18.974 0.6000000238
139658  2.580  -65.024  19.479 0.5000000000
8918  4.483  -68.454  18.762 0.6000000238
128569  3.628  -66.707  18.200 0.6000000238
10179  3.266  -66.272  18.478 0.6000000238
10833  2.865  -65.645  17.698 0.6000000238
12806  0.547  -62.074  17.244 0.5000000000
13436  -0.418  -60.630  17.226 0.5000000000
11465  2.320  -64.754  17.369 0.6000000238
11454  2.237  -63.961  18.507 0.6000000238
13327  6.295  -61.259  25.316 0.5000000000
14006  6.382  -60.382  25.327 0.5000000000
14017  7.013  -60.912  25.064 0.5000000000
13448  -0.257  -60.368  16.656 0.6000000238
11477  2.276  -64.926  16.244 0.6000000238
118094  -0.223  -61.232  16.529 0.6000000238
11466  1.887  -63.807  17.527 0.6000000238
12110  1.369  -63.135  16.927 0.6000000238
130747  1.312  -63.565  15.943 0.6000000238
18161  7.861  -53.898  20.948 0.3000000119
21357  6.527  -49.847  20.722 0.3000000119
1922  18.742  -82.298  7.795 0.4000000060
2308  17.873  -81.431  6.148 0.5000000000
3480  12.256  -78.554  4.522 0.5000000000
136213  12.844  -78.897  5.444 0.5000000000
2321  17.870  -80.767  4.966 0.4000000060
3450  12.487  -78.273  6.430 0.4000000060
121716  17.191  -78.923  6.368 0.4000000060
3824  10.487  -76.981  9.519 0.4000000060
3836  11.291  -77.576  8.396 0.4000000060
128314  11.081  -77.451  9.089 0.4000000060
3847  11.606  -77.684  7.571 0.4000000060
136394  11.916  -77.810  6.894 0.4000000060
4368  15.261  -76.398  6.027 0.4000000060
129184  15.837  -76.491  6.987 0.4000000060
4349  16.363  -76.733  7.890 0.4000000060
4300  10.226  -76.552  11.035 0.4000000060
132050  15.988  -76.838  6.159 0.4000000060
4367  16.449  -77.080  6.855 0.4000000060
4336  14.738  -75.991  8.577 0.4000000060
4850  14.249  -75.734  9.308 0.5000000000
10852  2.807  -65.343  16.338 0.5000000000
10845  3.304  -65.713  16.621 0.5000000000
11489  1.792  -64.306  15.456 0.5000000000
11488  2.446  -64.784  15.682 0.5000000000
11497  2.363  -64.022  14.739 0.5000000000
12836  1.099  -62.833  14.641 0.5000000000
12846  2.767  -62.751  14.102 0.5000000000
15388  5.632  -58.949  25.344 0.4000000060
16074  5.512  -57.770  24.292 0.4000000060
136396  1.951  -63.922  14.573 0.5000000000
12125  0.562  -62.423  15.221 0.5000000000
3436  17.539  -79.040  7.744 0.5000000000
3858  16.227  -77.602  5.527 0.4000000060
4350  15.326  -76.213  7.812 0.4000000060
131327  1.032  -87.167  26.793 0.4000000060
279  0.867  -88.561  26.366 0.4000000060
116695  3.865  -89.635  21.832 0.4000000060
700  1.497  -86.760  26.017 0.4000000060
492  1.649  -87.371  25.725 0.4000000060
116977  5.088  -90.527  23.120 0.4000000060
278  2.516  -89.460  26.235 0.4000000060
30  6.382  -90.446  23.856 0.4000000060
31  5.585  -90.535  23.755 0.4000000060
120526  4.284  -90.377  23.323 0.4000000060
907  2.678  -85.905  24.330 0.5000000000
699  2.142  -86.612  25.041 0.5000000000
504  2.948  -87.171  24.001 0.4000000060
291  2.532  -88.490  25.856 0.4000000060
20  4.795  -90.434  25.055 0.4000000060
914  3.520  -85.863  23.299 0.5000000000
716  4.031  -86.453  22.819 0.5000000000
512  3.567  -86.918  23.437 0.5000000000
290  3.975  -88.747  25.854 0.4000000060
277  3.611  -89.417  26.214 0.4000000060
511  4.310  -87.115  23.270 0.4000000060
503  3.763  -87.452  23.993 0.4000000060
286  7.993  -88.996  25.366 0.4000000060
142  7.164  -89.239  25.648 0.4000000060
119840  6.279  -90.030  25.685 0.4000000060
9  5.343  -90.155  25.694 0.4000000060
132850  4.095  -90.042  26.101 0.4000000060
18  6.793  -90.253  24.845 0.4000000060
19  5.739  -90.400  24.789 0.4000000060
501  5.829  -87.687  24.303 0.5000000000
489  5.427  -88.156  25.078 0.4000000060
289  5.054  -88.770  25.771 0.4000000060
276  4.647  -89.372  26.153 0.4000000060
129403  7.736  -87.663  24.586 0.5000000000
488  6.350  -88.196  25.136 0.4000000060
288  5.955  -88.771  25.719 0.4000000060
275  5.578  -89.470  26.046 0.4000000060
284  10.371  -88.552  24.767 0.3000000119
119141  10.659  -88.800  23.944 0.3000000119
296  11.206  -88.414  24.590 0.4000000060
486  9.055  -88.233  24.874 0.3000000119
710  10.806  -86.629  24.061 0.4000000060
703  10.177  -87.071  24.501 0.4000000060
184  12.233  -88.442  20.977 0.3000000119
176  12.054  -88.512  21.619 0.4000000060
154  12.133  -88.361  23.723 0.4000000060
497  11.954  -88.023  24.375 0.4000000060
166  12.824  -88.239  22.074 0.4000000060
294  12.472  -88.200  23.749 0.4000000060
708  12.282  -86.753  23.351 0.4000000060
921  11.315  -85.650  22.357 0.3000000119
126309  8.284  -88.352  25.003 0.3000000119
911  9.724  -85.913  23.128 0.3000000119
129319  9.274  -86.297  23.477 0.4000000060
183  12.769  -88.276  20.881 0.4000000060
725  11.305  -86.148  23.328 0.3000000119
136615  12.868  -87.874  23.275 0.4000000060
519  13.108  -87.525  22.545 0.4000000060
126826  11.959  -86.071  22.730 0.4000000060
705  8.173  -87.038  23.987 0.4000000060
704  9.206  -86.871  24.140 0.4000000060
137914  12.255  -88.421  19.316 0.4000000060
922  10.391  -85.556  22.670 0.3000000119
197  13.489  -87.714  19.305 0.4000000060
135384  13.122  -87.939  19.720 0.4000000060
317  14.568  -87.168  19.622 0.4000000060
138186  14.387  -87.323  20.258 0.4000000060
305  12.788  -88.210  22.438 0.4000000060
509  6.252  -87.299  23.569 0.4000000060
120519  7.610  -86.706  23.124 0.4000000060
924  8.369  -85.504  22.007 0.3000000119
726  7.992  -86.122  22.464 0.4000000060
923  9.350  -85.424  22.348 0.3000000119
325  13.862  -87.587  19.059 0.4000000060
344  13.460  -87.508  17.301 0.4000000060
530  14.281  -87.337  18.875 0.4000000060
523  15.036  -86.785  21.008 0.4000000060
304  13.177  -87.799  21.908 0.4000000060
730  4.517  -86.070  22.278 0.4000000060
925  7.357  -85.588  21.784 0.3000000119
1123  5.108  -84.878  23.155 0.4000000060
510  5.253  -87.279  23.346 0.4000000060
740  5.136  -85.639  21.923 0.4000000060
714  5.723  -86.822  22.740 0.4000000060
139952  6.560  -85.888  21.818 0.4000000060
123200  13.885  -75.465  9.968 0.4000000060
173  13.335  -87.900  20.975 0.4000000060
0  4.851  -89.977  26.082 0.4000000060
1  4.314  -89.777  26.155 0.4000000060
8  7.218  -89.946  25.385 0.4000000060
17  7.563  -90.101  24.766 0.4000000060
32  4.916  -90.571  24.046 0.4000000060
46  4.502  -90.177  22.453 0.4000000060
70  12.346  -88.404  20.455 0.3000000119
71  11.733  -88.552  20.416 0.3000000119
87  12.008  -88.510  19.792 0.4000000060
143  6.806  -89.718  25.715 0.4000000060
144  5.560  -89.912  25.984 0.4000000060
155  11.414  -88.450  24.218 0.4000000060
160  12.287  -88.464  22.960 0.4000000060
161  11.415  -88.639  23.304 0.4000000060
167  12.663  -88.290  22.793 0.4000000060
168  11.789  -88.583  22.369 0.4000000060
174  12.976  -88.162  21.370 0.4000000060
175  12.696  -88.314  21.585 0.4000000060
181  13.744  -87.648  20.299 0.4000000060
182  13.145  -88.012  20.485 0.4000000060
190  13.590  -87.695  19.749 0.4000000060
191  12.666  -88.216  19.523 0.4000000060
198  13.053  -87.933  19.166 0.4000000060
274  6.416  -89.397  25.899 0.4000000060
287  6.660  -88.811  25.636 0.4000000060
292  1.587  -88.703  26.289 0.4000000060
295  11.977  -88.282  24.147 0.4000000060
298  12.937  -87.902  22.653 0.4000000060
299  12.696  -88.161  23.224 0.4000000060
300  12.497  -88.300  23.326 0.4000000060
302  14.569  -87.117  20.983 0.4000000060
303  13.818  -87.378  21.364 0.4000000060
309  14.781  -87.009  20.547 0.4000000060
310  14.003  -87.496  20.864 0.4000000060
311  13.104  -87.970  21.644 0.4000000060
313  14.823  -87.027  20.041 0.4000000060
318  14.019  -87.515  19.404 0.4000000060
324  14.290  -87.370  19.303 0.4000000060
332  13.335  -87.768  18.758 0.4000000060
333  13.285  -87.749  18.050 0.4000000060
470  3.341  -87.380  29.412 0.3000000119
477  5.464  -86.995  28.122 0.3000000119
484  10.412  -87.981  24.770 0.4000000060
485  9.799  -88.237  24.844 0.3000000119
487  7.306  -88.409  25.218 0.4000000060
490  4.385  -88.084  25.034 0.4000000060
491  3.202  -87.799  24.891 0.4000000060
493  1.021  -87.642  26.479 0.4000000060
496  12.440  -88.099  24.047 0.4000000060
498  9.575  -87.635  24.695 0.3000000119
499  8.682  -87.593  24.622 0.3000000119
500  6.787  -87.697  24.474 0.5000000000
502  4.807  -87.646  24.114 0.4000000060
505  2.624  -86.756  24.190 0.5000000000
507  12.815  -87.961  23.763 0.4000000060
508  12.480  -87.642  23.916 0.4000000060
513  3.060  -86.720  23.677 0.5000000000
516  14.659  -87.007  21.136 0.5000000000
517  13.813  -87.228  21.562 0.4000000060
518  13.411  -87.354  21.952 0.4000000060
525  15.244  -86.662  20.451 0.4000000060
529  14.741  -86.957  19.435 0.5000000000
536  13.764  -87.517  18.359 0.4000000060
542  13.865  -87.091  17.410 0.5000000000
551  14.645  -86.244  15.060 0.4000000060
562  14.860  -87.367  14.738 0.4000000060
585  15.108  -86.596  13.719 0.4000000060
681  1.914  -86.826  28.521 0.5000000000
690  5.190  -86.242  27.179 0.4000000060
696  1.965  -86.201  26.361 0.5000000000
702  11.102  -87.563  24.540 0.4000000060
706  2.523  -86.274  24.425 0.5000000000
707  12.943  -87.477  23.168 0.4000000060
709  11.740  -87.055  24.084 0.4000000060
711  9.942  -86.421  23.845 0.4000000060
712  8.543  -86.485  23.340 0.4000000060
713  6.678  -86.847  22.918 0.4000000060
715  4.783  -86.685  22.623 0.4000000060
717  3.478  -86.317  23.259 0.5000000000
718  2.891  -86.208  23.806 0.5000000000
720  15.284  -86.357  21.380 0.5000000000
723  13.414  -86.984  22.285 0.4000000060
724  12.730  -86.519  22.346 0.4000000060
727  7.059  -86.310  22.300 0.4000000060
728  6.168  -86.345  22.178 0.4000000060
729  5.268  -86.230  22.046 0.4000000060
731  3.921  -85.945  22.716 0.5000000000
737  13.830  -86.352  21.644 0.5000000000
738  13.286  -86.364  21.743 0.5000000000
744  15.645  -86.387  20.497 0.5000000000
748  15.670  -86.218  19.972 0.5000000000
752  14.607  -86.467  18.522 0.5000000000
757  14.337  -85.804  16.862 0.4000000060
769  15.326  -85.523  15.192 0.4000000060
777  14.985  -85.823  14.816 0.4000000060
786  14.836  -86.010  14.355 0.4000000060
804  14.448  -84.274  8.468 0.4000000060
805  13.911  -84.400  8.511 0.4000000060
807  12.952  -84.499  8.809 0.4000000060
809  13.708  -84.337  8.051 0.4000000060
889  7.348  -85.069  26.798 0.3000000119
894  2.546  -85.834  25.738 0.5000000000
898  5.293  -85.182  25.185 0.4000000060
904  4.742  -85.154  24.158 0.4000000060
905  3.785  -85.469  24.039 0.5000000000
906  3.070  -85.741  23.991 0.5000000000
910  10.431  -86.066  23.448 0.3000000119
912  8.894  -85.951  22.784 0.3000000119
917  15.857  -85.653  21.791 0.5000000000
918  15.503  -85.601  21.804 0.5000000000
919  14.746  -86.264  21.686 0.5000000000
920  12.066  -85.807  21.909 0.4000000060
926  4.543  -85.568  22.528 0.4000000060
931  14.775  -85.657  21.704 0.5000000000
933  12.153  -85.540  21.056 0.5000000000
937  8.783  -84.808  21.667 0.4000000060
938  7.211  -84.806  21.577 0.4000000060
939  5.845  -85.763  21.782 0.4000000060
943  13.078  -85.094  20.621 0.5000000000
944  12.345  -84.989  20.441 0.5000000000
950  16.210  -85.521  20.172 0.5000000000
967  16.640  -84.958  15.879 0.4000000060
969  14.792  -85.455  16.338 0.4000000060
974  15.624  -85.295  15.669 0.4000000060
987  15.120  -85.575  14.424 0.4000000060
998  14.694  -86.328  13.421 0.3000000119
1008  15.471  -84.362  9.454 0.4000000060
1010  13.996  -84.552  9.253 0.4000000060
1011  13.310  -84.521  9.362 0.4000000060
1014  14.996  -84.291  8.763 0.4000000060
1015  13.954  -84.492  8.856 0.4000000060
1018  14.602  -84.054  8.240 0.4000000060
1019  14.010  -84.315  8.261 0.3000000119
1021  14.265  -84.054  7.987 0.4000000060
1022  14.010  -84.125  7.914 0.3000000119
1026  13.771  -83.898  7.583 0.4000000060
1027  13.329  -83.934  7.476 0.5000000000
1032  12.999  -83.935  7.087 0.5000000000
1118  5.986  -84.272  23.635 0.4000000060
1127  16.298  -84.562  22.128 0.4000000060
1128  5.913  -84.553  21.942 0.5000000000
1129  5.321  -84.971  22.183 0.5000000000
1134  16.467  -84.999  22.013 0.4000000060
1139  10.168  -84.559  21.178 0.4000000060
1147  17.324  -84.618  20.878 0.4000000060
1149  12.239  -84.281  19.903 0.5000000000
1150  11.489  -84.525  20.289 0.4000000060
1156  16.056  -84.513  19.507 0.5000000000
1165  15.741  -83.978  17.899 0.4000000060
1187  21.464  -84.358  16.724 0.3000000119
1188  20.372  -84.473  16.874 0.3000000119
1190  18.737  -84.401  16.653 0.3000000119
1192  16.291  -84.831  16.380 0.3000000119
1203  19.424  -84.204  16.431 0.3000000119
1213  22.413  -84.033  14.318 0.3000000119
1215  21.505  -84.027  13.738 0.4000000060
1216  16.377  -84.885  15.127 0.3000000119
1218  15.348  -84.635  14.403 0.3000000119
1219  14.582  -84.373  14.220 0.3000000119
1224  22.220  -84.061  13.506 0.3000000119
1227  14.591  -85.113  13.886 0.3000000119
1238  20.567  -83.974  12.244 0.3000000119
1248  16.571  -84.130  10.493 0.4000000060
1249  15.130  -84.281  10.502 0.4000000060
1250  14.089  -84.185  10.576 0.3000000119
1254  19.278  -83.722  11.230 0.4000000060
1258  15.157  -84.495  9.746 0.3000000119
1261  12.889  -84.304  9.950 0.3000000119
1267  16.745  -83.932  9.734 0.4000000060
1269  12.751  -84.398  9.345 0.3000000119
1274  16.344  -83.792  9.098 0.4000000060
1275  15.531  -83.949  8.661 0.4000000060
1283  14.559  -83.563  7.551 0.4000000060
1284  13.900  -83.633  7.299 0.4000000060
1287  13.618  -83.283  6.608 0.5000000000
1288  13.114  -83.330  6.334 0.5000000000
1294  12.266  -82.825  5.290 0.4000000060
1373  15.348  -83.540  26.224 0.3000000119
1378  9.349  -83.213  26.916 0.3000000119
1379  8.631  -83.454  26.587 0.3000000119
1387  14.163  -83.182  26.155 0.3000000119
1388  13.525  -83.119  26.052 0.3000000119
1390  12.190  -83.005  26.130 0.3000000119
1400  7.307  -83.301  24.641 0.4000000060
1414  25.827  -82.863  22.431 0.3000000119
1415  25.175  -83.000  22.412 0.3000000119
1420  6.413  -83.964  22.144 0.5000000000
1426  25.545  -82.999  22.085 0.3000000119
1429  22.870  -83.142  21.804 0.3000000119
1430  19.746  -83.399  22.005 0.3000000119
1432  18.634  -83.615  21.741 0.3000000119
1434  15.516  -83.387  21.665 0.4000000060
1435  14.636  -83.282  21.019 0.3000000119
1437  9.090  -83.709  20.830 0.4000000060
1438  8.293  -83.503  21.211 0.4000000060
1440  6.987  -83.728  21.765 0.4000000060
1449  23.452  -83.445  21.009 0.3000000119
1452  18.986  -83.601  21.033 0.3000000119
1454  13.665  -83.595  20.321 0.4000000060
1456  10.853  -83.910  19.990 0.4000000060
1462  25.099  -83.049  20.388 0.3000000119
1474  10.252  -83.250  19.814 0.3000000119
1481  24.860  -83.034  19.460 0.3000000119
1487  18.466  -82.807  18.353 0.3000000119
1489  16.546  -83.494  18.103 0.4000000060
1499  19.111  -84.188  17.448 0.3000000119
1500  18.174  -83.659  17.636 0.3000000119
1517  19.611  -83.218  15.594 0.3000000119
1519  17.857  -84.110  15.782 0.3000000119
1522  14.778  -82.860  15.186 0.3000000119
1535  19.840  -83.016  14.333 0.4000000060
1550  19.017  -82.717  13.236 0.5000000000
1557  19.213  -83.415  12.361 0.4000000060
1561  21.515  -83.576  11.624 0.4000000060
1562  20.807  -83.561  11.076 0.3000000119
1564  16.612  -83.797  11.151 0.5000000000
1567  13.659  -83.372  10.988 0.3000000119
1580  18.405  -83.374  9.617 0.4000000060
1588  16.077  -83.642  8.550 0.4000000060
1594  16.489  -83.295  8.180 0.5000000000
1597  17.067  -82.710  7.768 0.6000000238
1600  14.108  -83.383  7.035 0.5000000000
1607  13.427  -82.649  5.430 0.5000000000
1610  11.844  -82.637  4.459 0.5000000000
1743  9.843  -82.601  26.610 0.3000000119
1753  12.655  -82.476  25.472 0.3000000119
1755  10.514  -82.167  25.994 0.3000000119
1757  8.670  -82.366  25.595 0.3000000119
1766  10.913  -81.980  25.124 0.3000000119
1774  26.445  -82.449  23.786 0.3000000119
1775  7.450  -82.413  23.226 0.3000000119
1795  19.693  -83.170  22.217 0.3000000119
1798  16.816  -82.918  22.091 0.4000000060
1799  15.956  -82.749  21.762 0.4000000060
1807  25.436  -82.914  21.677 0.3000000119
1809  20.247  -83.285  21.575 0.3000000119
1810  14.594  -82.390  20.640 0.3000000119
1812  9.207  -82.367  20.303 0.3000000119
1818  20.860  -83.017  20.263 0.3000000119
1819  19.986  -82.696  19.975 0.3000000119
1835  19.589  -82.547  19.059 0.3000000119
1868  16.938  -82.235  15.346 0.4000000060
1870  14.337  -82.057  15.578 0.3000000119
1881  18.485  -82.121  14.676 0.4000000060
1891  17.707  -81.940  13.163 0.5000000000
1897  17.666  -82.676  12.159 0.3000000119
1904  21.752  -82.862  11.342 0.3000000119
1908  14.136  -82.690  11.430 0.4000000060
1909  12.852  -81.823  11.870 0.3000000119
1912  20.801  -82.423  9.724 0.3000000119
1923  16.121  -82.747  7.682 0.6000000238
1928  17.654  -82.092  7.078 0.6000000238
1935  13.590  -82.363  5.123 0.6999999881
1939  13.168  -82.333  4.648 0.6999999881
1940  12.716  -82.369  4.160 0.6000000238
1945  12.928  -82.119  3.881 0.6999999881
2130  10.976  -81.787  24.096 0.3000000119
2132  8.619  -81.528  24.449 0.3000000119
2144  7.924  -81.593  22.877 0.3000000119
2153  23.518  -81.747  22.607 0.3000000119
2154  8.471  -81.192  22.262 0.3000000119
2159  26.655  -82.464  23.191 0.3000000119
2160  24.033  -82.527  22.645 0.3000000119
2178  26.065  -82.489  22.208 0.3000000119
2183  18.868  -81.364  21.405 0.3000000119
2233  17.111  -81.723  15.135 0.4000000060
2235  15.447  -81.320  15.359 0.3000000119
2237  13.161  -80.939  15.617 0.3000000119
2246  16.716  -81.234  14.651 0.4000000060
2247  16.000  -80.927  14.897 0.4000000060
2255  17.281  -81.373  13.975 0.4000000060
2265  15.188  -81.363  12.772 0.4000000060
2274  21.234  -82.066  10.267 0.3000000119
2283  16.933  -81.508  8.060 0.6999999881
2285  15.458  -81.350  8.385 0.6999999881
2296  17.433  -81.688  6.965 0.6000000238
2298  15.764  -82.250  7.729 0.6999999881
2307  18.529  -81.551  6.182 0.5000000000
2309  17.232  -82.154  7.358 0.6000000238
2322  14.020  -82.176  5.600 0.6999999881
2323  13.753  -81.789  4.999 0.6999999881
2635  14.394  -80.407  14.963 0.3000000119
2636  13.466  -80.095  14.978 0.4000000060
2643  15.026  -80.540  14.352 0.4000000060
2661  15.977  -79.962  10.209 0.8000000119
2665  16.296  -80.417  9.598 0.8000000119
2666  15.684  -80.293  9.699 0.8000000119
2671  16.009  -81.004  9.163 0.8000000119
2696  13.232  -79.902  5.079 0.6999999881
3014  15.950  -79.127  11.097 0.8000000119
3016  14.400  -79.159  11.109 0.6999999881
3019  15.607  -79.532  10.656 0.8000000119
3025  17.305  -79.751  9.195 0.6999999881
3027  15.389  -79.862  10.195 0.8000000119
3048  14.374  -79.861  7.839 0.8000000119
3049  13.802  -79.222  7.237 0.6999999881
3378  14.274  -78.263  12.354 0.8000000119
3398  16.614  -78.329  10.588 0.8000000119
3400  12.863  -78.561  10.613 0.6000000238
3438  12.285  -78.140  7.398 0.6000000238
3765  13.981  -77.242  13.370 0.6999999881
3779  14.605  -77.470  12.802 0.8000000119
3781  12.809  -77.657  12.648 0.8000000119
3797  11.676  -77.453  11.486 0.6000000238
3809  12.379  -78.149  10.951 0.6000000238
3834  17.309  -78.072  8.343 0.6000000238
3837  10.589  -77.046  8.591 0.4000000060
3845  16.803  -77.987  6.474 0.5000000000
3859  11.802  -77.639  6.198 0.6000000238
4251  8.866  -76.111  14.162 0.8000000119
4273  7.520  -76.551  13.551 0.6999999881
4285  10.483  -76.309  12.782 0.6000000238
4301  9.370  -76.283  11.279 0.5000000000
4309  15.293  -76.270  11.024 0.6000000238
4310  10.146  -76.645  10.230 0.5000000000
4320  16.528  -77.091  9.498 0.6999999881
4321  16.024  -76.632  9.472 0.6999999881
4323  9.696  -76.354  9.755 0.5000000000
4334  16.464  -76.871  8.837 0.6000000238
4352  10.086  -76.459  8.034 0.5000000000
4791  14.144  -75.176  14.088 0.6999999881
4793  12.896  -75.355  14.706 0.6999999881
4808  11.280  -75.828  14.263 0.6999999881
4840  14.323  -75.535  10.897 0.4000000060
5373  12.509  -74.523  15.144 0.6000000238
5374  11.777  -73.953  15.313 0.6000000238
5375  10.774  -74.342  15.112 0.6000000238
5390  7.450  -74.845  13.736 0.6999999881
5391  6.897  -74.957  13.305 0.6999999881
5405  6.019  -74.145  12.173 0.6999999881
5416  5.611  -74.456  11.600 0.6000000238
5947  12.099  -73.202  15.322 0.5000000000
5963  13.376  -72.818  14.672 0.5000000000
5966  9.434  -73.774  14.564 0.8000000119
5983  7.503  -74.056  13.299 0.6999999881
5984  6.940  -74.255  12.945 0.6999999881
5998  6.479  -73.827  12.540 0.6999999881
6024  5.202  -73.883  11.085 0.6000000238
6537  2.449  -72.206  16.928 0.6000000238
6547  2.827  -72.472  16.329 0.6000000238
6597  1.848  -72.962  13.370 0.5000000000
6610  5.677  -72.613  12.141 0.6999999881
6651  3.551  -71.535  9.554 0.6000000238
7145  3.176  -71.409  18.145 0.5000000000
7162  5.069  -71.007  17.381 0.6000000238
7163  4.472  -71.269  17.823 0.5000000000
7164  3.695  -71.725  17.519 0.5000000000
7165  2.822  -71.781  17.584 0.6000000238
7194  2.698  -71.971  14.056 0.5000000000
7203  10.697  -71.029  13.956 0.6000000238
7225  8.874  -71.200  10.934 0.6000000238
7230  4.989  -71.478  11.468 0.6000000238
7241  7.728  -71.394  10.448 0.6999999881
7288  9.090  -71.273  7.338 0.5000000000
7706  6.083  -70.163  18.108 0.6999999881
7707  5.277  -70.420  18.336 0.6999999881
7710  2.397  -70.458  18.673 0.5000000000
7722  5.641  -70.643  17.769 0.6000000238
7729  6.616  -70.423  16.885 0.6999999881
7738  5.566  -70.645  15.960 0.6000000238
7739  4.788  -70.816  15.641 0.6000000238
7740  4.229  -71.023  15.299 0.6000000238
7749  3.739  -70.832  14.586 0.6999999881
7757  11.037  -70.573  13.368 0.6000000238
7760  2.834  -69.996  13.317 0.6999999881
7767  10.675  -70.395  12.481 0.6000000238
7780  11.262  -70.318  11.828 0.6000000238
7782  9.688  -70.538  11.232 0.6000000238
7783  6.019  -70.672  11.399 0.6999999881
7784  5.252  -70.777  11.324 0.6999999881
7801  10.266  -70.313  10.576 0.6000000238
7802  9.506  -70.667  10.422 0.6000000238
7803  6.183  -70.259  10.773 0.8000000119
7824  1.706  -69.132  8.614 0.5000000000
7832  11.175  -70.426  8.380 0.5000000000
7834  9.703  -70.861  8.306 0.5000000000
7840  -0.498  -69.601  8.398 0.6000000238
7865  7.536  -70.718  6.407 0.5000000000
7866  6.586  -70.320  6.499 0.5000000000
8335  3.985  -68.822  19.140 0.6000000238
8352  7.413  -69.325  18.081 0.5000000000
8357  1.879  -69.878  18.976 0.5000000000
8358  1.163  -69.318  18.732 0.5000000000
8368  6.917  -69.934  17.797 0.6000000238
8375  7.769  -69.788  16.747 0.6000000238
8376  7.134  -70.156  16.402 0.6999999881
8386  6.063  -70.219  15.380 0.6000000238
8394  6.502  -69.766  14.913 0.6999999881
8403  5.335  -69.273  13.954 0.6000000238
8404  4.361  -69.337  13.777 0.6000000238
8410  2.591  -69.198  12.894 0.6999999881
8411  1.943  -69.065  12.360 0.5000000000
8455  -0.471  -69.067  8.888 0.5000000000
8469  5.366  -69.437  6.723 0.6999999881
8479  5.394  -69.264  6.483 0.5000000000
8900  3.239  -68.478  19.496 0.5000000000
8902  1.694  -68.543  19.683 0.4000000060
8926  8.262  -69.147  17.830 0.5000000000
8934  8.942  -68.893  16.659 0.5000000000
8941  9.221  -68.211  16.252 0.5000000000
8948  8.426  -68.082  14.920 0.5000000000
8957  3.058  -68.993  13.163 0.6999999881
8965  4.157  -68.141  12.720 0.6000000238
9014  4.253  -67.952  8.982 0.6000000238
9018  0.164  -67.455  9.638 0.5000000000
9493  1.900  -67.090  20.223 0.5000000000
9521  4.575  -67.777  18.327 0.6000000238
9574  8.380  -66.671  13.806 0.5000000000
9577  5.893  -67.980  12.996 0.5000000000
9595  6.376  -67.142  12.555 0.6000000238
9621  1.848  -66.936  11.598 0.6000000238
9622  0.995  -66.903  11.325 0.6000000238
9639  0.136  -66.801  9.851 0.6000000238
9676  2.059  -66.111  8.604 0.6000000238
9716  6.096  -68.282  6.642 0.5000000000
9717  5.041  -68.262  6.506 0.6000000238
10178  3.446  -67.048  19.116 0.6000000238
10191  3.848  -66.595  17.637 0.6999999881
10192  3.357  -66.182  17.585 0.6000000238
10203  3.864  -65.993  16.890 0.6000000238
10204  3.537  -66.074  17.132 0.6000000238
10218  9.426  -66.559  14.506 0.5000000000
10219  8.917  -66.354  14.095 0.5000000000
10236  8.011  -66.349  13.128 0.5000000000
10253  8.536  -66.027  12.589 0.5000000000
10255  6.785  -66.353  12.141 0.6000000238
10271  8.571  -66.021  11.186 0.5000000000
10290  8.983  -66.353  10.779 0.5000000000
10297  0.313  -66.380  10.189 0.5000000000
10312  0.810  -65.814  9.346 0.5000000000
10336  2.475  -65.580  8.578 0.6999999881
10353  4.379  -67.153  7.246 0.6000000238
10814  2.562  -65.565  19.814 0.5000000000
10832  4.627  -65.954  17.022 0.5000000000
10903  7.127  -65.750  10.224 0.5000000000
10908  1.934  -64.842  9.772 0.6000000238
10924  3.809  -64.983  9.052 0.5000000000
10926  1.354  -65.168  9.514 0.6000000238
10937  7.254  -66.132  9.111 0.5000000000
10938  6.315  -66.016  8.802 0.6000000238
10941  3.034  -65.197  8.655 0.5000000000
11442  2.340  -64.322  19.507 0.5000000000
11453  2.602  -64.881  18.619 0.6000000238
11478  1.793  -64.214  16.495 0.6000000238
11486  3.257  -63.818  15.008 0.5000000000
11498  2.077  -64.348  14.949 0.5000000000
12052  7.285  -63.405  21.200 0.6000000238
12053  6.619  -63.377  21.307 0.6000000238
12074  6.144  -63.192  20.128 0.6000000238
12111  0.545  -62.484  16.019 0.5000000000
12124  1.136  -63.327  15.236 0.5000000000
12134  2.818  -63.437  14.538 0.5000000000
12135  2.167  -63.468  14.308 0.5000000000
12136  1.753  -63.323  14.322 0.6000000238
12142  1.983  -62.722  13.830 0.5000000000
12691  7.290  -62.142  24.230 0.6000000238
12692  6.449  -62.295  24.472 0.6000000238
12693  5.699  -62.559  24.717 0.6000000238
12703  8.222  -62.183  22.887 0.6000000238
12739  8.527  -62.650  21.641 0.8000000119
12741  6.403  -63.175  22.152 0.6000000238
12754  8.329  -62.811  21.061 0.6999999881
12755  7.692  -63.116  20.771 0.6999999881
12757  4.680  -62.364  20.740 0.6000000238
12771  6.395  -62.949  19.778 0.6999999881
12807  -0.295  -61.159  17.399 0.5000000000
12822  0.089  -61.585  15.636 0.6999999881
12847  0.968  -61.944  14.353 0.6000000238
13356  8.784  -61.733  22.413 0.6000000238
13368  4.117  -61.641  21.250 0.5000000000
13382  8.136  -62.426  20.440 0.8000000119
13393  7.671  -61.879  19.641 0.8000000119
13411  5.256  -61.959  18.318 0.8000000119
13415  -0.419  -60.516  18.144 0.5000000000
13476  0.491  -61.332  14.782 0.6000000238
14024  8.041  -60.931  23.943 0.6999999881
14028  8.115  -60.364  22.979 0.6999999881
14046  9.376  -61.228  20.571 0.6999999881
14048  1.187  -59.197  20.557 0.5000000000
14081  -0.450  -59.545  18.595 0.5000000000
14091  7.268  -60.206  17.857 0.6999999881
14094  3.237  -60.509  16.554 0.6999999881
14095  2.476  -60.337  16.834 0.6999999881
14114  0.449  -60.122  16.445 0.6000000238
14127  0.943  -60.242  15.443 0.8000000119
14142  1.993  -60.124  13.840 0.6999999881
14143  1.221  -60.423  14.422 0.6999999881
14159  3.102  -60.189  12.819 0.5000000000
14161  1.633  -60.779  13.560 0.6999999881
14711  7.138  -59.724  24.378 0.6999999881
14718  9.792  -59.730  22.568 0.6999999881
14724  10.508  -59.391  21.952 0.5000000000
14730  10.412  -59.261  20.961 0.5000000000
14757  9.264  -58.988  18.902 0.4000000060
14772  6.885  -59.545  16.799 0.6000000238
14784  6.747  -59.163  16.158 0.6000000238
14799  3.456  -59.560  14.360 0.5000000000
14814  3.216  -59.589  13.728 0.5000000000
14825  3.415  -59.628  13.077 0.5000000000
15407  11.397  -58.392  22.215 0.4000000060
15408  10.734  -58.410  22.745 0.4000000060
15411  7.449  -58.575  22.334 0.6999999881
15424  10.163  -58.888  20.026 0.5000000000
15457  9.414  -58.265  17.798 0.3000000119
15473  7.823  -58.404  16.296 0.4000000060
15488  6.001  -58.891  14.912 0.5000000000
15500  7.038  -58.156  14.734 0.4000000060
16809  4.895  -57.435  20.276 0.6000000238
17496  3.717  -56.463  19.180 0.6000000238
17502  4.095  -56.306  18.598 0.6999999881
18188  3.577  -54.872  17.862 0.6000000238
18954  3.197  -54.090  17.783 0.5000000000
18973  4.537  -53.631  17.806 0.5000000000
19755  4.446  -53.010  17.544 0.5000000000
20549  4.072  -51.472  17.949 0.5000000000
20571  3.886  -52.475  17.697 0.6000000238
21401  5.357  -50.059  17.972 0.4000000060
21424  5.565  -51.089  17.228 0.4000000060
23139  6.068  -48.290  18.766 0.4000000060
24780  8.047  -46.349  22.496 0.3000000119
114984  12.506  -84.360  8.866 0.3000000119
114990  11.060  -82.836  5.185 0.4000000060
115550  12.091  -84.137  8.510 0.3000000119
115606  11.715  -83.460  6.328 0.4000000060
115645  12.848  -84.375  7.934 0.4000000060
115658  12.095  -83.342  5.956 0.5000000000
115671  13.265  -84.426  8.069 0.4000000060
115736  12.286  -83.622  6.895 0.4000000060
116191  13.245  -82.579  11.361 0.3000000119
117416  0.911  -69.788  11.181 0.6000000238
117635  3.951  -85.777  22.837 0.5000000000
117762  14.628  -85.599  17.855 0.4000000060
118146  7.660  -89.487  25.299 0.4000000060
118394  7.331  -71.035  8.578 0.6999999881
118849  15.623  -76.490  10.217 0.6000000238
119137  15.885  -86.034  21.313 0.5000000000
119461  12.556  -88.375  22.301 0.4000000060
120027  4.614  -90.193  25.740 0.4000000060
120044  13.256  -78.826  8.645 0.6000000238
120056  10.133  -60.048  20.829 0.5000000000
120140  17.141  -84.745  16.304 0.3000000119
120363  6.506  -85.297  21.658 0.5000000000
120404  10.693  -84.373  20.590 0.4000000060
120437  19.836  -84.548  17.067 0.3000000119
121045  9.047  -76.358  13.553 0.8000000119
121122  0.958  -59.194  18.594 0.5000000000
121470  11.359  -82.275  25.467 0.3000000119
121475  14.347  -85.771  13.579 0.3000000119
121640  16.016  -85.160  22.067 0.5000000000
122161  1.681  -63.807  14.744 0.5000000000
122259  16.051  -86.041  20.944 0.4000000060
122468  2.919  -66.311  19.470 0.6000000238
122640  4.726  -59.611  15.267 0.6000000238
122742  1.741  -67.030  9.075 0.5000000000
122840  4.672  -69.163  18.836 0.6000000238
123004  5.940  -84.780  25.109 0.3000000119
123064  20.529  -81.197  7.791 0.4000000060
123096  11.661  -70.361  10.202 0.6000000238
123304  9.354  -84.395  21.303 0.4000000060
123573  4.083  -90.428  24.281 0.4000000060
123727  2.651  -65.383  16.802 0.6000000238
124029  13.198  -84.237  7.745 0.5000000000
124208  26.539  -82.620  23.454 0.3000000119
124416  5.236  -62.906  20.285 0.6000000238
124647  5.630  -52.787  17.365 0.5000000000
124767  18.297  -83.043  15.631 0.3000000119
124861  5.817  -68.707  13.607 0.6000000238
124896  16.509  -79.014  10.689 0.8000000119
124923  20.842  -83.096  10.410 0.3000000119
124930  8.729  -65.976  11.903 0.5000000000
125275  15.978  -84.183  10.699 0.4000000060
125404  11.387  -82.475  3.809 0.5000000000
125666  8.082  -73.643  13.549 0.8000000119
125788  17.776  -83.263  8.928 0.5000000000
126074  5.922  -54.474  20.171 0.6000000238
126098  6.591  -70.524  9.958 0.8000000119
126229  8.951  -68.828  17.465 0.5000000000
126319  10.898  -70.242  10.165 0.5000000000
126529  2.228  -73.007  14.759 0.5000000000
126540  8.695  -88.770  25.043 0.3000000119
126709  19.888  -80.357  20.170 0.3000000119
126778  12.630  -83.180  5.915 0.5000000000
126812  14.233  -87.418  19.784 0.4000000060
126817  16.092  -83.677  18.726 0.4000000060
127601  13.816  -80.180  5.731 0.6999999881
128021  14.701  -81.505  15.524 0.3000000119
128138  2.396  -87.278  24.811 0.5000000000
128269  11.386  -77.347  6.861 0.4000000060
128663  5.740  -67.258  17.902 0.5000000000
128836  16.365  -82.140  12.083 0.5000000000
129208  2.048  -86.260  25.576 0.4000000060
129553  8.679  -71.410  11.669 0.6999999881
129564  12.727  -88.245  20.171 0.4000000060
129832  5.964  -86.580  27.693 0.3000000119
129889  5.010  -89.748  26.096 0.4000000060
129908  6.157  -89.777  25.913 0.4000000060
129970  17.915  -83.702  22.043 0.3000000119
130571  10.709  -88.570  24.618 0.3000000119
130946  9.222  -70.893  11.691 0.6999999881
131240  17.744  -81.920  21.866 0.3000000119
131671  11.776  -83.578  6.800 0.4000000060
131723  11.994  -84.068  8.014 0.4000000060
131815  11.372  -83.201  5.755 0.4000000060
131847  12.469  -84.194  7.812 0.3000000119
131848  13.115  -84.497  8.250 0.4000000060
132335  -0.208  -68.321  9.483 0.5000000000
132371  19.485  -83.626  10.808 0.5000000000
132405  12.789  -72.909  15.198 0.5000000000
133123  -0.232  -60.912  15.971 0.6000000238
133413  2.701  -64.537  15.310 0.5000000000
133540  7.206  -87.244  23.759 0.4000000060
133984  20.109  -81.830  8.039 0.4000000060
134056  3.504  -51.734  18.728 0.6000000238
134452  9.483  -71.461  13.155 0.6000000238
134469  6.358  -70.490  6.989 0.6999999881
135044  7.775  -65.842  10.828 0.6000000238
135314  10.035  -88.568  24.709 0.3000000119
135668  12.182  -83.804  19.638 0.3000000119
136168  17.494  -84.199  22.041 0.3000000119
136286  14.192  -75.770  13.942 0.6999999881
136308  17.522  -83.120  22.184 0.3000000119
136445  9.090  -66.107  13.037 0.5000000000
136517  4.695  -56.849  23.231 0.5000000000
136650  20.661  -83.952  12.779 0.4000000060
137204  2.255  -72.249  13.531 0.6000000238
137221  4.750  -56.469  19.095 0.6999999881
137718  5.696  -71.994  12.071 0.6999999881
137822  4.020  -85.497  25.372 0.5000000000
138354  0.280  -58.877  18.850 0.5000000000
138408  8.768  -55.601  22.865 0.3000000119
138482  13.362  -84.517  8.495 0.4000000060
138549  12.053  -77.813  11.213 0.6000000238
138570  14.816  -80.490  8.369 0.8000000119
138820  6.239  -60.659  17.639 0.6999999881
138850  10.626  -76.018  14.045 0.6999999881
138855  18.067  -83.845  11.178 0.4000000060
139030  16.240  -80.930  14.465 0.4000000060
139035  2.832  -60.145  20.498 0.5000000000
140104  16.864  -77.304  8.367 0.6000000238
140165  20.805  -84.425  16.829 0.3000000119
140212  15.216  -86.690  19.828 0.5000000000
140224  9.525  -56.091  23.335 0.3000000119
140426  5.221  -53.215  17.711 0.5000000000
140442  3.017  -64.848  9.224 0.6000000238
