#!ascii label  , from subject sub-v2s12x28872_ses-1 vox2ras=TkReg
1034
10600  36.556  -49.782  8.055 0.3000000119
115587  30.154  -43.047  0.575 0.6000000238
18711  36.319  -40.701  0.180 0.6999999881
19700  35.808  -40.201  0.714 0.6999999881
9853  36.265  -50.365  8.952 0.4000000060
113624  30.813  -49.493  4.564 0.4000000060
10624  36.409  -49.416  7.149 0.5000000000
10623  37.224  -49.471  7.263 0.5000000000
129128  30.856  -43.663  0.472 0.6999999881
17709  32.469  -41.781  0.179 0.6999999881
16681  32.139  -42.707  0.278 0.5000000000
17720  35.048  -41.657  -0.254 0.6000000238
18725  35.893  -41.283  -0.165 0.6000000238
18723  37.861  -41.411  -0.412 0.6999999881
19698  37.722  -40.186  0.610 0.6999999881
112605  35.032  -49.481  6.902 0.5000000000
10680  31.492  -50.298  3.841 0.4000000060
10625  35.715  -49.508  7.460 0.6000000238
12119  29.488  -48.159  2.815 0.4000000060
12889  29.402  -47.040  1.657 0.5000000000
117584  35.127  -49.656  6.126 0.6000000238
13702  29.317  -46.206  1.302 0.6000000238
13706  29.426  -45.616  0.921 0.6000000238
10665  35.631  -49.882  5.204 0.6000000238
126129  30.680  -44.453  0.516 0.6000000238
125168  34.611  -42.344  -0.281 0.6000000238
17719  35.878  -42.132  -0.392 0.6000000238
16684  39.305  -42.017  -0.548 0.6999999881
18724  36.900  -41.315  -0.284 0.6999999881
18722  38.842  -41.472  -0.564 0.6999999881
18709  38.261  -40.798  -0.169 0.6999999881
19697  38.737  -40.148  0.436 0.6999999881
18721  40.451  -40.883  -0.672 0.6999999881
125916  40.162  -40.620  -0.610 0.6999999881
19695  40.590  -39.779  -0.482 0.6999999881
18719  41.877  -40.172  -0.379 0.6999999881
113582  34.284  -49.443  7.184 0.5000000000
10668  33.065  -50.143  5.406 0.5000000000
126701  32.279  -50.002  5.278 0.5000000000
126277  29.721  -48.921  2.601 0.4000000060
10652  34.418  -49.684  6.303 0.5000000000
12128  29.631  -47.558  1.472 0.5000000000
13705  30.222  -45.916  0.659 0.6000000238
9898  35.329  -50.462  4.064 0.6000000238
9899  34.488  -50.622  4.149 0.5000000000
9925  34.002  -51.161  2.412 0.5000000000
15651  32.884  -43.904  0.277 0.6999999881
16689  34.612  -43.242  -0.195 0.6000000238
16691  33.138  -42.780  0.049 0.6999999881
16686  37.926  -42.838  -0.417 0.6000000238
16688  36.408  -42.966  -0.417 0.6000000238
16672  39.898  -42.086  -0.306 0.6000000238
17717  37.504  -42.116  -0.533 0.6000000238
17708  40.400  -41.648  -0.258 0.6000000238
17713  40.727  -41.131  -0.508 0.6999999881
18706  42.540  -40.610  0.631 0.6000000238
19708  41.469  -39.805  -0.744 0.6999999881
20713  41.765  -39.110  -0.714 0.6999999881
18707  41.529  -40.818  -0.014 0.6999999881
113463  30.720  -49.900  3.393 0.4000000060
10667  33.935  -50.199  5.384 0.5000000000
9901  32.214  -50.547  4.217 0.4000000060
11413  29.809  -48.398  1.562 0.5000000000
121689  29.651  -46.558  0.966 0.6000000238
9914  32.909  -51.217  3.372 0.4000000060
123161  31.057  -45.354  0.561 0.6000000238
9900  33.557  -50.776  4.096 0.4000000060
9927  32.138  -51.427  1.963 0.4000000060
9926  32.962  -51.527  2.242 0.4000000060
127896  31.910  -51.024  1.616 0.4000000060
132432  32.347  -44.287  0.400 0.6999999881
124686  33.909  -43.410  -0.007 0.6000000238
122237  36.162  -43.732  -0.131 0.6000000238
16680  39.242  -42.537  -0.090 0.6000000238
15646  38.010  -43.315  -0.122 0.6000000238
17702  40.436  -41.955  0.326 0.6000000238
20714  41.312  -39.084  -0.548 0.6999999881
20712  42.513  -38.561  -0.593 0.6999999881
19693  43.914  -39.707  0.781 0.6000000238
19706  43.111  -39.048  -0.018 0.6000000238
10693  31.475  -50.809  2.605 0.4000000060
10704  30.713  -49.972  1.556 0.4000000060
13703  32.188  -45.490  0.774 0.6999999881
9952  31.415  -50.669  1.603 0.4000000060
14660  33.380  -44.714  0.634 0.8000000119
9940  33.457  -51.132  2.068 0.5000000000
15650  34.559  -44.004  0.064 0.6999999881
15648  36.675  -43.831  0.095 0.6000000238
16673  39.844  -42.362  0.439 0.5000000000
15640  37.873  -43.420  0.305 0.6000000238
21704  41.252  -38.129  -0.150 0.6999999881
17687  44.129  -40.704  2.129 0.6000000238
17706  42.204  -41.163  0.952 0.6000000238
111389  42.214  -38.030  -0.773 0.8000000119
18701  44.385  -40.510  1.811 0.6000000238
18705  43.633  -40.417  1.147 0.6000000238
110665  30.497  -47.406  1.265 0.5000000000
12892  30.020  -47.143  1.045 0.6000000238
12127  30.524  -48.631  1.473 0.5000000000
12118  31.388  -47.598  2.500 0.6999999881
11409  31.251  -49.323  1.500 0.4000000060
14659  34.529  -44.324  0.391 0.6999999881
15649  35.891  -44.074  0.236 0.6999999881
16674  39.061  -42.659  0.752 0.6000000238
15641  37.162  -43.585  0.451 0.6000000238
127296  40.349  -42.113  1.038 0.6000000238
21703  41.721  -37.674  -0.625 0.6000000238
17700  42.652  -41.157  1.652 0.6000000238
20711  43.394  -38.315  -0.262 0.6999999881
111715  43.111  -37.680  -0.697 0.6999999881
19680  45.902  -39.565  1.951 0.6999999881
19691  45.572  -38.862  1.266 0.6999999881
20706  45.099  -38.192  0.505 0.6999999881
13701  31.220  -46.597  1.156 0.5000000000
125529  31.870  -46.013  0.989 0.6000000238
13704  31.252  -46.117  0.798 0.6000000238
116872  31.520  -46.359  1.962 0.6999999881
12888  31.210  -47.060  1.945 0.6000000238
13699  32.970  -45.148  0.836 0.6999999881
13697  31.514  -45.614  2.793 0.6999999881
11401  31.724  -48.622  2.384 0.6999999881
125868  34.597  -44.488  0.882 0.6999999881
15643  35.594  -44.044  0.882 0.6999999881
17704  39.051  -42.177  1.610 0.5000000000
16675  37.702  -43.255  1.002 0.6000000238
125491  40.540  -36.411  -0.004 0.5000000000
18695  41.967  -40.916  2.806 0.6000000238
17691  40.464  -41.677  1.906 0.6000000238
113313  41.713  -36.852  -0.745 0.6000000238
121597  41.066  -36.254  -0.467 0.5000000000
131273  44.489  -40.415  2.406 0.6000000238
17689  42.427  -41.231  2.102 0.6000000238
21700  44.774  -36.952  -0.508 0.6000000238
21701  43.341  -36.794  -1.020 0.5000000000
22696  43.916  -36.094  -1.351 0.5000000000
19670  45.122  -40.035  2.366 0.6999999881
113541  45.513  -39.969  2.058 0.6999999881
20698  46.256  -38.733  1.698 0.6999999881
130546  46.057  -37.320  0.379 0.6999999881
113089  45.672  -36.764  -0.347 0.5000000000
20697  46.431  -38.581  2.009 0.6999999881
22679  47.111  -36.396  0.404 0.6000000238
13700  32.601  -45.545  1.018 0.6000000238
13696  31.854  -45.740  1.838 0.6999999881
14651  33.278  -44.936  1.228 0.6000000238
15638  32.007  -44.248  2.633 0.6999999881
15644  34.097  -44.602  1.086 0.6999999881
16666  37.275  -42.478  1.680 0.6999999881
16677  35.984  -43.414  1.337 0.6999999881
17693  38.603  -41.675  2.202 0.6000000238
22692  40.408  -35.742  -0.275 0.4000000060
17692  39.502  -41.679  2.135 0.5000000000
22698  42.466  -35.824  -1.360 0.4000000060
18675  44.242  -40.246  2.835 0.6000000238
18694  42.917  -40.769  2.745 0.6000000238
22689  45.248  -36.237  -1.073 0.5000000000
117756  44.317  -36.488  -0.985 0.5000000000
21699  46.481  -36.629  0.008 0.5000000000
22688  46.152  -35.984  -0.983 0.4000000060
20681  46.371  -39.000  2.174 0.6000000238
21685  47.052  -36.862  1.206 0.6999999881
20704  46.654  -37.550  0.986 0.6000000238
22686  47.599  -35.632  -0.292 0.5000000000
15637  32.754  -44.139  2.092 0.6000000238
15636  33.608  -44.053  1.676 0.6999999881
15635  34.331  -43.837  1.546 0.6999999881
16659  33.421  -42.181  2.885 0.6999999881
16670  33.201  -43.150  2.390 0.6999999881
16678  35.100  -43.554  1.469 0.6000000238
16667  36.341  -42.488  1.803 0.6000000238
18678  40.636  -40.540  3.552 0.6000000238
17675  39.076  -41.094  2.837 0.5000000000
18696  41.011  -41.028  2.759 0.6000000238
19661  43.758  -39.979  3.230 0.6000000238
18676  43.378  -40.275  3.175 0.6000000238
22695  44.714  -35.728  -1.576 0.5000000000
23703  43.946  -35.188  -1.812 0.4000000060
20682  46.108  -39.065  2.336 0.6000000238
22694  45.734  -35.273  -1.874 0.4000000060
21686  46.503  -37.624  1.734 0.6000000238
22678  47.448  -35.964  0.635 0.5000000000
16669  34.277  -42.758  2.185 0.6999999881
16668  35.392  -42.564  1.934 0.6000000238
17680  34.508  -41.266  3.247 0.6999999881
17696  35.847  -41.726  2.463 0.6000000238
17695  36.787  -41.697  2.357 0.6000000238
17681  33.703  -41.469  3.380 0.6999999881
18660  41.374  -39.979  4.157 0.6000000238
18679  39.634  -40.557  3.539 0.6000000238
18677  42.323  -40.268  3.565 0.6000000238
20670  43.514  -39.375  3.240 0.5000000000
20683  45.047  -38.989  2.589 0.6000000238
115051  46.549  -37.619  1.745 0.6000000238
126245  47.693  -35.561  0.542 0.5000000000
18683  35.792  -40.495  3.700 0.6999999881
17678  36.364  -40.957  3.053 0.6999999881
18680  38.673  -40.560  3.487 0.6000000238
18661  40.256  -39.983  4.323 0.5000000000
19647  42.067  -39.096  4.178 0.6000000238
20684  43.279  -38.586  2.865 0.6000000238
21688  44.714  -37.377  1.932 0.6000000238
23659  47.288  -36.305  1.087 0.5000000000
130451  35.989  -50.409  2.340 0.5000000000
11399  34.043  -50.089  2.314 0.5000000000
11383  34.578  -49.201  3.206 0.5000000000
11385  32.330  -48.247  3.554 0.6999999881
12107  32.216  -47.347  4.296 0.6999999881
11384  33.346  -48.787  3.515 0.5000000000
128921  32.869  -47.921  4.336 0.5000000000
118136  31.497  -45.816  3.621 0.6999999881
12869  31.685  -46.614  4.035 0.6999999881
15629  31.690  -43.951  3.462 0.6999999881
127551  37.190  -50.558  8.826 0.3000000119
18710  37.266  -40.744  0.032 0.6999999881
17721  34.123  -41.622  -0.152 0.6000000238
18708  39.260  -40.782  -0.419 0.6999999881
120820  39.974  -39.155  0.596 0.6999999881
10692  32.190  -50.043  1.644 0.6000000238
116458  40.972  -41.720  1.168 0.6000000238
20707  44.316  -38.767  0.487 0.6999999881
21702  42.613  -37.325  -0.911 0.6000000238
21696  45.304  -37.475  0.145 0.6999999881
124893  43.930  -37.110  -0.661 0.6000000238
20705  46.009  -38.114  0.858 0.6999999881
22690  42.439  -36.641  -1.099 0.5000000000
23689  41.726  -35.889  -1.042 0.5000000000
17694  37.704  -41.706  2.244 0.5000000000
17697  34.908  -41.828  2.600 0.6999999881
17676  38.152  -41.075  2.836 0.5000000000
122658  44.105  -38.995  2.817 0.6000000238
21687  45.858  -37.580  2.025 0.6000000238
17677  37.275  -41.055  2.869 0.6000000238
19663  42.037  -39.633  4.082 0.6000000238
18681  37.761  -40.560  3.447 0.5000000000
115851  32.856  -46.317  5.470 0.6000000238
15572  32.541  -43.502  7.921 0.6000000238
16614  32.177  -42.850  8.321 0.4000000060
14609  31.866  -43.997  6.120 0.5000000000
13665  31.916  -45.265  5.195 0.6000000238
125312  29.426  -45.638  2.762 0.5000000000
16615  31.783  -42.137  8.842 0.4000000060
14657  29.360  -44.725  1.006 0.5000000000
15645  29.397  -43.770  1.198 0.5000000000
14608  32.538  -44.438  6.688 0.5000000000
17616  31.462  -40.840  9.752 0.4000000060
15654  29.521  -44.017  0.877 0.5000000000
17711  30.646  -41.637  0.582 0.5000000000
15573  31.954  -43.045  7.459 0.6000000238
16682  30.974  -42.627  0.431 0.5000000000
115703  31.650  -43.298  5.906 0.5000000000
116025  31.590  -45.057  4.416 0.6000000238
18559  31.465  -40.726  11.297 0.4000000060
17546  31.591  -40.941  12.224 0.4000000060
16626  31.740  -42.327  7.859 0.4000000060
18703  30.365  -40.522  1.419 0.5000000000
15592  31.782  -43.223  6.628 0.5000000000
18716  31.261  -40.858  0.506 0.5000000000
19703  32.347  -40.054  0.781 0.5000000000
15607  31.613  -43.707  5.228 0.6000000238
15617  31.647  -43.363  4.397 0.6000000238
14640  31.511  -44.859  3.540 0.6000000238
18727  33.541  -40.992  0.086 0.5000000000
19702  33.264  -40.042  0.837 0.5000000000
19689  31.783  -39.690  1.309 0.4000000060
17663  31.734  -41.946  5.644 0.5000000000
16636  31.634  -42.612  6.162 0.5000000000
16647  31.911  -42.049  4.811 0.6000000238
17668  32.515  -41.488  4.358 0.6000000238
16653  32.180  -42.201  4.006 0.6000000238
17667  33.287  -41.108  4.026 0.6000000238
16661  31.899  -42.982  3.734 0.6000000238
17629  31.531  -41.284  8.990 0.4000000060
18587  31.434  -40.405  10.492 0.4000000060
19701  34.276  -40.019  0.875 0.5000000000
19687  33.588  -39.636  1.412 0.5000000000
19672  33.059  -39.298  2.089 0.4000000060
123823  34.686  -40.544  0.367 0.6000000238
19673  32.126  -39.264  2.036 0.4000000060
18642  31.742  -40.995  6.873 0.6000000238
18654  32.603  -40.572  5.583 0.6000000238
117555  33.347  -40.389  5.119 0.6000000238
18667  33.789  -40.534  4.467 0.6000000238
19525  31.495  -39.463  12.512 0.4000000060
19685  35.186  -39.758  1.269 0.5000000000
19686  34.880  -39.256  2.073 0.4000000060
20674  34.023  -38.215  3.356 0.4000000060
18630  31.637  -40.840  7.733 0.6000000238
130675  31.546  -40.821  8.436 0.4000000060
19624  32.742  -39.787  6.789 0.6000000238
17640  31.615  -41.685  7.356 0.6000000238
17653  31.890  -41.156  6.005 0.5000000000
19640  33.984  -39.657  5.892 0.6000000238
18640  32.849  -40.084  6.164 0.5000000000
130102  34.321  -40.536  4.109 0.6000000238
19511  31.764  -39.525  13.161 0.4000000060
18604  31.502  -39.992  9.759 0.4000000060
19684  36.230  -39.688  1.319 0.6000000238
119692  35.439  -38.637  2.665 0.5000000000
20673  35.054  -38.103  3.349 0.5000000000
21667  33.456  -37.733  3.880 0.5000000000
19604  32.109  -39.213  8.811 0.4000000060
112960  31.685  -39.732  9.121 0.4000000060
20629  32.795  -38.968  8.242 0.5000000000
19613  33.547  -39.296  7.046 0.5000000000
19622  34.289  -39.247  6.541 0.5000000000
18652  34.102  -39.981  5.170 0.6000000238
19655  34.993  -39.762  5.012 0.6000000238
18684  34.845  -40.613  3.787 0.6000000238
21556  31.996  -37.475  11.606 0.4000000060
128196  31.534  -38.600  11.492 0.4000000060
21547  31.969  -37.535  12.618 0.4000000060
21532  31.913  -38.126  13.127 0.4000000060
19681  39.173  -39.367  1.029 0.6000000238
21573  32.256  -37.626  10.687 0.4000000060
20579  31.597  -38.830  10.730 0.4000000060
20688  37.279  -38.324  2.408 0.6000000238
21680  35.970  -37.966  3.166 0.5000000000
21665  35.560  -37.369  3.632 0.4000000060
20600  32.353  -38.554  9.448 0.4000000060
19614  32.787  -39.383  7.532 0.5000000000
19621  35.157  -39.017  6.404 0.5000000000
19638  35.592  -39.298  5.670 0.6000000238
18666  35.365  -40.107  4.342 0.6000000238
18665  36.297  -39.917  4.360 0.6000000238
123149  32.659  -36.299  12.539 0.4000000060
20699  39.470  -38.534  1.251 0.6000000238
20701  37.701  -38.876  1.873 0.6000000238
21678  37.681  -37.643  2.430 0.5000000000
127783  35.781  -36.087  3.878 0.5000000000
21572  32.866  -37.147  10.276 0.4000000060
20599  33.053  -38.122  9.180 0.4000000060
20614  33.392  -38.413  8.528 0.5000000000
20626  35.357  -38.311  7.451 0.5000000000
19654  36.342  -39.398  5.219 0.5000000000
22534  32.475  -36.796  12.917 0.4000000060
21691  39.094  -37.909  1.608 0.6000000238
22654  37.993  -37.077  2.250 0.5000000000
22656  36.723  -36.622  3.101 0.5000000000
20613  34.213  -38.184  8.272 0.5000000000
20642  35.524  -38.628  6.922 0.4000000060
20641  36.838  -38.565  6.466 0.4000000060
19653  37.140  -39.520  4.914 0.4000000060
19652  38.032  -39.628  4.771 0.6000000238
18662  39.226  -40.122  4.178 0.4000000060
23503  33.497  -35.569  13.321 0.4000000060
119022  32.795  -36.155  11.681 0.4000000060
20709  40.087  -38.383  0.819 0.6000000238
22552  33.084  -36.425  10.686 0.4000000060
21697  40.535  -37.813  0.488 0.5000000000
20686  38.417  -37.622  1.968 0.5000000000
22670  37.845  -36.333  2.072 0.5000000000
23653  36.674  -35.620  2.824 0.4000000060
22669  38.411  -36.686  1.757 0.4000000060
21604  35.367  -37.241  8.363 0.5000000000
21619  35.771  -37.712  7.764 0.5000000000
21618  36.499  -37.463  7.543 0.6000000238
20654  37.690  -38.672  6.133 0.4000000060
19636  37.861  -39.174  5.505 0.4000000060
19634  39.493  -39.202  5.174 0.4000000060
20639  38.259  -38.148  6.338 0.5000000000
22680  40.237  -36.933  0.489 0.5000000000
22681  39.511  -36.587  0.860 0.6000000238
114847  39.943  -36.104  0.266 0.4000000060
20651  40.091  -38.576  5.383 0.5000000000
19633  40.259  -39.277  4.962 0.5000000000
22611  38.197  -36.809  6.868 0.5000000000
21630  37.642  -37.351  6.993 0.5000000000
21642  38.998  -37.955  6.154 0.5000000000
20652  39.272  -38.606  5.644 0.5000000000
23523  33.279  -35.439  11.773 0.4000000060
21689  43.469  -37.251  1.865 0.5000000000
20663  41.520  -38.496  4.512 0.4000000060
20664  40.925  -38.651  5.006 0.5000000000
117080  39.553  -37.200  6.064 0.5000000000
21629  38.802  -37.136  6.472 0.5000000000
23691  39.706  -35.347  -0.086 0.4000000060
21676  42.974  -37.822  2.346 0.4000000060
21677  42.185  -37.499  2.617 0.4000000060
20685  42.578  -38.133  2.943 0.5000000000
20672  41.938  -38.455  4.061 0.5000000000
21641  40.502  -37.825  5.369 0.5000000000
21652  41.086  -37.764  4.837 0.5000000000
128723  40.119  -37.263  5.640 0.5000000000
22622  40.560  -36.940  5.134 0.5000000000
22633  40.986  -37.082  4.259 0.4000000060
18713  33.846  -40.493  0.419 0.5000000000
19699  36.732  -40.196  0.690 0.6000000238
119966  32.000  -41.106  0.262 0.6000000238
19683  37.225  -39.595  1.335 0.6000000238
13698  29.293  -45.513  1.830 0.5000000000
22691  41.027  -37.142  -0.114 0.5000000000
18664  37.284  -40.065  4.056 0.6000000238
19651  38.896  -39.660  4.708 0.4000000060
19705  30.866  -40.408  0.883 0.5000000000
18715  32.104  -40.575  0.438 0.5000000000
18714  32.952  -40.519  0.446 0.5000000000
132079  34.369  -39.593  1.490 0.4000000060
20691  33.512  -38.788  2.716 0.4000000060
18629  32.019  -40.117  7.356 0.6000000238
20703  35.817  -39.213  2.031 0.6000000238
20690  34.475  -38.713  2.698 0.4000000060
20578  32.005  -38.342  10.244 0.4000000060
19682  38.211  -39.487  1.252 0.6000000238
20702  36.784  -39.066  1.988 0.6000000238
20689  36.388  -38.492  2.589 0.5000000000
21666  34.548  -37.426  3.967 0.5000000000
22646  36.006  -36.677  3.603 0.5000000000
20687  37.966  -38.211  2.145 0.5000000000
21664  36.250  -37.277  3.332 0.5000000000
22655  37.448  -36.915  2.636 0.5000000000
20655  35.945  -38.792  6.435 0.5000000000
21605  34.582  -37.529  8.624 0.5000000000
21698  39.731  -37.619  1.084 0.6000000238
19635  38.685  -39.201  5.323 0.3000000119
22644  41.448  -37.150  3.244 0.4000000060
129396  29.339  -54.507  11.365 0.3000000119
6561  29.583  -55.408  10.255 0.3000000119
125130  30.078  -54.889  10.953 0.3000000119
5920  30.899  -56.127  9.692 0.3000000119
6560  30.534  -55.553  10.254 0.3000000119
112855  31.321  -55.815  10.118 0.3000000119
5934  32.645  -56.915  9.144 0.3000000119
5918  32.802  -56.438  9.702 0.3000000119
7195  32.804  -54.363  11.602 0.3000000119
6543  32.379  -55.160  10.898 0.3000000119
6558  33.039  -55.883  10.293 0.3000000119
5933  33.437  -56.933  9.200 0.3000000119
6542  33.350  -55.177  10.940 0.3000000119
7192  35.621  -54.482  11.682 0.3000000119
6541  34.295  -55.180  10.945 0.3000000119
6557  33.968  -55.890  10.301 0.4000000060
5916  34.594  -56.468  9.763 0.4000000060
5931  35.136  -56.735  9.212 0.4000000060
5951  35.287  -56.787  8.476 0.3000000119
6538  36.995  -55.288  11.021 0.3000000119
6539  36.116  -55.255  10.999 0.4000000060
5914  36.033  -56.197  9.900 0.4000000060
5915  35.409  -56.356  9.826 0.4000000060
7190  37.547  -54.681  11.883 0.3000000119
115249  36.286  -56.332  8.954 0.4000000060
7166  39.195  -54.581  12.527 0.4000000060
7189  38.513  -54.777  11.677 0.4000000060
5950  35.959  -56.388  8.149 0.4000000060
114143  37.191  -55.620  7.361 0.3000000119
6537  37.869  -55.215  10.946 0.4000000060
6553  37.222  -55.660  10.211 0.4000000060
7188  39.190  -54.607  11.621 0.4000000060
6587  38.089  -55.214  8.893 0.5000000000
6573  37.325  -55.718  9.380 0.4000000060
116296  36.645  -49.619  4.935 0.5000000000
7187  39.849  -54.255  12.150 0.4000000060
6588  37.330  -55.685  8.475 0.4000000060
122784  38.168  -50.938  8.724 0.3000000119
114391  38.303  -49.586  7.317 0.4000000060
7909  38.786  -53.208  5.717 0.3000000119
118902  29.313  -46.346  2.122 0.4000000060
12880  29.457  -46.280  3.556 0.4000000060
9939  34.588  -50.933  2.373 0.4000000060
9938  35.378  -50.767  2.454 0.4000000060
9924  34.975  -50.980  2.482 0.4000000060
115895  39.509  -54.307  11.133 0.4000000060
7212  38.725  -54.830  10.758 0.3000000119
7225  38.658  -54.807  9.702 0.5000000000
9923  35.624  -50.771  2.489 0.4000000060
10679  36.154  -50.318  3.661 0.4000000060
7841  40.135  -53.778  11.421 0.4000000060
9868  37.692  -50.043  8.140 0.4000000060
7234  38.626  -54.695  7.948 0.4000000060
128613  37.913  -49.139  6.284 0.5000000000
6602  37.944  -55.182  7.616 0.5000000000
10622  39.534  -49.752  7.224 0.4000000060
9867  38.764  -50.377  8.030 0.4000000060
7272  38.841  -53.762  6.230 0.3000000119
9851  38.990  -51.210  8.291 0.4000000060
114410  29.433  -44.866  2.679 0.4000000060
11400  32.777  -49.466  2.536 0.4000000060
7211  39.286  -54.371  10.235 0.4000000060
9911  36.215  -50.528  2.567 0.4000000060
10678  37.053  -50.183  3.024 0.5000000000
7851  39.866  -53.808  10.575 0.4000000060
120620  39.670  -53.875  9.793 0.4000000060
10664  37.667  -49.572  4.007 0.5000000000
8463  41.001  -52.657  11.248 0.4000000060
8472  40.920  -52.591  10.362 0.4000000060
7860  40.273  -53.228  9.827 0.4000000060
7861  39.806  -53.572  8.765 0.5000000000
7876  40.272  -52.904  7.598 0.5000000000
10689  36.958  -50.006  2.738 0.4000000060
11380  38.835  -49.420  3.248 0.5000000000
8471  41.596  -51.882  10.800 0.4000000060
7895  39.941  -52.859  6.750 0.5000000000
11357  38.974  -48.891  5.119 0.4000000060
8525  39.623  -52.563  6.399 0.4000000060
119065  40.528  -51.323  7.038 0.4000000060
9168  39.829  -51.563  7.095 0.4000000060
11397  36.614  -50.053  2.517 0.4000000060
11382  35.985  -49.619  2.626 0.3000000119
8492  40.885  -52.467  9.344 0.4000000060
8512  40.862  -52.323  8.127 0.4000000060
10676  38.837  -49.357  2.864 0.4000000060
126443  32.676  -37.928  3.820 0.4000000060
9118  42.424  -50.551  10.219 0.4000000060
9139  42.071  -51.330  9.951 0.4000000060
8511  41.304  -51.657  7.659 0.5000000000
8524  40.574  -52.092  6.893 0.5000000000
11394  39.378  -49.118  2.683 0.5000000000
11368  39.822  -49.052  3.320 0.4000000060
9838  42.508  -49.939  9.611 0.4000000060
9167  40.847  -51.314  7.044 0.4000000060
11356  40.102  -48.729  5.127 0.4000000060
10621  40.647  -49.829  6.779 0.4000000060
11355  41.574  -48.777  5.069 0.4000000060
12106  33.839  -47.934  4.567 0.4000000060
11381  36.916  -49.245  2.701 0.3000000119
9138  42.402  -50.565  9.003 0.4000000060
9154  42.011  -51.014  7.926 0.4000000060
12117  38.024  -48.822  2.755 0.3000000119
9850  42.658  -49.775  8.431 0.4000000060
9863  42.748  -49.534  7.395 0.4000000060
130016  42.121  -50.592  7.350 0.4000000060
9864  41.758  -50.492  6.908 0.5000000000
10578  42.362  -49.521  8.948 0.4000000060
11328  42.572  -48.725  7.606 0.4000000060
10646  42.637  -49.096  5.742 0.4000000060
10647  42.195  -49.309  5.701 0.4000000060
11367  40.606  -48.531  3.846 0.4000000060
12090  32.916  -47.219  4.989 0.4000000060
9882  42.797  -49.346  6.543 0.4000000060
5415  32.029  -58.081  4.307 0.3000000119
7171  34.284  -53.743  12.356 0.3000000119
7169  35.968  -54.004  12.449 0.3000000119
7167  38.390  -54.579  12.576 0.4000000060
8454  41.017  -52.862  12.075 0.4000000060
124072  40.609  -53.242  11.565 0.4000000060
9090  41.975  -51.428  12.436 0.4000000060
9102  42.366  -50.547  11.180 0.4000000060
12104  36.284  -48.327  3.769 0.3000000119
10558  42.276  -49.754  10.083 0.4000000060
12105  35.119  -48.281  4.167 0.4000000060
12103  37.354  -48.174  3.571 0.4000000060
12102  38.352  -47.976  3.444 0.4000000060
118880  42.099  -48.825  8.268 0.4000000060
11327  42.811  -48.653  6.872 0.4000000060
11364  42.749  -48.282  5.609 0.4000000060
11365  42.297  -48.425  5.113 0.4000000060
11377  40.918  -48.285  4.001 0.3000000119
11393  39.650  -48.694  2.816 0.4000000060
110420  41.686  -48.192  7.557 0.4000000060
126564  37.388  -49.288  5.469 0.4000000060
6576  29.121  -55.844  9.566 0.3000000119
127095  31.281  -55.165  10.794 0.3000000119
120192  31.204  -56.599  9.232 0.3000000119
4823  31.576  -58.461  4.308 0.3000000119
4822  32.141  -58.320  4.590 0.3000000119
6559  32.108  -55.842  10.231 0.3000000119
7194  33.774  -54.367  11.624 0.3000000119
5932  34.265  -56.896  9.205 0.4000000060
6540  35.218  -55.192  10.956 0.3000000119
7191  36.522  -54.582  11.767 0.3000000119
6555  35.720  -55.873  10.357 0.4000000060
6574  36.575  -56.073  9.603 0.4000000060
7168  36.783  -54.264  12.553 0.3000000119
7164  40.330  -54.007  13.234 0.4000000060
125220  38.743  -54.661  8.872 0.4000000060
7251  39.147  -54.091  7.094 0.5000000000
8536  39.069  -52.751  5.851 0.3000000119
7233  39.248  -54.210  8.268 0.5000000000
9103  42.092  -51.312  11.516 0.4000000060
9884  41.675  -49.943  6.500 0.4000000060
11366  41.678  -48.471  4.703 0.4000000060
120776  34.952  -45.311  7.042 0.4000000060
12835  34.287  -45.976  6.329 0.4000000060
115098  34.528  -44.533  8.120 0.4000000060
14607  33.363  -44.698  7.135 0.5000000000
13663  33.394  -45.843  6.078 0.4000000060
13664  32.584  -45.542  5.732 0.4000000060
11266  35.663  -48.321  12.735 0.3000000119
11281  35.210  -48.147  11.733 0.3000000119
14552  33.167  -43.844  12.552 0.3000000119
15531  32.763  -43.369  11.015 0.3000000119
16570  31.956  -42.166  11.602 0.3000000119
17596  31.528  -41.235  10.550 0.3000000119
129903  34.416  -46.680  12.251 0.3000000119
13595  33.996  -46.036  11.876 0.3000000119
15493  33.351  -43.296  13.200 0.3000000119
11250  35.916  -47.711  13.656 0.3000000119
12756  34.843  -46.971  12.836 0.3000000119
16569  32.311  -42.542  12.189 0.3000000119
17532  31.862  -41.048  13.001 0.3000000119
13577  34.279  -45.149  13.105 0.3000000119
16535  33.755  -42.548  13.474 0.3000000119
16548  32.394  -42.323  12.831 0.3000000119
127380  35.037  -43.806  13.549 0.3000000119
15492  34.175  -43.581  13.425 0.3000000119
17529  33.994  -41.511  13.575 0.3000000119
130933  35.220  -42.593  13.530 0.3000000119
109992  35.078  -41.157  13.504 0.3000000119
13576  35.280  -45.704  13.509 0.3000000119
113227  33.215  -40.906  13.562 0.3000000119
19509  33.318  -39.207  13.633 0.3000000119
115070  32.435  -38.117  13.428 0.3000000119
16533  35.722  -43.309  13.518 0.3000000119
18522  34.155  -40.613  13.575 0.3000000119
20524  34.208  -38.881  13.636 0.3000000119
17527  36.112  -41.199  13.229 0.3000000119
18520  35.715  -40.352  13.333 0.3000000119
18521  34.934  -40.275  13.509 0.3000000119
20523  35.813  -38.815  13.384 0.3000000119
22520  32.848  -36.814  13.347 0.3000000119
125962  33.267  -38.209  13.676 0.3000000119
111759  33.559  -37.146  13.730 0.3000000119
23502  33.961  -35.573  13.766 0.3000000119
23520  33.397  -35.248  12.766 0.3000000119
126131  34.499  -34.292  13.697 0.3000000119
24526  34.255  -34.099  13.115 0.3000000119
24543  34.219  -33.981  12.310 0.3000000119
15555  32.838  -43.342  8.766 0.3000000119
13636  34.301  -44.799  7.497 0.4000000060
17568  31.658  -41.528  11.462 0.3000000119
19510  32.449  -39.580  13.480 0.3000000119
13650  35.872  -45.535  6.836 0.5000000000
12012  34.660  -47.343  12.034 0.3000000119
16536  32.845  -42.474  13.232 0.3000000119
15520  32.954  -43.827  11.657 0.3000000119
122344  33.028  -43.469  10.246 0.3000000119
16604  32.542  -42.850  10.201 0.3000000119
14540  33.827  -44.221  13.195 0.3000000119
13587  34.512  -46.121  12.877 0.3000000119
116481  32.415  -41.049  13.355 0.3000000119
17528  34.751  -42.118  13.566 0.3000000119
18536  36.536  -40.426  12.943 0.3000000119
19524  36.919  -39.685  12.764 0.3000000119
19508  34.213  -39.761  13.591 0.3000000119
115198  36.552  -42.017  13.099 0.3000000119
125032  35.008  -38.653  13.575 0.3000000119
12101  39.394  -47.924  3.384 0.3000000119
115023  40.192  -47.128  4.759 0.4000000060
111761  39.142  -46.793  7.172 0.4000000060
12829  39.591  -46.608  5.802 0.4000000060
12086  37.755  -47.198  4.669 0.3000000119
12814  37.830  -46.114  6.867 0.4000000060
12064  38.346  -46.655  7.360 0.3000000119
12085  38.742  -47.167  4.479 0.4000000060
12830  38.546  -46.337  6.183 0.4000000060
12815  36.964  -45.883  7.432 0.3000000119
12854  37.244  -46.428  5.713 0.3000000119
12853  38.199  -46.510  5.546 0.4000000060
13633  37.154  -45.722  6.921 0.4000000060
12855  36.278  -46.498  5.755 0.3000000119
12833  35.882  -46.022  6.303 0.4000000060
13635  35.705  -45.320  7.503 0.4000000060
12087  36.721  -47.325  4.848 0.3000000119
114768  34.623  -46.508  5.886 0.3000000119
12089  34.698  -47.271  5.262 0.3000000119
12088  35.683  -47.398  5.040 0.3000000119
12832  36.718  -45.813  6.537 0.4000000060
124930  39.170  -46.681  5.258 0.4000000060
7155  38.166  -54.681  13.466 0.3000000119
12073  41.650  -47.552  5.187 0.3000000119
126398  36.561  -56.277  14.836 0.3000000119
6514  37.441  -56.005  14.651 0.3000000119
7135  38.966  -55.297  14.344 0.3000000119
114781  39.464  -54.573  13.423 0.3000000119
12074  40.716  -47.050  5.393 0.3000000119
12062  41.916  -47.672  6.495 0.3000000119
128413  38.615  -56.148  15.461 0.3000000119
6512  39.061  -55.835  15.039 0.3000000119
7153  39.917  -54.467  13.873 0.3000000119
7823  40.918  -53.080  13.059 0.3000000119
110422  41.263  -47.205  6.026 0.3000000119
6491  37.919  -56.316  16.366 0.3000000119
7108  38.844  -55.298  15.692 0.3000000119
7109  38.101  -55.529  16.186 0.3000000119
124653  39.831  -54.717  14.702 0.3000000119
7122  39.287  -55.392  15.305 0.3000000119
7803  40.714  -53.483  14.014 0.3000000119
7123  38.051  -54.482  15.737 0.3000000119
120201  39.437  -54.714  15.384 0.3000000119
7784  40.496  -53.705  14.858 0.3000000119
7772  40.112  -53.988  15.236 0.3000000119
8453  41.435  -52.404  13.459 0.3000000119
119904  42.281  -50.609  12.132 0.3000000119
10559  41.968  -49.595  10.754 0.3000000119
7124  37.048  -54.640  16.055 0.3000000119
8443  41.527  -51.993  14.327 0.3000000119
8436  41.224  -52.081  15.109 0.3000000119
9089  42.150  -50.778  13.102 0.3000000119
11348  40.829  -47.406  7.021 0.3000000119
7774  38.120  -53.326  15.328 0.3000000119
7775  37.023  -53.663  15.537 0.3000000119
7773  39.467  -53.553  15.383 0.3000000119
122648  40.238  -52.991  15.308 0.3000000119
9076  41.923  -51.061  14.029 0.3000000119
10520  42.143  -49.873  12.142 0.3000000119
10599  41.783  -49.251  9.006 0.3000000119
113151  40.303  -48.024  7.971 0.3000000119
11330  39.677  -47.380  7.488 0.3000000119
112632  41.123  -47.652  4.420 0.3000000119
8428  39.663  -52.209  15.345 0.3000000119
9065  41.527  -51.297  14.801 0.3000000119
9793  42.159  -50.200  12.635 0.3000000119
10579  41.811  -49.509  9.921 0.3000000119
119485  39.458  -54.839  14.187 0.3000000119
7136  37.913  -55.111  14.147 0.3000000119
4805  33.446  -57.450  4.863 0.3000000119
4824  30.898  -58.482  3.815 0.3000000119
5397  32.689  -57.808  4.623 0.3000000119
5917  33.707  -56.474  9.724 0.4000000060
5919  31.848  -56.396  9.595 0.3000000119
5930  35.856  -56.391  9.406 0.4000000060
5935  31.882  -56.944  8.954 0.3000000119
6490  38.607  -56.019  15.969 0.3000000119
6502  38.906  -55.772  15.496 0.3000000119
6513  38.519  -56.055  14.837 0.3000000119
6552  37.990  -55.331  10.005 0.5000000000
6554  36.468  -55.803  10.327 0.4000000060
6556  34.869  -55.901  10.344 0.4000000060
6575  30.046  -55.919  9.658 0.3000000119
6589  36.673  -56.047  8.296 0.4000000060
7121  39.713  -54.833  15.170 0.3000000119
7134  39.453  -55.300  14.869 0.3000000119
7152  40.283  -54.202  14.366 0.3000000119
7154  38.999  -54.757  13.421 0.3000000119
7165  39.772  -54.390  13.032 0.4000000060
7193  34.715  -54.421  11.626 0.3000000119
7213  29.027  -54.868  10.804 0.3000000119
7224  39.230  -54.291  9.317 0.4000000060
7771  40.610  -52.934  15.110 0.3000000119
7783  41.002  -52.863  14.636 0.3000000119
7802  41.187  -52.812  13.928 0.3000000119
7840  40.483  -53.595  12.232 0.4000000060
7850  40.451  -53.230  10.854 0.4000000060
7877  39.692  -53.525  7.417 0.5000000000
7896  39.385  -53.234  6.282 0.3000000119
7910  38.328  -53.306  5.604 0.3000000119
8426  41.165  -51.299  15.270 0.3000000119
8462  41.555  -52.110  11.781 0.4000000060
8491  41.562  -51.643  8.858 0.4000000060
9119  42.219  -51.162  10.738 0.4000000060
9153  42.611  -50.246  7.818 0.4000000060
9166  41.374  -51.165  7.257 0.5000000000
9752  41.351  -50.829  15.011 0.3000000119
9811  42.363  -49.984  11.705 0.3000000119
9827  42.434  -49.957  10.707 0.4000000060
9839  36.858  -51.172  9.481 0.3000000119
9840  36.053  -50.919  9.654 0.4000000060
9852  37.636  -51.332  9.207 0.3000000119
9865  41.099  -50.629  6.879 0.4000000060
9866  39.756  -50.696  7.593 0.4000000060
9883  42.369  -49.663  6.391 0.4000000060
9912  35.158  -51.008  2.931 0.4000000060
9913  34.349  -51.225  2.940 0.5000000000
9915  32.259  -51.294  2.863 0.4000000060
9928  31.550  -51.023  1.839 0.4000000060
9941  32.370  -51.297  1.835 0.4000000060
9942  31.812  -51.094  1.707 0.4000000060
9943  31.272  -50.588  1.607 0.4000000060
9953  31.111  -50.287  1.405 0.4000000060
10521  41.933  -50.067  13.048 0.3000000119
10538  42.211  -49.802  11.174 0.3000000119
10539  41.648  -49.708  11.544 0.3000000119
10597  42.668  -49.137  7.790 0.4000000060
10598  42.431  -49.184  8.471 0.4000000060
10620  42.916  -49.014  6.931 0.4000000060
10626  34.951  -49.469  7.791 0.5000000000
10645  42.903  -48.753  6.138 0.4000000060
10648  40.330  -49.223  6.266 0.4000000060
10649  39.090  -49.125  6.365 0.4000000060
10650  36.867  -49.302  6.360 0.5000000000
10651  35.887  -49.469  6.394 0.6000000238
10662  42.656  -48.692  5.439 0.4000000060
10663  42.291  -48.789  5.185 0.4000000060
10666  34.777  -50.107  5.315 0.6000000238
10669  31.542  -49.814  4.973 0.4000000060
10677  38.023  -49.797  3.078 0.4000000060
10688  38.065  -49.691  2.987 0.4000000060
10690  34.463  -50.829  2.255 0.4000000060
10691  33.289  -50.721  1.931 0.4000000060
10694  30.738  -50.282  2.143 0.4000000060
10695  30.082  -49.422  2.967 0.4000000060
10702  32.440  -50.966  1.643 0.5000000000
10703  31.505  -50.404  1.520 0.4000000060
10705  29.814  -49.369  2.180 0.5000000000
10706  31.083  -50.241  1.405 0.4000000060
10707  30.201  -49.227  1.608 0.5000000000
11280  35.895  -48.788  11.650 0.3000000119
11347  42.598  -48.219  6.752 0.4000000060
11378  39.837  -48.485  3.051 0.4000000060
11379  39.429  -49.116  2.651 0.5000000000
11395  38.580  -49.290  2.774 0.4000000060
11396  37.548  -49.599  2.755 0.3000000119
11398  35.076  -50.412  2.324 0.5000000000
11410  29.680  -48.714  1.901 0.4000000060
11411  31.094  -49.821  1.229 0.5000000000
11412  30.280  -49.019  1.519 0.5000000000
12000  35.213  -47.643  12.705 0.3000000119
12063  40.004  -46.860  6.453 0.4000000060
12065  37.591  -46.484  7.567 0.3000000119
12072  42.618  -47.866  5.980 0.4000000060
12083  42.337  -47.919  5.296 0.3000000119
12084  41.814  -48.100  4.700 0.3000000119
12100  40.332  -47.929  3.551 0.3000000119
12108  31.725  -47.488  3.422 0.6999999881
12116  38.948  -48.833  2.765 0.4000000060
12125  30.988  -48.106  1.676 0.6000000238
12126  29.463  -47.922  1.834 0.5000000000
12129  29.707  -47.192  1.212 0.6000000238
12755  35.479  -47.221  13.406 0.3000000119
12813  38.890  -46.463  6.609 0.4000000060
12831  37.608  -46.107  6.448 0.4000000060
12834  35.149  -45.980  6.381 0.3000000119
12856  35.362  -46.582  5.791 0.3000000119
12857  32.232  -46.538  4.835 0.6999999881
12858  31.762  -45.842  4.579 0.6000000238
12879  31.472  -46.783  3.115 0.6999999881
12890  29.521  -46.918  1.330 0.5000000000
12891  30.461  -46.680  0.911 0.6000000238
13588  33.662  -44.733  12.595 0.3000000119
13634  36.485  -45.567  7.168 0.4000000060
13651  33.874  -45.299  6.776 0.4000000060
13652  32.966  -45.141  6.420 0.4000000060
14539  34.864  -44.652  13.444 0.3000000119
14588  35.085  -44.842  7.820 0.4000000060
14595  33.750  -44.333  7.904 0.4000000060
14596  32.898  -44.117  7.513 0.5000000000
14622  32.212  -44.820  5.903 0.4000000060
14623  31.722  -44.502  5.208 0.6000000238
14632  31.564  -44.211  4.362 0.6000000238
14652  32.382  -45.072  1.794 0.6999999881
14653  31.684  -44.875  2.729 0.6999999881
14654  29.335  -44.548  1.673 0.4000000060
14655  34.866  -44.289  1.055 0.6999999881
14656  33.446  -44.970  0.946 0.6999999881
14658  35.121  -44.288  0.474 0.6999999881
14661  32.700  -44.819  0.535 0.8000000119
14662  31.738  -44.627  0.451 0.6000000238
14663  29.863  -44.838  0.652 0.6000000238
14664  34.907  -44.174  0.112 0.6999999881
15508  32.743  -42.972  12.756 0.3000000119
15521  32.665  -43.244  11.964 0.3000000119
15571  33.320  -43.848  8.377 0.4000000060
15591  32.222  -43.737  7.054 0.6000000238
15628  32.234  -43.434  2.906 0.6999999881
15642  36.361  -43.786  0.621 0.6999999881
15647  37.423  -43.634  0.008 0.6000000238
15652  31.834  -43.618  0.361 0.6999999881
15653  29.937  -43.805  0.604 0.6999999881
15655  37.554  -43.333  -0.227 0.6000000238
15656  36.966  -43.535  -0.175 0.6000000238
15657  35.264  -43.959  -0.057 0.6000000238
16534  34.739  -42.967  13.545 0.3000000119
16591  32.378  -42.693  11.237 0.3000000119
16592  31.869  -42.106  10.627 0.3000000119
16605  31.633  -41.682  9.734 0.4000000060
16648  31.659  -42.813  5.244 0.6000000238
16654  31.787  -42.669  4.450 0.6000000238
16660  32.578  -42.555  3.229 0.6000000238
16665  38.271  -42.485  1.494 0.5000000000
16676  36.852  -43.307  1.187 0.6999999881
16683  30.036  -42.317  0.692 0.5000000000
16685  38.562  -42.677  -0.279 0.6000000238
16687  37.207  -42.887  -0.459 0.6000000238
16690  33.928  -42.487  -0.153 0.6000000238
17530  33.016  -41.738  13.462 0.3000000119
17531  32.318  -41.771  13.128 0.3000000119
17545  31.920  -41.795  12.438 0.3000000119
17654  31.648  -41.817  6.496 0.6000000238
17662  32.182  -41.301  5.163 0.6000000238
17674  40.047  -41.099  2.812 0.5000000000
17679  35.374  -41.107  3.122 0.6999999881
17682  32.895  -41.766  3.601 0.6000000238
17688  43.285  -40.993  2.134 0.6000000238
17690  41.490  -41.442  2.019 0.6000000238
17698  34.129  -41.833  2.806 0.6999999881
17701  41.834  -41.399  1.378 0.6000000238
17703  39.759  -42.210  1.322 0.6000000238
17707  41.126  -41.417  0.385 0.6000000238
17710  31.562  -41.721  0.355 0.6999999881
17714  40.069  -41.508  -0.558 0.6999999881
17715  39.745  -41.286  -0.635 0.6999999881
17716  38.397  -42.164  -0.543 0.6000000238
17718  36.629  -42.074  -0.463 0.6000000238
17722  33.306  -41.718  -0.020 0.6000000238
18523  33.305  -40.078  13.601 0.3000000119
18524  31.997  -40.329  13.269 0.3000000119
18525  31.626  -40.261  12.807 0.3000000119
18537  31.409  -40.148  11.941 0.4000000060
18619  31.526  -40.437  9.040 0.4000000060
18641  32.223  -40.444  6.444 0.6000000238
18653  33.385  -40.055  5.693 0.6000000238
18663  38.304  -40.102  4.109 0.4000000060
18668  32.896  -40.834  4.744 0.6000000238
18682  36.541  -40.397  3.696 0.6000000238
18685  34.055  -40.848  3.786 0.6000000238
18691  45.187  -40.169  1.924 0.6000000238
18692  44.899  -40.321  2.102 0.6000000238
18693  43.822  -40.633  2.590 0.6000000238
18702  43.309  -40.843  1.578 0.6000000238
18704  44.497  -40.188  1.496 0.6000000238
18712  35.463  -40.632  0.281 0.6999999881
18720  41.067  -40.425  -0.774 0.6999999881
18726  34.382  -40.970  0.021 0.5000000000
18728  32.710  -41.042  0.176 0.6000000238
19506  36.188  -39.622  13.191 0.3000000119
19507  35.194  -39.480  13.471 0.3000000119
19546  31.415  -39.349  11.505 0.4000000060
19593  31.741  -39.143  9.771 0.4000000060
19605  31.733  -40.057  8.335 0.6000000238
19623  33.458  -39.667  6.347 0.5000000000
19637  37.044  -39.083  5.724 0.5000000000
19639  34.682  -39.467  5.772 0.5000000000
19648  41.506  -39.205  4.489 0.6000000238
19649  40.906  -39.431  4.659 0.4000000060
19650  39.622  -39.658  4.675 0.4000000060
19660  44.545  -39.775  2.849 0.6000000238
19662  42.796  -39.700  3.598 0.5000000000
19668  46.304  -39.153  2.084 0.6999999881
19669  45.975  -39.464  2.119 0.6999999881
19671  33.971  -39.262  2.079 0.4000000060
19688  32.668  -39.651  1.367 0.4000000060
19692  44.980  -39.609  1.403 0.6999999881
19694  42.825  -39.863  0.276 0.6000000238
19696  39.678  -40.036  0.041 0.6999999881
19704  31.520  -40.175  0.796 0.5000000000
19707  42.154  -39.427  -0.580 0.6999999881
19709  41.167  -39.866  -0.834 0.6999999881
20525  32.643  -38.765  13.538 0.3000000119
20526  32.018  -38.785  13.339 0.3000000119
20544  31.633  -38.778  12.961 0.4000000060
20554  31.487  -38.723  12.231 0.4000000060
20615  32.724  -38.632  8.828 0.4000000060
20625  36.172  -38.246  7.148 0.6000000238
20627  34.590  -38.477  7.649 0.5000000000
20628  33.667  -38.787  7.782 0.5000000000
20640  37.606  -38.064  6.637 0.5000000000
20643  34.878  -38.762  7.047 0.5000000000
20653  38.471  -38.671  5.882 0.5000000000
20671  42.592  -38.842  3.601 0.5000000000
20700  38.611  -38.587  1.692 0.6000000238
20708  40.678  -38.716  0.182 0.6999999881
20710  44.240  -37.756  -0.175 0.6999999881
21531  32.364  -37.460  13.194 0.4000000060
21548  31.669  -38.220  12.657 0.4000000060
21557  31.592  -38.059  11.975 0.4000000060
21574  31.759  -38.129  11.098 0.4000000060
21592  32.629  -37.868  9.879 0.4000000060
21620  35.025  -37.951  8.054 0.5000000000
21631  37.010  -37.852  7.085 0.5000000000
21651  41.533  -37.795  4.140 0.5000000000
21663  42.037  -37.980  3.489 0.5000000000
21673  46.425  -38.370  2.117 0.6000000238
21674  45.584  -38.293  2.330 0.6000000238
21675  44.181  -38.174  2.415 0.6000000238
21679  36.864  -37.626  2.891 0.5000000000
22519  33.437  -36.209  13.525 0.3000000119
22533  32.951  -36.063  13.067 0.4000000060
22542  32.344  -36.823  12.126 0.4000000060
22553  32.482  -36.887  11.151 0.4000000060
22662  46.869  -37.014  1.436 0.6000000238
22668  39.028  -37.097  1.473 0.6000000238
22697  43.174  -36.013  -1.398 0.4000000060
23532  33.295  -35.814  11.013 0.4000000060
23690  40.975  -35.499  -0.706 0.4000000060
24544  33.840  -34.535  12.760 0.3000000119
24554  33.783  -34.649  11.827 0.4000000060
109644  34.037  -44.601  0.746 0.6999999881
110445  35.705  -42.156  13.421 0.3000000119
110492  31.452  -46.320  2.749 0.6999999881
111182  41.789  -51.621  13.351 0.3000000119
112007  29.578  -43.008  0.885 0.5000000000
112079  38.171  -37.541  6.628 0.5000000000
112189  31.671  -42.488  6.996 0.5000000000
112320  36.053  -50.459  2.487 0.4000000060
112706  31.470  -39.616  10.540 0.4000000060
113013  35.711  -56.574  8.907 0.4000000060
114606  41.441  -52.013  9.894 0.4000000060
115117  40.407  -52.914  8.764 0.5000000000
117506  41.484  -40.546  3.450 0.6000000238
117958  36.352  -39.043  5.927 0.4000000060
118281  40.187  -52.074  6.629 0.4000000060
118394  41.361  -49.443  6.132 0.4000000060
118544  29.964  -47.895  1.318 0.5000000000
119026  34.306  -49.404  7.985 0.5000000000
119103  39.872  -48.917  2.856 0.4000000060
119184  32.224  -39.543  8.050 0.5000000000
119723  32.956  -35.805  12.459 0.3000000119
120088  35.434  -42.915  -0.344 0.6000000238
120384  39.792  -37.900  5.749 0.5000000000
120829  39.628  -48.967  2.644 0.4000000060
120866  42.157  -37.356  -0.904 0.6000000238
121450  35.071  -40.238  0.684 0.6000000238
121599  40.372  -50.386  7.187 0.4000000060
121722  33.786  -46.748  5.574 0.3000000119
121969  31.580  -41.553  8.197 0.4000000060
121990  29.285  -45.363  1.181 0.5000000000
122229  33.574  -51.382  2.780 0.4000000060
122488  33.906  -34.862  13.412 0.3000000119
122730  36.838  -56.052  8.988 0.4000000060
122777  31.376  -40.059  11.144 0.4000000060
123382  38.889  -54.369  15.568 0.3000000119
123547  41.486  -52.290  12.673 0.4000000060
123983  38.302  -43.065  0.706 0.6000000238
124057  38.500  -43.030  0.166 0.5000000000
124260  37.027  -40.592  3.407 0.5000000000
125668  32.829  -37.514  13.511 0.3000000119
126062  34.576  -40.247  4.468 0.6000000238
126417  37.585  -54.404  12.750 0.3000000119
126535  33.968  -45.466  12.515 0.3000000119
126629  38.560  -37.712  6.410 0.5000000000
126966  41.745  -38.441  -0.674 0.8000000119
127323  45.496  -39.564  2.417 0.6000000238
127501  42.264  -49.523  9.281 0.4000000060
127502  42.581  -50.032  7.002 0.4000000060
127779  30.755  -49.832  1.499 0.4000000060
127839  32.623  -40.392  13.485 0.3000000119
127888  35.832  -50.721  3.006 0.4000000060
128519  35.087  -40.946  0.007 0.6000000238
128570  31.800  -46.094  1.197 0.5000000000
128965  42.837  -48.296  6.253 0.4000000060
128974  29.672  -42.191  0.950 0.5000000000
129541  35.686  -48.597  12.166 0.3000000119
130110  40.114  -54.374  15.032 0.3000000119
130725  38.952  -52.659  5.777 0.3000000119
130782  33.844  -43.409  1.942 0.6999999881
130954  38.120  -49.168  4.974 0.5000000000
131208  32.234  -45.895  5.209 0.6000000238
131387  33.440  -43.600  0.132 0.6000000238
131623  35.702  -39.658  4.875 0.6000000238
131759  40.753  -40.377  -0.755 0.6999999881
131947  39.602  -47.301  4.301 0.4000000060
132085  42.056  -47.573  5.750 0.3000000119
132170  32.778  -50.573  4.550 0.4000000060
132330  34.220  -38.911  7.223 0.5000000000
132598  33.844  -44.157  0.302 0.6999999881
