#!ascii label  , from subject sub-v2s12x28907_ses-1 vox2ras=TkReg
2117
119171  -37.327  -35.803  -15.700 0.5000000000
32879  -37.990  -35.432  -14.899 0.5000000000
32892  -38.112  -34.696  -14.917 0.4000000060
33815  -38.936  -34.397  -14.658 0.5000000000
34680  -38.229  -33.723  -14.914 0.5000000000
128259  -39.369  -32.801  -14.583 0.5000000000
50907  -32.342  -16.757  -23.037 0.5000000000
117866  -32.241  -15.967  -23.361 0.4000000060
53078  -33.309  -14.867  -23.454 0.4000000060
53077  -32.113  -15.037  -23.505 0.4000000060
54165  -31.906  -14.032  -23.669 0.6000000238
55242  -33.380  -12.864  -23.808 0.5000000000
113206  -30.957  -12.182  -24.258 0.5000000000
55241  -31.626  -12.949  -24.198 0.4000000060
56244  -33.716  -11.876  -24.347 0.4000000060
56242  -31.417  -11.414  -24.338 0.5000000000
56243  -32.032  -11.805  -24.532 0.5000000000
30921  -37.366  -37.302  -15.481 0.5000000000
31959  -38.273  -36.033  -14.838 0.4000000060
32880  -38.661  -35.269  -14.751 0.5000000000
33827  -39.574  -35.054  -14.814 0.5000000000
115057  -40.612  -34.029  -15.144 0.5000000000
34681  -40.451  -33.491  -14.891 0.5000000000
34667  -39.949  -33.169  -14.635 0.5000000000
36642  -39.674  -31.604  -14.573 0.5000000000
48887  -31.897  -18.776  -22.372 0.5000000000
110305  -32.575  -18.306  -22.534 0.5000000000
108307  -32.486  -17.558  -22.730 0.5000000000
52013  -33.394  -16.680  -23.062 0.5000000000
52021  -33.360  -15.831  -23.295 0.5000000000
54166  -33.279  -13.876  -23.600 0.6000000238
57225  -38.840  -11.024  -23.130 0.3000000119
55243  -34.674  -12.754  -23.539 0.4000000060
57236  -38.407  -10.308  -23.926 0.3000000119
57233  -35.084  -10.502  -24.846 0.4000000060
56245  -34.944  -11.730  -24.323 0.3000000119
57234  -36.171  -10.505  -24.685 0.4000000060
31972  -37.310  -36.482  -15.587 0.5000000000
34666  -39.166  -33.495  -14.617 0.5000000000
33816  -39.898  -34.073  -14.733 0.5000000000
115899  -38.529  -32.009  -14.597 0.5000000000
57235  -37.120  -10.434  -24.109 0.3000000119
23022  -43.403  -45.447  -17.182 0.3000000119
23969  -43.751  -44.700  -17.575 0.3000000119
23023  -44.261  -45.496  -17.652 0.4000000060
23970  -44.421  -44.638  -18.063 0.4000000060
23024  -45.073  -45.847  -18.096 0.4000000060
23035  -45.477  -45.249  -18.614 0.4000000060
23982  -45.811  -44.593  -19.014 0.4000000060
22154  -46.035  -45.946  -18.567 0.4000000060
116623  -47.028  -44.007  -19.424 0.4000000060
24903  -47.521  -43.372  -19.472 0.4000000060
113194  -42.792  -44.037  -17.044 0.3000000119
112519  -43.367  -43.981  -17.435 0.3000000119
24893  -43.709  -43.236  -17.619 0.4000000060
119494  -44.056  -43.942  -17.871 0.4000000060
24894  -44.411  -43.186  -18.093 0.4000000060
121033  -44.717  -43.901  -18.409 0.4000000060
119008  -45.473  -43.874  -18.904 0.4000000060
117162  -46.245  -43.909  -19.271 0.4000000060
24902  -46.725  -43.214  -19.362 0.4000000060
26839  -48.627  -41.651  -19.570 0.4000000060
116620  -48.057  -42.848  -19.520 0.4000000060
26821  -42.572  -41.182  -16.337 0.3000000119
26822  -43.129  -41.382  -16.865 0.3000000119
27847  -43.698  -40.867  -17.237 0.3000000119
25855  -44.096  -42.470  -17.777 0.4000000060
26830  -44.522  -41.698  -17.946 0.4000000060
25861  -44.808  -42.412  -18.276 0.4000000060
26836  -45.253  -41.636  -18.389 0.4000000060
25863  -46.415  -42.394  -19.152 0.4000000060
116621  -47.254  -42.561  -19.404 0.4000000060
27858  -47.922  -40.365  -19.368 0.4000000060
26838  -47.821  -41.221  -19.381 0.4000000060
29916  -48.952  -39.026  -19.618 0.4000000060
28916  -48.456  -39.685  -19.492 0.4000000060
123146  -48.411  -40.944  -19.510 0.4000000060
27839  -42.567  -40.447  -16.040 0.3000000119
26820  -42.075  -41.757  -16.095 0.3000000119
27840  -43.129  -40.645  -16.603 0.3000000119
110380  -44.904  -40.955  -18.057 0.3000000119
26837  -46.065  -41.605  -18.795 0.4000000060
27856  -46.451  -40.847  -18.822 0.4000000060
28915  -47.701  -39.535  -19.285 0.4000000060
123348  -46.706  -40.273  -18.867 0.4000000060
126329  -46.994  -41.611  -19.215 0.4000000060
29915  -47.812  -38.171  -19.263 0.4000000060
30950  -48.357  -37.347  -19.362 0.4000000060
28888  -43.120  -38.947  -15.995 0.3000000119
27841  -43.683  -40.076  -17.006 0.3000000119
107590  -44.171  -38.746  -17.041 0.3000000119
28905  -44.912  -39.696  -17.727 0.4000000060
27849  -45.254  -40.227  -18.089 0.4000000060
114704  -45.625  -38.795  -18.098 0.4000000060
26831  -45.659  -40.875  -18.458 0.4000000060
30943  -46.735  -36.747  -18.340 0.3000000119
125554  -46.610  -37.584  -18.513 0.4000000060
28907  -46.268  -39.151  -18.533 0.4000000060
124703  -47.426  -37.242  -18.916 0.3000000119
127130  -47.509  -38.874  -19.192 0.4000000060
28908  -47.029  -39.292  -18.982 0.4000000060
30902  -42.169  -36.799  -13.899 0.3000000119
30911  -42.270  -37.434  -14.446 0.3000000119
32864  -42.559  -35.506  -13.399 0.3000000119
29888  -42.378  -38.863  -15.354 0.3000000119
29877  -42.317  -38.112  -14.927 0.3000000119
29889  -42.913  -38.160  -15.513 0.3000000119
29890  -43.480  -38.130  -16.084 0.3000000119
30933  -43.881  -37.465  -16.251 0.3000000119
118770  -43.661  -38.631  -16.511 0.3000000119
30934  -44.403  -37.552  -16.735 0.3000000119
30935  -45.070  -37.224  -17.197 0.3000000119
29898  -44.656  -38.119  -17.179 0.3000000119
31995  -45.677  -36.546  -17.363 0.3000000119
29905  -44.953  -38.933  -17.591 0.3000000119
30942  -45.944  -37.257  -17.957 0.3000000119
107902  -45.402  -38.120  -17.717 0.4000000060
32926  -47.400  -35.403  -18.106 0.3000000119
32927  -48.033  -35.464  -18.611 0.4000000060
32936  -48.607  -35.334  -19.056 0.4000000060
32937  -49.107  -35.935  -19.504 0.4000000060
31961  -42.604  -36.120  -13.982 0.3000000119
31976  -42.717  -36.740  -14.556 0.3000000119
32881  -42.984  -35.529  -13.998 0.3000000119
30924  -42.791  -37.415  -15.084 0.3000000119
31977  -43.388  -36.662  -15.215 0.3000000119
32909  -45.412  -35.528  -16.444 0.3000000119
31988  -44.435  -36.776  -16.396 0.3000000119
32919  -45.990  -35.686  -17.028 0.3000000119
31989  -45.194  -36.258  -16.786 0.3000000119
33849  -46.603  -34.801  -17.006 0.3000000119
31996  -46.330  -36.292  -17.717 0.3000000119
32920  -46.752  -35.467  -17.581 0.3000000119
34704  -47.517  -34.073  -17.908 0.3000000119
33859  -47.858  -34.735  -18.342 0.3000000119
33860  -48.419  -34.598  -19.030 0.3000000119
32941  -49.173  -35.088  -19.648 0.4000000060
32865  -43.141  -34.774  -13.511 0.3000000119
32845  -42.788  -34.361  -12.640 0.3000000119
33817  -43.896  -34.512  -14.199 0.3000000119
34649  -43.160  -33.057  -12.062 0.3000000119
36627  -43.608  -31.530  -12.662 0.3000000119
32883  -44.246  -35.045  -14.800 0.3000000119
33818  -44.591  -34.352  -14.738 0.3000000119
116226  -43.526  -31.487  -11.723 0.3000000119
34695  -46.122  -33.558  -15.990 0.3000000119
33841  -45.824  -34.270  -15.899 0.3000000119
32897  -45.238  -34.998  -15.821 0.3000000119
33842  -46.434  -34.143  -16.451 0.3000000119
32910  -45.937  -34.895  -16.425 0.3000000119
34703  -46.991  -33.927  -17.168 0.3000000119
124116  -47.447  -33.716  -18.409 0.3000000119
34716  -48.305  -34.203  -19.940 0.4000000060
117844  -49.829  -35.167  -20.636 0.5000000000
122914  -43.610  -33.883  -13.454 0.3000000119
34657  -43.489  -33.067  -12.888 0.3000000119
33807  -44.275  -33.784  -14.182 0.3000000119
35666  -43.734  -32.333  -13.131 0.3000000119
33830  -44.788  -34.800  -15.219 0.3000000119
33819  -44.888  -33.705  -14.762 0.3000000119
38672  -43.738  -30.036  -12.392 0.3000000119
38655  -44.099  -29.589  -11.800 0.3000000119
34683  -45.672  -33.076  -15.479 0.3000000119
33831  -45.255  -34.225  -15.284 0.3000000119
38673  -44.059  -29.263  -12.539 0.3000000119
34696  -46.555  -33.350  -16.598 0.3000000119
128549  -44.988  -28.880  -11.630 0.3000000119
35721  -46.456  -32.485  -18.548 0.3000000119
110187  -46.774  -33.117  -17.213 0.3000000119
40675  -46.371  -27.324  -12.594 0.3000000119
130017  -47.010  -33.288  -17.916 0.3000000119
34713  -46.915  -33.155  -18.871 0.3000000119
34715  -47.655  -33.791  -19.202 0.3000000119
34719  -47.579  -33.513  -20.364 0.3000000119
34720  -48.390  -33.930  -21.010 0.4000000060
34724  -48.966  -33.443  -22.002 0.5000000000
34668  -44.560  -33.091  -14.300 0.3000000119
35667  -44.281  -32.386  -13.810 0.3000000119
37644  -43.740  -30.667  -13.037 0.3000000119
35682  -45.293  -32.397  -15.083 0.3000000119
36645  -44.932  -31.649  -14.736 0.3000000119
36644  -44.562  -30.908  -14.304 0.3000000119
37645  -44.192  -30.262  -13.722 0.3000000119
35707  -46.107  -32.658  -16.143 0.3000000119
38686  -43.899  -29.712  -13.112 0.3000000119
35708  -46.462  -32.545  -16.883 0.3000000119
39626  -44.464  -28.629  -12.802 0.3000000119
40685  -44.852  -28.006  -14.019 0.3000000119
40674  -45.586  -27.577  -12.835 0.3000000119
41773  -46.689  -26.506  -15.189 0.3000000119
41756  -46.436  -26.520  -14.520 0.3000000119
36685  -46.231  -31.758  -19.083 0.3000000119
35727  -46.499  -31.932  -20.005 0.3000000119
35724  -46.885  -33.003  -19.775 0.3000000119
36659  -45.401  -31.666  -15.366 0.3000000119
37660  -45.104  -30.760  -15.029 0.3000000119
36669  -46.118  -31.834  -16.597 0.3000000119
120790  -45.901  -31.205  -16.332 0.3000000119
35697  -45.660  -32.338  -15.611 0.3000000119
120519  -45.580  -30.985  -15.773 0.3000000119
37672  -45.481  -30.145  -15.549 0.3000000119
38705  -44.766  -29.231  -14.611 0.3000000119
37659  -44.622  -30.047  -14.439 0.3000000119
35714  -46.464  -32.477  -17.719 0.3000000119
36674  -46.263  -31.760  -17.372 0.3000000119
120442  -46.207  -31.084  -16.909 0.3000000119
37680  -45.943  -30.428  -16.333 0.3000000119
38721  -46.296  -29.740  -16.649 0.3000000119
39665  -45.667  -28.655  -15.622 0.3000000119
39657  -44.623  -28.656  -14.180 0.3000000119
36682  -46.170  -31.733  -18.261 0.3000000119
40724  -46.844  -27.769  -16.300 0.3000000119
40714  -45.664  -27.710  -15.295 0.3000000119
39674  -47.314  -28.295  -16.941 0.3000000119
40716  -47.100  -26.883  -15.951 0.3000000119
40706  -45.928  -26.910  -14.935 0.3000000119
40726  -48.297  -27.243  -16.905 0.3000000119
40725  -47.566  -27.469  -16.623 0.3000000119
36691  -46.657  -31.706  -21.029 0.4000000060
41782  -48.613  -26.432  -16.484 0.3000000119
35728  -46.999  -32.651  -20.733 0.4000000060
41784  -50.192  -26.005  -16.926 0.3000000119
35731  -47.313  -32.264  -21.601 0.3000000119
35732  -48.347  -32.694  -22.250 0.4000000060
41794  -51.480  -26.320  -17.811 0.3000000119
35733  -49.892  -32.976  -23.077 0.5000000000
37686  -46.186  -30.956  -17.829 0.3000000119
127684  -46.375  -30.385  -17.758 0.3000000119
38727  -46.583  -29.786  -17.581 0.3000000119
125505  -46.579  -29.256  -16.812 0.3000000119
39681  -46.982  -29.003  -17.267 0.3000000119
40733  -48.017  -28.047  -17.265 0.3000000119
40734  -48.732  -27.889  -17.515 0.3000000119
36696  -46.537  -30.839  -21.291 0.4000000060
36697  -46.928  -31.414  -21.829 0.5000000000
41791  -49.023  -27.027  -17.155 0.3000000119
41792  -49.768  -26.810  -17.383 0.4000000060
116393  -50.532  -27.510  -18.090 0.4000000060
36698  -47.786  -31.872  -22.435 0.5000000000
36705  -48.567  -31.278  -23.300 0.6000000238
41793  -50.582  -26.745  -17.661 0.3000000119
35740  -49.208  -32.263  -23.188 0.6000000238
35741  -50.480  -32.665  -23.949 0.6000000238
37694  -46.169  -30.972  -18.729 0.3000000119
38735  -46.595  -29.781  -18.626 0.3000000119
38743  -47.228  -29.317  -18.890 0.3000000119
117872  -46.234  -30.956  -19.562 0.3000000119
38736  -47.259  -29.336  -18.045 0.3000000119
39682  -47.735  -28.757  -17.640 0.3000000119
39691  -48.189  -28.925  -18.456 0.4000000060
36690  -46.353  -30.956  -20.430 0.4000000060
127323  -48.397  -28.503  -17.823 0.4000000060
39692  -49.709  -28.789  -18.822 0.4000000060
37713  -46.827  -30.575  -22.031 0.5000000000
40744  -49.849  -28.432  -18.369 0.4000000060
39693  -50.377  -28.913  -18.963 0.4000000060
36704  -47.385  -31.116  -22.435 0.5000000000
40736  -50.112  -27.629  -17.911 0.4000000060
40745  -50.463  -28.188  -18.422 0.4000000060
117150  -50.954  -28.699  -18.915 0.4000000060
40746  -51.478  -28.985  -19.308 0.4000000060
127845  -51.468  -28.151  -18.845 0.3000000119
40760  -52.072  -28.284  -19.213 0.4000000060
36711  -50.032  -31.048  -24.463 0.6000000238
36712  -50.902  -31.859  -24.943 0.6000000238
35750  -50.963  -32.265  -25.115 0.6999999881
121229  -46.319  -30.247  -19.132 0.3000000119
38742  -46.584  -29.668  -19.484 0.3000000119
39706  -47.853  -29.040  -19.221 0.3000000119
37702  -46.328  -30.196  -19.961 0.3000000119
37706  -46.416  -30.274  -20.744 0.3000000119
39707  -48.510  -28.781  -19.191 0.4000000060
38759  -46.589  -30.008  -21.413 0.5000000000
109029  -48.992  -28.709  -18.792 0.4000000060
38760  -47.138  -29.613  -22.206 0.5000000000
39709  -50.245  -28.995  -19.394 0.4000000060
38768  -47.784  -29.533  -23.048 0.5000000000
39694  -51.057  -29.335  -19.672 0.4000000060
39710  -51.901  -29.500  -19.842 0.4000000060
37724  -49.720  -29.950  -24.731 0.6000000238
115107  -52.489  -28.976  -19.791 0.4000000060
39731  -52.993  -29.546  -20.843 0.4000000060
37728  -50.538  -30.833  -25.654 0.6999999881
35748  -49.670  -32.140  -25.401 0.6999999881
35749  -50.476  -32.561  -25.185 0.6999999881
38751  -47.245  -28.911  -20.493 0.4000000060
125953  -47.176  -29.135  -19.767 0.4000000060
107496  -47.847  -28.567  -20.056 0.4000000060
40774  -48.235  -27.974  -20.862 0.4000000060
39724  -47.026  -29.165  -21.264 0.4000000060
39725  -47.590  -28.431  -20.994 0.4000000060
39726  -48.645  -28.316  -19.896 0.4000000060
39740  -47.470  -28.627  -21.884 0.4000000060
39708  -49.333  -28.748  -19.211 0.4000000060
39727  -49.607  -28.591  -19.837 0.4000000060
39728  -50.670  -29.232  -20.099 0.4000000060
39741  -51.307  -29.043  -20.663 0.4000000060
118984  -48.690  -28.834  -23.996 0.6000000238
39729  -51.582  -29.501  -20.176 0.4000000060
39730  -52.363  -29.448  -20.495 0.4000000060
38772  -49.688  -28.870  -25.305 0.6000000238
110089  -50.231  -29.932  -25.617 0.6999999881
37731  -50.188  -29.860  -26.043 0.6999999881
39743  -52.906  -29.433  -21.269 0.4000000060
37730  -49.997  -29.911  -26.171 0.6999999881
116701  -49.363  -32.715  -24.958 0.6999999881
38767  -47.774  -28.707  -22.822 0.4000000060
40787  -47.991  -27.916  -21.711 0.4000000060
40775  -48.963  -27.784  -20.753 0.4000000060
39755  -48.705  -27.568  -23.627 0.5000000000
40776  -49.817  -28.124  -20.599 0.4000000060
39763  -49.428  -27.493  -24.931 0.6999999881
40790  -50.710  -27.643  -21.419 0.4000000060
39770  -49.520  -27.942  -25.630 0.6999999881
113132  -51.450  -27.940  -21.571 0.4000000060
39772  -49.702  -28.350  -25.946 0.6999999881
40792  -52.757  -28.171  -22.293 0.4000000060
37729  -48.880  -29.688  -25.844 0.6999999881
39756  -53.396  -28.923  -22.126 0.4000000060
36716  -49.548  -30.690  -25.859 0.6999999881
35745  -48.453  -32.214  -24.744 0.6999999881
39757  -54.237  -28.990  -22.506 0.4000000060
40803  -55.393  -28.622  -23.515 0.4000000060
40800  -48.468  -27.519  -22.606 0.4000000060
40788  -48.877  -27.331  -22.029 0.4000000060
40789  -49.715  -27.039  -21.819 0.4000000060
40810  -49.431  -26.575  -25.676 0.6999999881
40815  -49.310  -27.245  -25.799 0.6999999881
41855  -51.519  -26.624  -22.885 0.4000000060
41870  -51.984  -25.726  -23.596 0.4000000060
38776  -48.628  -28.500  -25.904 0.6999999881
40791  -52.015  -27.349  -22.518 0.4000000060
38777  -49.509  -28.982  -26.149 0.6999999881
40801  -52.762  -26.330  -23.579 0.4000000060
116293  -53.576  -27.365  -23.108 0.4000000060
116360  -48.500  -30.545  -25.473 0.6999999881
36713  -47.644  -30.799  -24.834 0.6999999881
40802  -54.629  -27.931  -23.283 0.4000000060
41873  -55.460  -27.656  -23.289 0.4000000060
41852  -49.399  -26.574  -23.740 0.4000000060
41853  -49.990  -26.299  -23.611 0.4000000060
40809  -49.871  -26.031  -25.374 0.6000000238
119369  -39.669  -30.300  -14.586 0.4000000060
37670  -40.888  -30.406  -15.095 0.5000000000
128578  -49.661  -26.143  -25.629 0.6000000238
41854  -50.959  -26.052  -23.652 0.4000000060
40812  -48.701  -26.487  -25.875 0.6000000238
40811  -47.794  -27.077  -25.518 0.6000000238
39769  -47.746  -28.131  -25.505 0.6999999881
38773  -47.070  -29.142  -24.812 0.6999999881
41856  -52.992  -25.791  -23.829 0.4000000060
37726  -46.538  -30.090  -24.326 0.6999999881
41857  -53.203  -25.616  -23.592 0.4000000060
41858  -53.966  -26.251  -23.639 0.4000000060
43001  -54.413  -26.132  -22.176 0.4000000060
43002  -55.441  -26.032  -21.842 0.4000000060
41867  -50.133  -25.376  -25.125 0.5000000000
109935  -49.665  -25.906  -25.408 0.6000000238
41868  -50.834  -25.094  -24.624 0.5000000000
38700  -38.107  -29.997  -14.486 0.3000000119
118193  -39.062  -29.239  -14.430 0.4000000060
38702  -39.730  -29.535  -14.617 0.5000000000
40808  -48.247  -26.262  -25.444 0.6000000238
41879  -48.789  -25.685  -25.347 0.6000000238
114333  -47.096  -27.034  -24.474 0.6000000238
41869  -51.478  -25.139  -24.355 0.5000000000
39762  -46.133  -28.345  -23.759 0.6999999881
39768  -46.885  -28.166  -24.647 0.6000000238
43011  -51.687  -24.888  -24.252 0.4000000060
39753  -45.396  -28.730  -22.883 0.8000000119
42998  -51.952  -24.979  -23.677 0.4000000060
43012  -52.175  -25.252  -23.545 0.4000000060
43000  -53.512  -25.864  -23.318 0.4000000060
42988  -55.003  -25.405  -21.079 0.4000000060
44085  -55.982  -24.997  -21.346 0.4000000060
41866  -48.249  -25.598  -24.257 0.6000000238
43015  -49.293  -25.219  -24.999 0.6000000238
41880  -49.931  -25.274  -25.039 0.5000000000
43010  -50.337  -25.196  -24.901 0.5000000000
39654  -38.755  -28.634  -14.426 0.4000000060
39655  -39.465  -28.676  -14.568 0.4000000060
39656  -40.172  -28.771  -14.865 0.5000000000
40798  -46.217  -27.576  -23.149 0.6999999881
109582  -51.089  -24.895  -24.588 0.5000000000
126278  -40.993  -28.176  -15.886 0.5000000000
39738  -44.497  -28.904  -21.275 0.6999999881
39752  -44.674  -29.271  -22.185 0.6999999881
40723  -41.199  -28.009  -16.704 0.6999999881
38757  -43.201  -29.738  -21.615 0.6999999881
38758  -43.965  -29.609  -21.759 0.6999999881
42997  -51.313  -24.704  -23.643 0.5000000000
40742  -39.574  -27.271  -19.126 0.6999999881
110990  -40.442  -27.614  -18.278 0.6999999881
38765  -44.208  -30.010  -22.570 0.6999999881
37712  -42.676  -30.380  -22.290 0.6999999881
38764  -43.490  -30.185  -22.276 0.8000000119
42985  -52.235  -25.288  -22.232 0.4000000060
42999  -52.625  -25.292  -23.627 0.4000000060
42986  -53.044  -25.542  -22.548 0.4000000060
42987  -53.909  -25.558  -21.403 0.4000000060
44084  -54.637  -24.614  -20.452 0.4000000060
43007  -47.656  -25.680  -22.989 0.6000000238
43008  -48.652  -25.202  -23.858 0.6000000238
43009  -49.605  -24.904  -24.618 0.6000000238
42996  -49.945  -24.684  -24.093 0.5000000000
117776  -38.462  -28.035  -14.445 0.4000000060
113377  -39.127  -27.972  -14.511 0.4000000060
40704  -39.847  -27.933  -14.799 0.6999999881
40785  -46.109  -27.122  -22.307 0.6999999881
41865  -47.276  -26.100  -23.281 0.6000000238
42995  -48.939  -24.832  -23.373 0.5000000000
117307  -40.435  -28.110  -15.257 0.6999999881
39722  -44.269  -28.573  -20.484 0.6999999881
39723  -45.031  -28.200  -20.709 0.6999999881
114139  -45.568  -27.383  -21.262 0.6999999881
40799  -46.787  -26.660  -23.378 0.6999999881
42982  -49.225  -24.711  -22.628 0.5000000000
120466  -50.304  -24.601  -23.211 0.5000000000
40722  -40.774  -27.310  -16.265 0.6999999881
39739  -45.361  -28.209  -21.920 0.6999999881
40732  -40.811  -27.354  -17.245 0.6999999881
38747  -41.967  -29.417  -20.944 0.6999999881
38749  -43.728  -29.208  -20.983 0.6999999881
42983  -50.495  -24.752  -21.542 0.4000000060
38756  -42.325  -29.863  -21.673 0.6999999881
39718  -40.517  -28.378  -20.879 0.6000000238
113995  -40.039  -29.065  -21.654 0.6000000238
38755  -41.307  -29.988  -21.950 0.6999999881
42984  -51.500  -24.925  -22.142 0.4000000060
44081  -51.814  -25.049  -20.645 0.4000000060
41801  -39.659  -26.515  -18.879 0.6999999881
39737  -39.200  -28.406  -21.738 0.6000000238
39736  -38.222  -28.910  -22.571 0.6000000238
44082  -52.549  -25.320  -21.046 0.4000000060
44070  -53.433  -24.283  -19.751 0.4000000060
111974  -53.924  -24.719  -20.376 0.4000000060
126737  -55.010  -23.818  -20.234 0.4000000060
42994  -47.961  -25.363  -22.516 0.6000000238
40701  -37.758  -27.632  -14.551 0.6000000238
40702  -38.662  -27.351  -14.545 0.6000000238
40703  -39.369  -27.273  -14.708 0.6999999881
40773  -45.240  -27.416  -20.192 0.6000000238
41850  -45.793  -26.711  -20.904 0.6999999881
41851  -46.473  -26.238  -21.532 0.6999999881
126753  -46.952  -26.012  -22.377 0.6000000238
39721  -43.453  -28.724  -20.357 0.6000000238
40772  -44.678  -28.037  -20.057 0.6000000238
40713  -40.440  -27.337  -15.581 0.6999999881
39720  -42.602  -28.782  -20.367 0.6000000238
125364  -49.458  -24.786  -21.497 0.5000000000
41780  -40.628  -26.567  -16.797 0.6999999881
41772  -40.464  -26.487  -15.970 0.6999999881
40771  -41.370  -27.867  -20.239 0.6000000238
39719  -41.639  -28.697  -20.518 0.6000000238
41790  -40.352  -26.707  -17.969 0.6999999881
38746  -40.930  -29.314  -21.222 0.6999999881
41802  -40.065  -25.931  -18.304 0.6999999881
44080  -51.062  -24.829  -20.679 0.4000000060
44067  -51.146  -24.631  -19.788 0.4000000060
41818  -38.862  -26.622  -19.842 0.6999999881
41817  -37.656  -26.716  -21.166 0.6999999881
40767  -36.498  -27.915  -21.990 0.6999999881
39735  -37.230  -28.305  -22.534 0.6000000238
44069  -52.515  -24.693  -19.899 0.4000000060
45102  -52.824  -23.728  -19.250 0.4000000060
45103  -53.566  -23.327  -19.347 0.4000000060
44071  -54.305  -23.807  -19.812 0.4000000060
45104  -54.213  -22.850  -19.525 0.3000000119
41752  -37.202  -26.829  -14.847 0.5000000000
40757  -43.579  -27.619  -19.275 0.6000000238
40758  -44.502  -27.439  -19.482 0.6000000238
42979  -46.707  -25.763  -21.111 0.6000000238
42993  -47.094  -25.688  -21.924 0.6000000238
41753  -38.224  -26.551  -14.692 0.6000000238
41754  -38.958  -26.706  -14.683 0.5000000000
40756  -42.716  -27.617  -19.350 0.6000000238
39704  -43.152  -28.253  -19.763 0.6000000238
39705  -43.966  -28.195  -19.800 0.6000000238
42980  -47.306  -25.434  -21.230 0.5000000000
118347  -48.304  -25.119  -21.958 0.4000000060
123618  -48.670  -24.934  -21.391 0.5000000000
41771  -40.088  -26.522  -15.484 0.6999999881
42981  -47.927  -25.140  -20.754 0.5000000000
42894  -40.159  -25.638  -15.838 0.8000000119
40755  -41.871  -27.430  -19.681 0.6000000238
42968  -48.722  -24.832  -20.305 0.4000000060
44066  -49.629  -24.733  -20.467 0.4000000060
119561  -40.463  -25.905  -17.316 0.6999999881
40784  -39.684  -27.691  -21.213 0.6000000238
40769  -39.421  -26.830  -21.366 0.6000000238
115204  -50.307  -24.618  -19.922 0.4000000060
42940  -39.404  -25.951  -19.353 0.6999999881
40783  -38.503  -27.435  -21.944 0.6000000238
44054  -51.305  -24.102  -19.072 0.4000000060
44068  -51.768  -24.524  -19.628 0.4000000060
42962  -38.409  -25.914  -20.588 0.6999999881
41838  -37.012  -26.754  -22.121 0.6999999881
41848  -37.689  -26.388  -22.462 0.6999999881
45088  -51.600  -23.345  -18.498 0.4000000060
45101  -52.075  -23.955  -19.133 0.4000000060
42961  -37.436  -25.854  -21.889 0.6999999881
46040  -52.287  -22.582  -18.447 0.3000000119
45089  -52.960  -22.922  -18.899 0.4000000060
46922  -52.964  -21.257  -18.719 0.4000000060
46051  -53.547  -22.476  -19.173 0.3000000119
41821  -43.934  -26.901  -18.881 0.6000000238
41822  -44.707  -26.601  -19.121 0.6000000238
41839  -45.596  -26.512  -20.100 0.6000000238
41824  -45.961  -25.852  -20.024 0.6000000238
42966  -46.575  -25.593  -20.403 0.5000000000
41770  -37.489  -25.947  -15.048 0.6000000238
42872  -38.306  -25.709  -14.986 0.6000000238
40743  -43.104  -27.022  -18.794 0.6000000238
41805  -43.496  -26.241  -18.541 0.6000000238
112603  -47.069  -25.183  -20.110 0.5000000000
121398  -39.662  -25.983  -15.356 0.6999999881
41820  -42.229  -26.920  -19.108 0.6000000238
42967  -47.769  -24.867  -19.726 0.5000000000
42910  -40.448  -25.792  -16.461 0.6999999881
42893  -39.500  -25.273  -15.501 0.6999999881
41819  -40.661  -26.708  -20.346 0.6000000238
122857  -41.441  -26.712  -19.663 0.6000000238
44065  -48.470  -24.599  -19.205 0.5000000000
118494  -49.343  -24.562  -19.507 0.5000000000
125724  -40.495  -25.291  -16.940 0.8000000119
114691  -40.306  -25.029  -16.429 0.8000000119
44052  -49.037  -24.275  -18.573 0.4000000060
42926  -40.323  -25.245  -17.687 0.8000000119
44053  -49.924  -24.264  -18.870 0.4000000060
121427  -39.849  -25.261  -18.740 0.6999999881
129595  -47.771  -20.662  -16.630 0.5000000000
46889  -47.803  -21.325  -16.576 0.5000000000
46026  -49.189  -22.009  -16.614 0.5000000000
45072  -49.452  -23.013  -17.214 0.4000000060
45087  -50.609  -23.693  -18.426 0.4000000060
113166  -39.224  -25.241  -19.952 0.6999999881
44078  -38.108  -25.085  -21.277 0.6999999881
108433  -37.611  -25.836  -22.429 0.6999999881
115007  -37.808  -25.464  -22.838 0.6999999881
47841  -47.858  -20.076  -16.670 0.5000000000
46890  -48.666  -21.287  -16.492 0.5000000000
46905  -49.835  -21.637  -16.809 0.4000000060
46027  -49.897  -22.389  -17.033 0.4000000060
45073  -50.967  -23.081  -17.926 0.4000000060
48804  -48.085  -19.305  -16.832 0.4000000060
47843  -48.923  -20.499  -16.537 0.5000000000
128225  -49.541  -20.438  -16.747 0.4000000060
47855  -50.191  -20.870  -17.033 0.4000000060
46907  -51.251  -21.834  -17.672 0.4000000060
46039  -51.496  -22.558  -17.975 0.4000000060
49815  -48.781  -19.128  -16.981 0.4000000060
48806  -49.208  -19.801  -16.772 0.4000000060
111631  -50.013  -19.945  -17.130 0.4000000060
120214  -51.055  -21.043  -17.568 0.4000000060
47870  -52.280  -21.185  -18.290 0.4000000060
41806  -44.314  -26.136  -18.670 0.6000000238
41823  -45.390  -26.073  -19.411 0.6000000238
42890  -36.801  -25.363  -15.605 0.5000000000
41804  -42.602  -26.277  -18.667 0.6000000238
42943  -43.935  -25.465  -18.285 0.6000000238
42945  -45.478  -25.433  -18.853 0.5000000000
114550  -46.047  -24.811  -18.703 0.5000000000
42965  -46.215  -25.330  -19.517 0.5000000000
42891  -37.841  -25.123  -15.268 0.6000000238
42892  -38.726  -25.120  -15.301 0.6999999881
42964  -41.408  -25.554  -19.486 0.6000000238
41803  -41.756  -26.200  -19.180 0.6000000238
121529  -45.753  -24.263  -18.112 0.5000000000
42946  -46.920  -24.714  -19.136 0.5000000000
44012  -38.331  -24.409  -15.537 0.6000000238
42978  -40.260  -26.127  -20.966 0.6000000238
111456  -41.047  -26.096  -19.908 0.6000000238
44050  -47.349  -24.276  -18.402 0.5000000000
44021  -39.776  -24.036  -16.250 0.8000000119
46008  -47.587  -22.140  -16.653 0.5000000000
44033  -46.954  -23.840  -17.800 0.5000000000
44034  -47.794  -23.868  -17.743 0.5000000000
44051  -48.186  -24.292  -18.416 0.5000000000
44022  -40.178  -24.281  -16.643 0.8000000119
41849  -39.009  -25.648  -22.491 0.6000000238
47854  -46.150  -20.622  -17.430 0.5000000000
46903  -45.623  -21.269  -17.340 0.5000000000
46888  -47.021  -21.710  -16.799 0.5000000000
45057  -47.858  -22.761  -16.759 0.5000000000
45071  -48.226  -23.369  -17.168 0.5000000000
113306  -48.927  -23.367  -17.340 0.4000000060
44043  -40.153  -24.556  -18.079 0.8000000119
46904  -46.434  -21.260  -17.134 0.5000000000
47840  -47.165  -20.696  -16.966 0.5000000000
46009  -48.324  -22.100  -16.564 0.5000000000
46025  -48.758  -22.781  -16.824 0.5000000000
44042  -39.686  -24.568  -19.229 0.8000000119
42977  -37.546  -24.946  -22.397 0.6999999881
42991  -37.655  -25.005  -22.893 0.6999999881
48813  -45.760  -19.991  -17.808 0.5000000000
48814  -46.719  -20.027  -17.599 0.4000000060
48815  -47.432  -19.722  -17.134 0.4000000060
42944  -44.750  -25.443  -18.499 0.5000000000
44018  -35.610  -24.792  -16.982 0.5000000000
42941  -42.048  -25.582  -18.750 0.6000000238
42942  -42.951  -25.420  -18.272 0.6000000238
44048  -45.246  -24.820  -18.334 0.5000000000
44019  -36.454  -24.488  -16.347 0.5000000000
44031  -44.955  -24.156  -17.862 0.5000000000
121480  -45.567  -23.541  -17.651 0.5000000000
110643  -35.245  -24.347  -17.573 0.5000000000
45051  -35.873  -24.006  -17.064 0.5000000000
44011  -37.427  -24.460  -15.680 0.5000000000
42963  -40.771  -25.480  -20.386 0.6000000238
118419  -41.197  -24.997  -19.908 0.6000000238
120715  -45.004  -22.892  -17.440 0.5000000000
44032  -46.240  -23.856  -17.857 0.5000000000
129585  -40.141  -25.489  -21.524 0.6000000238
44063  -40.621  -24.779  -20.991 0.6000000238
46902  -44.606  -21.233  -17.484 0.5000000000
46021  -44.383  -22.264  -17.442 0.5000000000
46023  -45.906  -22.734  -17.335 0.5000000000
45069  -46.493  -23.297  -17.430 0.5000000000
45042  -39.325  -23.529  -16.216 0.6999999881
44090  -39.988  -24.977  -22.587 0.6000000238
108372  -46.188  -21.965  -17.105 0.5000000000
46024  -46.926  -22.595  -16.910 0.5000000000
45055  -39.897  -23.423  -16.867 0.6999999881
42992  -38.293  -25.097  -23.033 0.6999999881
124593  -45.212  -20.484  -17.585 0.5000000000
45056  -40.190  -23.939  -17.423 0.6999999881
48829  -46.348  -19.515  -18.193 0.4000000060
112118  -37.828  -24.275  -21.848 0.6999999881
48830  -47.029  -19.339  -17.791 0.5000000000
49835  -46.841  -19.050  -19.014 0.5000000000
45082  -39.916  -23.837  -18.529 0.6999999881
44062  -39.071  -24.490  -20.501 0.8000000119
49824  -47.716  -18.800  -17.316 0.4000000060
50817  -48.076  -17.963  -17.631 0.5000000000
51974  -48.360  -16.182  -18.681 0.4000000060
53021  -49.422  -15.468  -18.467 0.5000000000
122123  -48.749  -14.799  -18.963 0.5000000000
53023  -51.189  -15.776  -18.646 0.5000000000
53022  -50.276  -15.650  -18.452 0.5000000000
54105  -49.187  -14.707  -18.798 0.5000000000
44046  -43.582  -24.682  -17.946 0.6000000238
44047  -44.426  -24.764  -18.056 0.5000000000
44044  -41.634  -24.939  -19.070 0.6000000238
125719  -42.242  -24.948  -18.498 0.6000000238
44045  -42.757  -24.483  -18.116 0.6000000238
44030  -44.112  -23.948  -17.668 0.5000000000
45068  -44.749  -23.535  -17.606 0.5000000000
45064  -35.442  -23.531  -17.680 0.5000000000
119973  -36.551  -23.657  -16.626 0.5000000000
45040  -37.939  -23.873  -15.762 0.6999999881
114817  -41.376  -24.241  -19.726 0.6000000238
109459  -41.966  -24.258  -18.638 0.6000000238
46901  -43.623  -21.661  -17.646 0.5000000000
45067  -44.244  -23.118  -17.496 0.5000000000
44041  -34.748  -23.921  -18.214 0.5000000000
44020  -37.264  -23.745  -16.115 0.6000000238
46020  -43.648  -22.627  -17.558 0.5000000000
45053  -38.012  -23.241  -16.056 0.6999999881
45114  -41.007  -23.498  -21.312 0.6000000238
47853  -44.497  -20.391  -17.748 0.5000000000
45054  -38.780  -23.010  -16.251 0.6999999881
45113  -40.526  -24.202  -22.256 0.6000000238
48828  -45.533  -19.564  -18.357 0.6000000238
48827  -44.794  -19.526  -18.637 0.4000000060
48848  -46.190  -19.245  -19.065 0.5000000000
44088  -38.322  -24.548  -23.064 0.6999999881
43006  -38.576  -24.741  -23.133 0.6999999881
44077  -37.683  -24.498  -22.538 0.6999999881
50867  -48.420  -18.392  -20.792 0.4000000060
52009  -48.433  -16.835  -20.682 0.4000000060
45112  -37.927  -23.905  -22.123 0.6999999881
51991  -48.028  -16.300  -19.640 0.4000000060
45099  -39.068  -23.667  -20.834 0.6999999881
53036  -48.357  -15.394  -19.186 0.4000000060
45065  -39.942  -23.106  -17.813 0.6999999881
54107  -50.745  -15.093  -18.704 0.5000000000
54108  -51.633  -15.025  -19.012 0.5000000000
120151  -50.725  -14.337  -18.896 0.5000000000
45084  -42.518  -23.627  -18.134 0.5000000000
122584  -43.659  -23.340  -17.588 0.5000000000
45100  -41.351  -23.388  -20.183 0.6000000238
45083  -41.763  -23.279  -18.879 0.5000000000
46019  -43.034  -22.304  -17.771 0.5000000000
119448  -35.075  -23.008  -18.292 0.6000000238
46015  -35.734  -22.646  -17.735 0.6000000238
117071  -42.939  -21.681  -17.941 0.5000000000
45052  -36.198  -23.180  -17.152 0.6000000238
45123  -40.852  -23.409  -22.531 0.5000000000
46063  -41.331  -22.775  -21.133 0.5000000000
47852  -43.847  -20.724  -17.804 0.5000000000
47869  -44.082  -19.969  -18.252 0.5000000000
46004  -37.226  -22.894  -16.556 0.6999999881
45122  -40.575  -24.077  -23.876 0.6000000238
48812  -44.916  -19.889  -17.936 0.5000000000
48826  -44.133  -19.562  -19.233 0.6000000238
48846  -44.922  -19.190  -19.639 0.5000000000
46005  -38.249  -22.520  -16.451 0.6999999881
44094  -39.423  -24.467  -23.626 0.6999999881
49891  -48.134  -19.239  -21.784 0.5000000000
48881  -49.016  -19.484  -21.967 0.4000000060
113981  -39.340  -22.794  -16.658 0.6999999881
45120  -38.129  -24.195  -22.871 0.6999999881
45121  -38.839  -23.574  -22.759 0.6999999881
118269  -46.713  -18.977  -20.104 0.5000000000
49875  -47.862  -18.936  -20.924 0.5000000000
49876  -48.544  -19.095  -21.373 0.4000000060
49892  -49.188  -19.141  -21.721 0.4000000060
50886  -49.040  -18.081  -21.315 0.4000000060
52010  -49.348  -16.993  -21.718 0.4000000060
46018  -39.573  -22.515  -17.285 0.6999999881
120069  -39.446  -22.670  -20.341 0.6999999881
53065  -48.825  -15.624  -21.201 0.4000000060
46036  -39.651  -22.196  -18.113 0.6999999881
46049  -39.542  -21.977  -19.153 0.6999999881
53053  -48.275  -15.551  -20.160 0.4000000060
54144  -48.543  -14.841  -20.418 0.4000000060
55194  -49.248  -13.413  -19.560 0.4000000060
54124  -49.739  -13.909  -19.001 0.5000000000
46934  -41.845  -21.727  -19.390 0.5000000000
46918  -42.444  -21.447  -18.536 0.5000000000
46050  -41.591  -22.539  -19.668 0.5000000000
46935  -42.205  -21.022  -19.468 0.5000000000
47885  -43.360  -20.009  -18.954 0.5000000000
46035  -35.378  -22.154  -18.375 0.6000000238
123887  -41.502  -22.195  -21.603 0.5000000000
46919  -43.114  -21.024  -18.045 0.5000000000
46016  -36.673  -22.259  -17.228 0.6999999881
46072  -41.403  -22.872  -22.788 0.5000000000
48845  -43.570  -19.752  -20.090 0.6000000238
48866  -44.373  -19.299  -20.414 0.5000000000
46071  -41.064  -23.484  -24.237 0.6000000238
45128  -40.305  -24.037  -24.162 0.6999999881
49853  -45.743  -18.914  -19.985 0.5000000000
48880  -48.665  -19.395  -22.417 0.4000000060
46017  -37.760  -21.922  -16.826 0.6999999881
45132  -40.167  -23.823  -24.233 0.8000000119
49873  -46.260  -18.875  -21.265 0.5000000000
49890  -47.030  -19.136  -22.051 0.5000000000
123072  -49.371  -19.328  -22.380 0.4000000060
50887  -49.718  -18.236  -22.231 0.4000000060
52018  -50.417  -17.345  -22.750 0.4000000060
46007  -39.200  -22.026  -16.939 0.6999999881
46966  -39.630  -21.990  -22.997 0.6000000238
53074  -49.928  -16.056  -22.330 0.4000000060
107603  -39.019  -23.191  -21.628 0.6999999881
46062  -39.414  -22.233  -21.043 0.6999999881
46959  -39.529  -21.781  -21.689 0.6000000238
47910  -39.784  -20.911  -21.914 0.6000000238
53066  -49.554  -15.026  -21.937 0.4000000060
46917  -39.379  -21.286  -18.319 0.6999999881
114683  -39.485  -21.832  -20.037 0.6999999881
46946  -39.620  -21.213  -20.575 0.6000000238
54153  -48.918  -14.545  -21.053 0.4000000060
46899  -38.985  -21.352  -17.252 0.6999999881
47899  -39.731  -20.188  -20.727 0.6000000238
48875  -39.966  -19.830  -21.702 0.6000000238
55195  -49.912  -12.956  -19.332 0.5000000000
47882  -39.323  -19.686  -19.871 0.6000000238
118393  -50.677  -13.440  -19.144 0.5000000000
54125  -51.747  -14.002  -19.191 0.5000000000
47884  -42.760  -20.372  -19.952 0.6000000238
46034  -34.625  -22.374  -18.872 0.5000000000
46947  -41.584  -21.971  -20.420 0.5000000000
47883  -42.034  -20.915  -20.692 0.6000000238
46896  -36.127  -21.743  -17.860 0.6000000238
46960  -41.817  -22.201  -23.090 0.6000000238
121936  -41.697  -21.556  -21.245 0.6000000238
123977  -44.700  -19.144  -21.430 0.5000000000
49852  -45.185  -18.884  -20.761 0.5000000000
46915  -35.681  -21.332  -18.493 0.6000000238
46916  -36.511  -20.885  -18.103 0.6000000238
111662  -41.772  -22.942  -24.320 0.6000000238
46968  -42.087  -22.310  -24.310 0.6000000238
48879  -44.788  -19.396  -22.583 0.5000000000
49910  -46.301  -18.948  -22.484 0.5000000000
110904  -48.397  -19.168  -22.695 0.4000000060
48882  -49.265  -19.404  -22.609 0.4000000060
46898  -38.374  -21.228  -17.203 0.6999999881
46076  -40.744  -23.464  -24.245 0.6999999881
46975  -41.798  -22.102  -24.460 0.6000000238
49872  -45.484  -19.106  -22.044 0.5000000000
49889  -46.115  -19.056  -22.499 0.5000000000
49911  -47.482  -19.064  -22.304 0.5000000000
48894  -50.528  -19.120  -23.694 0.4000000060
50905  -50.677  -18.489  -23.181 0.4000000060
52019  -51.221  -17.645  -23.700 0.4000000060
46075  -39.625  -23.171  -23.487 0.6999999881
129146  -40.194  -21.982  -23.688 0.6999999881
47917  -41.058  -20.918  -23.993 0.6999999881
48892  -44.717  -19.462  -23.543 0.5000000000
49888  -45.392  -19.325  -22.992 0.5000000000
53075  -50.943  -16.346  -23.446 0.4000000060
47849  -38.171  -20.588  -17.710 0.6000000238
47911  -40.120  -20.248  -22.764 0.6000000238
115261  -40.619  -19.786  -23.318 0.6999999881
109322  -50.585  -15.153  -22.997 0.4000000060
47850  -38.756  -20.846  -17.624 0.6999999881
46933  -39.491  -21.114  -19.316 0.6000000238
49906  -40.885  -18.985  -23.212 0.6000000238
122373  -49.853  -14.613  -22.344 0.4000000060
47867  -39.203  -20.358  -18.789 0.6000000238
128500  -39.488  -20.461  -19.745 0.6000000238
127226  -40.042  -19.245  -21.674 0.6000000238
49885  -40.662  -18.665  -22.178 0.6000000238
55229  -49.344  -13.470  -21.419 0.4000000060
48862  -39.700  -19.195  -21.032 0.6000000238
49869  -40.325  -18.457  -21.244 0.6000000238
128002  -49.963  -12.262  -19.628 0.5000000000
56195  -49.457  -12.597  -19.877 0.4000000060
55196  -51.474  -13.157  -19.277 0.5000000000
56197  -51.849  -12.533  -19.436 0.5000000000
47901  -42.509  -20.518  -21.587 0.6000000238
47912  -42.470  -22.005  -23.932 0.6000000238
47900  -41.956  -21.189  -22.266 0.6000000238
48864  -43.278  -20.139  -22.490 0.6000000238
48865  -43.913  -19.552  -21.561 0.5000000000
46931  -34.618  -21.450  -19.314 0.6000000238
47913  -42.814  -21.082  -23.607 0.6000000238
48878  -43.997  -19.742  -23.138 0.5000000000
50902  -46.610  -18.672  -22.578 0.5000000000
47863  -36.001  -20.540  -18.748 0.6000000238
47864  -36.948  -20.101  -18.414 0.6000000238
47918  -42.456  -21.690  -24.408 0.6000000238
47925  -42.305  -20.970  -24.713 0.6000000238
48891  -44.152  -20.037  -24.217 0.5000000000
50899  -43.775  -18.248  -23.664 0.5000000000
50908  -44.361  -18.870  -23.735 0.5000000000
49919  -45.034  -19.083  -23.536 0.5000000000
49912  -49.075  -19.145  -23.235 0.4000000060
128554  -50.526  -18.868  -24.271 0.4000000060
50911  -51.203  -18.630  -24.167 0.4000000060
49917  -42.435  -19.376  -24.680 0.5000000000
48903  -44.437  -19.582  -23.812 0.5000000000
49908  -45.042  -19.316  -23.420 0.5000000000
53081  -51.552  -16.413  -24.206 0.4000000060
47865  -37.909  -19.978  -18.272 0.6000000238
49871  -42.129  -18.059  -21.376 0.6000000238
47866  -38.661  -20.247  -18.285 0.6000000238
48825  -38.864  -19.534  -19.303 0.6000000238
49870  -41.233  -18.334  -21.598 0.6000000238
54162  -50.183  -14.089  -22.555 0.4000000060
46887  -38.661  -21.849  -16.808 0.6999999881
48843  -39.151  -18.893  -20.455 0.6000000238
56220  -49.405  -12.541  -21.005 0.4000000060
55238  -49.725  -13.183  -22.159 0.4000000060
49868  -39.648  -18.388  -21.095 0.6000000238
56196  -50.741  -12.511  -19.410 0.5000000000
57172  -52.320  -11.857  -19.625 0.5000000000
57173  -53.343  -11.927  -19.705 0.4000000060
48877  -43.656  -20.568  -24.140 0.5000000000
52016  -45.211  -17.614  -22.704 0.5000000000
50883  -45.933  -17.304  -22.194 0.5000000000
50904  -48.339  -18.605  -22.926 0.4000000060
47881  -36.423  -19.750  -19.157 0.6000000238
47919  -43.053  -20.985  -24.617 0.6000000238
50881  -43.730  -17.562  -22.918 0.5000000000
50901  -45.652  -18.627  -23.016 0.5000000000
50909  -49.239  -18.376  -23.546 0.4000000060
50910  -50.081  -18.293  -24.313 0.4000000060
50913  -50.801  -18.333  -24.478 0.4000000060
125358  -43.107  -18.471  -23.924 0.5000000000
52023  -51.342  -17.826  -24.127 0.4000000060
48823  -37.478  -19.425  -18.931 0.6000000238
48824  -38.319  -19.426  -18.992 0.6000000238
48842  -38.719  -18.703  -20.181 0.6000000238
49851  -41.740  -18.002  -20.328 0.6000000238
55239  -50.772  -13.460  -23.201 0.4000000060
49849  -39.298  -18.133  -20.924 0.6000000238
49850  -40.800  -18.055  -20.353 0.6000000238
50862  -39.943  -17.979  -20.694 0.6000000238
57194  -49.753  -11.795  -20.253 0.4000000060
111857  -50.820  -11.117  -19.934 0.4000000060
58149  -51.256  -10.515  -20.323 0.3000000119
57171  -51.280  -11.777  -19.608 0.5000000000
57196  -51.752  -11.113  -19.855 0.4000000060
58151  -53.181  -10.470  -20.283 0.3000000119
50884  -46.972  -17.611  -22.158 0.5000000000
52017  -48.497  -17.290  -22.862 0.5000000000
119807  -48.643  -16.136  -22.966 0.5000000000
50882  -44.407  -17.229  -22.454 0.5000000000
52006  -44.882  -16.768  -21.917 0.6000000238
52022  -49.540  -17.068  -23.862 0.5000000000
52025  -50.632  -17.344  -24.517 0.4000000060
48840  -36.941  -18.897  -19.816 0.6000000238
122429  -37.641  -18.419  -20.510 0.6000000238
50864  -43.554  -17.360  -21.551 0.6000000238
53083  -51.201  -16.269  -24.601 0.4000000060
128114  -51.707  -15.272  -24.415 0.4000000060
48841  -37.961  -18.782  -19.710 0.6000000238
49847  -38.364  -18.138  -20.840 0.6000000238
50863  -42.749  -17.692  -20.610 0.6999999881
55246  -52.009  -13.679  -24.321 0.3000000119
109855  -38.962  -17.934  -20.949 0.6000000238
50849  -42.268  -17.664  -19.432 0.6000000238
49848  -38.882  -18.027  -21.029 0.6000000238
50848  -41.345  -17.684  -19.356 0.6000000238
56240  -49.996  -12.536  -22.397 0.4000000060
50829  -41.055  -17.217  -18.792 0.6000000238
57217  -49.682  -11.699  -21.390 0.3000000119
58148  -50.495  -10.688  -20.544 0.3000000119
58171  -50.924  -9.973  -20.956 0.3000000119
59075  -51.668  -9.978  -20.645 0.3000000119
59077  -53.519  -9.812  -20.664 0.3000000119
116039  -45.223  -16.388  -21.459 0.6000000238
53062  -45.685  -16.194  -21.392 0.5000000000
53064  -46.964  -15.833  -21.500 0.5000000000
53072  -47.716  -16.256  -22.162 0.5000000000
50865  -44.156  -16.958  -21.126 0.6000000238
51989  -44.663  -16.498  -20.750 0.6000000238
114846  -48.819  -15.200  -23.308 0.4000000060
114713  -50.667  -15.234  -24.568 0.4000000060
49867  -37.732  -18.034  -21.206 0.6000000238
50850  -43.581  -17.281  -20.271 0.6000000238
53084  -51.742  -14.842  -24.570 0.3000000119
54169  -52.295  -14.709  -24.773 0.3000000119
50861  -38.316  -17.881  -21.088 0.6000000238
126845  -38.271  -17.397  -20.821 0.6000000238
50845  -38.758  -17.206  -20.397 0.6000000238
51969  -39.413  -16.662  -19.585 0.6000000238
50830  -41.934  -17.295  -18.702 0.6000000238
57229  -50.243  -11.796  -22.672 0.3000000119
50846  -39.528  -17.487  -20.129 0.6000000238
51970  -40.250  -16.970  -19.204 0.6000000238
58169  -49.895  -10.982  -21.886 0.3000000119
115519  -51.016  -9.529  -21.636 0.3000000119
59096  -51.768  -9.427  -21.237 0.3000000119
59097  -52.855  -9.272  -21.203 0.3000000119
51990  -45.160  -16.081  -20.602 0.6000000238
53063  -46.177  -15.519  -21.227 0.5000000000
118287  -46.693  -14.888  -21.278 0.5000000000
110600  -47.414  -15.142  -21.743 0.4000000060
128066  -44.317  -16.585  -19.230 0.6000000238
51971  -44.746  -16.330  -19.781 0.6000000238
54161  -48.419  -14.437  -22.855 0.4000000060
54167  -49.048  -14.463  -23.643 0.4000000060
51955  -43.904  -16.414  -18.595 0.6000000238
54168  -49.822  -14.459  -24.369 0.4000000060
54171  -50.885  -14.364  -24.695 0.3000000119
50879  -37.498  -17.778  -21.358 0.6000000238
125598  -43.244  -16.778  -18.507 0.6000000238
54172  -52.515  -14.190  -25.049 0.3000000119
51954  -42.566  -16.717  -18.293 0.6000000238
56251  -52.873  -12.564  -25.087 0.3000000119
51952  -40.822  -16.491  -18.613 0.6000000238
57230  -51.165  -11.869  -23.630 0.3000000119
51951  -40.062  -16.089  -19.050 0.6000000238
58194  -50.871  -10.442  -23.372 0.3000000119
59116  -51.358  -9.025  -22.106 0.3000000119
51972  -45.181  -15.726  -19.764 0.6000000238
53052  -45.580  -15.511  -20.667 0.5000000000
54152  -47.104  -14.248  -21.552 0.4000000060
54160  -47.723  -14.355  -22.217 0.4000000060
51956  -44.745  -16.000  -18.872 0.6000000238
55236  -48.099  -13.667  -22.689 0.4000000060
55237  -48.603  -13.883  -23.286 0.4000000060
55244  -49.169  -13.762  -23.903 0.4000000060
55248  -51.088  -13.717  -24.829 0.3000000119
51987  -37.801  -17.403  -21.108 0.6000000238
51934  -43.229  -16.080  -17.980 0.6000000238
109274  -51.205  -13.081  -25.017 0.3000000119
112931  -37.462  -16.314  -20.798 0.6000000238
51988  -38.190  -16.754  -20.501 0.6000000238
51933  -42.419  -16.061  -17.882 0.6000000238
53017  -41.204  -15.850  -18.238 0.6000000238
51968  -38.714  -16.317  -19.801 0.6000000238
110079  -39.671  -15.271  -19.361 0.6000000238
53019  -45.119  -15.181  -19.088 0.6000000238
110778  -46.085  -13.943  -20.537 0.4000000060
54151  -46.470  -14.099  -21.061 0.4000000060
55227  -47.437  -13.530  -22.033 0.4000000060
53001  -44.163  -14.945  -17.818 0.5000000000
53018  -44.634  -15.163  -18.388 0.5000000000
56248  -49.176  -12.996  -24.170 0.4000000060
53000  -43.531  -15.148  -17.646 0.5000000000
52999  -42.729  -15.338  -17.565 0.5000000000
56255  -49.904  -12.548  -24.671 0.3000000119
54139  -37.641  -15.175  -20.551 0.6000000238
52997  -41.084  -15.087  -18.083 0.5000000000
53051  -38.188  -15.816  -20.160 0.6000000238
53034  -38.867  -15.486  -19.665 0.6000000238
53016  -40.648  -15.610  -18.572 0.6000000238
54118  -39.265  -14.615  -19.715 0.6000000238
53035  -40.229  -15.196  -19.028 0.6000000238
54141  -38.978  -14.039  -20.208 0.5000000000
54119  -40.102  -14.370  -19.322 0.5000000000
55178  -45.090  -13.812  -18.476 0.4000000060
55191  -45.561  -13.568  -19.326 0.3000000119
55192  -45.935  -13.410  -20.068 0.4000000060
55226  -46.803  -13.454  -21.383 0.4000000060
56230  -47.132  -12.729  -21.782 0.3000000119
54103  -44.580  -14.437  -17.959 0.4000000060
119514  -47.382  -12.000  -22.179 0.3000000119
56239  -48.512  -13.227  -23.341 0.3000000119
54092  -42.275  -14.530  -17.206 0.5000000000
57228  -47.518  -11.350  -22.568 0.3000000119
118672  -47.854  -11.920  -22.951 0.3000000119
54091  -41.508  -14.628  -17.601 0.5000000000
56247  -48.856  -12.055  -24.126 0.3000000119
54090  -40.961  -14.228  -17.963 0.5000000000
57243  -51.251  -11.471  -25.368 0.3000000119
54102  -40.577  -14.718  -18.628 0.5000000000
55169  -44.937  -13.052  -17.903 0.3000000119
114548  -45.450  -12.971  -18.651 0.3000000119
56193  -45.858  -12.805  -19.425 0.3000000119
56194  -46.219  -12.708  -20.216 0.3000000119
55168  -44.197  -13.091  -17.190 0.3000000119
55177  -44.573  -13.734  -17.680 0.4000000060
56219  -46.564  -12.689  -21.036 0.3000000119
123287  -46.858  -11.872  -21.346 0.3000000119
55166  -42.722  -13.246  -16.738 0.3000000119
114344  -41.563  -13.806  -17.279 0.4000000060
125225  -48.259  -11.730  -23.538 0.3000000119
57238  -48.390  -11.100  -23.866 0.3000000119
55164  -40.928  -13.350  -17.859 0.5000000000
58200  -50.052  -10.592  -24.766 0.3000000119
55176  -40.568  -13.800  -18.644 0.5000000000
55189  -39.658  -13.755  -19.857 0.4000000060
55190  -40.248  -13.363  -19.413 0.5000000000
56167  -44.776  -12.286  -17.524 0.3000000119
57160  -45.380  -11.596  -18.032 0.3000000119
56182  -45.720  -12.192  -18.758 0.3000000119
56166  -44.071  -12.117  -16.915 0.3000000119
120105  -46.138  -12.031  -19.578 0.3000000119
114576  -46.452  -11.927  -20.484 0.3000000119
56164  -42.456  -12.455  -16.751 0.3000000119
58168  -47.042  -10.572  -21.503 0.3000000119
58186  -47.350  -10.652  -22.350 0.3000000119
56162  -41.035  -12.501  -17.726 0.3000000119
56163  -41.663  -12.364  -17.089 0.3000000119
129936  -47.582  -10.927  -22.885 0.3000000119
57159  -40.748  -11.971  -18.188 0.3000000119
59126  -47.859  -9.661  -23.536 0.3000000119
59127  -48.388  -9.730  -23.994 0.3000000119
56181  -40.561  -12.759  -18.593 0.4000000060
113656  -49.577  -9.119  -24.639 0.3000000119
56191  -39.969  -12.957  -20.130 0.4000000060
60061  -50.555  -8.993  -25.413 0.3000000119
60064  -52.255  -9.298  -26.251 0.3000000119
57133  -43.854  -11.243  -16.871 0.3000000119
57134  -44.615  -11.448  -17.322 0.3000000119
57168  -45.950  -11.365  -18.930 0.3000000119
57169  -46.351  -11.199  -19.826 0.3000000119
57132  -43.148  -11.837  -16.766 0.3000000119
58147  -46.541  -10.320  -20.021 0.3000000119
59093  -46.862  -10.066  -20.865 0.3000000119
57130  -41.275  -11.587  -17.588 0.3000000119
57131  -42.116  -11.522  -16.925 0.3000000119
113596  -47.174  -9.851  -21.836 0.3000000119
60054  -47.795  -8.824  -23.278 0.3000000119
57167  -40.492  -11.849  -18.938 0.4000000060
119439  -48.224  -9.076  -23.712 0.3000000119
118837  -48.776  -8.905  -24.171 0.3000000119
56218  -40.122  -12.095  -20.615 0.4000000060
60060  -49.371  -8.299  -24.675 0.3000000119
61025  -49.538  -7.503  -24.899 0.3000000119
60063  -51.225  -8.434  -25.913 0.3000000119
109730  -52.828  -7.845  -26.568 0.3000000119
58094  -44.387  -10.630  -17.228 0.3000000119
58095  -45.091  -10.768  -17.694 0.3000000119
58122  -45.636  -10.684  -18.412 0.3000000119
58137  -46.166  -10.514  -19.182 0.3000000119
58093  -43.641  -10.355  -17.022 0.3000000119
59061  -45.830  -9.851  -18.687 0.3000000119
59062  -46.323  -9.674  -19.403 0.3000000119
58091  -41.674  -10.896  -17.354 0.3000000119
122076  -42.184  -10.593  -17.103 0.3000000119
111412  -46.655  -9.432  -20.163 0.3000000119
118953  -46.979  -9.192  -20.984 0.3000000119
59114  -47.457  -9.485  -22.780 0.3000000119
58090  -41.181  -10.665  -17.828 0.3000000119
60018  -47.093  -8.384  -21.127 0.3000000119
60019  -47.352  -8.249  -21.796 0.3000000119
60036  -47.502  -8.522  -22.579 0.3000000119
113533  -40.379  -11.660  -19.913 0.4000000060
60055  -48.319  -8.270  -23.766 0.3000000119
61032  -50.452  -7.617  -25.606 0.3000000119
57215  -40.078  -11.361  -21.554 0.4000000060
61033  -51.809  -7.969  -26.427 0.3000000119
62010  -51.457  -6.942  -26.406 0.3000000119
59013  -44.826  -9.494  -17.618 0.3000000119
59043  -45.402  -9.135  -18.157 0.3000000119
59011  -43.531  -9.429  -17.197 0.3000000119
119182  -44.237  -9.714  -17.281 0.3000000119
59972  -46.225  -8.345  -19.125 0.3000000119
59010  -42.773  -9.977  -17.121 0.3000000119
60003  -46.709  -8.495  -20.299 0.3000000119
59041  -41.143  -9.797  -17.970 0.3000000119
60996  -47.496  -7.704  -22.194 0.3000000119
61010  -47.759  -7.804  -23.141 0.3000000119
61011  -48.243  -7.505  -23.703 0.3000000119
61998  -49.013  -6.827  -24.458 0.3000000119
61999  -49.805  -6.856  -25.188 0.3000000119
57227  -40.098  -10.792  -22.540 0.3000000119
62009  -50.691  -7.111  -25.841 0.3000000119
62957  -51.892  -5.511  -26.917 0.3000000119
62015  -52.605  -6.475  -27.014 0.3000000119
117192  -43.472  -8.717  -17.290 0.3000000119
120229  -44.732  -8.834  -17.597 0.3000000119
60948  -46.321  -7.691  -19.337 0.3000000119
59939  -42.212  -8.482  -17.353 0.3000000119
116402  -42.870  -9.025  -17.234 0.3000000119
60983  -46.873  -7.715  -20.693 0.3000000119
120228  -47.078  -7.129  -21.058 0.3000000119
60984  -47.241  -7.697  -21.395 0.3000000119
61956  -47.499  -6.281  -22.123 0.3000000119
61975  -47.734  -6.238  -22.986 0.3000000119
61976  -48.389  -6.156  -23.757 0.3000000119
61985  -49.345  -5.990  -24.634 0.3000000119
62000  -50.212  -6.318  -25.559 0.3000000119
62941  -49.882  -5.425  -25.157 0.3000000119
62950  -50.617  -5.749  -25.945 0.3000000119
62951  -51.625  -6.179  -26.635 0.3000000119
63913  -50.994  -5.087  -26.238 0.3000000119
63923  -52.294  -4.906  -27.273 0.3000000119
116816  -52.555  -4.162  -27.611 0.3000000119
59940  -43.059  -8.247  -17.295 0.3000000119
59941  -43.754  -8.115  -17.328 0.3000000119
59943  -45.161  -8.256  -17.835 0.3000000119
60929  -45.480  -7.646  -18.261 0.3000000119
59970  -41.493  -8.288  -17.786 0.3000000119
60899  -42.654  -7.784  -17.393 0.3000000119
129633  -43.670  -6.969  -17.445 0.3000000119
60901  -44.111  -7.354  -17.443 0.3000000119
61905  -45.204  -6.889  -18.097 0.3000000119
116269  -46.421  -7.005  -19.649 0.3000000119
121207  -47.395  -7.011  -21.731 0.3000000119
59985  -40.818  -8.393  -19.755 0.3000000119
62934  -48.407  -5.313  -23.453 0.3000000119
62940  -49.438  -4.968  -24.309 0.3000000119
63907  -50.263  -4.761  -25.390 0.3000000119
63914  -51.480  -4.360  -26.554 0.3000000119
61885  -42.535  -6.506  -17.661 0.3000000119
61903  -41.483  -6.601  -18.432 0.3000000119
62839  -42.032  -6.107  -17.976 0.3000000119
61902  -41.132  -6.370  -19.244 0.3000000119
60928  -41.445  -7.442  -18.131 0.3000000119
115212  -42.625  -7.134  -17.495 0.3000000119
60947  -40.941  -7.717  -19.598 0.3000000119
49907  -41.586  -18.980  -24.060 0.6999999881
49918  -43.798  -19.060  -24.101 0.5000000000
49887  -42.006  -18.048  -22.624 0.6000000238
47848  -37.389  -20.499  -17.918 0.6000000238
22126  -42.527  -46.766  -16.330 0.3000000119
23009  -42.995  -46.132  -16.722 0.3000000119
22127  -43.317  -46.857  -16.648 0.3000000119
22137  -43.775  -46.225  -17.109 0.3000000119
22138  -44.591  -46.394  -17.469 0.4000000060
22139  -45.477  -46.605  -17.831 0.4000000060
22140  -46.501  -46.887  -18.233 0.4000000060
23036  -46.752  -45.413  -19.060 0.4000000060
23984  -47.308  -44.799  -19.334 0.4000000060
116622  -47.837  -44.150  -19.444 0.4000000060
24904  -48.232  -43.557  -19.498 0.4000000060
118515  -48.977  -41.037  -19.655 0.4000000060
25866  -49.348  -42.365  -19.652 0.4000000060
27859  -48.766  -40.411  -19.585 0.4000000060
32015  -49.671  -36.647  -19.914 0.4000000060
120491  -42.684  -33.857  -11.765 0.3000000119
35650  -43.357  -32.389  -11.521 0.3000000119
108758  -43.752  -31.155  -10.974 0.3000000119
32942  -49.747  -35.768  -20.077 0.5000000000
38657  -45.533  -29.061  -11.330 0.3000000119
40663  -45.818  -27.899  -12.145 0.3000000119
33869  -50.132  -34.626  -21.607 0.5000000000
34721  -49.539  -34.097  -21.716 0.5000000000
41795  -52.173  -26.266  -18.189 0.3000000119
40747  -51.776  -27.152  -18.560 0.3000000119
41809  -52.495  -26.859  -18.794 0.3000000119
35747  -50.854  -32.595  -24.750 0.6000000238
129648  -50.808  -33.264  -24.439 0.6000000238
40761  -53.133  -28.928  -20.311 0.4000000060
39732  -53.889  -29.493  -21.312 0.4000000060
39744  -53.713  -29.462  -21.451 0.4000000060
39758  -55.244  -29.407  -23.070 0.4000000060
39759  -55.881  -29.935  -23.358 0.4000000060
37657  -39.331  -30.845  -14.499 0.4000000060
37658  -40.184  -30.911  -14.695 0.5000000000
36657  -40.909  -31.224  -14.989 0.5000000000
109262  -46.537  -32.003  -23.792 0.6999999881
121269  -56.350  -27.579  -23.195 0.4000000060
36708  -45.561  -31.460  -23.461 0.6999999881
41860  -55.957  -26.831  -22.480 0.4000000060
38711  -41.179  -29.643  -15.480 0.5000000000
39664  -41.406  -29.051  -15.916 0.5000000000
39680  -41.492  -28.699  -17.210 0.6000000238
39671  -41.419  -28.654  -16.412 0.6000000238
39689  -40.553  -28.402  -18.597 0.8000000119
37722  -45.037  -30.614  -23.366 0.8000000119
37719  -43.752  -30.689  -22.685 0.8000000119
39688  -39.877  -28.026  -19.042 0.8000000119
37711  -41.667  -30.572  -22.414 0.8000000119
37718  -43.087  -30.786  -22.545 0.8000000119
45116  -55.622  -23.488  -20.464 0.4000000060
37710  -40.573  -30.656  -22.520 0.8000000119
40753  -38.503  -27.373  -20.264 0.6999999881
39716  -37.296  -28.910  -21.396 0.6999999881
38763  -39.129  -30.178  -22.621 0.8000000119
39715  -36.615  -28.687  -21.948 0.6999999881
39751  -37.667  -29.368  -22.555 0.6000000238
46948  -54.681  -21.374  -19.945 0.3000000119
48816  -49.653  -19.151  -17.221 0.4000000060
128827  -52.594  -20.603  -18.532 0.4000000060
46936  -53.517  -21.678  -19.131 0.4000000060
46937  -54.057  -21.244  -19.535 0.3000000119
49826  -49.277  -18.267  -17.384 0.4000000060
48817  -50.568  -19.344  -17.547 0.4000000060
47857  -51.837  -20.378  -18.075 0.4000000060
50818  -48.746  -17.640  -17.586 0.4000000060
49837  -50.797  -17.914  -18.007 0.4000000060
51960  -50.721  -16.451  -18.314 0.5000000000
50833  -47.888  -17.579  -18.023 0.5000000000
51959  -49.686  -16.398  -18.104 0.5000000000
51961  -51.640  -16.569  -18.631 0.5000000000
51962  -52.361  -16.605  -18.955 0.4000000060
53024  -52.052  -15.913  -18.968 0.5000000000
49854  -47.315  -18.596  -19.708 0.5000000000
121148  -47.949  -18.692  -20.677 0.5000000000
51973  -47.791  -16.999  -19.150 0.4000000060
124920  -52.456  -15.377  -19.220 0.5000000000
54126  -52.432  -14.716  -19.272 0.5000000000
124491  -52.945  -14.073  -19.358 0.5000000000
117832  -53.200  -13.276  -19.456 0.5000000000
46930  -33.788  -21.986  -19.543 0.5000000000
56198  -52.848  -12.618  -19.513 0.5000000000
57198  -53.786  -11.159  -19.967 0.4000000060
46945  -34.036  -20.996  -19.874 0.6000000238
47879  -34.802  -20.632  -19.668 0.6000000238
46932  -35.270  -20.982  -19.079 0.6000000238
47880  -35.550  -20.233  -19.445 0.6000000238
58152  -54.129  -10.468  -20.354 0.3000000119
47898  -35.102  -19.889  -20.128 0.6000000238
48839  -35.916  -19.451  -19.941 0.6000000238
59078  -54.449  -9.872  -20.767 0.3000000119
59099  -54.780  -9.365  -21.297 0.3000000119
48861  -36.248  -18.736  -20.581 0.6000000238
49846  -37.021  -18.349  -20.851 0.6000000238
52005  -37.181  -17.180  -21.472 0.6000000238
53061  -36.917  -15.510  -21.144 0.6000000238
54140  -38.459  -14.799  -20.131 0.6000000238
54150  -37.214  -14.501  -21.141 0.6000000238
128617  -38.489  -14.172  -20.398 0.5000000000
55216  -39.354  -13.312  -20.452 0.5000000000
56217  -39.662  -12.651  -20.718 0.4000000060
126552  -39.753  -11.318  -22.118 0.4000000060
63906  -49.780  -4.181  -24.609 0.3000000119
64889  -51.154  -3.449  -25.927 0.3000000119
64890  -51.692  -3.427  -26.666 0.3000000119
61925  -41.124  -7.041  -20.128 0.3000000119
123332  -41.362  -7.354  -21.501 0.3000000119
40804  -56.143  -28.495  -23.659 0.4000000060
51975  -52.936  -16.110  -19.309 0.5000000000
124832  -46.122  -45.196  -18.957 0.4000000060
115283  -42.622  -41.884  -16.597 0.3000000119
25854  -43.366  -42.540  -17.346 0.3000000119
26829  -43.721  -41.718  -17.438 0.3000000119
24901  -45.920  -43.134  -19.098 0.4000000060
27848  -44.441  -40.333  -17.598 0.3000000119
128771  -44.281  -41.101  -17.664 0.3000000119
32004  -48.288  -36.305  -19.074 0.4000000060
125025  -41.862  -38.015  -14.348 0.3000000119
29906  -46.098  -38.226  -18.342 0.4000000060
31978  -44.147  -36.254  -15.653 0.3000000119
33868  -49.152  -34.567  -20.531 0.4000000060
39627  -45.062  -28.200  -12.440 0.3000000119
38704  -44.306  -29.325  -13.834 0.3000000119
39658  -45.117  -28.390  -14.814 0.3000000119
41781  -47.862  -26.621  -16.270 0.3000000119
41783  -49.387  -26.187  -16.672 0.3000000119
38720  -45.801  -29.533  -15.945 0.3000000119
37681  -46.333  -30.408  -17.176 0.3000000119
39672  -46.184  -28.986  -16.266 0.3000000119
39673  -46.680  -28.585  -16.580 0.3000000119
42928  -52.235  -25.688  -17.518 0.3000000119
121406  -46.373  -30.336  -18.319 0.3000000119
37720  -48.628  -30.156  -23.684 0.6000000238
41825  -52.847  -27.718  -19.507 0.4000000060
37725  -50.447  -30.673  -25.162 0.6000000238
36717  -49.899  -31.470  -25.704 0.6999999881
38750  -46.645  -29.558  -20.447 0.3000000119
36714  -48.772  -31.416  -25.357 0.6999999881
39754  -47.948  -28.091  -22.465 0.4000000060
39742  -52.063  -29.059  -21.165 0.4000000060
39771  -48.510  -27.376  -25.912 0.6999999881
38774  -47.972  -29.087  -25.525 0.6999999881
36710  -47.565  -31.639  -24.512 0.6999999881
40813  -49.348  -26.280  -25.860 0.6000000238
41871  -53.938  -26.234  -23.506 0.4000000060
37727  -47.730  -29.944  -25.236 0.6999999881
41859  -55.061  -26.720  -22.692 0.4000000060
37656  -38.554  -30.739  -14.485 0.3000000119
38771  -46.144  -29.204  -24.067 0.6999999881
36709  -46.566  -31.081  -24.053 0.6999999881
41878  -47.709  -26.131  -24.454 0.6000000238
38766  -44.824  -29.570  -22.833 0.6999999881
116339  -45.528  -29.945  -23.659 0.8000000119
38748  -42.897  -29.329  -20.901 0.6999999881
44083  -53.229  -25.177  -20.717 0.4000000060
40786  -46.579  -26.498  -22.397 0.6999999881
40754  -41.159  -27.181  -20.045 0.6000000238
38753  -39.203  -29.387  -22.321 0.6999999881
38754  -40.144  -29.919  -22.286 0.6999999881
38762  -38.470  -29.700  -22.580 0.8000000119
119497  -38.008  -28.059  -22.378 0.6000000238
46065  -55.494  -22.502  -20.472 0.4000000060
45115  -54.889  -23.091  -20.037 0.3000000119
40759  -45.117  -26.884  -19.603 0.6000000238
41840  -46.184  -26.099  -20.659 0.6000000238
39703  -42.264  -28.143  -19.934 0.6000000238
40752  -37.528  -27.489  -21.114 0.6999999881
41847  -37.012  -27.019  -22.284 0.6999999881
40797  -36.895  -27.616  -22.412 0.6999999881
38752  -36.852  -29.110  -22.201 0.8000000119
40782  -37.311  -27.388  -22.423 0.6999999881
46041  -53.001  -22.119  -18.728 0.3000000119
44013  -39.251  -24.358  -15.737 0.6999999881
45085  -48.636  -23.853  -17.812 0.4000000060
45086  -49.556  -23.687  -17.941 0.4000000060
48805  -48.477  -19.864  -16.642 0.4000000060
46891  -49.404  -21.132  -16.604 0.4000000060
128468  -49.311  -22.550  -16.850 0.4000000060
121873  -50.224  -23.099  -17.611 0.4000000060
46906  -50.487  -21.717  -17.246 0.4000000060
46028  -50.722  -22.481  -17.538 0.4000000060
47856  -50.869  -20.180  -17.563 0.4000000060
44049  -46.532  -24.306  -18.340 0.5000000000
45041  -38.633  -23.706  -15.856 0.6999999881
46022  -45.266  -22.064  -17.321 0.5000000000
45081  -39.555  -23.949  -19.665 0.8000000119
44095  -40.137  -24.512  -23.661 0.6999999881
49836  -47.369  -18.328  -18.110 0.5000000000
123317  -39.645  -23.042  -19.211 0.6999999881
54123  -48.964  -14.191  -19.233 0.5000000000
54122  -48.524  -14.713  -19.567 0.4000000060
45080  -34.495  -23.252  -18.673 0.5000000000
46038  -42.450  -22.767  -18.137 0.5000000000
128942  -47.217  -18.853  -20.278 0.5000000000
50866  -47.676  -18.052  -19.867 0.4000000060
127646  -47.942  -17.313  -20.034 0.4000000060
49874  -47.320  -19.043  -21.128 0.5000000000
46070  -39.266  -22.629  -22.224 0.6000000238
55218  -49.112  -13.232  -20.352 0.4000000060
46914  -35.096  -21.663  -18.819 0.5000000000
46897  -37.286  -21.229  -17.442 0.6999999881
46077  -41.673  -22.952  -24.193 0.6000000238
46974  -40.391  -22.732  -24.103 0.6999999881
47916  -40.081  -21.266  -23.447 0.6999999881
47851  -39.092  -20.886  -17.840 0.6000000238
115547  -52.347  -13.297  -19.363 0.5000000000
48844  -43.157  -20.010  -21.054 0.6000000238
49909  -45.593  -19.136  -23.068 0.5000000000
46081  -41.153  -22.685  -24.470 0.6999999881
48889  -41.376  -19.875  -24.173 0.6999999881
49886  -41.339  -18.440  -23.011 0.6000000238
50903  -47.478  -18.736  -22.555 0.4000000060
48901  -43.302  -19.925  -24.839 0.5000000000
50900  -44.677  -18.148  -23.374 0.5000000000
115388  -43.135  -19.103  -24.550 0.5000000000
107998  -42.198  -18.398  -23.827 0.6000000238
125205  -51.711  -15.443  -23.991 0.4000000060
50880  -42.823  -17.712  -22.033 0.6999999881
54163  -51.649  -14.388  -23.853 0.4000000060
127658  -39.165  -18.231  -20.982 0.6000000238
57197  -52.792  -11.157  -19.910 0.4000000060
50885  -47.608  -17.557  -22.410 0.4000000060
50898  -42.888  -17.945  -23.225 0.6999999881
58150  -52.205  -10.474  -20.238 0.3000000119
52007  -46.465  -16.451  -21.698 0.5000000000
52008  -47.130  -16.740  -21.832 0.5000000000
53073  -48.128  -15.243  -22.437 0.4000000060
114841  -49.700  -15.206  -24.101 0.4000000060
113037  -43.037  -17.477  -19.576 0.6000000238
55247  -52.972  -14.125  -24.927 0.3000000119
56250  -52.921  -13.285  -24.877 0.3000000119
50831  -42.809  -17.313  -18.814 0.6000000238
50847  -40.447  -17.585  -19.636 0.6000000238
51953  -41.685  -16.492  -18.276 0.6000000238
58170  -50.281  -10.442  -21.281 0.3000000119
59098  -53.864  -9.288  -21.211 0.3000000119
50851  -44.214  -16.837  -19.987 0.6000000238
50832  -43.635  -17.059  -19.210 0.6000000238
123936  -50.445  -11.089  -23.027 0.3000000119
58187  -50.317  -10.391  -22.314 0.3000000119
108846  -44.062  -15.659  -18.147 0.6000000238
55245  -49.868  -13.761  -24.542 0.4000000060
55250  -52.992  -13.714  -25.053 0.3000000119
122642  -52.532  -12.363  -24.697 0.3000000119
124157  -51.717  -11.377  -24.107 0.3000000119
54142  -45.451  -14.910  -19.943 0.5000000000
54143  -45.998  -14.694  -20.719 0.5000000000
56231  -47.826  -12.778  -22.630 0.4000000060
52998  -41.821  -15.461  -17.738 0.5000000000
54121  -45.676  -14.120  -20.014 0.4000000060
54120  -45.330  -14.353  -19.253 0.4000000060
55217  -46.332  -13.390  -20.738 0.4000000060
119186  -48.392  -12.438  -23.450 0.3000000119
54093  -43.087  -14.651  -17.239 0.5000000000
57242  -49.665  -11.520  -24.628 0.3000000119
122647  -43.855  -14.200  -17.321 0.4000000060
107932  -42.960  -13.998  -16.871 0.4000000060
122231  -42.276  -13.742  -16.854 0.4000000060
57193  -46.742  -11.070  -20.870 0.3000000119
55165  -41.945  -13.115  -16.821 0.3000000119
122942  -41.411  -13.025  -17.305 0.3000000119
58199  -48.812  -10.501  -24.252 0.3000000119
59130  -49.219  -9.752  -24.407 0.3000000119
113190  -52.494  -8.778  -26.428 0.3000000119
128020  -47.397  -10.111  -22.587 0.3000000119
120792  -40.759  -11.241  -18.332 0.3000000119
121046  -50.118  -8.113  -25.304 0.3000000119
56192  -40.298  -12.501  -19.644 0.4000000060
58092  -42.945  -10.945  -16.892 0.3000000119
59094  -47.249  -8.949  -21.849 0.3000000119
128851  -48.756  -8.234  -24.234 0.3000000119
62011  -52.772  -7.176  -26.828 0.3000000119
59971  -45.733  -8.388  -18.529 0.3000000119
59009  -41.687  -10.063  -17.428 0.3000000119
128121  -42.157  -10.010  -17.202 0.3000000119
59012  -44.088  -8.861  -17.328 0.3000000119
60965  -46.584  -7.670  -19.994 0.3000000119
59042  -41.564  -9.154  -17.580 0.3000000119
59942  -44.458  -8.142  -17.482 0.3000000119
61906  -45.925  -7.063  -18.877 0.3000000119
112757  -46.705  -6.906  -20.425 0.3000000119
59969  -41.040  -8.121  -18.718 0.3000000119
62916  -47.615  -5.687  -22.499 0.3000000119
62935  -48.930  -5.456  -23.893 0.3000000119
119428  -50.770  -4.163  -25.734 0.3000000119
119345  -51.985  -4.053  -27.142 0.3000000119
64897  -52.709  -3.178  -27.952 0.3000000119
61888  -44.590  -6.875  -17.687 0.3000000119
61904  -44.665  -6.144  -18.040 0.3000000119
60963  -41.048  -7.881  -20.628 0.3000000119
60981  -41.273  -8.070  -21.857 0.3000000119
64876  -50.521  -3.360  -25.295 0.3000000119
117055  -48.990  -43.225  -19.549 0.4000000060
37723  -45.817  -30.584  -23.686 0.6999999881
37714  -37.794  -29.960  -22.398 0.8000000119
50836  -51.226  -17.286  -18.318 0.4000000060
55214  -37.956  -14.280  -20.613 0.5000000000
50834  -48.452  -17.250  -17.869 0.4000000060
53055  -57.159  -16.117  -20.129 0.3000000119
53039  -56.008  -15.396  -19.790 0.4000000060
53041  -57.584  -15.542  -19.721 0.3000000119
53037  -53.866  -15.993  -19.595 0.4000000060
116435  -54.271  -15.248  -19.550 0.4000000060
54127  -53.253  -15.131  -19.404 0.4000000060
54132  -58.018  -14.815  -19.477 0.3000000119
54129  -55.555  -14.617  -19.546 0.4000000060
54130  -56.345  -14.658  -19.527 0.3000000119
127909  -48.611  -16.635  -18.126 0.3000000119
124270  -53.896  -14.424  -19.445 0.4000000060
54128  -54.727  -14.575  -19.525 0.4000000060
55199  -55.460  -13.232  -19.553 0.3000000119
129982  -54.421  -13.974  -19.477 0.4000000060
56202  -56.758  -12.490  -19.768 0.3000000119
55200  -56.310  -13.219  -19.533 0.3000000119
55198  -54.592  -13.359  -19.556 0.4000000060
55197  -53.827  -13.647  -19.466 0.4000000060
57175  -55.300  -11.837  -19.924 0.3000000119
57200  -55.580  -11.162  -20.354 0.3000000119
57174  -54.350  -11.903  -19.808 0.3000000119
47896  -33.580  -20.525  -20.548 0.5000000000
48872  -33.320  -19.549  -21.702 0.5000000000
48858  -33.854  -19.820  -20.969 0.5000000000
48873  -34.246  -19.168  -21.512 0.5000000000
48860  -35.449  -19.147  -20.649 0.5000000000
125480  -56.261  -11.054  -20.473 0.3000000119
57199  -54.714  -11.184  -20.172 0.3000000119
48874  -35.054  -18.802  -21.325 0.5000000000
50878  -36.658  -17.582  -21.610 0.5000000000
50896  -35.208  -17.323  -22.382 0.5000000000
52015  -35.325  -16.679  -22.338 0.5000000000
52003  -35.841  -16.553  -21.881 0.4000000060
52014  -34.440  -16.561  -22.758 0.5000000000
50895  -34.265  -17.452  -22.611 0.5000000000
52004  -36.470  -16.885  -21.669 0.5000000000
110168  -34.904  -15.988  -22.522 0.4000000060
53060  -36.175  -15.866  -21.621 0.5000000000
53070  -34.240  -15.541  -22.934 0.4000000060
53071  -34.986  -15.224  -22.528 0.4000000060
54149  -36.427  -14.783  -21.608 0.5000000000
54148  -35.705  -15.022  -22.100 0.4000000060
55233  -34.494  -13.659  -23.185 0.4000000060
54159  -35.966  -14.074  -22.169 0.5000000000
54158  -35.174  -14.315  -22.580 0.4000000060
55223  -36.748  -13.816  -21.717 0.4000000060
55234  -35.384  -13.395  -22.740 0.5000000000
55235  -36.235  -13.153  -22.404 0.4000000060
55224  -37.689  -13.528  -21.323 0.4000000060
56226  -37.095  -12.897  -22.084 0.3000000119
56236  -36.515  -12.222  -22.886 0.3000000119
56227  -37.938  -12.564  -21.843 0.3000000119
55225  -38.418  -12.986  -21.318 0.3000000119
56246  -35.946  -11.540  -24.127 0.3000000119
56216  -39.107  -12.846  -21.060 0.3000000119
56237  -37.426  -12.007  -22.630 0.3000000119
56238  -38.327  -11.769  -22.417 0.3000000119
56228  -38.804  -12.323  -21.697 0.3000000119
56229  -39.603  -12.058  -21.425 0.3000000119
57223  -36.860  -11.341  -23.624 0.3000000119
57224  -37.834  -11.160  -23.319 0.3000000119
57214  -39.198  -11.587  -22.279 0.3000000119
48888  -32.987  -18.940  -22.303 0.5000000000
50871  -58.095  -17.216  -21.201 0.3000000119
108164  -33.480  -18.116  -22.527 0.5000000000
54157  -34.305  -14.595  -23.045 0.5000000000
50852  -47.595  -17.723  -18.737 0.4000000060
51958  -48.953  -16.085  -18.208 0.4000000060
49884  -37.063  -17.985  -21.436 0.5000000000
117483  -50.074  -17.870  -17.643 0.4000000060
51957  -48.105  -17.011  -18.380 0.3000000119
124817  -52.946  -17.053  -19.226 0.4000000060
56199  -53.878  -12.768  -19.600 0.3000000119
47897  -34.337  -20.243  -20.333 0.5000000000
48859  -34.644  -19.497  -20.792 0.5000000000
126192  -36.519  -18.256  -21.224 0.5000000000
110784  -36.810  -16.381  -21.350 0.5000000000
55215  -38.560  -13.605  -20.731 0.3000000119
51978  -58.133  -16.207  -20.071 0.3000000119
53054  -56.451  -16.003  -20.094 0.4000000060
114528  -55.194  -15.339  -19.670 0.4000000060
53038  -54.786  -16.028  -19.823 0.4000000060
128036  -55.740  -16.164  -20.152 0.4000000060
53040  -56.757  -15.462  -19.734 0.3000000119
51976  -53.648  -16.766  -19.560 0.4000000060
116647  -56.727  -13.959  -19.430 0.3000000119
54131  -57.135  -14.734  -19.500 0.3000000119
116104  -55.115  -13.929  -19.532 0.4000000060
56201  -55.847  -12.503  -19.719 0.3000000119
56200  -54.922  -12.587  -19.674 0.3000000119
57176  -56.283  -11.726  -20.127 0.3000000119
47909  -33.211  -20.137  -21.121 0.5000000000
49904  -34.343  -18.139  -22.325 0.5000000000
49882  -34.703  -18.463  -21.933 0.5000000000
49866  -35.828  -18.472  -21.202 0.5000000000
49883  -35.498  -18.184  -21.815 0.5000000000
108357  -36.303  -18.001  -21.605 0.5000000000
49905  -35.079  -17.900  -22.299 0.5000000000
53059  -35.488  -15.903  -22.154 0.4000000060
50897  -35.878  -17.177  -21.900 0.4000000060
56235  -35.615  -12.478  -23.217 0.3000000119
51977  -54.412  -16.679  -19.843 0.4000000060
38741  -40.979  -29.871  -19.398 0.6999999881
114498  -39.761  -31.351  -22.483 0.6999999881
36692  -38.506  -30.678  -22.260 0.6999999881
108500  -38.446  -30.885  -21.992 0.6999999881
37704  -38.570  -30.601  -21.480 0.6999999881
38739  -39.042  -29.723  -20.570 0.6999999881
38740  -40.040  -29.715  -19.881 0.6999999881
37703  -37.736  -30.226  -21.920 0.6999999881
38745  -37.881  -29.775  -21.386 0.6999999881
39702  -39.708  -28.830  -19.591 0.6999999881
48832  -52.633  -19.782  -18.649 0.3000000119
49839  -52.245  -18.962  -18.548 0.3000000119
109318  -53.768  -19.086  -19.498 0.3000000119
112794  -52.441  -18.299  -18.746 0.3000000119
48849  -53.018  -18.884  -19.079 0.3000000119
38744  -37.052  -29.516  -21.917 0.6999999881
39717  -38.524  -28.897  -20.557 0.6999999881
116708  -51.656  -18.998  -18.236 0.3000000119
49838  -51.661  -18.247  -18.375 0.3000000119
49855  -53.695  -18.367  -19.527 0.3000000119
49856  -54.363  -18.773  -19.889 0.3000000119
49877  -54.975  -18.421  -20.426 0.3000000119
39700  -37.953  -28.124  -20.711 0.6000000238
39701  -39.025  -28.087  -19.774 0.6999999881
128518  -50.521  -18.256  -17.751 0.3000000119
49827  -51.016  -18.700  -17.900 0.3000000119
50854  -53.643  -17.558  -19.544 0.3000000119
115630  -54.398  -17.906  -19.965 0.3000000119
50868  -55.127  -17.764  -20.435 0.3000000119
50837  -52.196  -17.414  -18.730 0.3000000119
51993  -55.890  -16.946  -20.549 0.3000000119
50819  -49.466  -17.316  -17.697 0.3000000119
122681  -55.158  -16.714  -20.196 0.3000000119
51935  -48.974  -16.824  -17.833 0.3000000119
37717  -42.133  -31.272  -22.652 0.6999999881
36702  -43.249  -31.450  -22.693 0.6999999881
36700  -41.156  -32.363  -22.572 0.6999999881
37700  -41.231  -30.619  -19.713 0.6999999881
37716  -40.838  -31.478  -22.610 0.6999999881
36699  -40.086  -32.365  -22.303 0.6999999881
36686  -39.040  -31.515  -22.022 0.6999999881
37698  -39.431  -30.381  -20.680 0.6999999881
36693  -39.238  -31.469  -22.199 0.6999999881
38732  -40.704  -29.155  -18.996 0.6999999881
47886  -53.825  -20.436  -19.449 0.3000000119
48850  -53.447  -19.715  -19.248 0.3000000119
48867  -54.940  -19.205  -20.414 0.3000000119
49878  -56.371  -18.208  -21.182 0.3000000119
50869  -55.831  -17.618  -20.702 0.3000000119
50870  -56.590  -17.396  -20.924 0.3000000119
51994  -56.661  -16.643  -20.558 0.3000000119
47871  -53.185  -20.451  -18.945 0.3000000119
50853  -52.988  -17.941  -19.156 0.3000000119
32027  -52.359  -36.638  -21.696 0.4000000060
32033  -52.594  -36.598  -22.323 0.4000000060
32026  -51.740  -36.183  -21.493 0.4000000060
32025  -51.024  -36.548  -20.812 0.4000000060
32040  -52.243  -36.584  -23.144 0.4000000060
34725  -50.412  -33.633  -22.898 0.5000000000
33874  -51.230  -34.553  -22.870 0.4000000060
32948  -51.540  -35.183  -22.438 0.4000000060
32956  -52.106  -35.469  -22.962 0.4000000060
32943  -51.073  -35.735  -21.299 0.4000000060
32955  -51.681  -35.000  -23.345 0.5000000000
32961  -52.003  -35.455  -23.365 0.4000000060
32042  -52.099  -35.963  -23.382 0.4000000060
33873  -50.594  -34.171  -22.581 0.4000000060
128917  -50.950  -33.411  -24.218 0.5000000000
32960  -51.546  -34.983  -23.480 0.5000000000
30982  -50.834  -36.819  -23.139 0.5000000000
127125  -51.119  -33.916  -23.989 0.5000000000
119537  -50.967  -34.155  -24.056 0.5000000000
32037  -50.311  -36.223  -23.265 0.5000000000
30980  -48.775  -37.229  -22.321 0.5000000000
30976  -48.456  -37.920  -21.787 0.5000000000
32958  -49.800  -34.901  -23.618 0.5000000000
33884  -49.722  -34.236  -24.039 0.6000000238
30981  -49.720  -37.084  -22.777 0.5000000000
32957  -48.445  -35.037  -23.364 0.5000000000
118632  -49.187  -36.458  -22.838 0.5000000000
32031  -47.301  -36.911  -21.973 0.6000000238
32036  -48.195  -36.690  -22.413 0.5000000000
32030  -46.405  -36.626  -21.799 0.5000000000
35746  -49.793  -33.193  -24.749 0.6000000238
34734  -48.608  -33.812  -24.077 0.6000000238
32953  -48.590  -35.832  -22.993 0.5000000000
111849  -47.609  -36.289  -22.482 0.6000000238
32035  -46.801  -36.226  -22.332 0.6000000238
32029  -45.613  -36.373  -21.605 0.5000000000
32939  -43.434  -35.706  -20.789 0.5000000000
32940  -44.041  -36.046  -21.111 0.5000000000
32946  -44.133  -35.775  -21.821 0.5000000000
34694  -42.110  -33.429  -16.473 0.4000000060
33883  -48.191  -34.472  -23.584 0.6000000238
119015  -42.436  -32.198  -17.319 0.5000000000
34733  -47.151  -33.558  -23.643 0.6000000238
34702  -42.411  -33.535  -17.404 0.5000000000
33882  -47.230  -34.261  -23.427 0.6000000238
33879  -46.343  -34.698  -22.841 0.6000000238
115337  -42.488  -32.759  -17.969 0.5000000000
119067  -46.504  -35.518  -22.601 0.6000000238
32951  -45.415  -35.296  -22.418 0.6000000238
32034  -45.915  -36.052  -22.222 0.5000000000
32934  -42.903  -35.422  -19.302 0.5000000000
32947  -45.007  -35.859  -22.008 0.5000000000
32945  -43.314  -35.544  -21.792 0.5000000000
124380  -43.638  -35.525  -22.064 0.5000000000
34693  -41.623  -33.653  -15.811 0.4000000060
35706  -42.222  -32.175  -16.489 0.5000000000
33829  -41.217  -34.324  -15.619 0.4000000060
36667  -42.424  -31.505  -17.094 0.5000000000
108441  -48.144  -33.027  -24.316 0.6000000238
36673  -42.482  -31.779  -18.045 0.5000000000
35744  -46.787  -32.867  -23.698 0.6000000238
122071  -42.487  -32.342  -18.727 0.5000000000
129907  -44.621  -34.754  -22.438 0.6000000238
111442  -42.973  -35.309  -20.312 0.5000000000
113495  -44.180  -35.381  -22.200 0.6000000238
32938  -42.764  -35.245  -21.424 0.5000000000
32944  -42.390  -35.175  -22.062 0.5000000000
33867  -42.582  -34.770  -20.901 0.5000000000
124585  -41.677  -32.762  -15.721 0.4000000060
36666  -42.176  -31.299  -16.238 0.5000000000
34682  -41.062  -33.489  -15.315 0.4000000060
37685  -42.429  -30.939  -17.652 0.5000000000
37693  -42.216  -30.530  -18.186 0.5000000000
36681  -42.376  -31.147  -18.400 0.5000000000
36683  -41.581  -31.384  -20.049 0.5000000000
35743  -45.709  -32.606  -23.270 0.6000000238
36689  -41.957  -32.204  -20.352 0.5000000000
34712  -42.510  -33.078  -18.945 0.5000000000
35739  -44.772  -32.776  -22.761 0.6000000238
34729  -44.457  -33.822  -22.545 0.6000000238
118125  -42.462  -34.132  -20.295 0.5000000000
33877  -43.631  -34.786  -22.395 0.5000000000
34718  -42.181  -33.690  -20.727 0.5000000000
33872  -41.932  -34.865  -21.914 0.5000000000
37679  -42.335  -30.715  -16.833 0.5000000000
35742  -44.933  -32.023  -23.031 0.6000000238
34714  -42.447  -33.350  -19.873 0.5000000000
110612  -43.783  -32.978  -22.590 0.6000000238
35726  -42.098  -33.007  -20.587 0.5000000000
34727  -41.994  -34.111  -22.388 0.5000000000
33871  -41.195  -34.099  -22.023 0.5000000000
35696  -41.233  -31.906  -15.215 0.4000000060
38726  -42.201  -30.117  -17.373 0.4000000060
35695  -40.721  -32.720  -14.922 0.4000000060
37705  -40.473  -31.297  -20.730 0.6000000238
36688  -40.797  -32.167  -21.104 0.6000000238
35737  -43.159  -32.372  -22.627 0.6000000238
35725  -41.000  -33.066  -21.376 0.5000000000
34717  -41.343  -33.729  -21.513 0.5000000000
35736  -41.654  -33.174  -22.489 0.6000000238
34722  -40.680  -33.603  -22.050 0.5000000000
36658  -41.565  -31.066  -15.507 0.5000000000
38719  -41.790  -29.380  -16.692 0.4000000060
38725  -41.740  -29.398  -17.655 0.5000000000
123234  -42.091  -30.078  -16.582 0.4000000060
37671  -41.502  -30.275  -15.612 0.4000000060
113158  -39.340  -31.159  -21.357 0.6000000238
36687  -39.726  -32.062  -21.783 0.6000000238
36695  -40.156  -32.980  -21.937 0.5000000000
35734  -40.300  -33.166  -22.016 0.5000000000
113387  -42.514  -33.743  -18.325 0.5000000000
111064  -42.527  -33.953  -19.288 0.5000000000
33865  -42.665  -34.735  -19.770 0.5000000000
36643  -40.475  -31.799  -14.778 0.4000000060
124187  -50.313  -35.606  -20.733 0.4000000060
109808  -50.920  -33.525  -24.014 0.6000000238
129896  -47.368  -32.372  -24.200 0.6000000238
37721  -44.352  -30.628  -22.990 0.6000000238
36703  -44.017  -31.181  -22.875 0.6000000238
36701  -42.309  -32.190  -22.628 0.6000000238
36694  -39.801  -32.321  -22.035 0.6000000238
38734  -41.942  -29.933  -18.090 0.5000000000
32041  -50.928  -35.430  -23.515 0.5000000000
32954  -49.953  -35.609  -23.399 0.5000000000
30979  -48.044  -37.303  -21.952 0.5000000000
33880  -47.290  -34.964  -23.112 0.6000000238
34731  -46.285  -33.922  -23.102 0.6000000238
32950  -43.143  -35.297  -22.179 0.5000000000
33878  -45.443  -34.290  -22.640 0.6000000238
34730  -45.491  -33.434  -22.863 0.6000000238
33875  -41.739  -34.600  -22.060 0.5000000000
35738  -44.100  -31.968  -22.783 0.6000000238
34728  -43.178  -33.983  -22.462 0.6000000238
117070  -42.729  -33.207  -22.533 0.6000000238
34726  -41.153  -33.867  -22.171 0.6000000238
35735  -40.653  -33.227  -22.288 0.5000000000
40777  -54.110  -28.281  -20.482 0.3000000119
40762  -53.662  -27.344  -19.722 0.3000000119
41826  -54.549  -26.927  -19.861 0.3000000119
41841  -54.995  -27.706  -20.585 0.3000000119
41842  -55.984  -27.312  -20.743 0.3000000119
39745  -54.675  -29.741  -22.025 0.3000000119
39733  -54.826  -29.734  -21.924 0.3000000119
40778  -55.429  -28.715  -21.429 0.3000000119
40779  -56.765  -28.365  -21.721 0.3000000119
39746  -55.605  -29.801  -22.707 0.3000000119
40793  -55.843  -29.763  -22.445 0.3000000119
43004  -57.637  -25.651  -22.323 0.3000000119
44092  -57.972  -24.661  -22.297 0.3000000119
44086  -56.365  -24.072  -20.905 0.3000000119
45124  -57.256  -23.729  -21.697 0.3000000119
44091  -57.047  -24.823  -21.523 0.3000000119
45117  -56.315  -23.157  -20.911 0.3000000119
114871  -50.336  -37.718  -22.687 0.4000000060
41810  -53.265  -26.521  -18.982 0.3000000119
42969  -55.053  -26.038  -19.349 0.3000000119
29939  -49.326  -37.873  -22.234 0.4000000060
123795  -55.904  -26.079  -19.359 0.3000000119
41828  -56.530  -26.431  -19.914 0.3000000119
39747  -56.187  -30.116  -23.145 0.3000000119
39766  -56.878  -29.191  -23.655 0.3000000119
41874  -57.229  -26.854  -23.122 0.3000000119
41875  -58.192  -27.723  -23.624 0.3000000119
110900  -58.882  -27.195  -22.989 0.3000000119
43013  -58.368  -26.462  -22.873 0.3000000119
118074  -58.532  -25.460  -22.652 0.3000000119
41827  -55.431  -26.662  -19.964 0.3000000119
41843  -57.320  -27.077  -20.671 0.3000000119
22163  -37.753  -47.046  -19.241 0.4000000060
22151  -37.445  -46.466  -18.532 0.3000000119
23978  -38.657  -45.123  -17.851 0.3000000119
24890  -38.411  -43.634  -17.300 0.3000000119
29919  -43.615  -38.156  -19.125 0.4000000060
32013  -44.214  -36.826  -19.785 0.4000000060
29920  -44.239  -38.183  -19.545 0.4000000060
29930  -44.993  -38.232  -19.890 0.4000000060
32011  -43.149  -36.147  -18.897 0.4000000060
32935  -43.380  -35.896  -19.771 0.4000000060
32012  -43.638  -36.662  -19.339 0.4000000060
32021  -43.907  -36.312  -20.199 0.4000000060
32022  -44.698  -36.628  -20.422 0.4000000060
30966  -45.453  -37.332  -20.360 0.4000000060
30973  -46.062  -36.912  -20.988 0.4000000060
29931  -45.774  -38.327  -20.259 0.4000000060
30967  -46.313  -37.666  -20.637 0.4000000060
126905  -40.514  -36.312  -15.669 0.3000000119
32925  -42.715  -35.704  -18.470 0.4000000060
32028  -44.831  -36.198  -21.325 0.4000000060
126868  -41.075  -34.962  -15.674 0.3000000119
33828  -40.490  -34.822  -15.248 0.3000000119
30974  -46.800  -37.303  -21.234 0.4000000060
33848  -42.440  -34.510  -17.672 0.4000000060
28923  -44.400  -39.099  -19.698 0.4000000060
30955  -43.405  -37.421  -18.882 0.4000000060
30965  -44.654  -37.375  -19.827 0.4000000060
23985  -48.153  -44.992  -19.357 0.3000000119
116453  -48.838  -44.299  -19.426 0.3000000119
114079  -50.148  -43.154  -19.641 0.3000000119
26840  -49.549  -41.549  -19.738 0.3000000119
27867  -50.557  -40.489  -20.150 0.3000000119
120082  -52.859  -41.160  -20.851 0.3000000119
118310  -53.038  -41.130  -21.078 0.3000000119
112030  -52.803  -41.229  -21.465 0.3000000119
28935  -53.240  -39.754  -21.627 0.3000000119
27885  -53.104  -40.392  -21.917 0.3000000119
27887  -52.395  -40.638  -21.998 0.3000000119
28936  -53.152  -38.869  -21.544 0.3000000119
28947  -53.422  -39.263  -22.112 0.3000000119
123183  -52.797  -39.106  -22.506 0.3000000119
30978  -53.238  -37.671  -21.956 0.3000000119
109650  -52.068  -38.855  -22.635 0.3000000119
27860  -49.630  -40.644  -19.798 0.3000000119
29945  -52.144  -37.380  -23.088 0.3000000119
29943  -52.554  -38.282  -22.668 0.3000000119
26845  -50.478  -41.389  -20.001 0.3000000119
23034  -44.815  -45.188  -18.248 0.4000000060
23968  -43.033  -44.689  -17.150 0.3000000119
23981  -45.077  -44.587  -18.583 0.4000000060
23983  -46.547  -44.656  -19.241 0.4000000060
24900  -45.147  -43.136  -18.616 0.4000000060
25847  -42.751  -42.535  -16.886 0.3000000119
25848  -43.088  -42.005  -17.050 0.3000000119
25862  -45.599  -42.371  -18.723 0.4000000060
25864  -47.869  -42.040  -19.458 0.4000000060
25865  -48.559  -42.417  -19.560 0.4000000060
25867  -50.380  -42.282  -19.812 0.3000000119
26869  -52.589  -42.092  -21.245 0.3000000119
27850  -46.656  -39.760  -18.787 0.4000000060
27857  -47.182  -39.991  -19.101 0.4000000060
27879  -53.014  -40.455  -21.033 0.3000000119
28887  -42.524  -39.660  -15.729 0.3000000119
28897  -43.117  -39.857  -16.315 0.3000000119
28898  -43.648  -39.278  -16.725 0.3000000119
28899  -44.278  -39.493  -17.323 0.3000000119
28906  -45.500  -39.481  -18.119 0.4000000060
28917  -49.245  -39.802  -19.696 0.4000000060
28941  -53.411  -39.789  -21.985 0.3000000119
28942  -53.502  -39.143  -21.961 0.3000000119
28945  -52.579  -39.789  -22.344 0.3000000119
28946  -53.245  -39.575  -22.217 0.3000000119
28948  -53.162  -38.906  -22.389 0.3000000119
29897  -44.018  -38.103  -16.646 0.3000000119
29907  -46.944  -38.376  -18.854 0.4000000060
29921  -48.649  -38.213  -19.520 0.4000000060
29938  -53.396  -38.339  -21.925 0.3000000119
29942  -51.908  -38.063  -22.910 0.3000000119
29944  -53.382  -38.660  -22.164 0.3000000119
30925  -43.376  -37.470  -15.653 0.3000000119
30956  -43.962  -37.413  -19.424 0.4000000060
30971  -52.280  -37.476  -21.317 0.4000000060
30972  -52.996  -37.959  -21.612 0.3000000119
30977  -52.912  -37.195  -21.853 0.4000000060
30984  -52.979  -37.201  -22.220 0.3000000119
30985  -53.246  -37.903  -22.209 0.3000000119
30986  -51.873  -36.616  -23.357 0.4000000060
30987  -52.641  -37.457  -22.646 0.4000000060
30988  -53.072  -38.267  -22.440 0.3000000119
31945  -42.069  -36.150  -13.317 0.3000000119
31958  -37.699  -35.960  -15.134 0.5000000000
31962  -43.166  -36.018  -14.545 0.3000000119
31973  -37.835  -36.719  -15.015 0.4000000060
31987  -43.818  -36.915  -15.856 0.3000000119
31997  -46.900  -35.997  -18.085 0.3000000119
32003  -47.469  -36.181  -18.509 0.3000000119
32023  -45.386  -36.636  -20.873 0.4000000060
32032  -52.273  -35.996  -22.330 0.4000000060
32038  -51.543  -35.845  -23.455 0.4000000060
32039  -52.360  -35.984  -23.045 0.4000000060
32882  -43.537  -35.270  -14.370 0.3000000119
32891  -37.586  -35.154  -15.419 0.5000000000
32894  -40.932  -35.638  -15.797 0.3000000119
32895  -43.834  -35.782  -15.013 0.3000000119
32896  -44.518  -35.450  -15.433 0.3000000119
32908  -44.781  -35.849  -16.128 0.3000000119
32949  -51.833  -35.627  -22.127 0.4000000060
32952  -47.479  -35.657  -22.780 0.6000000238
32959  -50.958  -34.717  -23.699 0.5000000000
33795  -43.142  -33.725  -12.651 0.3000000119
33850  -47.241  -34.687  -17.655 0.3000000119
33866  -47.817  -34.180  -18.529 0.3000000119
33870  -50.700  -35.124  -21.572 0.5000000000
33876  -42.516  -34.858  -22.280 0.5000000000
33881  -51.102  -33.996  -23.632 0.5000000000
33885  -51.244  -34.338  -23.707 0.5000000000
34658  -44.016  -33.105  -13.616 0.3000000119
34669  -45.138  -33.069  -14.867 0.3000000119
34723  -41.942  -34.315  -21.420 0.5000000000
34732  -46.241  -33.310  -23.310 0.6000000238
34735  -50.255  -33.580  -24.463 0.6000000238
34736  -50.810  -32.967  -24.652 0.6000000238
35658  -43.438  -32.302  -12.345 0.3000000119
35679  -39.170  -32.180  -14.529 0.5000000000
35680  -39.919  -32.384  -14.614 0.5000000000
35681  -44.766  -32.397  -14.495 0.3000000119
35713  -42.363  -32.806  -17.010 0.4000000060
35722  -42.398  -32.543  -19.596 0.5000000000
35723  -46.526  -32.489  -19.267 0.3000000119
35729  -47.806  -33.142  -21.340 0.4000000060
35730  -40.576  -33.567  -21.972 0.5000000000
35751  -50.513  -31.861  -25.446 0.6999999881
36628  -43.960  -31.604  -13.384 0.3000000119
36641  -38.913  -31.472  -14.477 0.4000000060
36668  -45.783  -31.781  -15.970 0.3000000119
36684  -42.346  -31.686  -19.186 0.5000000000
36706  -50.254  -31.987  -24.172 0.6000000238
36707  -44.626  -31.295  -23.100 0.6000000238
36715  -50.715  -31.578  -25.354 0.6999999881
36718  -50.370  -30.919  -25.828 0.6999999881
37622  -43.805  -30.488  -11.507 0.3000000119
37634  -43.610  -30.822  -12.278 0.3000000119
37678  -41.988  -30.522  -16.089 0.5000000000
37692  -41.675  -30.201  -18.810 0.6999999881
37699  -40.283  -30.475  -20.280 0.6999999881
37701  -42.025  -30.876  -19.050 0.6999999881
37707  -37.368  -29.749  -22.151 0.8000000119
37708  -37.911  -30.315  -22.128 0.8000000119
37709  -39.693  -30.639  -22.566 0.6999999881
37715  -38.399  -30.140  -22.535 0.8000000119
37732  -50.029  -29.262  -26.183 0.6999999881
38701  -38.985  -29.999  -14.410 0.3000000119
38703  -40.514  -29.563  -14.990 0.5000000000
38712  -41.723  -29.797  -16.025 0.4000000060
38713  -45.305  -29.300  -15.270 0.3000000119
38733  -41.432  -29.532  -18.519 0.6999999881
38761  -37.274  -29.388  -22.372 0.8000000119
38769  -44.767  -30.030  -23.168 0.8000000119
38770  -45.407  -29.341  -23.405 0.8000000119
38775  -50.139  -28.987  -25.971 0.6999999881
38778  -49.737  -28.591  -26.093 0.6999999881
39610  -44.567  -28.834  -12.023 0.3000000119
39611  -45.303  -28.493  -11.821 0.3000000119
39641  -44.494  -28.584  -13.536 0.3000000119
39642  -44.920  -28.036  -13.218 0.3000000119
39653  -38.026  -28.558  -14.422 0.4000000060
39666  -46.187  -28.151  -15.968 0.3000000119
39679  -41.061  -28.105  -17.696 0.6000000238
39683  -49.065  -28.454  -18.229 0.4000000060
39690  -41.285  -28.828  -18.117 0.5000000000
39711  -52.503  -29.404  -20.279 0.4000000060
39734  -36.672  -28.375  -22.210 0.6999999881
39750  -36.963  -28.780  -22.463 0.6000000238
39760  -56.426  -29.791  -23.426 0.3000000119
39764  -55.646  -29.425  -23.513 0.4000000060
39765  -55.867  -29.342  -23.714 0.4000000060
39773  -49.342  -27.900  -26.011 0.6999999881
40686  -45.430  -27.432  -13.648 0.3000000119
40712  -39.954  -27.195  -15.082 0.6999999881
40715  -46.339  -27.269  -15.619 0.3000000119
40735  -49.444  -27.761  -17.732 0.4000000060
40768  -36.830  -27.364  -21.786 0.6999999881
40770  -40.490  -27.442  -20.577 0.6000000238
40781  -36.727  -27.741  -22.276 0.6999999881
40814  -49.105  -26.925  -26.018 0.6999999881
41755  -39.505  -26.581  -14.988 0.6999999881
41774  -47.610  -26.073  -15.439 0.3000000119
41807  -44.952  -25.969  -18.867 0.5000000000
41808  -51.022  -27.497  -18.364 0.4000000060
41837  -36.773  -27.373  -22.159 0.6999999881
41864  -36.856  -27.414  -22.320 0.6999999881
41872  -54.772  -27.380  -23.366 0.4000000060
41876  -58.701  -28.341  -23.337 0.3000000119
41881  -49.054  -26.016  -25.880 0.6000000238
41882  -48.972  -26.337  -25.972 0.6000000238
42873  -39.004  -25.942  -14.934 0.6999999881
43003  -56.543  -25.828  -22.057 0.4000000060
44014  -39.995  -24.715  -15.981 0.8000000119
44028  -40.403  -24.677  -17.121 0.8000000119
44029  -43.276  -23.877  -17.770 0.6000000238
44064  -47.740  -24.568  -18.964 0.5000000000
44079  -40.940  -23.967  -20.822 0.6000000238
44089  -39.284  -24.764  -23.150 0.6999999881
44096  -58.981  -24.504  -22.915 0.3000000119
45066  -43.065  -23.090  -17.703 0.5000000000
45070  -47.373  -23.306  -17.189 0.5000000000
45127  -39.372  -24.069  -23.740 0.8000000119
46006  -38.910  -22.396  -16.570 0.6999999881
46037  -42.023  -22.290  -18.690 0.5000000000
46052  -54.063  -22.028  -19.463 0.3000000119
46064  -54.693  -22.176  -19.888 0.3000000119
46080  -40.108  -23.590  -24.181 0.8000000119
46900  -39.305  -21.661  -17.536 0.6999999881
46920  -51.948  -21.870  -18.100 0.4000000060
46921  -52.513  -21.798  -18.438 0.4000000060
46967  -40.856  -22.036  -24.280 0.6999999881
47842  -48.233  -20.600  -16.533 0.5000000000
47868  -42.789  -20.618  -18.744 0.5000000000
47895  -32.857  -20.718  -20.819 0.5000000000
47926  -42.884  -20.389  -24.836 0.6000000238
48818  -51.368  -19.515  -17.919 0.3000000119
48831  -51.958  -19.528  -18.290 0.3000000119
48847  -45.434  -19.282  -19.099 0.5000000000
48863  -40.113  -18.810  -21.595 0.6000000238
48876  -40.320  -19.284  -22.327 0.6000000238
48890  -43.553  -20.422  -24.560 0.5000000000
48893  -49.882  -19.170  -23.022 0.4000000060
48900  -42.073  -19.915  -24.768 0.5000000000
48902  -43.905  -19.930  -24.508 0.5000000000
48904  -49.727  -19.126  -23.336 0.4000000060
49825  -48.403  -18.508  -17.269 0.4000000060
49881  -33.876  -18.750  -22.084 0.5000000000
49893  -49.872  -19.009  -22.741 0.4000000060
49913  -50.658  -19.039  -23.550 0.4000000060
49920  -49.894  -18.983  -23.895 0.4000000060
49921  -50.599  -19.161  -24.056 0.4000000060
49922  -51.065  -19.145  -24.101 0.4000000060
49923  -51.083  -18.751  -24.316 0.4000000060
49924  -50.960  -18.963  -24.322 0.4000000060
50835  -50.320  -17.164  -17.941 0.4000000060
50877  -35.784  -17.711  -21.896 0.4000000060
50894  -33.272  -17.336  -22.824 0.5000000000
50906  -51.216  -18.693  -23.887 0.4000000060
50912  -51.164  -18.139  -24.382 0.4000000060
50914  -51.048  -18.419  -24.456 0.4000000060
51992  -54.761  -17.258  -20.150 0.3000000119
52024  -51.309  -16.987  -24.349 0.4000000060
52026  -51.088  -17.658  -24.548 0.4000000060
53020  -48.811  -15.367  -18.629 0.5000000000
53079  -49.416  -15.913  -23.717 0.4000000060
53080  -50.287  -16.170  -24.450 0.4000000060
53082  -51.740  -15.348  -24.516 0.4000000060
53085  -52.528  -14.495  -24.878 0.3000000119
54104  -44.978  -14.590  -18.616 0.5000000000
54106  -49.962  -14.815  -18.678 0.5000000000
54154  -49.423  -14.244  -21.714 0.4000000060
54170  -52.945  -14.263  -25.026 0.3000000119
55167  -43.464  -13.458  -16.913 0.4000000060
55193  -48.713  -14.000  -20.081 0.4000000060
55228  -49.006  -13.831  -20.888 0.4000000060
55249  -52.435  -13.601  -25.172 0.3000000119
56165  -43.395  -12.708  -16.785 0.3000000119
56241  -51.473  -12.752  -23.760 0.3000000119
56249  -50.082  -13.231  -24.686 0.3000000119
57170  -50.375  -11.725  -19.746 0.5000000000
57195  -50.178  -11.238  -20.208 0.4000000060
57216  -47.114  -11.270  -21.712 0.3000000119
57218  -49.929  -11.079  -20.842 0.3000000119
57237  -47.840  -11.242  -23.222 0.3000000119
58193  -47.672  -10.436  -23.221 0.3000000119
59044  -46.052  -9.052  -18.903 0.3000000119
59076  -52.533  -9.836  -20.642 0.3000000119
59095  -50.585  -9.923  -21.666 0.3000000119
59131  -50.334  -9.835  -25.019 0.3000000119
59986  -46.474  -8.214  -19.650 0.3000000119
60020  -52.192  -8.763  -21.847 0.3000000119
60900  -43.313  -7.452  -17.377 0.3000000119
60902  -44.869  -7.510  -17.692 0.3000000119
60927  -41.076  -7.195  -18.937 0.3000000119
60930  -46.001  -7.830  -18.821 0.3000000119
61024  -48.759  -7.624  -24.278 0.3000000119
61884  -42.024  -7.641  -17.536 0.3000000119
61984  -47.931  -6.921  -23.416 0.3000000119
62917  -47.903  -5.494  -23.079 0.3000000119
65883  -51.952  -2.638  -26.927 0.3000000119
107406  -54.184  -17.240  -19.799 0.3000000119
108367  -50.190  -18.574  -17.528 0.3000000119
108618  -55.649  -18.789  -20.862 0.3000000119
108761  -51.641  -25.627  -17.126 0.3000000119
109816  -53.013  -41.048  -21.429 0.3000000119
112276  -39.290  -15.995  -19.416 0.6000000238
112455  -45.694  -33.766  -15.553 0.3000000119
112567  -40.820  -28.870  -15.396 0.5000000000
112654  -52.365  -23.313  -18.795 0.3000000119
112756  -54.564  -29.042  -21.160 0.3000000119
113378  -38.428  -29.287  -14.422 0.3000000119
113922  -42.157  -9.419  -17.254 0.3000000119
114569  -44.131  -29.055  -13.160 0.3000000119
115959  -48.457  -6.981  -23.936 0.3000000119
116409  -39.062  -30.785  -22.495 0.8000000119
116728  -55.922  -13.919  -19.447 0.4000000060
116761  -39.371  -10.001  -24.147 0.3000000119
116779  -49.023  -28.011  -26.107 0.6999999881
117067  -47.168  -40.711  -19.149 0.4000000060
117577  -50.690  -31.282  -25.160 0.6000000238
117933  -36.842  -28.117  -22.444 0.6000000238
117954  -46.068  -26.781  -21.675 0.6999999881
118143  -47.592  -6.980  -22.645 0.3000000119
118420  -45.367  -33.592  -15.184 0.3000000119
118571  -36.885  -28.066  -21.550 0.6999999881
118793  -46.428  -8.870  -19.576 0.3000000119
119407  -47.580  -30.389  -22.743 0.5000000000
119614  -45.298  -10.023  -17.998 0.3000000119
119659  -48.143  -10.285  -23.814 0.3000000119
119933  -40.202  -30.149  -14.762 0.5000000000
120084  -51.707  -21.257  -17.916 0.4000000060
120227  -45.072  -29.895  -14.984 0.3000000119
120416  -41.819  -31.843  -15.789 0.5000000000
120628  -46.071  -40.079  -18.526 0.4000000060
120633  -55.449  -28.347  -23.521 0.4000000060
121317  -55.501  -24.364  -20.614 0.4000000060
122208  -48.819  -34.642  -19.664 0.4000000060
122375  -48.997  -19.401  -22.896 0.4000000060
123045  -55.596  -18.155  -20.719 0.3000000119
123329  -50.069  -29.019  -26.115 0.6999999881
123415  -53.497  -20.999  -19.187 0.3000000119
123561  -41.992  -6.880  -17.757 0.3000000119
123639  -44.456  -31.678  -14.065 0.3000000119
123865  -53.107  -40.468  -21.572 0.3000000119
123972  -43.413  -20.426  -18.306 0.5000000000
124070  -42.564  -22.083  -18.135 0.5000000000
124155  -42.499  -32.701  -22.570 0.6000000238
125490  -48.174  -38.929  -19.402 0.4000000060
125899  -48.269  -26.028  -15.900 0.3000000119
125998  -45.290  -12.415  -18.142 0.3000000119
126527  -55.354  -17.259  -20.420 0.3000000119
126974  -43.856  -39.390  -19.547 0.4000000060
127260  -54.372  -21.702  -19.680 0.3000000119
127276  -42.129  -32.807  -16.412 0.5000000000
127520  -38.782  -31.197  -22.074 0.6999999881
127602  -49.821  -4.834  -24.874 0.3000000119
128117  -43.186  -34.187  -13.071 0.3000000119
128238  -42.521  -34.966  -12.845 0.3000000119
128372  -48.318  -34.987  -18.691 0.4000000060
128669  -40.188  -27.638  -15.150 0.6999999881
128915  -51.057  -37.202  -20.627 0.4000000060
129031  -38.757  -31.157  -21.819 0.6999999881
129155  -52.574  -36.701  -22.706 0.4000000060
129240  -41.830  -21.401  -20.141 0.5000000000
129375  -44.792  -10.148  -17.552 0.3000000119
129404  -44.444  -9.209  -17.447 0.3000000119
129626  -44.188  -31.027  -13.682 0.3000000119
129830  -46.886  -11.401  -21.297 0.3000000119
129865  -50.649  -24.303  -19.178 0.4000000060
