#!ascii label  , from subject sub-v2s12x28904_ses-1 vox2ras=TkReg
385
21196  38.279  -29.864  36.631 0.0000000000
15150  35.214  -37.595  22.013 0.0000000000
15818  34.597  -36.830  35.193 0.0000000000
18108  31.027  -33.662  30.536 0.0000000000
13481  37.782  -39.423  26.862 0.0000000000
13465  34.760  -39.368  30.910 0.0000000000
137565  36.415  -41.774  27.735 0.0000000000
127742  32.626  -35.371  26.101 0.0000000000
19730  32.179  -31.169  28.392 0.0000000000
18046  36.239  -33.172  35.571 0.0000000000
16644  32.203  -35.516  33.226 0.0000000000
15083  33.835  -37.361  28.250 0.0000000000
14312  36.847  -38.461  24.767 0.0000000000
132069  40.104  -42.628  25.551 0.0000000000
21973  44.892  -29.002  38.088 0.0000000000
19623  41.414  -31.838  37.795 0.0000000000
16625  38.584  -35.497  35.547 0.0000000000
137163  33.885  -29.281  31.338 0.0000000000
12680  36.548  -40.883  30.699 0.0000000000
15924  33.949  -36.691  23.813 0.0000000000
17468  32.093  -34.159  25.213 0.0000000000
138714  35.831  -35.077  35.266 0.0000000000
15827  33.448  -36.163  34.479 0.0000000000
12695  35.436  -39.647  28.813 0.0000000000
15072  33.886  -38.133  29.759 0.0000000000
139680  35.459  -38.871  27.683 0.0000000000
14289  35.077  -38.030  26.578 0.0000000000
13496  37.672  -38.802  26.097 0.0000000000
142425  38.474  -41.878  23.377 0.0000000000
18809  43.258  -32.956  37.421 0.0000000000
18040  39.618  -33.380  36.552 0.0000000000
17355  41.570  -34.547  36.407 0.0000000000
135332  31.656  -32.590  32.280 0.0000000000
19688  31.602  -31.047  31.320 0.0000000000
18921  34.457  -33.137  28.437 0.0000000000
19717  35.166  -32.388  29.827 0.0000000000
14231  34.429  -38.831  34.406 0.0000000000
14246  33.577  -38.318  33.102 0.0000000000
133945  35.117  -39.736  31.644 0.0000000000
12689  35.643  -40.071  29.731 0.0000000000
11904  37.801  -40.708  26.920 0.0000000000
17437  31.634  -34.495  28.211 0.0000000000
18912  31.293  -31.952  29.153 0.0000000000
18149  31.525  -33.221  27.097 0.0000000000
18948  32.697  -32.089  26.401 0.0000000000
14371  37.048  -38.799  20.635 0.0000000000
19638  36.735  -31.608  35.964 0.0000000000
18065  32.738  -33.228  33.616 0.0000000000
17403  31.617  -35.014  32.069 0.0000000000
15063  33.228  -37.723  31.504 0.0000000000
15870  32.586  -36.823  31.260 0.0000000000
16687  32.055  -35.683  29.948 0.0000000000
15905  33.380  -36.544  26.843 0.0000000000
141540  34.729  -37.488  25.358 0.0000000000
14326  35.936  -37.994  23.781 0.0000000000
11923  40.331  -40.685  26.671 0.0000000000
125414  38.861  -39.843  25.252 0.0000000000
12744  37.675  -40.134  23.247 0.0000000000
133982  36.785  -39.377  21.639 0.0000000000
21987  42.002  -28.590  37.030 0.0000000000
21179  40.764  -29.453  38.030 0.0000000000
20387  42.351  -30.229  39.011 0.0000000000
19625  39.540  -31.098  37.469 0.0000000000
145721  38.636  -32.280  36.738 0.0000000000
134742  37.247  -34.587  35.562 0.0000000000
132785  37.229  -36.011  35.429 0.0000000000
134983  38.161  -37.634  35.668 0.0000000000
14215  35.757  -38.242  35.630 0.0000000000
124852  32.724  -29.938  30.122 0.0000000000
21195  38.760  -29.059  36.579 0.0000000000
21207  38.027  -29.142  35.991 0.0000000000
21208  37.279  -29.662  35.700 0.0000000000
15125  34.674  -37.194  23.557 0.0000000000
15935  34.225  -36.717  23.072 0.0000000000
16627  35.093  -35.874  35.144 0.0000000000
16634  34.150  -35.557  34.758 0.0000000000
140938  33.722  -36.906  34.709 0.0000000000
13482  36.625  -39.270  27.268 0.0000000000
14273  35.240  -39.220  28.322 0.0000000000
14279  36.270  -38.837  27.104 0.0000000000
136322  38.159  -39.099  26.521 0.0000000000
10509  39.310  -43.864  22.922 0.0000000000
18033  42.565  -33.392  37.082 0.0000000000
18092  31.121  -33.293  31.333 0.0000000000
18864  31.591  -31.881  31.848 0.0000000000
124104  31.035  -32.642  30.707 0.0000000000
143528  35.503  -33.308  29.383 0.0000000000
140338  34.624  -39.481  33.369 0.0000000000
142076  35.746  -40.424  32.327 0.0000000000
11869  36.388  -41.037  29.157 0.0000000000
12688  36.244  -40.601  29.896 0.0000000000
11890  36.302  -40.910  28.163 0.0000000000
12703  36.184  -40.250  27.906 0.0000000000
11889  36.791  -40.692  27.474 0.0000000000
16713  32.462  -35.318  26.881 0.0000000000
137362  31.477  -33.733  27.848 0.0000000000
16714  31.963  -34.655  26.885 0.0000000000
18171  32.075  -33.164  25.251 0.0000000000
18964  32.701  -32.504  25.215 0.0000000000
18947  33.344  -32.146  26.221 0.0000000000
18833  36.472  -32.442  35.773 0.0000000000
18834  35.875  -32.527  35.426 0.0000000000
18054  35.505  -33.073  35.253 0.0000000000
142825  32.257  -33.876  33.379 0.0000000000
135328  31.822  -35.099  32.805 0.0000000000
14258  33.695  -38.450  32.115 0.0000000000
15054  33.142  -37.671  32.594 0.0000000000
14263  33.976  -38.594  31.186 0.0000000000
15079  33.639  -37.430  29.152 0.0000000000
15073  33.307  -37.434  29.982 0.0000000000
15880  33.015  -36.821  29.426 0.0000000000
15871  32.246  -36.091  30.674 0.0000000000
138382  32.767  -36.197  28.890 0.0000000000
15889  32.916  -36.130  28.082 0.0000000000
142646  33.384  -36.658  27.706 0.0000000000
14299  36.175  -38.208  25.459 0.0000000000
15097  34.537  -37.537  26.042 0.0000000000
15105  35.358  -37.717  24.965 0.0000000000
15114  35.357  -37.611  24.093 0.0000000000
14325  36.555  -38.384  23.940 0.0000000000
9030  40.847  -46.471  25.309 0.0000000000
9760  40.695  -43.614  25.798 0.0000000000
9759  41.308  -44.527  26.379 0.0000000000
136773  41.097  -42.617  26.431 0.0000000000
11150  40.874  -41.694  26.550 0.0000000000
12715  39.697  -39.895  26.346 0.0000000000
11938  39.818  -41.522  25.589 0.0000000000
146091  38.250  -41.636  22.641 0.0000000000
12743  38.023  -41.038  23.099 0.0000000000
12759  37.700  -40.677  22.275 0.0000000000
13538  37.287  -39.924  22.270 0.0000000000
146917  37.578  -40.382  21.778 0.0000000000
21985  44.940  -28.467  37.101 0.0000000000
128141  44.031  -28.823  37.705 0.0000000000
21988  40.843  -28.777  37.299 0.0000000000
21178  41.659  -29.080  37.980 0.0000000000
19608  43.495  -31.609  38.503 0.0000000000
20379  43.608  -30.532  39.225 0.0000000000
19609  42.042  -31.159  38.501 0.0000000000
19610  40.980  -30.939  38.220 0.0000000000
19624  40.425  -31.495  37.665 0.0000000000
19631  38.996  -31.750  37.098 0.0000000000
18823  39.321  -32.586  36.838 0.0000000000
128335  38.979  -34.953  35.805 0.0000000000
17357  39.027  -34.134  36.182 0.0000000000
17364  38.178  -34.597  35.714 0.0000000000
140296  36.806  -35.250  35.422 0.0000000000
14195  38.162  -39.399  36.321 0.0000000000
14213  37.422  -38.461  36.103 0.0000000000
15023  37.078  -37.479  35.721 0.0000000000
19731  31.698  -31.359  28.647 0.0000000000
19720  31.489  -31.147  29.424 0.0000000000
20515  32.538  -30.750  28.888 0.0000000000
18893  35.607  -31.702  30.340 0.0000000000
15116  33.727  -36.648  24.704 0.0000000000
16726  32.504  -35.052  25.388 0.0000000000
144499  35.880  -34.496  35.323 0.0000000000
18055  35.057  -33.631  35.035 0.0000000000
134380  34.835  -34.972  34.999 0.0000000000
15838  32.652  -36.034  33.844 0.0000000000
13473  34.787  -39.272  29.991 0.0000000000
14265  34.243  -38.716  30.350 0.0000000000
135384  34.828  -39.140  29.069 0.0000000000
15078  34.275  -38.216  28.853 0.0000000000
15082  34.365  -37.912  27.814 0.0000000000
144456  35.527  -38.510  27.060 0.0000000000
14288  35.852  -38.352  26.390 0.0000000000
14298  37.064  -38.547  25.540 0.0000000000
11166  39.122  -42.566  24.291 0.0000000000
10500  39.204  -43.487  23.648 0.0000000000
11167  38.854  -42.930  22.888 0.0000000000
18810  41.943  -32.668  37.391 0.0000000000
18822  40.223  -32.876  36.935 0.0000000000
18821  41.323  -33.223  36.938 0.0000000000
145386  40.761  -34.145  36.460 0.0000000000
17363  39.764  -34.891  35.982 0.0000000000
19687  32.125  -30.525  31.727 0.0000000000
20467  32.371  -29.934  31.394 0.0000000000
18911  33.862  -32.193  28.860 0.0000000000
19719  33.427  -31.130  29.026 0.0000000000
128523  34.647  -32.890  29.214 0.0000000000
18910  35.843  -33.028  29.919 0.0000000000
14232  33.656  -38.214  34.052 0.0000000000
128596  34.014  -38.825  33.544 0.0000000000
14245  34.144  -39.011  32.680 0.0000000000
14257  34.410  -39.154  31.783 0.0000000000
13464  35.529  -40.004  31.089 0.0000000000
13468  35.349  -39.776  30.349 0.0000000000
13472  35.222  -39.606  29.622 0.0000000000
13477  35.922  -39.692  27.965 0.0000000000
17429  31.364  -34.427  29.126 0.0000000000
130123  31.082  -32.749  29.792 0.0000000000
18137  31.323  -33.698  28.578 0.0000000000
138493  31.406  -32.952  28.003 0.0000000000
18935  31.723  -32.306  27.470 0.0000000000
136422  31.824  -33.823  25.806 0.0000000000
18949  31.964  -32.446  26.635 0.0000000000
19742  32.529  -31.598  27.720 0.0000000000
18933  33.521  -32.187  27.012 0.0000000000
18932  34.396  -33.165  27.316 0.0000000000
14355  35.696  -38.013  21.267 0.0000000000
20409  37.898  -30.731  36.547 0.0000000000
20415  37.129  -30.647  36.051 0.0000000000
19639  35.985  -31.706  35.399 0.0000000000
144680  31.707  -34.216  32.693 0.0000000000
17391  31.305  -34.167  31.583 0.0000000000
15849  32.357  -36.275  32.825 0.0000000000
14266  33.579  -38.035  30.577 0.0000000000
15861  32.311  -36.424  32.019 0.0000000000
16665  31.834  -35.597  31.422 0.0000000000
16677  31.642  -35.244  30.550 0.0000000000
17416  31.229  -34.468  30.018 0.0000000000
133366  31.719  -35.009  28.819 0.0000000000
16705  32.513  -35.555  27.745 0.0000000000
15906  32.984  -35.908  26.479 0.0000000000
15090  33.863  -37.188  27.278 0.0000000000
15098  33.831  -37.019  26.284 0.0000000000
15914  33.526  -36.539  25.515 0.0000000000
15115  34.517  -37.237  24.560 0.0000000000
15136  35.435  -37.689  23.092 0.0000000000
137735  39.529  -40.580  27.139 0.0000000000
9776  41.143  -45.611  25.865 0.0000000000
11903  40.356  -40.790  27.102 0.0000000000
12708  39.820  -39.885  26.958 0.0000000000
13495  39.225  -39.353  26.165 0.0000000000
13508  38.537  -39.255  25.466 0.0000000000
12730  37.955  -39.483  24.425 0.0000000000
11939  38.977  -41.470  24.633 0.0000000000
130986  38.165  -40.238  24.110 0.0000000000
13510  37.272  -38.863  24.147 0.0000000000
135528  37.308  -39.403  23.354 0.0000000000
13539  36.873  -39.308  22.575 0.0000000000
14354  36.216  -38.735  21.387 0.0000000000
13553  36.801  -39.172  20.954 0.0000000000
22002  42.249  -28.231  36.161 0.0000000000
22001  42.984  -28.434  36.695 0.0000000000
129688  41.334  -28.443  36.571 0.0000000000
22003  40.515  -28.456  36.481 0.0000000000
139507  40.028  -28.731  36.996 0.0000000000
147073  39.383  -29.515  37.319 0.0000000000
20378  45.648  -30.444  39.658 0.0000000000
21165  44.464  -29.625  39.071 0.0000000000
21166  41.499  -29.723  38.552 0.0000000000
20398  40.177  -30.360  37.909 0.0000000000
19626  38.661  -30.683  37.122 0.0000000000
19632  38.250  -31.573  36.767 0.0000000000
18824  37.979  -32.342  36.499 0.0000000000
18045  36.939  -33.182  35.912 0.0000000000
18041  38.637  -33.092  36.454 0.0000000000
17358  38.191  -33.795  36.092 0.0000000000
17366  36.726  -33.892  35.610 0.0000000000
144334  36.421  -34.544  35.429 0.0000000000
133470  36.253  -35.921  35.352 0.0000000000
15817  35.657  -36.697  35.410 0.0000000000
15815  37.676  -36.790  35.491 0.0000000000
132948  36.113  -37.436  35.651 0.0000000000
15024  35.164  -37.571  35.408 0.0000000000
18894  31.149  -31.816  30.041 0.0000000000
20486  31.952  -30.153  30.177 0.0000000000
21260  33.278  -29.518  30.838 0.0000000000
20500  33.834  -30.861  29.589 0.0000000000
141297  34.566  -29.972  30.418 0.0000000000
8295  40.643  -47.323  24.806 0.0000000000
11924  39.477  -40.558  25.527 0.0000000000
12681  35.906  -40.328  30.553 0.0000000000
12702  36.753  -39.766  27.435 0.0000000000
12707  40.073  -40.052  26.901 0.0000000000
12772  37.982  -40.761  21.531 0.0000000000
13459  35.213  -40.026  32.770 0.0000000000
13460  34.791  -39.601  32.353 0.0000000000
13483  35.789  -39.258  27.847 0.0000000000
13487  39.654  -39.703  26.703 0.0000000000
13488  39.025  -39.401  26.652 0.0000000000
13489  37.324  -38.963  26.767 0.0000000000
13509  37.777  -38.864  25.184 0.0000000000
13524  36.782  -38.831  23.283 0.0000000000
14274  34.803  -38.691  28.187 0.0000000000
14280  34.930  -38.301  27.372 0.0000000000
14287  36.781  -38.611  26.286 0.0000000000
14300  35.277  -37.878  25.793 0.0000000000
14313  36.054  -38.039  24.504 0.0000000000
14339  36.376  -38.850  22.361 0.0000000000
14340  35.782  -38.242  22.189 0.0000000000
14372  36.305  -38.352  20.811 0.0000000000
15035  34.169  -37.790  34.877 0.0000000000
15036  33.491  -37.483  34.310 0.0000000000
15089  34.420  -37.653  26.878 0.0000000000
15106  34.093  -37.099  25.415 0.0000000000
15816  36.683  -36.694  35.501 0.0000000000
15826  34.181  -36.240  34.888 0.0000000000
15860  32.633  -36.996  32.222 0.0000000000
15881  32.522  -36.204  29.728 0.0000000000
15888  33.285  -36.754  28.591 0.0000000000
15898  32.946  -36.022  27.280 0.0000000000
15915  33.020  -35.842  25.622 0.0000000000
16626  37.712  -35.340  35.470 0.0000000000
16654  32.003  -35.767  32.294 0.0000000000
16688  31.628  -35.105  29.599 0.0000000000
16694  32.180  -35.607  29.067 0.0000000000
16695  32.101  -35.222  28.284 0.0000000000
16706  32.057  -34.926  27.560 0.0000000000
16740  32.519  -34.605  24.586 0.0000000000
17356  40.666  -34.796  36.199 0.0000000000
17365  37.498  -33.892  35.834 0.0000000000
17375  35.338  -34.389  35.162 0.0000000000
17384  32.869  -34.117  33.940 0.0000000000
17404  31.478  -34.961  31.308 0.0000000000
17449  31.646  -34.200  27.347 0.0000000000
17457  32.089  -34.661  26.096 0.0000000000
17458  31.691  -33.959  26.533 0.0000000000
17469  31.707  -33.150  26.127 0.0000000000
18039  40.512  -33.561  36.629 0.0000000000
18042  37.712  -33.136  36.218 0.0000000000
18077  31.458  -33.338  32.115 0.0000000000
18123  36.392  -33.730  29.438 0.0000000000
18125  31.127  -33.650  29.486 0.0000000000
18811  40.831  -32.380  37.318 0.0000000000
18812  39.855  -32.065  37.261 0.0000000000
18832  37.186  -32.391  36.197 0.0000000000
18878  31.233  -31.780  30.966 0.0000000000
18892  36.402  -33.271  30.176 0.0000000000
18922  33.618  -32.230  27.933 0.0000000000
18923  31.507  -32.092  28.295 0.0000000000
18934  32.314  -31.946  27.177 0.0000000000
18965  32.313  -32.499  25.839 0.0000000000
19622  42.610  -32.142  37.849 0.0000000000
19633  37.508  -31.553  36.393 0.0000000000
19702  31.454  -30.891  30.333 0.0000000000
19718  34.189  -31.921  29.472 0.0000000000
19729  32.943  -31.297  28.210 0.0000000000
19741  33.020  -31.640  27.500 0.0000000000
19743  31.955  -31.641  27.914 0.0000000000
19756  32.865  -31.849  26.987 0.0000000000
20388  41.469  -30.441  38.572 0.0000000000
20389  40.875  -30.151  38.386 0.0000000000
20399  39.373  -30.093  37.494 0.0000000000
20416  36.438  -30.879  35.490 0.0000000000
20468  31.892  -30.292  30.940 0.0000000000
20483  34.636  -31.029  29.999 0.0000000000
20484  33.729  -30.006  30.117 0.0000000000
20485  32.468  -29.786  30.764 0.0000000000
20501  33.085  -30.383  29.473 0.0000000000
20502  32.247  -30.374  29.530 0.0000000000
20503  31.749  -30.599  29.657 0.0000000000
20516  31.910  -30.790  29.031 0.0000000000
21180  39.391  -29.064  37.038 0.0000000000
21181  38.900  -29.674  37.126 0.0000000000
21197  37.702  -30.004  36.218 0.0000000000
21241  32.900  -29.553  31.438 0.0000000000
21258  34.547  -29.069  31.469 0.0000000000
21259  33.492  -29.367  31.528 0.0000000000
21974  43.560  -29.353  38.593 0.0000000000
21986  42.847  -28.854  37.777 0.0000000000
21989  39.948  -29.324  37.518 0.0000000000
22000  44.174  -28.175  36.565 0.0000000000
122764  33.127  -32.230  25.654 0.0000000000
124357  42.458  -29.528  38.673 0.0000000000
125146  31.284  -32.596  31.571 0.0000000000
125467  36.520  -38.088  35.867 0.0000000000
126274  38.558  -42.079  22.226 0.0000000000
128620  32.739  -36.819  30.290 0.0000000000
129226  36.170  -38.314  23.140 0.0000000000
130212  38.579  -40.827  24.344 0.0000000000
130508  33.254  -36.118  24.926 0.0000000000
130811  46.186  -29.871  39.742 0.0000000000
131489  40.029  -34.131  36.343 0.0000000000
131596  36.652  -41.162  30.099 0.0000000000
131690  43.812  -28.545  37.092 0.0000000000
132749  34.400  -38.723  29.610 0.0000000000
135113  35.912  -40.298  28.824 0.0000000000
135350  33.075  -36.861  34.113 0.0000000000
136112  38.528  -39.026  26.063 0.0000000000
137291  35.882  -33.896  35.378 0.0000000000
137455  31.242  -32.832  28.873 0.0000000000
142705  33.052  -37.381  30.712 0.0000000000
142785  32.736  -29.931  32.133 0.0000000000
142934  31.939  -31.243  32.033 0.0000000000
143256  41.238  -33.844  36.634 0.0000000000
143488  31.267  -34.533  30.803 0.0000000000
144753  42.760  -30.842  38.921 0.0000000000
144881  42.400  -28.421  36.603 0.0000000000
145270  33.343  -36.384  26.142 0.0000000000
145410  32.518  -35.727  28.411 0.0000000000
146121  32.179  -36.173  31.520 0.0000000000
146827  35.334  -40.003  32.115 0.0000000000
