#!ascii label  , from subject sub-v2s12x28884_ses-1 vox2ras=TkReg
1046
144830  -23.205  -19.404  5.641 0.4285714328
48419  -24.073  -18.216  4.458 0.2857142985
48404  -23.428  -18.904  4.979 0.4285714328
49371  -24.953  -18.080  4.823 0.4285714328
49385  -24.075  -17.521  4.079 0.2857142985
137510  -24.664  -17.722  4.432 0.4285714328
50356  -24.706  -16.853  4.321 0.4285714328
51345  -24.169  -15.763  4.102 0.4285714328
52374  -24.121  -14.814  3.903 0.4285714328
146522  -23.795  -13.746  3.182 0.4285714328
53451  -23.153  -13.509  1.678 0.5714285970
53432  -23.535  -13.666  2.715 0.5714285970
53417  -24.168  -13.493  3.326 0.4285714328
54538  -24.666  -12.778  3.184 0.2857142985
54555  -23.714  -12.869  2.184 0.7142857313
54556  -24.357  -12.417  2.545 0.7142857313
55589  -25.713  -11.512  2.469 0.7142857313
55588  -24.758  -11.721  2.215 0.7142857313
56738  -26.403  -10.353  1.425 0.5714285970
55608  -25.290  -11.132  1.742 0.5714285970
126069  -25.702  -10.621  1.338 0.5714285970
56752  -25.802  -10.090  0.681 0.5714285970
57764  -26.700  -9.788  1.010 0.5714285970
56737  -25.006  -10.807  0.858 0.5714285970
57765  -27.486  -9.718  1.243 0.4285714328
58810  -27.224  -8.854  0.299 0.5714285970
58812  -28.925  -8.460  0.547 0.5714285970
57780  -25.587  -9.629  -0.206 0.7142857313
58811  -28.028  -8.628  0.422 0.7142857313
58824  -28.281  -8.018  -0.003 0.7142857313
59761  -29.638  -7.978  0.310 0.5714285970
57781  -26.435  -9.316  0.245 0.5714285970
56764  -24.615  -10.772  -0.683 0.5714285970
58822  -26.672  -8.618  -0.402 0.8571428657
59772  -29.398  -7.375  -0.219 0.7142857313
59773  -30.267  -7.422  -0.040 0.5714285970
58821  -26.196  -8.665  -1.281 0.7142857313
57809  -25.758  -9.407  -1.939 0.5714285970
60709  -29.933  -6.694  -0.517 0.7142857313
60711  -31.729  -7.176  -0.472 0.5714285970
59770  -27.791  -7.644  -0.705 0.7142857313
61821  -31.140  -6.012  -0.893 0.5714285970
59784  -28.159  -7.099  -1.210 0.7142857313
61822  -32.560  -6.199  -1.347 0.5714285970
141270  -27.498  -7.376  -1.391 0.5714285970
60725  -29.467  -6.170  -1.291 0.7142857313
61839  -31.523  -5.063  -1.830 0.7142857313
134019  -31.731  -5.710  -1.305 0.7142857313
146733  -27.909  -6.318  -2.383 0.7142857313
135799  -30.006  -5.480  -1.600 0.7142857313
61838  -30.595  -4.924  -1.958 0.7142857313
135241  -31.747  -4.196  -2.859 0.7142857313
62913  -32.135  -4.658  -2.412 0.5714285970
124476  -29.124  -5.610  -2.028 0.7142857313
59794  -26.898  -7.106  -2.634 0.5714285970
62937  -32.570  -4.225  -3.148 0.5714285970
63939  -33.014  -3.767  -4.177 0.5714285970
62909  -28.941  -5.088  -2.720 0.8571428657
61836  -28.390  -5.784  -2.571 0.8571428657
63938  -31.793  -3.722  -3.558 0.7142857313
128096  -30.915  -3.547  -3.436 0.7142857313
62910  -29.512  -4.402  -2.798 0.8571428657
62935  -30.141  -3.785  -3.083 0.7142857313
64937  -30.428  -2.231  -4.235 0.8571428657
64939  -31.830  -3.085  -4.955 0.5714285970
63937  -30.424  -3.182  -3.590 0.8571428657
63936  -29.631  -3.279  -3.342 0.8571428657
62934  -29.338  -3.896  -3.130 0.8571428657
65896  -29.889  -1.249  -4.197 0.8571428657
144867  -30.799  -1.339  -5.535 0.8571428657
66912  -30.157  0.162  -4.946 0.8571428657
64913  -30.013  -2.635  -3.670 0.8571428657
66896  -29.443  -0.831  -4.226 0.8571428657
66894  -27.619  -0.572  -4.398 1.0000000000
67942  -29.414  -0.196  -4.433 1.0000000000
65895  -28.948  -1.422  -3.887 0.8571428657
67941  -28.485  0.074  -4.436 1.0000000000
66895  -28.649  -0.705  -4.200 1.0000000000
67961  -27.466  1.110  -4.830 1.0000000000
68947  -24.929  1.542  -6.320 0.7142857313
67940  -27.580  0.341  -4.599 1.0000000000
67960  -26.208  0.417  -5.111 1.0000000000
135170  -26.638  1.192  -5.155 1.0000000000
70983  -25.369  4.027  -7.097 1.0000000000
70981  -23.962  3.381  -8.012 0.8571428657
72006  -24.108  4.795  -8.491 0.8571428657
73001  -24.781  4.878  -7.944 1.0000000000
75177  -24.412  7.685  -10.307 0.8571428657
74137  -24.317  6.320  -9.065 0.8571428657
77069  -23.831  8.807  -11.126 0.8571428657
76116  -24.584  8.395  -10.595 0.8571428657
77083  -24.247  9.509  -11.440 0.7142857313
75191  -23.322  7.887  -11.787 0.5714285970
77096  -23.401  9.400  -12.656 0.7142857313
77097  -24.017  9.970  -12.118 0.5714285970
76135  -20.647  8.786  -13.304 0.5714285970
76136  -21.961  8.564  -12.946 0.5714285970
77094  -21.290  9.312  -13.407 0.4285714328
77985  -20.665  10.257  -13.890 0.4285714328
77986  -22.115  10.312  -13.741 0.4285714328
77964  -19.374  11.389  -12.503 0.2857142985
78885  -19.811  11.981  -11.894 0.2857142985
60710  -30.905  -6.683  -0.427 0.5714285970
63958  -32.769  -3.393  -5.054 0.5714285970
62911  -30.335  -4.396  -2.558 0.7142857313
64938  -31.066  -2.615  -4.666 0.8571428657
65897  -30.792  -1.934  -5.061 0.8571428657
65919  -31.315  -1.797  -5.938 0.8571428657
65918  -30.533  -0.707  -5.365 0.8571428657
68948  -25.611  2.138  -5.984 0.8571428657
78880  -21.792  11.422  -10.581 0.1428571492
136012  -23.011  -17.984  3.894 0.2857142985
49398  -23.307  -17.270  3.707 0.2857142985
49399  -23.925  -16.713  3.963 0.2857142985
51330  -24.780  -14.988  4.302 0.4285714328
50370  -23.363  -16.223  3.622 0.2857142985
52373  -23.776  -14.176  3.401 0.4285714328
52362  -24.649  -14.116  3.923 0.4285714328
52387  -23.136  -14.545  2.832 0.5714285970
53433  -24.033  -12.995  2.844 0.5714285970
54557  -25.186  -12.130  2.906 0.4285714328
54576  -23.450  -12.752  1.284 0.2857142985
54577  -24.053  -12.169  1.794 0.7142857313
55623  -24.303  -11.438  0.486 0.5714285970
57784  -29.365  -9.251  1.073 0.4285714328
56750  -24.623  -10.937  0.075 0.7142857313
56751  -25.065  -10.320  0.019 0.7142857313
140975  -27.126  -9.375  0.723 0.7142857313
57782  -27.809  -9.233  0.803 0.5714285970
57783  -28.512  -9.061  0.847 0.4285714328
58823  -27.481  -8.262  -0.233 0.7142857313
59771  -28.591  -7.465  -0.478 0.7142857313
56782  -25.290  -9.902  -1.614 0.5714285970
57794  -25.579  -9.371  -1.013 0.5714285970
61823  -33.480  -6.061  -1.899 0.5714285970
60727  -31.750  -6.409  -0.836 0.5714285970
60724  -28.482  -6.361  -1.756 0.7142857313
60708  -28.994  -6.874  -0.921 0.7142857313
61840  -32.587  -5.367  -1.904 0.5714285970
59783  -27.004  -7.440  -1.983 0.8571428657
61837  -29.721  -4.955  -2.276 0.7142857313
64954  -31.532  -2.504  -5.505 0.5714285970
64912  -29.183  -2.703  -3.483 1.0000000000
123660  -29.310  0.593  -4.639 1.0000000000
139422  -27.284  -1.337  -4.362 1.0000000000
68930  -25.668  1.194  -5.571 0.8571428657
141587  -24.233  2.063  -7.457 0.7142857313
69952  -24.856  2.384  -6.728 1.0000000000
69953  -26.267  2.703  -5.729 1.0000000000
143674  -24.423  2.883  -7.406 0.7142857313
123229  -25.698  2.976  -6.279 1.0000000000
130597  -24.915  4.322  -7.564 0.8571428657
75164  -23.706  6.698  -9.820 0.8571428657
74138  -25.203  6.243  -8.445 1.0000000000
73002  -25.327  5.560  -7.916 1.0000000000
77974  -20.344  9.929  -13.613 0.7142857313
76130  -22.472  7.746  -12.465 0.5714285970
77095  -22.563  9.192  -13.066 0.7142857313
77975  -22.907  9.829  -13.199 0.7142857313
78893  -19.553  11.413  -13.162 0.2857142985
77987  -23.322  10.464  -13.312 0.4285714328
78905  -20.870  10.648  -14.759 0.4285714328
79820  -20.286  12.140  -12.686 0.2857142985
78904  -19.648  10.682  -14.525 0.4285714328
55606  -23.829  -12.030  0.918 0.4285714328
77984  -19.493  10.611  -13.741 0.2857142985
48405  -24.367  -18.526  5.224 0.4285714328
48418  -23.220  -18.448  4.288 0.2857142985
140584  -22.715  -18.995  4.531 0.2857142985
145842  -23.407  -15.182  3.488 0.2857142985
55607  -24.515  -11.522  1.372 0.5714285970
134655  -28.443  -9.670  1.355 0.4285714328
58813  -29.777  -8.630  0.667 0.5714285970
56765  -25.112  -10.071  -0.844 0.7142857313
57795  -26.044  -9.059  -0.508 0.7142857313
58837  -26.951  -7.919  -1.091 0.5714285970
61820  -30.900  -5.477  -1.330 0.7142857313
58836  -26.550  -8.100  -1.877 0.7142857313
60723  -27.623  -6.846  -1.926 0.8571428657
62912  -31.218  -4.512  -2.401 0.7142857313
60739  -27.390  -6.627  -2.587 0.8571428657
63957  -31.250  -3.187  -4.088 0.8571428657
64936  -29.691  -1.953  -3.822 0.8571428657
125729  -30.293  -1.686  -4.371 0.8571428657
63935  -28.731  -3.602  -3.366 0.8571428657
68946  -24.424  1.681  -6.949 0.8571428657
76115  -23.721  8.029  -10.693 0.8571428657
143733  -23.555  8.618  -11.820 0.7142857313
139957  -23.721  9.181  -11.895 0.7142857313
76137  -23.204  8.503  -12.515 0.5714285970
77082  -19.205  9.269  -13.084 0.4285714328
77093  -19.906  9.725  -13.387 0.4285714328
77101  -21.739  9.819  -13.504 0.4285714328
78878  -19.396  11.701  -10.614 0.2857142985
77973  -19.333  10.601  -13.306 0.2857142985
134911  -20.377  12.246  -11.865 0.2857142985
78886  -21.593  11.583  -11.301 0.1428571492
79867  -21.299  12.605  -17.108 0.2857142985
81577  -20.656  14.029  -17.045 0.1428571492
78917  -20.636  10.980  -16.068 0.2857142985
134809  -21.972  11.768  -17.125 0.2857142985
80703  -20.041  12.936  -16.672 0.1428571492
78915  -19.265  11.512  -14.773 0.1428571492
78916  -19.495  11.104  -15.597 0.2857142985
79846  -18.990  12.000  -15.811 0.1428571492
79848  -23.514  12.034  -15.255 0.2857142985
79847  -22.055  11.306  -16.480 0.2857142985
78898  -28.293  11.633  -12.458 0.2857142985
78908  -25.830  12.047  -13.631 0.2857142985
80704  -20.404  13.595  -16.382 0.1428571492
77978  -25.753  11.043  -12.137 0.2857142985
77958  -28.169  10.301  -10.700 0.1428571492
78895  -25.750  11.547  -12.914 0.2857142985
78907  -24.844  11.551  -13.584 0.2857142985
80698  -19.509  12.724  -16.079 0.1428571492
125364  -23.683  11.496  -14.058 0.2857142985
78918  -22.478  11.319  -14.918 0.2857142985
75193  -30.412  7.788  -11.719 0.1428571492
77075  -29.601  9.395  -10.661 0.1428571492
78887  -26.829  11.234  -11.703 0.4285714328
127367  -24.107  10.506  -12.746 0.2857142985
75168  -27.926  7.935  -8.831 0.2857142985
77072  -26.655  9.554  -10.372 0.4285714328
77966  -25.450  10.426  -11.590 0.2857142985
73037  -30.081  6.231  -9.208 0.1428571492
131742  -28.396  8.956  -9.836 0.2857142985
76106  -26.817  8.568  -9.542 0.5714285970
77070  -24.734  9.093  -10.933 0.7142857313
134622  -29.974  5.505  -8.705 0.1428571492
74142  -29.289  6.277  -8.550 0.1428571492
77071  -25.649  9.273  -10.605 0.7142857313
77965  -24.721  10.047  -11.692 0.4285714328
75158  -27.459  7.517  -8.564 0.4285714328
70995  -30.212  3.815  -8.771 0.2857142985
71986  -29.322  4.817  -7.554 0.7142857313
75178  -25.215  7.755  -10.127 0.7142857313
126586  -25.566  4.839  -7.409 0.8571428657
74132  -27.383  6.101  -7.821 0.8571428657
125049  -26.208  7.669  -8.829 0.5714285970
133451  -30.244  2.264  -9.413 0.2857142985
70996  -30.318  2.988  -8.534 0.2857142985
75157  -26.742  7.319  -8.470 0.7142857313
74161  -22.912  6.351  -10.103 0.5714285970
75156  -25.864  6.975  -8.456 0.8571428657
123247  -30.100  1.426  -9.911 0.1428571492
71965  -29.150  4.427  -6.888 0.7142857313
68970  -30.381  1.034  -9.141 0.1428571492
131019  -24.111  -2.662  -6.411 0.5714285970
66910  -25.950  -0.569  -5.073 0.8571428657
67959  -25.379  0.183  -5.537 0.8571428657
66909  -24.951  -0.719  -5.624 0.4285714328
67958  -24.697  0.015  -5.947 0.5714285970
70962  -25.815  3.668  -6.558 0.8571428657
69935  -27.982  2.439  -5.339 0.8571428657
71962  -26.295  4.396  -6.738 0.8571428657
67999  -30.283  -0.171  -9.673 0.2857142985
70965  -29.016  3.930  -6.137 0.8571428657
71963  -27.386  4.416  -6.458 0.8571428657
74131  -25.874  6.183  -7.916 0.8571428657
66963  -29.593  -1.570  -10.915 0.4285714328
69970  -29.895  2.870  -6.845 0.7142857313
63987  -23.208  -3.924  -7.272 0.2857142985
65916  -25.566  -1.418  -5.252 0.5714285970
65930  -24.334  -1.943  -6.068 0.5714285970
67939  -26.799  -0.118  -4.701 0.8571428657
68932  -27.283  1.824  -5.222 0.8571428657
69934  -27.025  2.654  -5.450 0.8571428657
69954  -27.698  3.158  -5.585 0.8571428657
70963  -26.710  3.571  -5.895 0.8571428657
131076  -30.857  0.460  -7.476 0.4285714328
69957  -30.048  2.081  -6.354 0.8571428657
133668  -29.417  3.232  -6.078 0.8571428657
66953  -30.775  -1.307  -9.236 0.4285714328
59831  -25.122  -7.584  -4.571 0.7142857313
60775  -25.021  -6.938  -5.316 0.4285714328
59832  -26.291  -6.708  -3.772 0.7142857313
61880  -26.955  -5.112  -3.916 0.8571428657
62957  -25.719  -4.839  -4.896 0.5714285970
62977  -24.464  -4.569  -6.190 0.5714285970
144204  -24.018  -4.672  -6.652 0.4285714328
62959  -27.307  -4.180  -3.911 0.8571428657
63953  -25.828  -3.729  -4.829 0.5714285970
63974  -24.515  -3.494  -5.995 0.5714285970
142375  -28.819  -2.157  -3.651 0.8571428657
64933  -26.369  -2.637  -4.584 0.7142857313
139757  -25.721  -2.783  -4.951 0.5714285970
65931  -31.072  -0.994  -6.301 0.7142857313
66926  -30.660  -0.088  -5.995 0.7142857313
67977  -30.283  0.765  -5.629 0.7142857313
68949  -29.837  1.589  -5.514 0.8571428657
65957  -31.872  -2.665  -9.027 0.2857142985
65945  -31.567  -1.722  -8.387 0.4285714328
66940  -31.239  -0.847  -8.028 0.5714285970
58835  -26.119  -8.683  -2.269 0.4285714328
140127  -25.129  -8.231  -3.886 0.4285714328
61861  -28.189  -5.263  -3.235 0.7142857313
61860  -27.390  -5.660  -3.461 0.7142857313
62932  -28.111  -4.400  -3.519 0.7142857313
63955  -27.477  -3.215  -3.980 0.8571428657
65946  -32.234  -2.491  -8.239 0.2857142985
125757  -31.876  -1.850  -7.608 0.5714285970
65932  -31.711  -1.736  -6.799 0.5714285970
57822  -24.752  -9.637  -2.890 0.5714285970
144457  -26.055  -7.700  -3.065 0.5714285970
139346  -25.776  -7.518  -3.688 0.5714285970
124651  -33.355  -3.622  -5.947 0.4285714328
64968  -32.574  -3.108  -6.792 0.4285714328
64982  -32.987  -3.493  -8.291 0.4285714328
65933  -32.355  -2.591  -7.330 0.4285714328
55651  -24.096  -11.286  -1.273 0.5714285970
60728  -32.516  -7.003  -0.939 0.4285714328
62960  -34.163  -4.310  -4.748 0.4285714328
63960  -34.833  -4.436  -6.246 0.4285714328
63959  -33.748  -3.824  -5.381 0.4285714328
53407  -25.624  -13.836  4.115 0.1428571492
141564  -33.522  -5.457  -2.391 0.4285714328
61862  -34.085  -5.223  -3.098 0.4285714328
62939  -34.619  -5.026  -4.179 0.4285714328
54539  -25.564  -12.655  3.428 0.1428571492
54558  -26.227  -12.052  3.151 0.1428571492
56739  -27.837  -10.319  1.845 0.2857142985
57797  -32.642  -9.343  -0.644 0.2857142985
130039  -35.275  -8.878  -4.288 0.2857142985
59795  -33.952  -7.860  -2.231 0.2857142985
135767  -31.140  -9.032  0.440 0.4285714328
59815  -35.030  -7.818  -3.850 0.2857142985
59785  -32.412  -7.806  -0.650 0.2857142985
60762  -35.512  -7.045  -4.286 0.2857142985
60741  -34.747  -6.763  -3.188 0.4285714328
53418  -26.010  -13.206  3.827 0.1428571492
137167  -26.337  -12.701  3.533 0.1428571492
124609  -25.088  -13.300  3.686 0.1428571492
55577  -27.067  -11.923  3.117 0.2857142985
55591  -27.524  -11.634  2.838 0.2857142985
56753  -30.600  -10.640  1.176 0.2857142985
136043  -32.295  -10.039  -0.312 0.2857142985
57786  -31.509  -9.837  0.387 0.2857142985
57767  -30.063  -9.930  1.258 0.2857142985
57796  -31.903  -9.188  -0.033 0.2857142985
53419  -26.905  -13.188  3.723 0.1428571492
55593  -29.137  -12.128  2.438 0.2857142985
54541  -27.741  -12.292  3.152 0.2857142985
56728  -29.080  -11.207  2.246 0.2857142985
55592  -28.326  -11.650  2.673 0.2857142985
56741  -29.752  -10.762  1.652 0.2857142985
49386  -25.397  -17.561  4.641 0.2857142985
51331  -25.611  -15.134  4.456 0.1428571492
128222  -25.102  -15.857  4.476 0.2857142985
52364  -26.131  -14.454  4.346 0.1428571492
47441  -24.225  -19.221  6.599 0.2857142985
47440  -23.475  -19.554  6.333 0.2857142985
50357  -25.656  -16.747  4.515 0.2857142985
46425  -23.059  -20.059  6.648 0.2857142985
46407  -23.025  -20.478  7.237 0.1428571492
54540  -26.975  -12.488  3.405 0.1428571492
54559  -28.543  -12.557  2.858 0.2857142985
135724  -32.861  -10.198  -1.130 0.2857142985
133456  -30.825  -9.919  0.894 0.2857142985
58839  -33.532  -8.705  -1.815 0.2857142985
59774  -31.102  -7.593  -0.078 0.4285714328
60729  -33.354  -6.914  -1.558 0.4285714328
59796  -34.530  -7.487  -2.874 0.2857142985
60763  -36.372  -7.500  -5.305 0.2857142985
60777  -26.143  -6.197  -4.315 0.7142857313
61863  -35.060  -5.909  -3.733 0.4285714328
143763  -26.138  -3.139  -4.657 0.5714285970
64955  -32.448  -3.149  -5.922 0.4285714328
137531  -32.991  -3.490  -7.477 0.2857142985
64991  -32.494  -3.400  -9.052 0.2857142985
73018  -23.781  5.468  -8.928 0.7142857313
67978  -30.646  0.574  -6.579 0.7142857313
75176  -23.242  7.410  -10.819 0.4285714328
75165  -24.651  7.099  -9.788 0.7142857313
65956  -31.170  -2.535  -9.638 0.2857142985
137365  -27.049  4.898  -6.929 0.8571428657
74149  -25.139  6.788  -9.044 0.8571428657
144044  -30.217  3.659  -8.061 0.5714285970
77988  -23.970  11.003  -13.374 0.2857142985
74150  -28.836  6.942  -8.673 0.4285714328
76107  -27.646  8.507  -9.359 0.4285714328
80699  -20.528  13.500  -15.468 0.1428571492
77968  -27.559  10.905  -11.098 0.2857142985
77074  -28.753  9.616  -10.369 0.1428571492
146347  -24.355  12.360  -14.970 0.2857142985
48386  -24.675  -18.659  6.079 0.1428571492
49372  -25.876  -17.920  5.138 0.1428571492
133313  -25.993  -15.930  4.549 0.1428571492
53408  -26.516  -13.794  4.111 0.1428571492
53420  -27.676  -13.491  3.623 0.1428571492
54542  -28.114  -13.059  3.275 0.1428571492
56725  -26.980  -10.645  2.008 0.2857142985
56727  -28.402  -10.875  2.313 0.2857142985
56767  -32.493  -10.881  -0.788 0.2857142985
57810  -33.208  -9.468  -1.450 0.2857142985
57823  -25.512  -9.220  -2.609 0.5714285970
143440  -30.982  -9.479  0.674 0.2857142985
58881  -24.316  -8.133  -4.538 0.2857142985
60792  -37.341  -6.543  -6.067 0.2857142985
60776  -25.687  -6.844  -4.452 0.7142857313
60760  -26.709  -5.959  -3.861 0.5714285970
133735  -24.168  -6.037  -6.117 0.4285714328
61878  -25.586  -5.947  -4.948 0.5714285970
61864  -35.929  -6.500  -5.097 0.4285714328
63988  -23.666  -3.237  -6.847 0.2857142985
128824  -23.967  -4.002  -6.687 0.5714285970
61881  -35.505  -5.647  -5.121 0.2857142985
62914  -33.112  -4.819  -2.666 0.4285714328
62958  -26.468  -4.459  -4.397 0.7142857313
64966  -23.504  -2.506  -7.033 0.2857142985
62978  -35.915  -4.850  -7.021 0.1428571492
63977  -34.419  -4.063  -6.805 0.4285714328
63990  -35.153  -4.123  -8.085 0.1428571492
68933  -28.185  1.682  -4.969 0.8571428657
63989  -34.000  -3.786  -8.127 0.1428571492
66927  -31.473  -1.172  -7.354 0.5714285970
67988  -30.917  -0.172  -8.253 0.5714285970
69971  -30.395  2.112  -7.445 0.7142857313
71983  -26.419  5.172  -7.238 0.8571428657
66971  -27.760  -2.355  -11.991 0.2857142985
68007  -28.710  -0.858  -11.498 0.1428571492
78903  -19.194  11.364  -13.924 0.2857142985
69980  -30.414  2.041  -8.603 0.4285714328
73005  -28.593  6.075  -8.089 0.5714285970
71007  -30.171  2.788  -9.679 0.1428571492
72007  -29.919  4.809  -8.209 0.1428571492
132794  -30.256  5.237  -9.741 0.1428571492
80692  -19.853  12.675  -15.130 0.1428571492
72025  -30.212  4.527  -9.260 0.1428571492
74151  -29.547  6.964  -9.041 0.1428571492
77967  -26.734  10.757  -11.107 0.2857142985
77073  -27.717  9.633  -10.291 0.2857142985
76108  -28.624  8.217  -9.317 0.2857142985
75179  -30.172  7.773  -10.193 0.1428571492
75192  -30.370  7.498  -10.954 0.1428571492
75180  -30.289  8.123  -10.876 0.1428571492
78888  -27.924  11.359  -11.718 0.2857142985
77979  -28.879  11.158  -11.932 0.2857142985
77980  -29.709  10.743  -12.292 0.1428571492
77098  -30.044  10.019  -12.013 0.1428571492
52365  -27.096  -14.495  4.265 0.1428571492
58848  -34.132  -9.001  -2.853 0.2857142985
64017  -32.870  -4.190  -10.016 0.2857142985
76138  -30.431  8.625  -12.158 0.1428571492
78899  -29.218  11.361  -12.714 0.2857142985
47457  -22.489  -19.478  5.156 0.2857142985
47458  -23.898  -19.039  5.825 0.2857142985
48406  -25.097  -18.286  5.440 0.1428571492
55609  -26.142  -10.901  1.959 0.4285714328
55590  -26.759  -11.362  2.595 0.2857142985
125018  -27.074  -10.147  1.516 0.2857142985
58814  -30.545  -8.303  0.352 0.4285714328
59814  -26.386  -7.210  -3.121 0.5714285970
58847  -26.397  -7.808  -2.558 0.4285714328
60761  -26.981  -6.479  -3.199 0.7142857313
63934  -27.955  -3.652  -3.662 0.7142857313
66893  -26.728  -0.959  -4.610 0.8571428657
64935  -28.152  -2.023  -3.811 0.8571428657
65894  -27.991  -1.320  -4.039 0.8571428657
68934  -29.171  1.451  -4.944 0.8571428657
68931  -26.403  1.956  -5.480 0.8571428657
125801  -23.770  7.341  -10.259 0.5714285970
76117  -25.516  8.496  -10.311 0.7142857313
77976  -23.573  10.056  -12.788 0.2857142985
77977  -24.821  10.524  -12.183 0.2857142985
78906  -22.752  10.974  -13.944 0.2857142985
64967  -31.964  -2.450  -6.363 0.4285714328
52363  -25.345  -14.464  4.292 0.1428571492
55637  -24.154  -11.398  -0.387 0.5714285970
57766  -29.297  -9.980  1.485 0.2857142985
61841  -34.261  -5.979  -2.648 0.4285714328
65892  -25.955  -2.020  -4.863 0.5714285970
73003  -26.565  5.830  -7.653 0.8571428657
80710  -20.749  13.610  -17.144 0.1428571492
79858  -20.518  11.697  -16.836 0.2857142985
79859  -23.154  12.159  -16.496 0.2857142985
79857  -19.193  12.238  -16.339 0.1428571492
78924  -19.405  11.531  -16.283 0.1428571492
78897  -27.320  11.709  -12.349 0.2857142985
79839  -25.185  12.109  -14.101 0.2857142985
78894  -24.904  10.993  -12.844 0.2857142985
78896  -26.457  11.538  -12.407 0.2857142985
125902  -26.152  10.789  -11.450 0.2857142985
78919  -24.327  12.006  -14.402 0.2857142985
77957  -27.137  10.290  -10.688 0.2857142985
77969  -28.540  10.802  -11.254 0.1428571492
77087  -29.835  9.765  -11.314 0.1428571492
124047  -29.289  9.043  -10.148 0.1428571492
77088  -30.235  9.342  -11.841 0.1428571492
75170  -29.547  7.676  -9.436 0.1428571492
76118  -26.313  8.821  -10.084 0.5714285970
76119  -27.235  9.035  -9.894 0.4285714328
77085  -26.093  10.225  -10.891 0.5714285970
73056  -30.286  5.939  -10.350 0.1428571492
76120  -29.941  8.614  -10.447 0.2857142985
75167  -26.947  8.054  -8.898 0.5714285970
75166  -25.541  7.429  -9.278 0.7142857313
73006  -29.136  5.472  -7.987 0.4285714328
74141  -28.407  6.626  -8.329 0.5714285970
132129  -29.803  4.194  -7.591 0.5714285970
71985  -28.682  5.003  -7.243 0.7142857313
73004  -28.166  5.698  -7.566 0.7142857313
74139  -26.647  6.550  -8.065 0.7142857313
70985  -30.331  2.718  -7.761 0.5714285970
146212  -30.602  1.469  -8.128 0.4285714328
71964  -28.417  4.470  -6.593 0.8571428657
64953  -24.759  -2.533  -5.654 0.5714285970
65915  -24.841  -1.653  -5.613 0.5714285970
127495  -24.306  -0.468  -6.329 0.4285714328
65929  -23.810  -1.703  -6.700 0.4285714328
69936  -28.841  2.194  -5.283 0.8571428657
146165  -29.686  2.694  -6.180 0.8571428657
68950  -30.580  1.260  -7.176 0.4285714328
70966  -29.534  3.734  -6.783 0.8571428657
141969  -30.315  1.273  -6.189 0.7142857313
61879  -26.288  -5.436  -4.410 0.7142857313
129478  -25.153  -5.243  -5.502 0.4285714328
139385  -24.833  -4.858  -5.778 0.5714285970
63975  -25.191  -3.240  -5.358 0.5714285970
126918  -24.597  -5.366  -5.987 0.4285714328
146163  -23.356  -5.406  -6.760 0.2857142985
63954  -26.663  -3.430  -4.372 0.7142857313
133220  -27.055  -2.618  -4.282 0.8571428657
66939  -31.146  -0.244  -7.139 0.7142857313
58846  -25.733  -8.312  -3.052 0.5714285970
57838  -25.045  -8.934  -3.345 0.5714285970
63976  -33.588  -3.699  -7.030 0.4285714328
59786  -33.186  -7.803  -1.273 0.2857142985
60740  -34.107  -6.804  -2.314 0.4285714328
62938  -33.606  -4.482  -3.584 0.4285714328
62961  -35.182  -4.950  -5.615 0.4285714328
56726  -27.655  -11.025  2.459 0.2857142985
56740  -28.833  -10.414  1.872 0.2857142985
58838  -32.966  -8.604  -0.930 0.2857142985
58826  -32.197  -8.523  -0.379 0.2857142985
135771  -34.564  -8.419  -3.385 0.2857142985
58825  -31.435  -8.388  0.052 0.2857142985
56754  -31.282  -10.595  0.656 0.2857142985
136395  -27.495  -12.905  3.447 0.1428571492
132851  -29.771  -11.818  1.869 0.2857142985
128317  -24.490  -19.399  7.241 0.1428571492
47416  -23.767  -19.801  7.143 0.1428571492
47442  -24.936  -18.879  6.870 0.1428571492
73036  -22.944  5.368  -9.365 0.5714285970
71005  -22.805  4.061  -8.893 0.4285714328
72023  -22.229  4.389  -9.575 0.4285714328
72024  -22.712  4.725  -9.231 0.5714285970
70993  -22.665  3.163  -8.766 0.4285714328
130051  -23.328  4.756  -8.858 0.5714285970
68958  -23.859  1.695  -7.944 0.4285714328
69968  -23.913  2.470  -7.916 0.4285714328
69978  -22.679  2.224  -8.588 0.4285714328
127668  -23.391  2.817  -8.322 0.5714285970
71982  -24.325  4.195  -7.987 0.5714285970
72005  -23.666  4.113  -8.462 0.5714285970
67975  -24.272  0.281  -6.572 0.5714285970
57840  -37.114  -9.262  -4.668 0.1428571492
59816  -35.813  -8.275  -4.869 0.1428571492
59834  -37.270  -8.181  -5.381 0.1428571492
130123  -36.414  -9.603  -2.867 0.1428571492
57839  -36.403  -9.635  -4.086 0.1428571492
59797  -36.316  -7.737  -2.347 0.1428571492
58851  -37.344  -8.854  -4.132 0.1428571492
59777  -35.575  -7.608  -1.330 0.1428571492
52403  -22.837  -14.232  2.054 0.2857142985
56784  -33.216  -10.351  -2.155 0.1428571492
56805  -34.824  -10.722  -3.664 0.1428571492
57811  -33.625  -9.647  -2.496 0.1428571492
56806  -35.612  -10.444  -3.682 0.1428571492
58828  -35.431  -8.510  -1.149 0.1428571492
57826  -36.235  -10.145  -3.454 0.1428571492
139648  -34.509  -6.333  1.556 0.1428571492
58827  -34.785  -7.908  0.118 0.1428571492
60690  -34.608  -6.352  0.887 0.1428571492
141886  -22.520  -14.870  2.357 0.2857142985
54595  -30.878  -12.226  0.668 0.1428571492
55638  -32.002  -11.555  -0.461 0.1428571492
55624  -31.077  -11.339  0.787 0.1428571492
56783  -32.780  -11.030  -1.886 0.1428571492
55660  -34.770  -11.658  -3.020 0.1428571492
55652  -32.816  -11.852  -2.438 0.1428571492
56785  -35.585  -10.882  -2.094 0.1428571492
55665  -34.455  -11.176  -3.407 0.1428571492
136903  -35.225  -9.276  -0.785 0.1428571492
58815  -34.505  -9.103  1.009 0.1428571492
59723  -34.466  -7.509  2.008 0.1428571492
59762  -34.697  -7.165  0.555 0.1428571492
51357  -22.805  -15.179  2.906 0.2857142985
51356  -22.243  -15.520  2.597 0.2857142985
50380  -22.069  -16.184  2.905 0.2857142985
54578  -29.627  -12.891  1.922 0.1428571492
55625  -31.456  -11.892  0.157 0.1428571492
54606  -32.023  -12.187  -1.195 0.1428571492
54624  -34.385  -12.296  -2.738 0.1428571492
56769  -35.326  -10.909  -0.982 0.1428571492
57798  -34.968  -10.076  -0.397 0.1428571492
60654  -34.426  -6.392  2.719 0.1428571492
60669  -34.462  -6.729  2.057 0.1428571492
54560  -29.091  -12.916  2.498 0.1428571492
54579  -30.275  -12.527  1.280 0.1428571492
53480  -31.174  -13.654  -0.622 0.1428571492
53468  -30.627  -13.325  0.478 0.1428571492
53496  -33.325  -13.228  -2.591 0.1428571492
53469  -31.330  -12.743  -0.125 0.1428571492
53497  -34.052  -13.035  -2.535 0.1428571492
143079  -32.613  -12.993  -2.434 0.1428571492
55653  -35.150  -12.259  -1.572 0.1428571492
133371  -34.451  -8.868  1.863 0.1428571492
56768  -34.782  -10.896  0.002 0.1428571492
58784  -34.430  -7.934  2.644 0.1428571492
58799  -34.456  -8.198  2.077 0.1428571492
53435  -29.288  -13.656  2.350 0.1428571492
53479  -30.410  -14.409  -0.158 0.1428571492
53452  -30.007  -14.156  0.794 0.1428571492
132009  -30.032  -13.380  1.240 0.1428571492
53490  -34.363  -13.475  -1.724 0.1428571492
52444  -33.004  -14.122  -2.457 0.1428571492
54607  -34.875  -12.792  -1.036 0.1428571492
55626  -34.624  -11.807  0.593 0.1428571492
54616  -34.740  -12.714  -2.094 0.1428571492
57768  -34.463  -9.743  1.660 0.1428571492
55640  -34.995  -11.821  -0.526 0.1428571492
52415  -29.953  -15.095  0.238 0.1428571492
52405  -29.854  -14.521  1.291 0.1428571492
51395  -30.980  -15.279  -1.599 0.1428571492
52425  -30.096  -15.304  -0.787 0.1428571492
53489  -33.639  -13.749  -2.301 0.1428571492
52437  -32.482  -14.754  -2.360 0.1428571492
56755  -34.557  -11.063  0.836 0.1428571492
123907  -34.482  -13.425  -0.491 0.1428571492
52426  -30.964  -14.547  -1.188 0.1428571492
132323  -32.263  -13.308  -2.108 0.1428571492
54622  -32.983  -12.654  -2.689 0.1428571492
56766  -31.952  -10.699  0.039 0.1428571492
59707  -34.430  -7.181  2.658 0.1428571492
61753  -34.411  -5.459  2.931 0.1428571492
134278  -34.523  -8.036  1.208 0.1428571492
137286  -35.715  -9.347  -1.774 0.1428571492
144722  -34.638  -8.577  0.434 0.1428571492
58849  -34.633  -9.429  -3.868 0.1428571492
51344  -22.748  -15.823  3.144 0.2857142985
127699  -34.493  -10.575  1.487 0.1428571492
57755  -34.433  -9.472  2.475 0.1428571492
138421  -34.415  -6.852  3.262 0.1428571492
143962  -34.491  -4.730  3.412 0.1428571492
141454  -23.670  0.958  -7.895 0.4285714328
132027  -34.423  -5.082  2.140 0.1428571492
126914  -34.535  -7.015  1.395 0.1428571492
61764  -34.453  -5.947  2.100 0.1428571492
59776  -35.051  -7.271  -0.376 0.1428571492
61781  -34.501  -5.598  1.362 0.1428571492
59818  -37.597  -7.805  -4.873 0.1428571492
60778  -37.133  -7.484  -5.638 0.1428571492
74147  -22.372  5.604  -10.046 0.4285714328
140899  -23.262  6.931  -10.357 0.4285714328
77989  -30.082  11.027  -13.043 0.1428571492
74148  -23.417  6.045  -9.474 0.4285714328
78911  -28.636  11.873  -13.251 0.1428571492
58868  -36.389  -9.152  -4.817 0.1428571492
55610  -30.447  -11.546  1.305 0.1428571492
53434  -28.758  -13.342  2.907 0.1428571492
61896  -36.975  -5.849  -6.623 0.1428571492
62962  -36.165  -5.455  -6.489 0.1428571492
57824  -34.108  -9.951  -3.528 0.1428571492
58867  -35.526  -9.678  -4.167 0.1428571492
58882  -37.122  -8.889  -5.160 0.1428571492
57827  -36.801  -9.487  -3.863 0.1428571492
58850  -36.699  -8.736  -3.128 0.1428571492
58840  -36.017  -8.583  -2.111 0.1428571492
57812  -35.942  -10.263  -2.520 0.1428571492
57825  -34.742  -10.168  -3.870 0.1428571492
59798  -36.999  -7.892  -3.334 0.1428571492
60730  -35.917  -6.820  -1.739 0.1428571492
56795  -33.331  -11.191  -2.647 0.1428571492
56796  -33.746  -10.539  -3.017 0.1428571492
55666  -35.214  -11.106  -3.340 0.1428571492
142272  -35.168  -7.936  -0.621 0.1428571492
127977  -34.703  -9.276  0.116 0.1428571492
56798  -35.755  -10.829  -3.107 0.1428571492
127916  -31.590  -11.214  0.311 0.1428571492
55639  -32.390  -11.674  -1.529 0.1428571492
55658  -33.496  -11.925  -2.877 0.1428571492
55661  -35.354  -11.421  -2.687 0.1428571492
57799  -35.474  -10.076  -1.380 0.1428571492
55654  -35.360  -11.608  -1.724 0.1428571492
54615  -32.371  -12.524  -2.055 0.1428571492
54614  -31.772  -12.933  -1.232 0.1428571492
54617  -35.072  -12.069  -2.374 0.1428571492
54623  -33.697  -12.475  -2.796 0.1428571492
57787  -34.571  -10.104  0.676 0.1428571492
52404  -29.685  -13.832  1.594 0.1428571492
53495  -32.805  -13.410  -2.522 0.1428571492
53488  -32.350  -14.048  -2.310 0.1428571492
53487  -31.660  -13.868  -1.714 0.1428571492
138541  -34.529  -11.558  1.388 0.1428571492
52436  -31.707  -14.637  -2.021 0.1428571492
46406  -21.329  -21.152  6.632 0.1428571492
46423  -21.429  -20.653  6.085 0.1428571492
47438  -21.916  -20.121  5.725 0.1428571492
47439  -22.711  -19.834  6.029 0.1428571492
47468  -22.060  -19.229  4.533 0.1428571492
49383  -22.405  -18.466  4.149 0.1428571492
49382  -21.612  -17.987  3.988 0.1428571492
49397  -22.358  -17.521  3.668 0.1428571492
50369  -22.636  -16.676  3.306 0.1428571492
48417  -21.663  -18.699  4.313 0.1428571492
49396  -21.530  -17.336  3.624 0.1428571492
50368  -21.842  -16.824  3.274 0.1428571492
50378  -20.849  -15.977  3.015 0.1428571492
51354  -20.665  -15.308  2.672 0.1428571492
133557  -21.883  -15.046  2.118 0.1428571492
52401  -21.519  -14.404  1.651 0.2857142985
52402  -22.246  -14.562  1.815 0.1428571492
134008  -22.322  -13.974  1.314 0.1428571492
53450  -21.357  -13.829  1.153 0.2857142985
54594  -23.226  -12.643  0.368 0.2857142985
56780  -23.964  -11.098  -2.096 0.4285714328
57808  -25.155  -9.938  -2.207 0.4285714328
127593  -23.758  -0.230  -6.949 0.2857142985
143900  -22.680  0.210  -8.133 0.2857142985
67974  -23.849  0.575  -7.351 0.2857142985
69997  -20.968  2.790  -10.421 0.2857142985
72022  -21.608  4.070  -10.064 0.2857142985
73035  -21.856  4.878  -10.143 0.4285714328
144859  -20.954  -14.035  1.490 0.1428571492
53467  -22.770  -13.298  0.805 0.1428571492
52386  -21.111  -14.865  2.233 0.1428571492
53465  -20.978  -13.353  0.647 0.2857142985
53466  -21.947  -13.476  0.603 0.2857142985
54593  -22.475  -12.924  0.085 0.2857142985
55636  -23.516  -11.815  -0.836 0.4285714328
55650  -23.366  -11.565  -1.598 0.4285714328
55657  -23.069  -11.216  -2.323 0.2857142985
65944  -23.274  -1.801  -7.385 0.2857142985
66937  -22.940  -1.083  -7.689 0.2857142985
67987  -23.255  -0.011  -7.687 0.2857142985
125466  -21.638  -0.232  -8.823 0.2857142985
67998  -22.881  0.753  -8.153 0.2857142985
68969  -23.259  1.520  -8.189 0.2857142985
69987  -21.548  2.042  -10.131 0.2857142985
68989  -20.299  1.584  -10.378 0.2857142985
71003  -21.550  3.127  -10.042 0.2857142985
66938  -23.461  -0.951  -7.209 0.2857142985
66952  -22.413  -0.410  -8.163 0.2857142985
65942  -21.989  -2.095  -8.035 0.2857142985
142251  -21.166  -0.172  -9.499 0.2857142985
146245  -21.266  0.652  -10.163 0.2857142985
68968  -22.449  1.293  -8.617 0.2857142985
68967  -21.863  0.988  -9.223 0.2857142985
68979  -20.616  0.775  -10.205 0.2857142985
69988  -22.016  2.651  -9.400 0.2857142985
66951  -21.134  -0.878  -8.877 0.2857142985
66961  -20.675  -0.269  -9.316 0.2857142985
67996  -21.482  0.355  -9.707 0.2857142985
56781  -24.698  -10.576  -1.657 0.4285714328
55622  -23.667  -11.962  0.004 0.4285714328
68981  -21.957  1.727  -9.304 0.2857142985
51355  -21.490  -15.622  2.619 0.1428571492
50379  -21.443  -16.295  3.023 0.1428571492
47456  -21.623  -19.713  5.131 0.1428571492
50367  -20.984  -16.747  3.413 0.1428571492
142822  -20.921  2.014  -10.430 0.2857142985
55635  -22.818  -12.067  -1.145 0.4285714328
68006  -19.900  0.336  -9.601 0.2857142985
57821  -23.951  -9.907  -3.151 0.2857142985
58866  -24.554  -8.683  -3.933 0.2857142985
80707  -27.088  12.815  -16.962 0.1428571492
79863  -28.202  12.424  -15.989 0.1428571492
131179  -27.094  12.701  -15.735 0.1428571492
79842  -27.360  12.365  -13.683 0.1428571492
79843  -28.105  12.345  -13.892 0.1428571492
80716  -27.272  13.007  -18.170 0.1428571492
79850  -26.595  12.648  -15.034 0.1428571492
122072  -24.491  12.556  -15.787 0.1428571492
81603  -24.414  14.346  -18.798 0.1428571492
57837  -24.304  -9.252  -3.586 0.2857142985
58865  -23.844  -8.734  -4.175 0.2857142985
79844  -28.900  12.157  -14.111 0.1428571492
78910  -27.743  12.072  -13.042 0.1428571492
79851  -27.498  12.594  -14.764 0.1428571492
78909  -26.714  12.045  -13.065 0.1428571492
80705  -25.431  12.976  -17.066 0.1428571492
80728  -24.933  14.016  -19.028 0.1428571492
79860  -24.180  12.775  -17.004 0.1428571492
79868  -22.991  12.734  -17.267 0.1428571492
80711  -22.261  13.647  -17.559 0.1428571492
79840  -25.861  12.442  -14.487 0.1428571492
56794  -24.399  -10.370  -2.474 0.2857142985
80715  -27.129  13.243  -18.466 0.1428571492
144224  -27.918  12.570  -15.342 0.1428571492
79849  -25.796  12.787  -15.671 0.1428571492
79861  -26.619  12.811  -16.043 0.1428571492
79852  -28.289  12.470  -14.775 0.1428571492
136990  -20.085  -1.710  -8.314 0.1428571492
65954  -21.537  -1.533  -8.340 0.1428571492
68005  -18.711  0.786  -9.466 0.1428571492
129053  -16.664  1.300  -7.933 0.1428571492
68965  -17.080  1.989  -8.994 0.1428571492
65943  -22.714  -1.943  -7.797 0.1428571492
68978  -19.531  1.139  -10.050 0.1428571492
69986  -16.609  2.821  -9.425 0.1428571492
69995  -17.812  3.394  -10.327 0.1428571492
71014  -18.454  3.866  -10.553 0.2857142985
60791  -24.385  -6.577  -5.695 0.2857142985
60789  -22.493  -6.601  -5.870 0.1428571492
63998  -21.035  -3.961  -7.778 0.1428571492
64000  -22.689  -3.359  -7.647 0.1428571492
64990  -21.262  -2.280  -8.220 0.1428571492
66964  -30.375  -2.219  -10.529 0.1428571492
66950  -20.154  -0.924  -8.594 0.1428571492
68988  -19.244  1.981  -10.332 0.1428571492
71016  -20.353  3.362  -10.602 0.1428571492
71015  -19.525  3.557  -10.633 0.1428571492
72037  -18.857  4.461  -10.731 0.2857142985
73054  -20.677  5.613  -11.051 0.2857142985
76127  -18.896  8.243  -12.866 0.2857142985
76114  -18.180  8.504  -11.713 0.2857142985
79836  -19.149  11.843  -13.926 0.1428571492
79808  -18.810  12.858  -9.088 0.1428571492
146546  -19.099  5.017  -10.905 0.2857142985
74159  -21.054  6.229  -11.345 0.2857142985
75190  -22.775  7.123  -11.803 0.2857142985
74175  -20.969  6.837  -11.869 0.2857142985
74173  -18.340  7.122  -11.695 0.2857142985
75188  -20.186  7.452  -12.543 0.2857142985
75187  -18.715  7.558  -12.252 0.2857142985
76128  -20.040  8.266  -13.073 0.2857142985
77092  -19.033  10.514  -12.835 0.1428571492
77067  -17.785  9.466  -10.962 0.2857142985
75173  -17.560  8.008  -11.348 0.1428571492
74157  -17.274  7.417  -11.093 0.1428571492
144890  -17.483  4.159  -10.518 0.2857142985
77081  -18.625  10.381  -12.085 0.1428571492
77068  -18.386  10.298  -11.090 0.2857142985
77956  -18.906  11.187  -11.247 0.1428571492
77954  -18.683  11.323  -9.900 0.1428571492
69985  -16.129  3.179  -9.324 0.2857142985
77063  -18.179  9.232  -9.952 0.1428571492
77953  -17.595  11.277  -8.978 0.1428571492
71946  -14.992  3.567  -6.211 0.1428571492
65963  -28.823  -2.934  -11.715 0.1428571492
64009  -33.899  -4.155  -9.829 0.1428571492
63002  -22.308  -4.217  -7.565 0.1428571492
64978  -20.019  -2.936  -7.686 0.1428571492
65972  -29.665  -2.963  -11.789 0.1428571492
64977  -19.135  -2.765  -7.568 0.1428571492
66936  -17.708  -0.777  -7.676 0.1428571492
66935  -17.178  -0.189  -7.488 0.1428571492
66948  -18.188  -0.356  -8.398 0.1428571492
67994  -17.283  1.102  -8.471 0.1428571492
68977  -18.451  1.579  -9.874 0.1428571492
69976  -16.056  2.877  -8.863 0.1428571492
69996  -20.064  2.564  -10.549 0.1428571492
71013  -16.668  4.003  -10.297 0.2857142985
72038  -19.860  5.264  -11.035 0.1428571492
73053  -18.543  5.720  -11.262 0.1428571492
74158  -19.502  6.165  -11.507 0.2857142985
74174  -19.838  6.818  -11.863 0.1428571492
139950  -17.963  10.703  -9.407 0.1428571492
77064  -18.406  10.238  -10.033 0.1428571492
77963  -19.019  11.152  -12.047 0.1428571492
79807  -18.193  13.092  -9.092 0.1428571492
79814  -18.745  12.427  -9.545 0.1428571492
64016  -31.919  -3.818  -10.648 0.1428571492
65964  -30.691  -3.106  -10.844 0.1428571492
146388  -31.185  -3.304  -11.324 0.1428571492
75189  -21.636  7.243  -12.215 0.2857142985
76129  -21.216  7.872  -12.943 0.2857142985
78884  -19.314  11.552  -11.425 0.1428571492
78877  -19.082  11.756  -10.266 0.1428571492
79821  -20.917  12.371  -12.261 0.1428571492
137172  -22.742  -4.707  -7.253 0.1428571492
61908  -22.690  -5.430  -6.891 0.1428571492
75175  -22.725  6.793  -10.842 0.2857142985
64981  -23.028  -2.579  -7.593 0.1428571492
64010  -34.266  -3.566  -9.105 0.1428571492
74160  -22.185  6.160  -10.805 0.2857142985
131087  -21.000  4.753  -10.652 0.1428571492
64989  -20.469  -2.335  -8.133 0.1428571492
66949  -19.088  -0.691  -8.559 0.1428571492
131373  -17.957  0.442  -8.859 0.1428571492
65940  -18.137  -1.588  -7.472 0.1428571492
65941  -18.803  -1.984  -7.793 0.1428571492
68966  -17.742  1.265  -9.293 0.1428571492
68976  -17.478  2.174  -9.629 0.1428571492
64980  -22.364  -2.734  -7.894 0.1428571492
69994  -16.985  3.076  -9.988 0.1428571492
68987  -18.155  2.468  -10.147 0.1428571492
131614  -18.924  2.925  -10.462 0.1428571492
63999  -21.777  -3.575  -7.879 0.1428571492
135695  -20.031  4.282  -10.799 0.2857142985
73055  -21.586  5.507  -10.736 0.2857142985
76113  -17.517  8.665  -10.850 0.1428571492
125542  -18.417  9.342  -12.007 0.2857142985
78870  -19.954  11.704  -9.593 0.1428571492
75174  -21.976  6.682  -11.488 0.2857142985
79831  -21.594  12.592  -12.762 0.1428571492
136332  -17.971  5.263  -11.008 0.1428571492
78876  -18.413  12.608  -9.296 0.1428571492
53464  -20.041  -13.124  0.822 0.1428571492
54592  -21.522  -12.919  0.066 0.1428571492
54590  -19.608  -12.529  0.384 0.1428571492
54601  -20.094  -12.265  -0.326 0.1428571492
55633  -19.761  -11.621  -0.808 0.1428571492
54602  -21.042  -12.462  -0.490 0.1428571492
55647  -20.314  -11.367  -1.423 0.1428571492
55634  -20.597  -11.932  -0.965 0.1428571492
54603  -22.108  -12.495  -0.673 0.1428571492
56779  -20.995  -11.148  -2.050 0.1428571492
55648  -21.698  -11.662  -1.717 0.1428571492
55656  -22.035  -11.162  -2.457 0.1428571492
55649  -22.542  -11.659  -1.776 0.1428571492
56778  -20.125  -10.718  -1.836 0.1428571492
56791  -20.612  -10.375  -2.436 0.1428571492
56792  -22.677  -10.670  -2.969 0.1428571492
56803  -22.421  -10.092  -3.405 0.1428571492
58880  -23.321  -8.157  -4.674 0.1428571492
136172  -23.620  -7.652  -5.041 0.1428571492
131387  -16.672  4.848  -10.616 0.1428571492
54604  -23.024  -12.430  -0.443 0.1428571492
53449  -20.461  -13.689  1.321 0.1428571492
54575  -19.162  -12.748  1.140 0.1428571492
59830  -24.461  -7.521  -5.033 0.1428571492
56793  -23.555  -10.602  -2.754 0.1428571492
56804  -23.118  -10.029  -3.334 0.1428571492
54591  -20.540  -12.778  0.186 0.1428571492
54600  -19.236  -11.857  -0.073 0.1428571492
133871  -21.001  -11.662  -1.470 0.1428571492
54612  -21.441  -12.089  -1.132 0.1428571492
56790  -19.933  -10.143  -2.164 0.1428571492
54613  -22.147  -12.054  -1.319 0.1428571492
134558  -21.344  -10.652  -2.663 0.1428571492
56776  -18.838  -10.462  -1.067 0.1428571492
53448  -19.561  -13.343  1.521 0.1428571492
49384  -23.572  -17.952  4.016 0.2857142985
54605  -31.707  -12.257  -0.567 0.1428571492
55659  -34.062  -11.801  -3.120 0.1428571492
56797  -34.247  -10.621  -3.577 0.1428571492
57785  -30.391  -9.209  0.806 0.2857142985
58869  -37.450  -8.571  -4.929 0.1428571492
58879  -22.544  -8.118  -4.704 0.1428571492
59760  -28.948  -7.815  0.117 0.7142857313
59775  -31.751  -7.872  -0.281 0.4285714328
59817  -37.559  -7.981  -4.255 0.1428571492
59833  -36.801  -8.432  -5.332 0.1428571492
59835  -37.460  -7.854  -5.259 0.1428571492
59847  -37.351  -7.291  -5.586 0.1428571492
60645  -34.447  -6.111  3.564 0.1428571492
60726  -30.409  -6.042  -0.935 0.5714285970
60790  -23.568  -6.609  -5.831 0.1428571492
61745  -34.527  -5.220  3.909 0.1428571492
61835  -27.739  -6.038  -2.970 0.7142857313
61882  -36.347  -6.060  -5.977 0.4285714328
61894  -23.250  -5.974  -6.421 0.4285714328
61895  -24.858  -6.083  -5.662 0.5714285970
62933  -28.792  -4.465  -3.148 0.8571428657
62936  -31.004  -4.013  -2.982 0.7142857313
62990  -23.456  -4.791  -6.944 0.4285714328
62991  -23.969  -5.301  -6.543 0.4285714328
63956  -30.635  -2.758  -4.045 0.8571428657
64001  -23.243  -3.113  -7.331 0.2857142985
64002  -33.963  -3.733  -8.864 0.1428571492
64008  -33.299  -3.784  -9.216 0.2857142985
64911  -28.254  -2.831  -3.648 0.8571428657
64934  -27.661  -2.537  -3.963 0.8571428657
64979  -20.961  -3.114  -7.942 0.1428571492
64988  -19.596  -2.244  -8.004 0.1428571492
64998  -31.769  -3.489  -9.911 0.1428571492
65893  -26.698  -1.842  -4.510 0.5714285970
65917  -26.148  -1.355  -4.839 0.5714285970
65951  -18.476  -1.163  -8.050 0.1428571492
65952  -19.320  -1.467  -8.255 0.1428571492
65953  -20.812  -1.628  -8.466 0.1428571492
65955  -22.243  -1.318  -8.029 0.2857142985
65971  -28.433  -3.115  -12.081 0.1428571492
66911  -30.065  -0.640  -4.579 0.8571428657
66924  -23.895  -0.905  -6.671 0.4285714328
66925  -24.322  -1.223  -6.144 0.4285714328
66960  -19.764  -0.254  -8.907 0.2857142985
66962  -20.973  0.146  -9.999 0.2857142985
67962  -28.366  0.908  -4.641 1.0000000000
67976  -24.825  0.732  -6.050 0.5714285970
67995  -18.890  0.050  -8.982 0.2857142985
67997  -22.169  0.438  -8.630 0.2857142985
68945  -24.055  1.311  -7.528 0.4285714328
68959  -30.696  0.696  -8.285 0.4285714328
68980  -21.643  1.083  -10.039 0.2857142985
68990  -21.170  1.294  -10.326 0.2857142985
69955  -28.744  3.124  -5.636 0.8571428657
69956  -29.447  2.453  -5.698 0.8571428657
69969  -25.101  3.277  -6.912 0.8571428657
69979  -23.512  2.135  -8.174 0.2857142985
70964  -28.026  3.862  -5.934 0.8571428657
70982  -24.655  3.686  -7.480 0.8571428657
70984  -30.078  3.393  -7.558 0.5714285970
70994  -23.326  3.516  -8.485 0.4285714328
71002  -16.041  3.758  -9.822 0.2857142985
71004  -22.124  3.584  -9.480 0.2857142985
71017  -20.958  3.709  -10.465 0.1428571492
71977  -15.366  3.110  -6.933 0.1428571492
71984  -27.875  5.023  -7.005 0.7142857313
73019  -24.582  5.567  -8.440 1.0000000000
74133  -28.036  6.290  -7.979 0.5714285970
74140  -27.552  6.820  -8.237 0.5714285970
75159  -28.158  7.268  -8.546 0.5714285970
75169  -28.775  7.530  -8.934 0.2857142985
76105  -26.071  8.163  -9.531 0.5714285970
76109  -29.431  8.430  -9.801 0.2857142985
76131  -30.208  8.831  -11.256 0.1428571492
77084  -25.176  9.729  -11.229 0.7142857313
77086  -29.117  10.173  -10.854 0.1428571492
77970  -29.391  10.495  -11.559 0.1428571492
79791  -19.148  12.691  -8.774 0.1428571492
79801  -18.343  12.983  -9.095 0.1428571492
79829  -19.688  11.809  -13.315 0.1428571492
79841  -26.655  12.430  -14.040 0.1428571492
79853  -28.933  12.237  -15.064 0.1428571492
79862  -27.683  12.632  -16.320 0.1428571492
121860  -27.471  -1.961  -4.164 0.8571428657
124114  -24.334  1.036  -6.766 0.2857142985
126874  -36.806  -6.709  -5.924 0.2857142985
127290  -25.098  -4.268  -5.484 0.5714285970
127347  -29.888  0.974  -4.990 0.7142857313
127420  -25.008  12.464  -14.810 0.2857142985
128583  -25.919  5.557  -7.547 0.8571428657
130872  -25.375  -2.168  -5.289 0.5714285970
131526  -27.254  5.462  -7.361 0.8571428657
132379  -32.099  -3.421  -4.366 0.8571428657
132570  -30.417  -1.244  -4.820 0.8571428657
133372  -34.429  -8.667  2.592 0.1428571492
133727  -21.781  -0.875  -8.417 0.2857142985
136217  -33.916  -11.277  -3.238 0.1428571492
137634  -21.699  -2.785  -8.058 0.1428571492
138445  -27.621  -4.962  -3.627 0.7142857313
140076  -22.382  5.004  -9.631 0.5714285970
141997  -32.798  -4.071  -10.612 0.2857142985
142037  -34.934  -8.558  -0.332 0.1428571492
143371  -17.683  4.731  -10.737 0.2857142985
144065  -23.547  11.765  -14.593 0.2857142985
144089  -29.339  1.931  -5.321 0.8571428657
144377  -25.266  -2.677  -5.315 0.5714285970
144535  -25.136  8.780  -10.658 0.8571428657
144963  -22.892  5.885  -9.705 0.4285714328
145541  -24.091  -3.328  -6.496 0.2857142985
145748  -26.911  0.596  -4.831 1.0000000000
147131  -27.213  -7.000  -2.298 0.5714285970
147256  -34.698  -11.395  0.251 0.1428571492
