#!ascii label  , from subject sub-v2s12x28863_ses-1 vox2ras=TkReg
1063
111332  -45.510  24.825  66.178 0.0000000000
97068  -37.970  44.048  56.404 0.0000000000
91252  -36.460  33.530  64.642 0.0000000000
91320  -43.663  33.016  58.961 0.0000000000
95411  -42.654  40.714  51.706 0.0000000000
124606  -38.566  38.219  57.151 0.0000000000
92038  -41.165  33.254  52.198 0.0000000000
125128  -39.018  34.031  57.672 0.0000000000
83724  -39.340  21.120  68.423 0.0000000000
84387  -43.950  22.306  71.314 0.0000000000
100019  -38.319  50.044  55.718 0.0000000000
99573  -41.604  48.367  52.498 0.0000000000
99117  -45.001  46.229  46.825 0.0000000000
88994  -40.872  29.218  66.880 0.0000000000
95299  -38.192  40.883  62.950 0.0000000000
93121  -40.934  36.379  64.798 0.0000000000
116105  -44.335  30.531  65.047 0.0000000000
90127  -40.115  31.030  63.180 0.0000000000
90141  -35.091  30.955  62.169 0.0000000000
86621  -42.607  25.463  64.941 0.0000000000
94859  -44.460  39.163  49.808 0.0000000000
93243  -43.050  36.692  51.576 0.0000000000
92675  -42.300  34.668  49.525 0.0000000000
91383  -38.050  32.918  51.546 0.0000000000
83712  -41.761  20.624  70.351 0.0000000000
83696  -41.719  21.092  72.427 0.0000000000
129254  -35.856  50.516  58.450 0.0000000000
99100  -42.518  47.794  50.642 0.0000000000
87896  -38.893  27.403  67.089 0.0000000000
127392  -38.236  31.052  65.655 0.0000000000
98082  -37.189  46.170  58.788 0.0000000000
97039  -40.104  44.731  60.712 0.0000000000
92601  -41.226  35.733  57.911 0.0000000000
93735  -39.963  37.218  60.293 0.0000000000
92573  -42.650  35.130  61.398 0.0000000000
91255  -43.289  34.327  65.109 0.0000000000
91262  -44.086  32.850  62.256 0.0000000000
89570  -42.338  30.770  63.789 0.0000000000
90705  -41.933  32.587  61.431 0.0000000000
91298  -37.405  33.944  60.823 0.0000000000
95962  -39.592  42.128  53.974 0.0000000000
95905  -39.742  41.971  57.738 0.0000000000
94832  -41.176  39.337  54.914 0.0000000000
93226  -39.640  35.946  54.243 0.0000000000
91354  -42.642  32.479  55.686 0.0000000000
91329  -42.060  32.577  58.062 0.0000000000
131212  -40.371  31.922  54.980 0.0000000000
92013  -36.678  33.776  55.363 0.0000000000
84433  -41.577  22.576  67.156 0.0000000000
84418  -44.593  22.398  67.940 0.0000000000
85866  -44.776  23.868  69.381 0.0000000000
99061  -32.097  47.720  57.515 0.0000000000
99064  -35.340  47.652  58.122 0.0000000000
98593  -36.887  46.634  55.304 0.0000000000
123120  -38.693  45.283  53.313 0.0000000000
97646  -40.653  44.217  51.658 0.0000000000
118550  -44.140  43.895  48.903 0.0000000000
97154  -44.582  42.733  47.703 0.0000000000
98639  -43.103  45.889  47.259 0.0000000000
85178  -40.124  24.219  68.815 0.0000000000
86588  -42.462  26.120  69.003 0.0000000000
87879  -44.126  27.701  68.690 0.0000000000
93719  -36.442  37.572  62.605 0.0000000000
118110  -39.372  40.321  60.402 0.0000000000
94230  -39.139  38.159  63.617 0.0000000000
91888  -38.652  34.893  64.692 0.0000000000
112509  -40.395  32.948  65.759 0.0000000000
89538  -43.077  31.079  67.284 0.0000000000
87917  -44.657  28.320  66.795 0.0000000000
88458  -42.521  28.221  65.621 0.0000000000
88464  -39.905  28.305  64.523 0.0000000000
87935  -37.664  27.447  63.446 0.0000000000
91277  -40.159  33.238  61.201 0.0000000000
90144  -37.743  31.498  62.573 0.0000000000
87949  -36.045  27.831  62.220 0.0000000000
85874  -45.792  23.928  66.460 0.0000000000
126387  -45.635  24.512  65.052 0.0000000000
86614  -45.049  25.232  65.475 0.0000000000
94342  -43.584  38.353  49.260 0.0000000000
93813  -43.257  36.702  49.432 0.0000000000
93807  -41.737  36.914  49.795 0.0000000000
92669  -40.071  34.589  50.086 0.0000000000
90646  -37.439  32.282  65.318 0.0000000000
97608  -38.275  45.545  58.393 0.0000000000
91973  -43.166  34.613  58.260 0.0000000000
92588  -42.026  35.545  59.197 0.0000000000
91952  -43.380  34.591  59.934 0.0000000000
91918  -43.375  34.434  61.639 0.0000000000
91279  -43.853  33.174  60.775 0.0000000000
112831  -43.696  32.530  61.918 0.0000000000
90721  -43.325  32.796  60.290 0.0000000000
95976  -41.226  41.106  52.659 0.0000000000
95943  -41.668  40.946  55.438 0.0000000000
95385  -42.768  39.963  54.339 0.0000000000
92659  -41.649  34.852  51.592 0.0000000000
93234  -40.793  36.631  53.226 0.0000000000
92652  -40.385  35.018  53.455 0.0000000000
92014  -40.465  34.591  54.920 0.0000000000
91365  -41.589  32.319  54.388 0.0000000000
90753  -41.938  31.709  55.163 0.0000000000
90770  -40.989  31.912  52.977 0.0000000000
91363  -37.041  32.942  53.578 0.0000000000
83714  -43.460  21.352  71.279 0.0000000000
84410  -42.661  21.804  69.029 0.0000000000
122938  -44.183  22.091  70.445 0.0000000000
84419  -44.726  22.608  68.639 0.0000000000
85164  -44.540  23.387  70.108 0.0000000000
100497  -37.233  50.731  57.064 0.0000000000
122794  -35.314  48.976  58.186 0.0000000000
99555  -36.468  48.698  56.794 0.0000000000
98588  -36.481  47.263  57.618 0.0000000000
99558  -36.956  48.449  55.849 0.0000000000
99568  -40.576  48.101  53.456 0.0000000000
98607  -39.045  46.742  53.629 0.0000000000
98608  -39.936  47.001  53.279 0.0000000000
98122  -39.860  45.157  52.329 0.0000000000
98617  -41.120  46.176  51.848 0.0000000000
99106  -43.892  47.346  48.328 0.0000000000
98136  -42.831  45.444  49.798 0.0000000000
98151  -45.031  45.248  47.677 0.0000000000
97127  -45.142  42.648  47.951 0.0000000000
97689  -45.109  44.694  46.819 0.0000000000
97687  -43.852  44.347  47.342 0.0000000000
122757  -44.661  46.321  46.718 0.0000000000
128243  -36.433  25.358  67.882 0.0000000000
85174  -36.786  23.467  69.090 0.0000000000
85861  -37.849  24.305  68.398 0.0000000000
85160  -39.375  23.223  69.388 0.0000000000
85862  -38.749  24.521  68.370 0.0000000000
88432  -40.301  28.439  67.013 0.0000000000
87321  -40.366  26.924  67.618 0.0000000000
87322  -41.400  27.025  67.998 0.0000000000
87303  -42.804  27.142  68.635 0.0000000000
88434  -42.402  28.710  67.682 0.0000000000
95298  -36.213  40.432  62.318 0.0000000000
94246  -35.915  38.251  62.375 0.0000000000
123739  -37.220  39.248  62.701 0.0000000000
95354  -38.840  40.304  57.093 0.0000000000
95898  -39.244  41.521  58.606 0.0000000000
94796  -38.702  39.651  58.795 0.0000000000
93159  -40.462  36.636  62.449 0.0000000000
93726  -39.648  37.902  62.059 0.0000000000
114762  -40.112  37.223  64.118 0.0000000000
116322  -38.675  36.804  64.015 0.0000000000
92543  -39.630  35.989  64.766 0.0000000000
91232  -39.580  33.500  65.472 0.0000000000
91867  -41.016  34.711  65.574 0.0000000000
119436  -44.102  32.120  65.495 0.0000000000
131218  -43.101  32.779  66.785 0.0000000000
90100  -44.129  30.789  66.533 0.0000000000
88996  -44.507  29.502  66.819 0.0000000000
124687  -44.260  29.341  65.721 0.0000000000
87922  -43.510  28.184  65.947 0.0000000000
89005  -43.623  29.414  65.345 0.0000000000
90128  -41.071  31.108  63.275 0.0000000000
89559  -40.949  29.947  64.144 0.0000000000
89024  -40.031  29.794  63.955 0.0000000000
88463  -38.981  28.188  64.206 0.0000000000
133122  -38.746  29.521  63.674 0.0000000000
111168  -40.256  33.395  57.864 0.0000000000
91318  -40.725  33.408  59.286 0.0000000000
91317  -39.757  33.818  59.679 0.0000000000
90700  -36.469  32.579  61.882 0.0000000000
120529  -37.302  32.747  61.863 0.0000000000
90143  -36.755  31.171  62.546 0.0000000000
89037  -36.309  29.188  62.850 0.0000000000
116271  -35.753  29.546  62.551 0.0000000000
111380  -34.982  27.958  60.871 0.0000000000
84464  -45.179  22.599  64.998 0.0000000000
86628  -42.295  25.327  63.904 0.0000000000
95405  -43.905  39.775  51.541 0.0000000000
94326  -43.512  38.573  52.878 0.0000000000
93803  -44.016  37.739  50.751 0.0000000000
92665  -43.053  34.973  50.213 0.0000000000
91394  -41.424  33.220  50.121 0.0000000000
90779  -40.691  32.313  51.920 0.0000000000
91399  -39.783  32.978  50.143 0.0000000000
83725  -40.432  21.009  69.037 0.0000000000
122636  -41.447  19.919  71.189 0.0000000000
84385  -42.404  21.765  71.778 0.0000000000
100508  -38.428  50.426  55.443 0.0000000000
99579  -42.146  48.520  51.920 0.0000000000
100070  -44.088  48.939  46.972 0.0000000000
131733  -44.363  48.945  45.986 0.0000000000
87895  -38.007  27.293  67.114 0.0000000000
88992  -38.483  29.588  66.191 0.0000000000
121514  -39.607  30.353  66.168 0.0000000000
96443  -39.989  43.264  63.008 0.0000000000
93201  -39.418  36.549  57.267 0.0000000000
93182  -39.566  37.405  58.883 0.0000000000
93183  -40.689  36.525  59.141 0.0000000000
93175  -41.071  36.273  60.605 0.0000000000
92565  -41.951  35.656  63.302 0.0000000000
91890  -42.326  35.458  64.955 0.0000000000
92566  -42.854  35.049  63.385 0.0000000000
91892  -43.548  33.944  63.895 0.0000000000
90131  -44.233  31.516  63.890 0.0000000000
89562  -43.993  30.819  64.194 0.0000000000
90149  -43.444  31.801  62.777 0.0000000000
90148  -41.974  31.615  62.831 0.0000000000
90681  -41.362  32.135  62.170 0.0000000000
91950  -38.227  34.449  59.342 0.0000000000
91884  -34.961  34.086  64.183 0.0000000000
96505  -38.920  42.789  55.148 0.0000000000
97069  -39.924  43.113  57.404 0.0000000000
95925  -40.842  41.805  55.842 0.0000000000
95368  -40.661  40.393  55.941 0.0000000000
94306  -39.449  38.858  55.467 0.0000000000
131463  -42.546  38.576  53.765 0.0000000000
93787  -39.800  37.475  54.414 0.0000000000
93218  -39.216  36.387  55.795 0.0000000000
92626  -40.557  35.211  56.253 0.0000000000
92627  -41.562  34.552  56.500 0.0000000000
91991  -43.331  33.411  57.056 0.0000000000
115268  -43.207  32.370  57.820 0.0000000000
112417  -42.992  32.119  56.392 0.0000000000
90745  -41.763  31.847  56.124 0.0000000000
91341  -39.991  32.849  56.318 0.0000000000
90759  -39.281  32.279  53.864 0.0000000000
91352  -38.566  33.262  55.418 0.0000000000
84416  -41.634  22.068  68.122 0.0000000000
110636  -42.500  22.378  67.839 0.0000000000
84435  -44.650  22.412  66.847 0.0000000000
84436  -45.248  22.444  67.043 0.0000000000
85184  -45.522  22.981  67.533 0.0000000000
85870  -44.963  24.948  68.018 0.0000000000
98582  -32.783  46.301  57.469 0.0000000000
99063  -34.143  47.921  57.695 0.0000000000
98090  -34.436  45.838  57.665 0.0000000000
98578  -36.496  46.547  58.369 0.0000000000
98092  -36.735  46.442  58.394 0.0000000000
117818  -37.073  45.410  55.848 0.0000000000
99560  -39.018  49.455  55.045 0.0000000000
99072  -37.656  47.501  54.872 0.0000000000
98113  -37.792  45.709  54.209 0.0000000000
97075  -37.858  44.262  54.580 0.0000000000
97079  -39.073  43.646  53.104 0.0000000000
96544  -40.193  42.664  52.481 0.0000000000
96562  -41.586  42.434  51.401 0.0000000000
98621  -42.235  46.140  50.700 0.0000000000
97660  -42.074  44.296  50.565 0.0000000000
96563  -42.511  42.122  50.824 0.0000000000
96003  -44.612  41.635  49.205 0.0000000000
95434  -44.545  41.395  48.498 0.0000000000
96603  -42.986  42.683  48.368 0.0000000000
132945  -42.561  44.560  48.052 0.0000000000
99614  -43.718  48.686  45.810 0.0000000000
84384  -41.304  22.046  71.352 0.0000000000
85162  -41.553  23.581  70.057 0.0000000000
86602  -39.194  26.058  67.698 0.0000000000
132005  -41.144  24.803  68.944 0.0000000000
85848  -42.797  24.584  69.948 0.0000000000
86570  -44.009  25.636  69.885 0.0000000000
86589  -44.526  25.869  68.922 0.0000000000
86604  -44.692  26.113  67.752 0.0000000000
91907  -36.335  34.862  63.825 0.0000000000
96475  -40.130  43.665  58.938 0.0000000000
95891  -40.079  42.650  60.890 0.0000000000
95876  -40.146  42.012  63.295 0.0000000000
94260  -39.368  38.702  60.470 0.0000000000
122536  -39.580  40.071  62.508 0.0000000000
94764  -39.283  40.104  63.282 0.0000000000
93720  -37.551  37.751  63.100 0.0000000000
92564  -37.727  35.899  63.845 0.0000000000
91253  -37.378  33.711  64.731 0.0000000000
91230  -37.956  33.078  65.195 0.0000000000
120386  -39.493  32.530  65.595 0.0000000000
90096  -40.781  31.521  66.248 0.0000000000
91234  -42.533  33.926  66.283 0.0000000000
90097  -41.875  31.879  66.522 0.0000000000
89521  -42.432  30.340  67.191 0.0000000000
88974  -43.674  29.481  67.735 0.0000000000
88437  -44.435  28.550  67.610 0.0000000000
87327  -44.733  27.422  66.871 0.0000000000
87325  -43.514  26.438  66.069 0.0000000000
120771  -42.545  26.296  65.696 0.0000000000
86611  -41.236  26.158  65.167 0.0000000000
89012  -42.706  29.785  64.819 0.0000000000
88456  -41.045  27.785  65.180 0.0000000000
86618  -40.139  26.113  64.404 0.0000000000
126606  -39.055  26.110  63.538 0.0000000000
86624  -38.446  26.038  62.963 0.0000000000
90729  -42.986  32.652  59.501 0.0000000000
91278  -41.249  32.943  60.816 0.0000000000
90680  -40.228  32.204  62.301 0.0000000000
91299  -38.284  33.793  60.799 0.0000000000
90678  -38.391  32.171  62.304 0.0000000000
90145  -38.754  31.536  62.680 0.0000000000
89021  -37.482  29.193  63.426 0.0000000000
87950  -36.608  27.582  62.638 0.0000000000
86607  -45.874  24.103  65.770 0.0000000000
94336  -43.077  39.067  49.273 0.0000000000
94341  -43.063  37.496  49.335 0.0000000000
94334  -41.467  38.138  50.256 0.0000000000
124098  -36.606  32.211  65.261 0.0000000000
90666  -36.999  32.922  65.006 0.0000000000
97618  -38.501  44.455  57.466 0.0000000000
97609  -39.163  44.951  58.644 0.0000000000
97061  -39.526  44.004  57.839 0.0000000000
123633  -43.596  33.667  58.462 0.0000000000
116001  -43.333  34.598  59.069 0.0000000000
116569  -43.703  33.732  59.444 0.0000000000
91934  -43.758  33.780  60.300 0.0000000000
91303  -43.710  33.157  59.868 0.0000000000
90722  -43.645  33.018  60.237 0.0000000000
95403  -42.153  40.499  52.492 0.0000000000
95396  -41.927  40.469  53.670 0.0000000000
95397  -42.910  39.846  53.463 0.0000000000
92039  -41.411  33.925  51.602 0.0000000000
92658  -40.983  34.676  52.547 0.0000000000
92031  -40.889  33.901  53.234 0.0000000000
133445  -41.175  33.310  53.853 0.0000000000
91374  -41.160  32.347  53.172 0.0000000000
90771  -41.271  31.791  53.872 0.0000000000
91384  -41.031  32.414  52.073 0.0000000000
121294  -39.903  21.547  68.084 0.0000000000
83698  -43.664  21.735  71.523 0.0000000000
84403  -44.006  21.802  71.089 0.0000000000
128442  -44.252  22.210  70.878 0.0000000000
84412  -44.476  22.566  70.028 0.0000000000
131688  -44.008  23.105  71.077 0.0000000000
100018  -37.088  49.842  56.654 0.0000000000
99553  -36.223  49.020  57.624 0.0000000000
99556  -37.518  49.372  56.049 0.0000000000
99578  -40.938  48.832  52.436 0.0000000000
116272  -40.370  48.543  53.010 0.0000000000
99572  -41.036  48.204  53.110 0.0000000000
99080  -40.296  47.852  53.518 0.0000000000
99086  -40.730  47.735  53.275 0.0000000000
98614  -40.698  46.827  52.667 0.0000000000
99087  -41.354  47.750  52.851 0.0000000000
99116  -44.704  46.761  47.245 0.0000000000
98630  -44.523  46.360  48.106 0.0000000000
98640  -45.124  45.904  47.190 0.0000000000
132219  -45.304  44.765  47.118 0.0000000000
98641  -45.128  45.672  46.758 0.0000000000
98173  -44.887  45.114  46.632 0.0000000000
113843  -44.995  46.108  46.753 0.0000000000
87316  -35.768  26.478  67.363 0.0000000000
87317  -36.602  26.104  67.500 0.0000000000
115450  -37.137  24.869  68.161 0.0000000000
86600  -37.341  25.608  67.711 0.0000000000
86585  -38.050  25.066  68.007 0.0000000000
87897  -40.847  27.708  67.472 0.0000000000
88433  -41.341  28.554  67.362 0.0000000000
87898  -41.967  27.848  67.848 0.0000000000
95874  -38.074  42.486  62.750 0.0000000000
130880  -37.029  40.925  62.612 0.0000000000
94763  -37.241  40.142  62.672 0.0000000000
129032  -38.561  38.943  56.768 0.0000000000
94803  -38.536  39.864  57.838 0.0000000000
94277  -38.582  38.985  58.320 0.0000000000
93140  -40.536  36.725  63.523 0.0000000000
93703  -40.010  37.278  63.298 0.0000000000
125205  -40.550  36.706  64.304 0.0000000000
93120  -40.205  36.730  64.610 0.0000000000
92544  -40.530  35.972  65.170 0.0000000000
125404  -40.460  35.184  65.379 0.0000000000
92536  -41.128  35.404  65.397 0.0000000000
90122  -44.352  31.280  64.743 0.0000000000
90120  -44.226  31.281  65.930 0.0000000000
89557  -44.438  30.345  65.882 0.0000000000
89556  -44.291  29.873  65.416 0.0000000000
89013  -43.821  30.132  64.787 0.0000000000
89569  -40.515  30.491  63.642 0.0000000000
89568  -39.608  30.338  63.522 0.0000000000
89023  -39.230  29.644  63.770 0.0000000000
91335  -39.602  33.661  57.553 0.0000000000
91327  -40.051  33.739  58.727 0.0000000000
91951  -39.139  34.159  59.044 0.0000000000
90142  -35.508  31.558  62.137 0.0000000000
90676  -36.200  31.769  62.234 0.0000000000
121202  -35.868  30.983  62.442 0.0000000000
89585  -35.460  30.224  62.406 0.0000000000
89036  -35.135  29.490  62.196 0.0000000000
89584  -34.719  30.198  62.034 0.0000000000
84453  -45.675  22.605  65.630 0.0000000000
110423  -43.509  25.204  64.210 0.0000000000
94858  -44.407  39.616  50.664 0.0000000000
94331  -44.147  38.494  51.361 0.0000000000
94332  -44.279  38.445  50.321 0.0000000000
92676  -42.894  35.166  49.490 0.0000000000
92673  -43.297  35.628  49.718 0.0000000000
92058  -42.653  34.621  49.649 0.0000000000
92047  -42.606  34.367  49.920 0.0000000000
91401  -41.473  33.655  49.655 0.0000000000
91400  -40.747  33.050  49.790 0.0000000000
92052  -40.751  33.852  49.476 0.0000000000
92044  -39.153  34.154  50.487 0.0000000000
83033  -40.360  19.711  70.565 0.0000000000
83697  -42.360  20.687  72.341 0.0000000000
101005  -37.888  51.419  56.195 0.0000000000
100069  -43.259  49.321  47.890 0.0000000000
100556  -43.847  49.915  46.169 0.0000000000
100559  -42.658  51.007  46.440 0.0000000000
89554  -37.599  30.941  65.624 0.0000000000
124557  -37.815  29.735  66.042 0.0000000000
89535  -38.909  30.140  66.056 0.0000000000
88993  -39.375  29.478  66.387 0.0000000000
89555  -38.950  30.865  65.780 0.0000000000
112948  -36.487  45.110  58.694 0.0000000000
97032  -40.088  44.037  61.652 0.0000000000
93202  -40.289  36.143  57.626 0.0000000000
93192  -40.582  36.363  58.403 0.0000000000
93193  -41.368  35.960  58.748 0.0000000000
92583  -42.706  35.206  60.462 0.0000000000
92582  -41.924  35.663  60.079 0.0000000000
92572  -41.819  35.646  61.060 0.0000000000
93164  -41.073  36.144  61.721 0.0000000000
92568  -41.814  35.590  62.092 0.0000000000
92569  -42.690  35.078  62.401 0.0000000000
91912  -43.880  33.490  61.725 0.0000000000
91909  -43.844  33.617  62.805 0.0000000000
91258  -44.158  32.966  63.244 0.0000000000
90670  -44.285  32.298  63.787 0.0000000000
90683  -44.098  32.278  62.821 0.0000000000
90150  -44.080  31.740  63.245 0.0000000000
90706  -43.133  32.541  61.164 0.0000000000
90682  -42.675  32.203  62.051 0.0000000000
96506  -39.296  42.465  54.515 0.0000000000
96497  -39.863  42.278  55.439 0.0000000000
95941  -40.041  41.866  54.732 0.0000000000
94833  -42.079  40.074  55.030 0.0000000000
95369  -41.510  40.980  55.887 0.0000000000
94823  -41.409  40.237  55.496 0.0000000000
94821  -39.529  39.649  55.939 0.0000000000
94307  -40.079  38.882  54.948 0.0000000000
93797  -43.290  37.624  52.252 0.0000000000
94321  -43.224  38.923  53.691 0.0000000000
93792  -42.884  38.146  53.118 0.0000000000
93233  -40.079  35.872  53.624 0.0000000000
93790  -40.624  37.623  53.830 0.0000000000
93227  -39.947  36.713  53.896 0.0000000000
93786  -39.199  37.082  55.190 0.0000000000
111876  -39.442  35.970  55.136 0.0000000000
92625  -39.651  35.732  56.043 0.0000000000
92633  -40.050  35.106  55.456 0.0000000000
112303  -42.016  32.966  55.164 0.0000000000
92003  -41.198  34.324  55.540 0.0000000000
91343  -42.278  33.461  55.953 0.0000000000
112262  -42.737  33.875  56.682 0.0000000000
91344  -43.135  32.676  56.278 0.0000000000
91337  -43.356  32.467  56.992 0.0000000000
90747  -42.793  32.141  55.846 0.0000000000
90752  -41.286  31.634  54.802 0.0000000000
112611  -41.755  31.696  55.417 0.0000000000
90744  -40.873  31.960  55.642 0.0000000000
91342  -40.858  32.370  56.499 0.0000000000
90777  -38.871  32.490  51.906 0.0000000000
119246  -40.121  32.151  52.416 0.0000000000
90768  -38.901  32.338  52.876 0.0000000000
91351  -37.436  33.338  54.879 0.0000000000
91364  -38.309  32.839  54.348 0.0000000000
132874  -41.146  21.160  69.150 0.0000000000
83726  -41.765  21.415  69.176 0.0000000000
84417  -43.529  22.272  68.678 0.0000000000
84434  -43.549  22.493  67.421 0.0000000000
85179  -44.921  23.022  69.124 0.0000000000
85183  -45.229  22.687  68.068 0.0000000000
85180  -45.204  23.657  68.390 0.0000000000
85871  -45.571  23.894  67.322 0.0000000000
99548  -31.505  48.123  57.651 0.0000000000
99060  -31.368  47.197  57.578 0.0000000000
98581  -31.754  46.343  57.533 0.0000000000
118377  -32.375  47.081  57.464 0.0000000000
99998  -35.141  50.304  58.358 0.0000000000
100009  -34.732  49.513  58.181 0.0000000000
99552  -35.858  48.398  58.229 0.0000000000
131178  -35.069  48.334  58.112 0.0000000000
121799  -34.356  47.169  57.706 0.0000000000
98584  -34.960  46.755  57.862 0.0000000000
98091  -35.541  46.268  58.172 0.0000000000
98585  -36.056  47.173  58.395 0.0000000000
98592  -36.479  46.961  56.210 0.0000000000
98096  -36.611  46.703  57.366 0.0000000000
98097  -36.973  45.892  57.062 0.0000000000
98105  -36.672  46.186  56.010 0.0000000000
99562  -38.683  48.697  55.045 0.0000000000
99073  -38.826  48.109  54.545 0.0000000000
98117  -38.444  45.843  53.634 0.0000000000
98600  -38.270  46.528  54.033 0.0000000000
97628  -37.613  45.019  54.539 0.0000000000
97631  -38.159  44.889  53.856 0.0000000000
97078  -38.450  43.752  53.891 0.0000000000
97632  -38.743  44.522  53.216 0.0000000000
97636  -40.073  44.314  52.087 0.0000000000
97090  -39.741  43.565  52.503 0.0000000000
97091  -40.396  43.529  51.950 0.0000000000
96561  -40.860  42.887  51.731 0.0000000000
97107  -41.060  43.654  51.474 0.0000000000
99580  -42.381  48.416  51.234 0.0000000000
98618  -41.936  46.893  51.610 0.0000000000
98619  -42.390  47.049  50.837 0.0000000000
97661  -42.876  44.538  49.797 0.0000000000
97125  -42.856  43.613  50.004 0.0000000000
96576  -42.146  42.958  50.741 0.0000000000
96577  -43.301  42.712  50.008 0.0000000000
96002  -43.662  41.899  50.100 0.0000000000
96578  -44.543  42.379  49.074 0.0000000000
97155  -45.079  42.518  47.849 0.0000000000
96592  -45.000  42.297  47.910 0.0000000000
96020  -44.411  41.791  48.157 0.0000000000
95440  -43.845  41.210  48.411 0.0000000000
96604  -43.911  42.145  48.094 0.0000000000
98165  -44.066  45.129  46.952 0.0000000000
98164  -42.521  45.206  47.825 0.0000000000
98645  -42.817  46.871  46.984 0.0000000000
99134  -44.287  48.567  46.158 0.0000000000
84382  -39.236  21.711  70.848 0.0000000000
85177  -39.467  23.948  68.760 0.0000000000
84401  -40.308  22.646  70.295 0.0000000000
85161  -40.390  23.515  69.537 0.0000000000
85149  -41.403  22.740  70.687 0.0000000000
85846  -40.852  24.213  69.204 0.0000000000
87319  -38.557  26.660  67.405 0.0000000000
87320  -39.457  26.819  67.441 0.0000000000
86587  -41.554  25.879  68.613 0.0000000000
85865  -40.956  25.401  68.541 0.0000000000
86568  -41.919  25.272  69.196 0.0000000000
85847  -41.753  24.387  69.604 0.0000000000
85849  -43.786  24.716  70.208 0.0000000000
86569  -43.154  25.490  69.652 0.0000000000
87304  -43.975  27.192  69.163 0.0000000000
87294  -44.169  26.371  69.441 0.0000000000
87305  -44.305  27.008  68.665 0.0000000000
92562  -35.847  35.502  63.391 0.0000000000
96481  -40.067  42.878  57.716 0.0000000000
119501  -39.788  42.566  58.447 0.0000000000
95325  -39.355  41.221  59.698 0.0000000000
122423  -39.749  41.305  61.228 0.0000000000
95884  -40.261  42.268  62.430 0.0000000000
95308  -40.044  41.195  62.602 0.0000000000
93745  -39.490  37.859  59.755 0.0000000000
93734  -39.608  37.921  60.904 0.0000000000
94250  -39.314  38.576  63.106 0.0000000000
94258  -39.468  38.858  61.900 0.0000000000
112355  -39.295  39.407  63.109 0.0000000000
94249  -39.029  39.049  63.450 0.0000000000
94248  -38.126  38.744  63.175 0.0000000000
93721  -38.722  38.144  63.524 0.0000000000
92542  -38.737  35.815  64.383 0.0000000000
92541  -37.983  35.239  64.316 0.0000000000
91908  -37.227  35.040  64.005 0.0000000000
91887  -37.717  34.524  64.488 0.0000000000
91254  -38.259  33.979  64.890 0.0000000000
90648  -40.134  31.993  65.826 0.0000000000
130618  -42.789  34.915  65.340 0.0000000000
131441  -42.083  35.048  65.643 0.0000000000
91235  -42.950  34.416  66.038 0.0000000000
90098  -42.973  32.101  67.045 0.0000000000
89537  -42.368  31.195  66.877 0.0000000000
88973  -42.839  29.547  67.632 0.0000000000
89522  -43.299  30.208  67.492 0.0000000000
126512  -44.674  28.960  67.005 0.0000000000
88975  -44.329  29.252  67.483 0.0000000000
87900  -44.661  27.936  67.303 0.0000000000
87326  -44.608  26.531  66.573 0.0000000000
87916  -44.180  27.551  66.332 0.0000000000
87921  -42.779  27.213  65.927 0.0000000000
87330  -41.801  26.571  65.521 0.0000000000
87920  -41.741  27.515  65.482 0.0000000000
89571  -43.205  30.938  63.800 0.0000000000
89560  -41.950  30.170  64.254 0.0000000000
89010  -40.427  29.162  64.405 0.0000000000
88465  -40.797  28.458  64.842 0.0000000000
87929  -40.343  27.576  64.876 0.0000000000
87336  -40.092  26.747  64.739 0.0000000000
86625  -39.673  25.874  63.767 0.0000000000
87928  -39.518  27.378  64.495 0.0000000000
87936  -38.252  27.814  63.861 0.0000000000
119177  -38.229  27.128  63.668 0.0000000000
87337  -37.924  26.702  63.245 0.0000000000
87350  -37.731  26.407  62.621 0.0000000000
87349  -37.165  26.996  62.816 0.0000000000
110842  -42.931  32.239  57.884 0.0000000000
90735  -43.165  32.533  58.497 0.0000000000
90734  -42.533  32.630  58.738 0.0000000000
91301  -40.467  33.405  60.275 0.0000000000
91302  -41.750  33.042  59.727 0.0000000000
90704  -40.753  32.643  61.638 0.0000000000
90703  -39.775  32.774  61.841 0.0000000000
91932  -37.892  34.269  60.143 0.0000000000
91274  -37.741  33.366  61.409 0.0000000000
124785  -37.704  32.240  62.219 0.0000000000
90701  -38.096  32.772  61.879 0.0000000000
89588  -38.239  30.779  63.030 0.0000000000
89566  -37.813  29.937  63.285 0.0000000000
88472  -36.914  28.755  63.259 0.0000000000
88487  -36.405  28.321  62.771 0.0000000000
87348  -36.530  27.088  62.158 0.0000000000
85192  -46.012  23.120  66.061 0.0000000000
113791  -46.124  23.280  65.054 0.0000000000
124517  -45.722  24.426  64.381 0.0000000000
94343  -44.016  38.559  49.184 0.0000000000
93815  -43.890  38.052  49.478 0.0000000000
113242  -43.595  37.789  49.464 0.0000000000
93812  -42.611  36.668  49.412 0.0000000000
93256  -42.083  35.936  49.439 0.0000000000
92670  -40.910  34.561  49.496 0.0000000000
93255  -41.192  36.176  49.889 0.0000000000
90117  -37.077  31.574  65.444 0.0000000000
120591  -37.840  31.624  65.501 0.0000000000
98083  -37.628  46.216  58.728 0.0000000000
98084  -38.366  45.874  59.166 0.0000000000
97591  -40.064  45.172  60.114 0.0000000000
92602  -42.188  35.194  58.262 0.0000000000
92603  -42.824  35.165  58.843 0.0000000000
92589  -42.785  35.231  59.571 0.0000000000
91933  -43.359  34.538  60.783 0.0000000000
118879  -43.934  32.906  61.468 0.0000000000
90707  -43.648  32.882  60.986 0.0000000000
95963  -40.306  41.530  53.887 0.0000000000
95942  -41.085  41.403  55.159 0.0000000000
95383  -41.450  40.937  54.507 0.0000000000
95384  -42.129  40.315  54.834 0.0000000000
94834  -42.672  39.867  54.554 0.0000000000
93242  -42.176  36.009  51.681 0.0000000000
93235  -41.603  36.737  52.577 0.0000000000
93241  -41.247  35.801  52.472 0.0000000000
117899  -40.615  35.615  53.072 0.0000000000
92651  -39.885  35.297  53.978 0.0000000000
92642  -39.833  35.209  54.636 0.0000000000
92030  -40.458  34.472  54.119 0.0000000000
92021  -41.195  33.733  54.636 0.0000000000
90754  -42.256  32.011  55.266 0.0000000000
90762  -41.540  31.817  54.636 0.0000000000
90761  -41.155  31.663  53.943 0.0000000000
90767  -37.689  32.623  52.863 0.0000000000
84415  -40.917  22.261  67.503 0.0000000000
83727  -42.826  21.160  70.418 0.0000000000
84402  -43.655  21.765  70.152 0.0000000000
84411  -44.145  22.368  69.373 0.0000000000
99549  -32.404  48.403  57.565 0.0000000000
100489  -36.381  50.542  57.879 0.0000000000
100010  -35.674  49.788  58.217 0.0000000000
100011  -36.334  49.829  57.596 0.0000000000
123007  -36.241  48.232  57.948 0.0000000000
99065  -36.190  47.747  58.290 0.0000000000
99067  -36.337  47.797  57.820 0.0000000000
99069  -36.427  47.817  56.488 0.0000000000
99070  -36.819  47.535  55.568 0.0000000000
99571  -39.606  48.855  53.086 0.0000000000
99074  -39.549  48.421  54.149 0.0000000000
99079  -39.708  47.690  53.750 0.0000000000
98118  -39.157  46.009  53.206 0.0000000000
98121  -39.202  45.232  52.832 0.0000000000
98613  -39.829  46.030  52.711 0.0000000000
118327  -40.404  45.870  52.253 0.0000000000
98124  -40.602  45.100  51.760 0.0000000000
99105  -43.010  47.677  49.567 0.0000000000
121911  -42.766  46.393  49.905 0.0000000000
98629  -43.382  46.824  49.181 0.0000000000
98150  -43.702  45.830  48.935 0.0000000000
97676  -44.138  44.738  48.685 0.0000000000
97126  -44.408  43.099  48.921 0.0000000000
128701  -45.038  43.958  48.124 0.0000000000
112498  -45.050  43.270  47.634 0.0000000000
97688  -45.031  44.115  47.044 0.0000000000
120046  -44.423  43.503  47.467 0.0000000000
97701  -44.831  44.627  46.768 0.0000000000
98646  -44.250  45.990  46.695 0.0000000000
115449  -35.142  27.036  67.066 0.0000000000
86598  -35.321  25.899  67.649 0.0000000000
86583  -35.385  25.190  68.125 0.0000000000
86584  -36.239  24.654  68.349 0.0000000000
85159  -38.441  23.034  69.337 0.0000000000
85176  -38.591  23.724  68.735 0.0000000000
85863  -39.617  24.724  68.430 0.0000000000
124119  -39.810  27.662  67.187 0.0000000000
87302  -41.769  26.469  68.464 0.0000000000
87899  -43.058  28.177  68.233 0.0000000000
94762  -36.276  39.555  62.373 0.0000000000
130972  -36.319  38.872  62.420 0.0000000000
94247  -36.903  38.399  62.619 0.0000000000
95344  -39.655  41.226  57.112 0.0000000000
95343  -38.894  40.878  57.802 0.0000000000
95332  -38.814  40.516  58.613 0.0000000000
95324  -38.981  40.206  59.392 0.0000000000
93163  -40.423  36.690  61.448 0.0000000000
93727  -39.952  37.251  61.217 0.0000000000
93723  -39.983  37.218  62.215 0.0000000000
93722  -39.561  37.794  63.074 0.0000000000
93702  -39.510  37.601  63.817 0.0000000000
93701  -39.075  37.663  63.896 0.0000000000
93139  -39.627  37.236  64.180 0.0000000000
93119  -39.416  36.572  64.414 0.0000000000
130430  -39.156  35.435  64.697 0.0000000000
91865  -39.125  34.248  65.153 0.0000000000
91889  -39.647  35.189  65.097 0.0000000000
91866  -40.040  34.453  65.446 0.0000000000
91233  -40.682  33.870  65.672 0.0000000000
91236  -43.465  33.633  65.653 0.0000000000
90650  -43.179  33.398  66.449 0.0000000000
90651  -43.620  32.923  65.944 0.0000000000
90628  -43.445  32.386  66.547 0.0000000000
90099  -43.576  31.429  66.901 0.0000000000
89523  -44.084  29.935  67.339 0.0000000000
89540  -44.352  30.150  66.631 0.0000000000
88454  -44.519  29.016  66.311 0.0000000000
88453  -44.226  28.392  66.197 0.0000000000
88459  -43.997  28.832  65.750 0.0000000000
128272  -43.198  28.781  65.645 0.0000000000
119381  -41.420  30.614  63.750 0.0000000000
89009  -39.535  29.040  64.167 0.0000000000
89022  -38.830  29.040  63.896 0.0000000000
88474  -38.379  28.536  63.833 0.0000000000
91328  -40.984  33.125  58.353 0.0000000000
91319  -41.596  33.039  58.840 0.0000000000
91273  -36.777  33.413  61.395 0.0000000000
90677  -37.028  32.004  62.257 0.0000000000
89587  -37.317  30.547  62.881 0.0000000000
89586  -36.342  30.182  62.718 0.0000000000
88486  -35.647  28.737  62.367 0.0000000000
87967  -35.361  28.163  61.609 0.0000000000
88485  -34.921  28.857  61.811 0.0000000000
95412  -43.566  40.515  51.186 0.0000000000
94845  -43.532  39.243  52.824 0.0000000000
94851  -44.105  39.170  51.677 0.0000000000
121878  -43.801  37.889  51.777 0.0000000000
93801  -43.529  37.120  51.485 0.0000000000
93808  -43.815  37.039  50.127 0.0000000000
93249  -43.500  36.356  50.868 0.0000000000
93248  -43.073  35.675  50.856 0.0000000000
92664  -42.551  34.841  50.661 0.0000000000
92046  -41.883  33.846  50.524 0.0000000000
92045  -41.283  32.929  51.078 0.0000000000
91393  -40.993  32.674  50.499 0.0000000000
90784  -39.702  32.638  50.706 0.0000000000
91392  -39.118  32.924  50.608 0.0000000000
91398  -39.079  33.468  50.452 0.0000000000
83049  -39.706  20.496  69.319 0.0000000000
83050  -40.718  20.276  69.961 0.0000000000
83006  -41.354  19.523  71.957 0.0000000000
83034  -42.285  20.057  71.889 0.0000000000
83713  -42.703  20.644  71.756 0.0000000000
110657  -43.025  21.351  71.688 0.0000000000
84386  -43.342  22.097  71.619 0.0000000000
100490  -37.172  51.360  57.494 0.0000000000
100498  -38.049  50.810  56.207 0.0000000000
99093  -41.922  47.794  52.263 0.0000000000
120600  -42.795  48.947  49.365 0.0000000000
99589  -43.306  48.240  48.826 0.0000000000
99594  -44.286  48.042  47.307 0.0000000000
99128  -44.451  47.151  46.692 0.0000000000
100074  -44.265  49.256  46.023 0.0000000000
100561  -43.912  49.851  45.794 0.0000000000
88450  -37.828  28.872  66.389 0.0000000000
88451  -38.806  28.768  66.481 0.0000000000
88452  -39.568  28.668  66.674 0.0000000000
119483  -40.061  29.106  66.671 0.0000000000
112111  -40.276  29.802  66.498 0.0000000000
96442  -38.804  43.199  62.315 0.0000000000
95875  -39.301  42.719  63.089 0.0000000000
93759  -38.896  37.376  57.504 0.0000000000
123834  -39.135  37.617  58.275 0.0000000000
93191  -39.650  36.853  58.148 0.0000000000
127628  -40.089  36.813  58.825 0.0000000000
93174  -40.560  36.655  59.931 0.0000000000
93184  -41.310  36.153  59.593 0.0000000000
123753  -40.351  36.796  60.663 0.0000000000
93160  -41.120  36.145  62.803 0.0000000000
93141  -41.164  36.347  63.939 0.0000000000
92545  -41.472  35.810  65.198 0.0000000000
114922  -41.727  35.920  64.471 0.0000000000
127177  -42.424  35.462  64.140 0.0000000000
91891  -43.035  34.930  64.394 0.0000000000
91911  -43.376  34.375  62.564 0.0000000000
126855  -43.334  34.417  63.410 0.0000000000
91256  -43.785  33.335  64.435 0.0000000000
120642  -44.337  31.934  64.496 0.0000000000
90130  -43.747  31.353  63.498 0.0000000000
90129  -42.755  31.288  63.354 0.0000000000
125156  -41.881  31.103  63.399 0.0000000000
90147  -40.713  31.608  62.742 0.0000000000
91971  -38.470  34.409  58.321 0.0000000000
91970  -37.523  34.712  58.832 0.0000000000
91949  -37.484  34.524  59.587 0.0000000000
91931  -37.090  34.354  60.171 0.0000000000
91297  -36.598  34.082  60.774 0.0000000000
91272  -35.859  33.130  61.534 0.0000000000
90699  -35.641  32.283  61.865 0.0000000000
97072  -38.496  43.343  55.766 0.0000000000
96486  -38.976  43.505  56.811 0.0000000000
96496  -39.641  42.700  56.219 0.0000000000
96487  -40.368  42.268  56.780 0.0000000000
95915  -40.794  41.896  56.367 0.0000000000
95926  -41.351  41.295  55.844 0.0000000000
95356  -41.140  41.451  56.159 0.0000000000
119200  -40.633  41.456  56.500 0.0000000000
95355  -39.779  40.542  56.485 0.0000000000
94295  -38.848  38.928  56.077 0.0000000000
94294  -38.643  38.327  56.476 0.0000000000
125190  -43.381  39.040  53.497 0.0000000000
94315  -42.767  39.247  54.233 0.0000000000
94320  -41.637  38.631  54.189 0.0000000000
93791  -41.713  37.708  53.246 0.0000000000
94313  -40.383  38.367  54.474 0.0000000000
94312  -39.555  38.137  54.974 0.0000000000
93779  -38.858  37.974  55.791 0.0000000000
93768  -38.661  37.596  56.652 0.0000000000
93211  -39.288  36.371  56.493 0.0000000000
92615  -39.928  35.842  56.832 0.0000000000
92616  -40.948  35.490  57.066 0.0000000000
92617  -41.855  34.819  57.359 0.0000000000
91990  -42.968  34.407  57.465 0.0000000000
113458  -43.408  33.911  57.730 0.0000000000
91974  -43.565  33.101  57.639 0.0000000000
91330  -43.583  32.881  58.193 0.0000000000
90742  -43.369  32.508  57.644 0.0000000000
90741  -43.172  32.096  57.183 0.0000000000
129719  -42.672  32.095  57.334 0.0000000000
90746  -42.416  31.835  55.751 0.0000000000
90740  -42.630  31.913  56.595 0.0000000000
91336  -41.452  32.466  57.244 0.0000000000
113717  -40.198  33.092  57.088 0.0000000000
91334  -39.231  33.622  56.938 0.0000000000
90769  -40.411  31.856  53.345 0.0000000000
90760  -40.438  31.764  54.244 0.0000000000
90758  -38.220  32.599  53.517 0.0000000000
90751  -39.443  32.446  54.737 0.0000000000
83739  -40.785  21.657  68.282 0.0000000000
125609  -42.466  22.727  66.777 0.0000000000
110382  -43.503  22.698  66.347 0.0000000000
85196  -44.287  22.838  64.850 0.0000000000
84452  -44.676  22.589  65.802 0.0000000000
113374  -45.438  22.529  66.355 0.0000000000
127171  -45.527  22.563  66.570 0.0000000000
127006  -45.121  22.464  67.696 0.0000000000
84437  -45.389  22.536  67.182 0.0000000000
85186  -45.751  22.881  66.684 0.0000000000
85873  -45.369  25.183  66.881 0.0000000000
99550  -33.399  48.576  57.625 0.0000000000
99551  -34.404  48.769  57.902 0.0000000000
99062  -32.971  47.808  57.458 0.0000000000
118462  -33.419  47.118  57.507 0.0000000000
98583  -33.888  46.444  57.564 0.0000000000
112918  -33.942  44.966  57.605 0.0000000000
97607  -34.959  45.278  57.883 0.0000000000
111613  -36.056  45.783  58.460 0.0000000000
98586  -36.488  47.023  58.326 0.0000000000
97617  -37.639  45.056  57.244 0.0000000000
97625  -37.446  44.741  56.163 0.0000000000
99559  -38.393  49.241  55.468 0.0000000000
117908  -37.675  48.244  55.367 0.0000000000
128840  -38.188  47.174  54.372 0.0000000000
98599  -37.551  46.491  54.558 0.0000000000
98112  -37.157  45.681  55.051 0.0000000000
97627  -37.415  44.769  55.244 0.0000000000
97071  -37.788  43.986  55.489 0.0000000000
97076  -38.286  43.468  54.822 0.0000000000
96522  -38.715  43.009  54.377 0.0000000000
96523  -39.122  42.851  53.697 0.0000000000
97635  -39.383  44.405  52.628 0.0000000000
96543  -39.507  42.938  52.968 0.0000000000
96524  -39.747  42.223  53.264 0.0000000000
95975  -40.410  41.666  52.906 0.0000000000
96545  -40.948  42.003  52.095 0.0000000000
95989  -41.885  41.396  51.711 0.0000000000
118326  -41.711  45.934  51.240 0.0000000000
98125  -41.333  45.373  51.361 0.0000000000
98135  -41.968  45.145  50.640 0.0000000000
97647  -41.336  44.499  51.241 0.0000000000
120454  -41.448  43.125  51.266 0.0000000000
95990  -42.995  41.276  50.953 0.0000000000
95413  -44.319  40.371  50.501 0.0000000000
95423  -44.588  40.127  49.445 0.0000000000
96591  -44.867  42.192  48.306 0.0000000000
95424  -44.703  41.085  49.029 0.0000000000
126296  -44.537  40.587  48.828 0.0000000000
95433  -44.303  40.568  48.640 0.0000000000
94866  -43.385  39.980  49.037 0.0000000000
97153  -43.393  43.215  47.989 0.0000000000
122420  -42.676  43.938  48.182 0.0000000000
99127  -44.057  47.418  46.398 0.0000000000
84383  -40.406  21.851  71.185 0.0000000000
84400  -39.290  22.473  70.081 0.0000000000
85150  -42.571  22.800  71.105 0.0000000000
86601  -38.276  25.846  67.655 0.0000000000
118248  -38.969  25.299  68.035 0.0000000000
86603  -39.952  26.288  67.753 0.0000000000
86586  -39.980  25.543  68.147 0.0000000000
85864  -40.437  24.803  68.613 0.0000000000
85163  -42.632  23.695  70.452 0.0000000000
85840  -43.558  23.789  70.602 0.0000000000
85850  -44.316  24.584  69.980 0.0000000000
87293  -43.644  26.408  69.450 0.0000000000
86571  -44.261  25.541  69.610 0.0000000000
120533  -44.676  24.775  69.095 0.0000000000
92561  -34.921  35.455  63.306 0.0000000000
91906  -35.403  34.776  63.740 0.0000000000
91885  -35.909  34.139  64.244 0.0000000000
97062  -39.961  43.708  58.301 0.0000000000
96463  -40.306  43.854  60.186 0.0000000000
114959  -39.739  42.527  59.418 0.0000000000
96455  -40.258  43.862  61.164 0.0000000000
123175  -40.247  43.318  62.054 0.0000000000
96435  -40.052  42.481  63.368 0.0000000000
95865  -39.909  41.726  63.475 0.0000000000
93751  -39.022  38.255  58.822 0.0000000000
94270  -39.137  38.641  59.563 0.0000000000
94779  -39.441  39.605  61.079 0.0000000000
125490  -39.627  40.453  61.558 0.0000000000
95301  -39.765  41.099  63.232 0.0000000000
95300  -39.397  40.909  63.364 0.0000000000
124319  -38.590  39.855  63.214 0.0000000000
93700  -38.238  37.372  63.540 0.0000000000
93138  -37.683  36.708  63.483 0.0000000000
122548  -37.064  36.239  63.357 0.0000000000
92563  -36.749  35.599  63.538 0.0000000000
91886  -36.838  34.296  64.324 0.0000000000
90647  -38.222  32.270  65.429 0.0000000000
91231  -38.729  33.537  65.244 0.0000000000
121830  -38.791  32.865  65.424 0.0000000000
90119  -39.291  31.667  65.694 0.0000000000
90095  -39.853  31.139  65.946 0.0000000000
89536  -40.512  30.651  66.351 0.0000000000
88995  -41.322  30.136  66.725 0.0000000000
124915  -41.719  34.275  65.895 0.0000000000
90649  -41.503  33.427  66.067 0.0000000000
90627  -42.483  32.913  66.529 0.0000000000
90626  -41.161  32.469  66.194 0.0000000000
120837  -41.442  31.009  66.537 0.0000000000
88972  -41.854  29.417  67.257 0.0000000000
88435  -43.354  28.892  67.963 0.0000000000
88423  -43.760  28.449  68.298 0.0000000000
88436  -44.008  28.891  68.059 0.0000000000
87880  -44.374  27.858  68.065 0.0000000000
87323  -44.647  27.208  67.503 0.0000000000
111686  -44.964  26.413  66.856 0.0000000000
86606  -45.106  25.658  66.322 0.0000000000
86613  -44.097  25.770  65.863 0.0000000000
110548  -42.974  25.814  65.555 0.0000000000
86612  -41.975  25.872  65.346 0.0000000000
126021  -41.435  25.840  65.031 0.0000000000
89004  -42.497  29.040  65.305 0.0000000000
89011  -41.537  29.305  64.717 0.0000000000
88457  -41.652  28.426  65.218 0.0000000000
87919  -40.899  26.900  65.236 0.0000000000
128026  -40.621  26.335  64.884 0.0000000000
86626  -40.434  25.654  63.929 0.0000000000
111883  -40.061  25.541  63.172 0.0000000000
87927  -38.779  27.234  64.073 0.0000000000
87338  -38.616  26.595  63.618 0.0000000000
90730  -43.437  32.876  59.343 0.0000000000
90720  -42.471  32.746  60.523 0.0000000000
90146  -39.698  31.596  62.727 0.0000000000
91275  -38.599  33.267  61.398 0.0000000000
91276  -39.355  33.167  61.429 0.0000000000
90679  -39.274  32.196  62.326 0.0000000000
90126  -39.180  30.924  63.118 0.0000000000
89567  -38.709  30.084  63.449 0.0000000000
112643  -38.224  29.257  63.614 0.0000000000
88473  -37.657  28.397  63.581 0.0000000000
89020  -36.995  29.640  63.131 0.0000000000
87934  -36.997  27.879  63.190 0.0000000000
84388  -44.290  22.825  70.858 0.0000000000
85151  -43.443  22.936  71.178 0.0000000000
85152  -44.144  23.738  70.578 0.0000000000
86599  -35.900  25.784  67.660 0.0000000000
86620  -41.703  25.597  64.714 0.0000000000
87301  -40.819  26.214  68.143 0.0000000000
87335  -39.365  26.528  64.146 0.0000000000
87915  -39.189  28.096  66.787 0.0000000000
88424  -44.099  28.277  68.341 0.0000000000
89003  -38.203  30.363  65.839 0.0000000000
89006  -44.479  29.691  66.112 0.0000000000
89539  -43.759  30.644  67.153 0.0000000000
89561  -42.959  30.462  64.305 0.0000000000
90118  -38.561  31.569  65.595 0.0000000000
90667  -43.958  32.737  64.974 0.0000000000
90702  -38.893  32.731  61.890 0.0000000000
90736  -43.396  32.688  58.331 0.0000000000
90776  -37.797  32.695  52.192 0.0000000000
90778  -39.790  32.402  51.494 0.0000000000
90783  -38.901  32.703  51.111 0.0000000000
90785  -40.501  32.474  51.020 0.0000000000
90788  -40.397  32.704  50.343 0.0000000000
91316  -38.776  34.070  59.978 0.0000000000
91972  -39.423  33.955  58.193 0.0000000000
92051  -39.866  33.616  49.858 0.0000000000
92053  -41.963  33.821  49.892 0.0000000000
92056  -41.527  34.271  49.497 0.0000000000
92057  -42.174  34.165  49.653 0.0000000000
92666  -43.385  35.559  50.226 0.0000000000
92671  -41.579  35.124  49.475 0.0000000000
92672  -43.055  34.939  49.746 0.0000000000
93158  -36.928  36.881  62.989 0.0000000000
93210  -38.804  36.964  56.122 0.0000000000
93250  -43.657  36.264  50.189 0.0000000000
93254  -40.649  35.461  50.028 0.0000000000
93257  -43.505  36.396  49.737 0.0000000000
93260  -42.860  35.829  49.351 0.0000000000
93261  -43.187  35.866  49.468 0.0000000000
93746  -40.021  37.032  59.474 0.0000000000
93758  -38.696  38.226  57.933 0.0000000000
93769  -38.853  36.919  56.807 0.0000000000
93796  -42.408  37.193  52.383 0.0000000000
93802  -43.785  37.015  50.867 0.0000000000
93809  -44.030  37.818  49.869 0.0000000000
93814  -43.660  37.314  49.686 0.0000000000
94269  -38.790  38.980  59.052 0.0000000000
94283  -38.503  38.954  57.515 0.0000000000
94314  -42.178  39.496  54.642 0.0000000000
94327  -43.898  38.704  52.228 0.0000000000
94335  -42.604  38.263  49.537 0.0000000000
94337  -44.188  38.546  49.452 0.0000000000
94785  -39.123  39.422  59.779 0.0000000000
94809  -38.564  39.559  57.099 0.0000000000
94810  -38.901  39.666  56.527 0.0000000000
94822  -40.339  39.570  55.416 0.0000000000
94839  -43.053  39.450  53.912 0.0000000000
94852  -44.368  38.995  50.813 0.0000000000
94867  -44.067  39.221  48.933 0.0000000000
94868  -44.294  39.487  49.001 0.0000000000
95395  -40.907  41.075  53.406 0.0000000000
95404  -43.099  40.031  52.202 0.0000000000
95441  -44.480  41.542  48.368 0.0000000000
95442  -44.781  41.940  48.089 0.0000000000
95863  -37.551  41.657  62.640 0.0000000000
95864  -39.124  41.876  63.284 0.0000000000
95914  -40.466  42.067  56.916 0.0000000000
95991  -44.050  41.100  50.274 0.0000000000
96012  -43.449  41.560  48.510 0.0000000000
96013  -44.782  42.057  48.350 0.0000000000
96444  -40.204  42.918  63.053 0.0000000000
96605  -44.867  42.195  47.888 0.0000000000
97026  -39.890  43.794  62.120 0.0000000000
97108  -41.741  43.666  50.873 0.0000000000
97143  -45.190  43.450  47.931 0.0000000000
97600  -40.093  44.944  59.366 0.0000000000
97677  -45.172  44.169  47.355 0.0000000000
98088  -32.091  45.430  57.557 0.0000000000
98166  -45.297  45.185  46.936 0.0000000000
98174  -45.108  45.190  46.680 0.0000000000
98615  -41.455  47.121  52.299 0.0000000000
98622  -42.711  47.164  50.059 0.0000000000
98647  -44.953  45.623  46.637 0.0000000000
99078  -38.986  47.463  54.092 0.0000000000
99094  -42.276  47.779  51.538 0.0000000000
99593  -43.390  48.808  48.214 0.0000000000
99604  -44.314  48.583  46.218 0.0000000000
100073  -43.587  49.586  46.962 0.0000000000
100491  -37.785  51.584  56.721 0.0000000000
113878  -43.783  33.838  61.011 0.0000000000
114097  -44.530  40.849  49.633 0.0000000000
114542  -40.232  44.684  59.702 0.0000000000
115376  -35.861  49.167  58.119 0.0000000000
116375  -39.550  36.668  54.546 0.0000000000
118012  -40.959  32.533  51.325 0.0000000000
120569  -40.518  42.179  56.181 0.0000000000
120808  -42.306  37.494  49.619 0.0000000000
121373  -43.758  27.849  68.660 0.0000000000
124676  -42.430  35.258  49.439 0.0000000000
127678  -41.767  40.619  55.319 0.0000000000
127980  -38.846  32.183  65.544 0.0000000000
130047  -40.971  41.032  56.248 0.0000000000
130383  -42.430  34.472  66.003 0.0000000000
130463  -37.940  46.285  59.183 0.0000000000
131128  -37.571  37.163  63.273 0.0000000000
131562  -41.921  30.669  66.803 0.0000000000
131818  -36.357  47.361  58.296 0.0000000000
132846  -39.715  28.212  66.897 0.0000000000
133228  -40.049  43.508  62.498 0.0000000000
