#!ascii label  , from subject sub-v2s12x28890_ses-1 vox2ras=TkReg
1641
62065  -34.457  -1.465  73.482 0.0000000000
75056  -49.583  11.621  53.859 0.0000000000
128844  -41.532  1.936  61.059 0.0000000000
135593  -5.231  -13.862  70.567 0.0000000000
58130  -18.642  -6.185  74.911 0.0000000000
58159  -3.014  -5.823  70.782 0.0000000000
60978  -3.733  -3.015  78.936 0.0000000000
69683  -45.956  6.091  57.310 0.0000000000
58226  -3.108  -6.620  63.296 0.0000000000
52127  -1.233  -12.584  78.012 0.0000000000
60108  -35.103  -3.638  65.807 0.0000000000
113376  -28.488  -3.233  72.216 0.0000000000
135551  -26.112  -2.550  75.147 0.0000000000
75082  -52.506  11.328  51.272 0.0000000000
135027  -44.301  2.557  59.260 0.0000000000
126553  -15.584  -10.916  71.368 0.0000000000
63908  -2.118  -0.179  66.370 0.0000000000
56016  -7.273  -8.245  71.170 0.0000000000
130630  -7.499  -9.829  65.587 0.0000000000
50239  -8.137  -14.949  66.407 0.0000000000
52066  -8.634  -11.620  81.398 0.0000000000
54870  -5.322  -9.299  83.171 0.0000000000
64913  -39.185  0.991  63.968 0.0000000000
61998  -22.300  -2.242  77.579 0.0000000000
59063  -21.204  -4.643  72.054 0.0000000000
60027  -2.904  -4.458  74.979 0.0000000000
54963  -6.246  -9.317  75.147 0.0000000000
73202  -46.941  9.679  56.637 0.0000000000
52134  -11.908  -12.212  78.036 0.0000000000
52179  -14.371  -12.495  74.423 0.0000000000
59105  -2.464  -6.196  67.304 0.0000000000
54214  -4.152  -10.433  62.128 0.0000000000
59977  -5.853  -3.708  83.262 0.0000000000
55919  -5.186  -9.411  79.310 0.0000000000
52171  -2.911  -12.446  74.493 0.0000000000
62075  -35.709  -1.595  72.022 0.0000000000
61078  -32.905  -2.457  70.282 0.0000000000
61079  -34.950  -2.474  69.988 0.0000000000
62062  -31.296  -2.233  72.931 0.0000000000
61075  -30.330  -2.762  70.749 0.0000000000
62039  -30.810  -1.833  74.999 0.0000000000
75068  -50.543  11.424  52.822 0.0000000000
73245  -46.876  9.787  53.130 0.0000000000
112477  -48.176  9.499  51.462 0.0000000000
73287  -49.654  9.125  50.267 0.0000000000
66033  -43.139  2.208  59.898 0.0000000000
116630  -39.112  1.443  60.176 0.0000000000
66050  -39.548  1.480  58.912 0.0000000000
112566  -41.163  1.447  58.202 0.0000000000
54155  -7.041  -11.038  71.156 0.0000000000
53263  -8.186  -12.137  68.793 0.0000000000
50225  -6.798  -14.710  69.018 0.0000000000
47253  -6.175  -17.350  67.329 0.0000000000
48243  -6.019  -15.576  69.605 0.0000000000
132941  -8.044  -11.801  79.083 0.0000000000
52075  -5.697  -12.188  80.746 0.0000000000
64888  -38.594  0.342  65.811 0.0000000000
61158  -37.273  -2.469  66.272 0.0000000000
61195  -35.593  -3.523  63.571 0.0000000000
63047  -37.387  -1.713  64.787 0.0000000000
63958  -37.201  -0.430  63.512 0.0000000000
123023  -24.747  -0.107  79.243 0.0000000000
61045  -24.500  -3.344  72.180 0.0000000000
61030  -23.492  -2.864  73.568 0.0000000000
73306  -51.951  10.129  48.270 0.0000000000
75139  -53.015  11.228  46.460 0.0000000000
60012  -3.637  -4.076  77.016 0.0000000000
58113  -6.038  -6.203  75.188 0.0000000000
117856  -6.147  -5.867  77.613 0.0000000000
72315  -46.690  8.305  57.265 0.0000000000
67975  -44.128  3.239  56.172 0.0000000000
69712  -44.363  5.448  55.674 0.0000000000
70611  -44.044  7.320  54.831 0.0000000000
52069  -11.979  -12.118  80.814 0.0000000000
51112  -14.433  -12.596  79.252 0.0000000000
61081  -2.263  -3.197  70.381 0.0000000000
61095  -2.407  -3.556  68.907 0.0000000000
58182  -2.549  -6.027  68.909 0.0000000000
52324  -7.805  -12.650  62.748 0.0000000000
54194  -5.437  -9.961  63.613 0.0000000000
51282  -5.962  -12.743  60.854 0.0000000000
58991  -8.374  -4.680  83.639 0.0000000000
53100  -2.628  -11.424  80.058 0.0000000000
54889  -4.415  -9.566  80.577 0.0000000000
54051  -3.355  -10.833  78.834 0.0000000000
118855  -3.487  -11.283  77.028 0.0000000000
118730  -1.969  -12.382  76.244 0.0000000000
61130  -36.694  -2.872  67.956 0.0000000000
63779  -27.043  -0.897  78.081 0.0000000000
62942  -28.871  -1.391  77.158 0.0000000000
61034  -27.316  -3.027  73.409 0.0000000000
75098  -53.863  11.503  49.985 0.0000000000
73293  -50.840  9.476  49.239 0.0000000000
112479  -45.254  3.740  58.276 0.0000000000
135131  -42.977  1.776  56.737 0.0000000000
57106  -17.445  -7.100  71.608 0.0000000000
126835  -16.770  -8.041  72.536 0.0000000000
61164  -2.759  -3.702  64.911 0.0000000000
131395  -4.960  -6.392  71.014 0.0000000000
129880  -5.238  -7.053  68.507 0.0000000000
119804  -8.201  -8.873  68.768 0.0000000000
52297  -8.787  -12.318  65.443 0.0000000000
49299  -6.935  -15.620  63.818 0.0000000000
54877  -10.121  -9.814  84.036 0.0000000000
56987  -8.209  -7.188  85.064 0.0000000000
125964  -6.773  -11.399  83.415 0.0000000000
52061  -4.259  -12.282  80.898 0.0000000000
65988  -40.764  1.662  62.721 0.0000000000
64934  -37.408  0.628  61.422 0.0000000000
60018  -20.468  -4.762  76.330 0.0000000000
115353  -24.335  -2.081  76.188 0.0000000000
60032  -21.919  -3.651  74.364 0.0000000000
59061  -19.670  -5.377  72.961 0.0000000000
62067  -1.773  -2.664  72.148 0.0000000000
125072  -1.478  -1.943  74.905 0.0000000000
113219  -1.976  -6.225  73.796 0.0000000000
58139  -5.420  -6.038  73.119 0.0000000000
55992  -7.067  -8.346  73.039 0.0000000000
54139  -5.680  -11.046  73.052 0.0000000000
123334  -48.403  11.176  55.395 0.0000000000
72340  -45.088  8.802  54.442 0.0000000000
53096  -11.102  -11.284  82.344 0.0000000000
52097  -10.547  -11.766  79.631 0.0000000000
52132  -9.294  -11.573  77.493 0.0000000000
54973  -16.309  -9.898  74.165 0.0000000000
115020  -15.828  -11.503  75.308 0.0000000000
130765  -14.928  -12.744  77.283 0.0000000000
52163  -13.593  -12.589  76.041 0.0000000000
52160  -11.499  -11.725  75.330 0.0000000000
64833  -3.104  0.061  68.109 0.0000000000
62118  -2.259  -2.722  67.162 0.0000000000
58215  -2.481  -6.701  64.762 0.0000000000
56090  -4.467  -8.103  66.219 0.0000000000
56124  -3.937  -8.746  64.425 0.0000000000
55094  -3.059  -9.051  62.676 0.0000000000
60963  -5.094  -3.090  81.212 0.0000000000
58066  -6.828  -6.342  83.313 0.0000000000
115712  -6.520  -6.629  81.430 0.0000000000
58087  -6.429  -5.983  78.882 0.0000000000
55941  -5.857  -8.804  77.736 0.0000000000
54111  -4.360  -11.319  75.036 0.0000000000
52187  -3.765  -12.572  72.995 0.0000000000
50154  -0.659  -14.362  76.313 0.0000000000
50176  -1.820  -14.801  74.250 0.0000000000
118576  -4.084  -15.407  71.126 0.0000000000
62066  -35.070  -1.490  72.815 0.0000000000
62976  -35.128  -1.378  73.249 0.0000000000
62081  -33.196  -1.970  71.913 0.0000000000
62091  -34.527  -2.198  70.850 0.0000000000
62063  -32.887  -1.703  73.346 0.0000000000
62080  -32.456  -2.223  71.555 0.0000000000
62967  -34.046  -1.435  74.357 0.0000000000
118734  -33.016  -1.478  74.591 0.0000000000
74163  -49.740  11.245  53.095 0.0000000000
74176  -47.801  10.318  53.279 0.0000000000
73264  -46.821  9.422  52.165 0.0000000000
74177  -48.461  10.451  52.867 0.0000000000
74178  -49.182  10.651  52.576 0.0000000000
66015  -41.831  1.853  60.483 0.0000000000
66003  -43.899  2.473  61.474 0.0000000000
66001  -42.732  2.248  61.735 0.0000000000
66028  -39.000  1.472  59.391 0.0000000000
120210  -41.164  1.711  60.348 0.0000000000
66031  -41.689  1.635  59.699 0.0000000000
52212  -5.897  -12.547  70.857 0.0000000000
134539  -6.774  -12.686  69.956 0.0000000000
51211  -5.815  -13.710  70.186 0.0000000000
50218  -6.135  -14.823  69.612 0.0000000000
50217  -5.560  -14.875  69.967 0.0000000000
129773  -7.329  -12.122  77.931 0.0000000000
52130  -6.447  -12.334  78.214 0.0000000000
63035  -37.692  -1.548  67.251 0.0000000000
122169  -37.426  -2.179  65.296 0.0000000000
63935  -37.643  -1.197  66.157 0.0000000000
63949  -37.547  -0.932  65.175 0.0000000000
74240  -53.194  10.844  48.002 0.0000000000
74244  -52.472  10.701  47.000 0.0000000000
75147  -54.290  11.903  46.173 0.0000000000
60986  -3.593  -3.347  78.357 0.0000000000
59017  -4.888  -4.446  77.385 0.0000000000
129120  -5.087  -4.219  78.098 0.0000000000
70579  -46.351  6.815  57.261 0.0000000000
71446  -46.915  7.849  57.847 0.0000000000
67977  -44.901  4.607  56.937 0.0000000000
67995  -44.236  4.305  55.818 0.0000000000
69693  -44.862  5.452  56.441 0.0000000000
70600  -45.070  6.965  56.102 0.0000000000
52082  -14.647  -12.090  80.181 0.0000000000
52083  -15.262  -12.109  80.024 0.0000000000
58119  -19.368  -5.973  76.166 0.0000000000
57062  -18.196  -6.739  75.412 0.0000000000
123850  -3.953  -5.333  63.718 0.0000000000
127329  -2.143  -4.889  70.701 0.0000000000
130956  -2.210  -4.668  70.087 0.0000000000
59086  -2.657  -5.792  69.704 0.0000000000
50282  -7.054  -14.029  61.590 0.0000000000
52353  -6.265  -12.557  61.423 0.0000000000
50295  -6.191  -13.632  60.632 0.0000000000
59980  -9.025  -4.194  82.112 0.0000000000
58992  -8.830  -5.599  83.584 0.0000000000
53113  -2.422  -11.548  79.447 0.0000000000
53114  -2.878  -11.074  79.467 0.0000000000
53129  -2.299  -11.668  77.715 0.0000000000
53130  -2.785  -11.543  77.517 0.0000000000
52128  -1.772  -12.049  77.333 0.0000000000
61080  -36.099  -2.463  69.857 0.0000000000
61112  -36.001  -2.980  68.547 0.0000000000
62109  -37.417  -2.332  69.253 0.0000000000
61113  -37.430  -2.364  68.485 0.0000000000
61023  -29.659  -2.514  73.986 0.0000000000
61009  -28.861  -2.415  74.914 0.0000000000
115377  -28.311  -3.064  73.004 0.0000000000
61060  -26.640  -3.448  71.938 0.0000000000
74218  -53.088  11.180  50.442 0.0000000000
73289  -50.540  9.761  50.651 0.0000000000
73292  -50.276  9.223  49.731 0.0000000000
74216  -51.782  10.143  50.096 0.0000000000
73295  -52.080  10.159  49.427 0.0000000000
67951  -45.148  3.151  58.951 0.0000000000
68805  -46.450  4.355  59.850 0.0000000000
122299  -45.518  3.192  59.887 0.0000000000
66053  -42.616  1.701  58.464 0.0000000000
114058  -42.007  1.402  57.740 0.0000000000
66054  -43.408  1.999  58.228 0.0000000000
67036  -44.165  2.389  57.732 0.0000000000
63923  -1.701  -0.478  65.046 0.0000000000
62125  -2.446  -2.349  64.905 0.0000000000
63037  -2.046  -1.673  65.462 0.0000000000
127526  -6.747  -7.321  70.818 0.0000000000
56034  -7.073  -7.639  69.563 0.0000000000
56017  -7.644  -8.526  70.137 0.0000000000
51241  -8.326  -13.692  67.316 0.0000000000
52270  -8.591  -12.957  67.211 0.0000000000
50240  -8.405  -14.029  66.043 0.0000000000
50253  -8.199  -14.552  64.449 0.0000000000
50245  -7.992  -15.266  65.436 0.0000000000
48303  -6.297  -16.566  65.151 0.0000000000
52039  -9.946  -11.212  83.234 0.0000000000
53085  -8.955  -10.630  84.168 0.0000000000
52044  -7.618  -11.574  82.400 0.0000000000
52091  -4.670  -12.360  80.282 0.0000000000
115567  -4.989  -12.097  80.865 0.0000000000
51104  -3.988  -12.707  79.919 0.0000000000
51102  -3.112  -12.887  80.064 0.0000000000
112780  -39.892  1.355  63.212 0.0000000000
136018  -37.998  0.221  64.172 0.0000000000
129209  -37.207  0.045  62.819 0.0000000000
64925  -38.505  0.863  62.512 0.0000000000
65987  -39.458  1.321  62.295 0.0000000000
61988  -21.652  -2.579  78.000 0.0000000000
60004  -20.728  -4.003  77.342 0.0000000000
60996  -21.263  -3.429  76.923 0.0000000000
62001  -26.766  -1.722  76.975 0.0000000000
127444  -25.627  -1.684  77.074 0.0000000000
130680  -25.310  -2.169  76.238 0.0000000000
112991  -22.329  -3.769  72.782 0.0000000000
61029  -22.664  -3.103  73.915 0.0000000000
60038  -21.721  -4.153  73.259 0.0000000000
60030  -20.899  -4.537  74.000 0.0000000000
59062  -20.418  -5.020  72.483 0.0000000000
58164  -19.321  -5.925  71.620 0.0000000000
61000  -2.491  -3.606  75.762 0.0000000000
60020  -2.375  -4.294  74.665 0.0000000000
60025  -2.113  -4.996  74.094 0.0000000000
59042  -1.896  -6.205  74.097 0.0000000000
59044  -3.374  -5.336  73.381 0.0000000000
114343  -3.184  -5.299  74.095 0.0000000000
57044  -6.606  -7.399  75.550 0.0000000000
57056  -6.506  -7.114  74.538 0.0000000000
55984  -6.714  -8.874  74.282 0.0000000000
54978  -6.265  -10.173  73.402 0.0000000000
54971  -6.016  -10.002  74.337 0.0000000000
74136  -47.626  10.525  55.578 0.0000000000
75031  -48.938  11.488  56.266 0.0000000000
114829  -48.210  10.839  56.488 0.0000000000
72323  -45.457  8.505  55.943 0.0000000000
72331  -44.846  8.467  55.231 0.0000000000
73211  -45.481  8.962  55.218 0.0000000000
73227  -47.084  10.088  54.831 0.0000000000
117283  -11.478  -10.905  81.649 0.0000000000
113735  -12.368  -12.563  79.386 0.0000000000
135005  -11.576  -12.200  80.257 0.0000000000
127648  -11.072  -11.902  79.113 0.0000000000
114197  -10.064  -11.703  78.929 0.0000000000
52133  -10.437  -11.646  77.526 0.0000000000
54980  -16.154  -9.563  72.212 0.0000000000
133306  -16.477  -9.175  73.892 0.0000000000
54150  -16.021  -10.294  72.572 0.0000000000
119618  -14.530  -12.341  73.888 0.0000000000
53158  -15.675  -11.565  74.388 0.0000000000
52180  -14.702  -12.422  74.621 0.0000000000
52151  -15.528  -12.214  76.754 0.0000000000
52165  -14.789  -12.647  75.789 0.0000000000
51154  -14.225  -12.702  76.320 0.0000000000
112843  -13.556  -12.497  75.207 0.0000000000
114434  -12.158  -11.903  73.934 0.0000000000
112605  -3.293  -0.148  69.081 0.0000000000
59104  -2.356  -5.538  67.966 0.0000000000
116377  -2.373  -3.072  68.060 0.0000000000
59114  -2.374  -5.321  67.147 0.0000000000
126817  -2.434  -5.005  66.432 0.0000000000
58207  -2.438  -6.850  65.687 0.0000000000
56071  -6.220  -8.013  67.034 0.0000000000
56070  -5.108  -7.727  66.937 0.0000000000
56111  -5.802  -8.778  65.497 0.0000000000
125702  -4.897  -10.403  62.780 0.0000000000
55075  -4.956  -9.504  63.902 0.0000000000
55096  -4.140  -9.645  63.159 0.0000000000
56134  -3.174  -8.909  63.488 0.0000000000
55113  -3.369  -9.571  62.034 0.0000000000
55130  -3.459  -9.840  61.216 0.0000000000
132036  -5.774  -3.697  82.645 0.0000000000
55889  -6.998  -8.046  84.593 0.0000000000
58057  -6.942  -6.602  84.253 0.0000000000
55899  -6.383  -7.502  83.170 0.0000000000
54893  -4.396  -9.706  79.953 0.0000000000
55911  -5.667  -8.473  81.227 0.0000000000
55914  -5.587  -8.691  80.382 0.0000000000
122038  -6.485  -6.148  79.818 0.0000000000
119529  -5.971  -8.273  79.127 0.0000000000
115026  -6.156  -8.074  78.373 0.0000000000
55929  -5.522  -9.151  78.610 0.0000000000
53146  -3.096  -11.731  75.562 0.0000000000
54096  -4.138  -11.071  75.859 0.0000000000
53155  -3.367  -11.919  74.768 0.0000000000
53171  -4.207  -11.978  73.761 0.0000000000
52186  -3.475  -12.609  73.373 0.0000000000
48172  -1.001  -16.007  75.953 0.0000000000
50164  -0.920  -14.403  75.510 0.0000000000
62083  -37.155  -1.726  70.915 0.0000000000
61091  -32.528  -2.595  69.646 0.0000000000
121913  -33.093  -2.658  69.022 0.0000000000
124487  -33.846  -2.476  70.187 0.0000000000
62092  -35.690  -2.175  70.613 0.0000000000
61050  -29.841  -2.681  72.464 0.0000000000
61065  -30.958  -2.567  71.361 0.0000000000
61076  -31.263  -2.613  70.513 0.0000000000
135058  -30.898  -2.028  74.202 0.0000000000
75081  -51.640  11.197  51.681 0.0000000000
131034  -46.911  9.043  51.302 0.0000000000
72370  -47.484  8.807  50.644 0.0000000000
113608  -48.129  8.645  50.117 0.0000000000
73281  -48.966  9.729  51.432 0.0000000000
74198  -50.410  10.320  51.368 0.0000000000
66055  -43.777  2.319  59.419 0.0000000000
67027  -45.122  2.861  60.334 0.0000000000
66018  -44.090  2.553  60.937 0.0000000000
67005  -45.312  2.741  61.665 0.0000000000
64954  -37.337  0.913  60.077 0.0000000000
64962  -37.470  1.235  59.136 0.0000000000
66048  -38.115  1.456  58.387 0.0000000000
66066  -38.813  1.459  57.815 0.0000000000
64974  -39.401  1.371  57.359 0.0000000000
132319  -40.723  1.457  58.497 0.0000000000
66052  -41.832  1.554  58.747 0.0000000000
54149  -7.344  -10.068  71.489 0.0000000000
54161  -7.804  -10.520  69.874 0.0000000000
53232  -7.289  -11.405  70.383 0.0000000000
51232  -7.623  -13.858  68.482 0.0000000000
50231  -7.775  -14.899  67.518 0.0000000000
48282  -7.392  -16.105  66.897 0.0000000000
49263  -7.029  -15.907  68.247 0.0000000000
48256  -6.564  -16.252  68.783 0.0000000000
113162  -8.523  -11.681  80.496 0.0000000000
52077  -7.318  -11.901  81.156 0.0000000000
116978  -7.037  -11.958  79.796 0.0000000000
64901  -39.309  0.849  64.996 0.0000000000
61157  -36.748  -3.077  65.704 0.0000000000
61156  -35.733  -3.541  65.152 0.0000000000
61177  -36.530  -3.143  64.841 0.0000000000
62129  -36.977  -2.680  64.700 0.0000000000
62140  -36.386  -2.019  63.523 0.0000000000
63052  -37.240  -1.049  64.230 0.0000000000
63950  -37.954  -0.064  65.031 0.0000000000
62922  -23.400  -1.381  78.298 0.0000000000
112781  -25.830  -2.776  73.852 0.0000000000
61018  -24.993  -2.611  74.005 0.0000000000
61044  -23.729  -3.197  72.642 0.0000000000
60046  -22.907  -3.696  71.757 0.0000000000
73310  -51.160  9.967  47.274 0.0000000000
73320  -51.028  10.142  46.304 0.0000000000
74257  -52.102  11.107  45.152 0.0000000000
74261  -51.948  11.238  44.243 0.0000000000
59029  -3.659  -4.434  76.010 0.0000000000
59036  -3.766  -4.989  74.786 0.0000000000
59030  -4.293  -4.894  75.886 0.0000000000
132286  -5.831  -5.840  76.048 0.0000000000
119071  -6.372  -6.671  76.264 0.0000000000
73185  -46.609  8.964  56.940 0.0000000000
72316  -47.160  8.578  57.796 0.0000000000
68008  -42.991  3.942  54.669 0.0000000000
68865  -43.363  4.848  54.709 0.0000000000
69725  -43.753  6.596  54.631 0.0000000000
120628  -44.214  6.499  55.243 0.0000000000
71474  -45.044  7.777  55.867 0.0000000000
54037  -12.094  -10.913  80.778 0.0000000000
53103  -13.458  -11.554  80.552 0.0000000000
52099  -12.990  -12.629  79.775 0.0000000000
128465  -12.974  -12.683  79.137 0.0000000000
52204  -14.467  -12.233  72.023 0.0000000000
52191  -13.474  -12.438  73.687 0.0000000000
62086  -2.561  -1.903  70.154 0.0000000000
62097  -2.708  -2.067  69.400 0.0000000000
62096  -2.440  -2.633  69.930 0.0000000000
133538  -2.316  -4.392  69.400 0.0000000000
58191  -2.473  -6.194  68.129 0.0000000000
54196  -8.092  -11.024  64.416 0.0000000000
131418  -6.679  -10.115  64.391 0.0000000000
54206  -6.599  -10.860  63.372 0.0000000000
53318  -5.740  -11.406  62.096 0.0000000000
52351  -4.654  -11.356  61.214 0.0000000000
60964  -8.655  -3.311  81.237 0.0000000000
61956  -7.918  -3.122  82.511 0.0000000000
59976  -7.145  -4.268  83.244 0.0000000000
54030  -3.177  -10.701  81.277 0.0000000000
54880  -5.074  -9.018  81.855 0.0000000000
126645  -3.586  -10.139  80.530 0.0000000000
127438  -3.840  -10.203  79.652 0.0000000000
54910  -4.257  -10.205  78.920 0.0000000000
54926  -4.396  -10.316  78.137 0.0000000000
123565  -3.618  -10.997  77.980 0.0000000000
53137  -2.735  -11.703  76.882 0.0000000000
52156  -2.503  -12.401  75.369 0.0000000000
60095  -34.388  -3.628  66.382 0.0000000000
61111  -34.706  -3.098  68.334 0.0000000000
61128  -34.513  -3.406  67.319 0.0000000000
112556  -35.305  -3.407  66.718 0.0000000000
61131  -37.293  -2.401  67.654 0.0000000000
62117  -37.783  -1.771  67.794 0.0000000000
62019  -27.726  -2.074  76.392 0.0000000000
132753  -29.713  -1.691  76.152 0.0000000000
112540  -28.714  -2.201  75.627 0.0000000000
61007  -27.145  -2.564  75.051 0.0000000000
113323  -25.964  -3.037  73.022 0.0000000000
135496  -49.499  8.842  49.046 0.0000000000
73299  -51.388  9.769  48.743 0.0000000000
74234  -52.572  10.454  48.450 0.0000000000
68825  -45.785  5.168  57.887 0.0000000000
69673  -46.580  5.839  58.704 0.0000000000
69665  -46.763  5.264  59.535 0.0000000000
64990  -40.345  1.048  56.488 0.0000000000
66083  -43.259  1.996  56.407 0.0000000000
67964  -44.860  3.773  57.422 0.0000000000
58143  -18.003  -6.471  73.441 0.0000000000
57074  -17.562  -7.029  73.907 0.0000000000
57089  -17.283  -7.274  72.413 0.0000000000
56003  -16.408  -8.717  71.856 0.0000000000
61165  -3.207  -3.474  64.640 0.0000000000
59130  -2.966  -5.303  64.219 0.0000000000
58160  -3.491  -6.017  70.613 0.0000000000
133154  -3.654  -6.217  69.935 0.0000000000
115710  -5.192  -6.759  69.334 0.0000000000
56053  -6.975  -7.733  68.623 0.0000000000
55018  -7.834  -9.196  67.086 0.0000000000
54167  -8.378  -10.571  68.350 0.0000000000
54172  -8.505  -10.698  67.392 0.0000000000
54186  -8.514  -10.923  65.375 0.0000000000
52308  -8.589  -12.589  64.543 0.0000000000
119113  -9.008  -6.520  83.959 0.0000000000
121813  -9.273  -8.803  84.772 0.0000000000
54015  -7.841  -9.528  85.380 0.0000000000
53074  -6.035  -10.842  84.204 0.0000000000
133114  -6.058  -11.972  81.827 0.0000000000
115709  -5.662  -11.728  82.544 0.0000000000
53087  -3.866  -11.551  82.693 0.0000000000
135929  -3.098  -12.290  80.941 0.0000000000
51101  -2.462  -12.648  80.080 0.0000000000
51106  -1.317  -12.926  79.064 0.0000000000
113605  -41.194  1.777  61.816 0.0000000000
65990  -42.595  2.241  62.461 0.0000000000
113134  -42.384  2.166  63.335 0.0000000000
60146  -35.170  -4.201  63.671 0.0000000000
128807  -37.200  0.689  60.757 0.0000000000
66000  -39.580  1.429  61.499 0.0000000000
59028  -20.118  -5.271  76.605 0.0000000000
116591  -19.834  -5.426  75.583 0.0000000000
63778  -26.040  -0.823  78.326 0.0000000000
130595  -24.825  -0.990  78.007 0.0000000000
62016  -23.376  -1.972  76.556 0.0000000000
62032  -24.037  -2.358  75.197 0.0000000000
61006  -22.971  -2.452  75.344 0.0000000000
60998  -22.714  -2.411  76.172 0.0000000000
131553  -21.422  -3.709  75.362 0.0000000000
127212  -20.465  -4.817  75.152 0.0000000000
59049  -19.039  -5.671  74.399 0.0000000000
117745  -18.579  -6.178  72.041 0.0000000000
75155  -52.433  11.646  43.592 0.0000000000
76054  -53.059  12.299  43.080 0.0000000000
76066  -52.882  12.529  42.167 0.0000000000
62077  -2.033  -2.505  71.280 0.0000000000
61052  -1.924  -4.027  71.571 0.0000000000
62055  -1.658  -2.876  73.164 0.0000000000
60033  -2.083  -4.723  73.354 0.0000000000
130850  -2.720  -5.260  72.529 0.0000000000
58149  -4.164  -5.837  71.924 0.0000000000
131686  -4.797  -6.186  71.583 0.0000000000
57086  -6.642  -7.317  72.439 0.0000000000
127277  -5.736  -6.134  74.056 0.0000000000
57070  -6.710  -7.511  73.230 0.0000000000
56002  -7.154  -8.280  72.196 0.0000000000
114914  -7.080  -9.937  72.167 0.0000000000
54147  -5.940  -11.369  72.261 0.0000000000
53210  -5.441  -12.268  71.916 0.0000000000
74147  -48.415  11.091  54.408 0.0000000000
70610  -43.684  7.285  54.207 0.0000000000
71496  -43.765  7.821  53.739 0.0000000000
71505  -43.959  8.151  53.149 0.0000000000
72349  -45.465  9.047  53.664 0.0000000000
73246  -47.337  10.251  53.937 0.0000000000
54033  -10.845  -10.444  83.006 0.0000000000
52057  -10.351  -11.567  81.987 0.0000000000
52068  -11.439  -11.707  81.162 0.0000000000
52067  -10.651  -11.665  81.385 0.0000000000
113163  -9.151  -11.541  80.903 0.0000000000
120052  -9.060  -11.512  78.335 0.0000000000
55986  -17.135  -7.822  74.240 0.0000000000
54965  -16.859  -8.751  75.426 0.0000000000
54957  -16.709  -9.150  75.929 0.0000000000
53174  -15.538  -11.497  73.272 0.0000000000
54113  -16.177  -10.599  74.955 0.0000000000
54956  -16.573  -9.737  76.392 0.0000000000
124098  -16.526  -10.865  77.750 0.0000000000
53131  -16.182  -11.600  78.132 0.0000000000
52103  -15.775  -12.162  79.545 0.0000000000
51126  -14.795  -12.628  78.597 0.0000000000
51141  -13.884  -12.656  77.697 0.0000000000
128635  -12.524  -12.414  77.625 0.0000000000
113329  -12.988  -12.212  75.014 0.0000000000
52161  -12.364  -12.036  75.601 0.0000000000
52147  -12.027  -12.085  77.081 0.0000000000
114196  -10.714  -11.637  75.902 0.0000000000
64845  -2.588  0.378  67.104 0.0000000000
62105  -2.815  -1.764  68.577 0.0000000000
135279  -2.610  -1.617  67.765 0.0000000000
130076  -2.163  -1.558  66.336 0.0000000000
61149  -2.460  -3.490  65.445 0.0000000000
118563  -2.679  -5.102  64.861 0.0000000000
59138  -2.770  -6.180  64.004 0.0000000000
57139  -3.475  -6.492  69.144 0.0000000000
57165  -3.275  -7.152  67.548 0.0000000000
57175  -3.213  -7.515  66.581 0.0000000000
55051  -5.296  -9.045  64.693 0.0000000000
56109  -4.034  -8.486  65.135 0.0000000000
56107  -2.908  -7.974  65.525 0.0000000000
118683  -2.865  -8.233  64.848 0.0000000000
57203  -2.611  -7.940  63.668 0.0000000000
57214  -2.883  -8.015  62.886 0.0000000000
56157  -3.394  -8.824  61.473 0.0000000000
58064  -8.106  -6.072  84.422 0.0000000000
58986  -7.377  -5.002  83.372 0.0000000000
58994  -6.867  -4.698  82.795 0.0000000000
135337  -6.011  -8.038  82.315 0.0000000000
58073  -6.752  -6.290  82.339 0.0000000000
58997  -6.803  -4.943  82.450 0.0000000000
59001  -6.159  -4.582  81.288 0.0000000000
59005  -6.077  -4.782  80.252 0.0000000000
59999  -5.235  -4.052  78.815 0.0000000000
128539  -6.284  -5.905  78.213 0.0000000000
57020  -6.273  -7.663  77.766 0.0000000000
55954  -6.049  -8.776  76.771 0.0000000000
54940  -4.545  -10.319  77.361 0.0000000000
54954  -4.795  -10.338  76.433 0.0000000000
54097  -5.210  -10.401  75.383 0.0000000000
54112  -5.155  -10.882  74.613 0.0000000000
134262  -4.393  -12.245  73.034 0.0000000000
52210  -4.296  -13.265  71.717 0.0000000000
50133  -1.228  -14.263  77.816 0.0000000000
50143  -1.105  -15.011  77.387 0.0000000000
51150  -0.851  -13.341  76.554 0.0000000000
51164  -0.994  -13.429  75.813 0.0000000000
51165  -1.445  -13.671  75.175 0.0000000000
52170  -2.257  -13.032  74.835 0.0000000000
50185  -2.446  -14.562  73.496 0.0000000000
51184  -2.919  -13.774  72.938 0.0000000000
51191  -3.325  -13.567  72.414 0.0000000000
50204  -3.662  -14.203  71.604 0.0000000000
50211  -4.484  -14.332  70.942 0.0000000000
49235  -5.041  -15.246  70.356 0.0000000000
47226  -5.662  -17.166  69.587 0.0000000000
135174  -34.357  -1.592  72.936 0.0000000000
62074  -33.677  -1.753  72.673 0.0000000000
122495  -34.733  -1.674  72.361 0.0000000000
62064  -33.767  -1.593  73.500 0.0000000000
62975  -34.425  -1.425  73.868 0.0000000000
112509  -33.791  -1.488  74.124 0.0000000000
75057  -50.303  11.818  53.624 0.0000000000
75047  -50.146  12.147  54.380 0.0000000000
74161  -48.453  10.818  53.637 0.0000000000
74162  -49.036  11.052  53.351 0.0000000000
120077  -42.217  2.155  61.072 0.0000000000
122517  -42.795  2.218  61.157 0.0000000000
66014  -40.743  1.689  61.038 0.0000000000
66013  -40.379  1.543  60.333 0.0000000000
52223  -5.438  -13.365  70.724 0.0000000000
115778  -6.166  -13.036  70.323 0.0000000000
51221  -5.525  -14.305  70.155 0.0000000000
52142  -6.709  -12.449  77.442 0.0000000000
63921  -37.667  -1.317  66.851 0.0000000000
59998  -4.299  -3.648  78.519 0.0000000000
60006  -4.214  -3.895  77.946 0.0000000000
117427  -46.722  7.095  57.810 0.0000000000
70561  -46.474  6.360  57.917 0.0000000000
69694  -45.378  5.339  57.128 0.0000000000
121511  -45.326  6.204  56.576 0.0000000000
54043  -15.314  -11.171  80.195 0.0000000000
53105  -15.359  -11.739  80.173 0.0000000000
53115  -15.730  -11.932  80.105 0.0000000000
58131  -19.247  -5.861  75.349 0.0000000000
58118  -18.825  -6.360  75.834 0.0000000000
59139  -3.355  -5.737  63.726 0.0000000000
58227  -3.955  -6.105  63.303 0.0000000000
59076  -2.340  -5.208  70.994 0.0000000000
119659  -2.355  -5.296  70.263 0.0000000000
59077  -2.683  -5.619  70.493 0.0000000000
50281  -6.459  -14.301  60.997 0.0000000000
58998  -9.266  -5.733  82.452 0.0000000000
52111  -1.496  -12.228  78.649 0.0000000000
53122  -2.181  -11.630  78.599 0.0000000000
126839  -1.682  -11.905  78.023 0.0000000000
62101  -37.504  -2.140  69.924 0.0000000000
132164  -36.958  -2.365  69.728 0.0000000000
62102  -37.886  -2.091  69.563 0.0000000000
61049  -29.073  -2.941  72.737 0.0000000000
61036  -29.000  -2.776  73.498 0.0000000000
74200  -51.778  10.641  50.914 0.0000000000
113755  -51.131  10.135  50.704 0.0000000000
74217  -52.331  10.721  50.491 0.0000000000
67037  -44.527  2.699  58.695 0.0000000000
67038  -44.862  2.827  59.535 0.0000000000
134514  -43.570  2.170  58.831 0.0000000000
128404  -43.951  2.343  58.690 0.0000000000
64860  -2.102  0.847  65.959 0.0000000000
127583  -1.821  -0.333  65.596 0.0000000000
63040  -1.785  -1.093  64.947 0.0000000000
63907  -1.942  -0.914  65.774 0.0000000000
129348  -7.109  -7.702  70.383 0.0000000000
50232  -8.243  -14.245  66.969 0.0000000000
50246  -8.309  -14.544  65.495 0.0000000000
49279  -7.322  -15.991  65.359 0.0000000000
117278  -7.653  -15.719  66.222 0.0000000000
115000  -8.679  -11.524  82.211 0.0000000000
52045  -8.504  -11.362  82.877 0.0000000000
113165  -7.999  -11.721  81.830 0.0000000000
65975  -40.734  1.594  63.782 0.0000000000
65974  -39.987  1.278  64.356 0.0000000000
60107  -34.327  -3.897  65.488 0.0000000000
64912  -38.508  0.641  63.601 0.0000000000
129429  -39.119  1.043  63.073 0.0000000000
127767  -22.500  -1.856  78.281 0.0000000000
60990  -21.756  -2.746  77.233 0.0000000000
62018  -26.893  -2.068  76.432 0.0000000000
62017  -26.077  -2.201  76.282 0.0000000000
62034  -25.718  -2.425  75.566 0.0000000000
60044  -21.833  -4.226  72.473 0.0000000000
60037  -21.060  -4.604  72.927 0.0000000000
59072  -20.550  -5.032  71.595 0.0000000000
59082  -20.016  -5.459  71.209 0.0000000000
60999  -1.974  -3.283  75.566 0.0000000000
60026  -1.963  -5.731  74.287 0.0000000000
59035  -2.437  -5.617  74.242 0.0000000000
55973  -6.752  -8.202  74.902 0.0000000000
74128  -47.433  10.270  56.343 0.0000000000
72332  -46.109  9.215  56.072 0.0000000000
73212  -46.851  9.923  55.780 0.0000000000
52116  -11.770  -12.333  78.874 0.0000000000
52115  -11.011  -11.839  78.351 0.0000000000
128189  -11.336  -11.867  77.603 0.0000000000
130478  -15.823  -10.347  71.914 0.0000000000
53193  -15.649  -11.128  72.294 0.0000000000
130323  -14.843  -12.542  75.321 0.0000000000
52164  -14.589  -12.578  75.236 0.0000000000
51169  -14.160  -12.650  75.377 0.0000000000
52178  -13.943  -12.592  74.654 0.0000000000
114050  -3.283  -0.337  69.928 0.0000000000
60081  -2.353  -4.580  67.711 0.0000000000
118556  -2.464  -5.963  66.353 0.0000000000
58199  -2.574  -6.835  66.526 0.0000000000
56092  -7.331  -8.988  66.523 0.0000000000
56091  -6.528  -8.590  66.336 0.0000000000
55033  -6.863  -9.230  65.712 0.0000000000
53316  -4.643  -10.590  62.302 0.0000000000
54203  -4.439  -10.151  62.788 0.0000000000
55114  -3.871  -9.993  62.473 0.0000000000
54213  -3.684  -10.211  61.733 0.0000000000
54223  -3.957  -10.614  61.583 0.0000000000
60949  -6.034  -3.209  83.561 0.0000000000
55887  -6.350  -8.467  83.917 0.0000000000
55894  -6.436  -8.024  83.841 0.0000000000
55898  -5.369  -8.954  82.762 0.0000000000
55913  -4.926  -9.453  79.906 0.0000000000
55920  -5.564  -8.838  79.730 0.0000000000
57006  -6.174  -7.727  79.949 0.0000000000
53154  -2.993  -12.005  75.047 0.0000000000
53170  -3.581  -12.225  73.935 0.0000000000
52172  -3.325  -12.251  74.213 0.0000000000
47146  -1.415  -17.701  76.168 0.0000000000
119658  -1.448  -16.813  75.612 0.0000000000
130612  -36.440  -1.817  71.097 0.0000000000
133356  -33.279  -2.558  69.669 0.0000000000
126243  -35.232  -1.872  71.488 0.0000000000
61038  -30.412  -2.480  72.936 0.0000000000
61051  -30.691  -2.501  72.223 0.0000000000
62079  -31.793  -2.443  71.086 0.0000000000
123118  -32.491  -2.375  70.851 0.0000000000
61077  -32.087  -2.541  70.344 0.0000000000
113342  -32.144  -1.697  73.787 0.0000000000
62052  -31.555  -1.766  74.345 0.0000000000
122165  -31.394  -1.957  73.738 0.0000000000
62061  -30.512  -2.331  73.677 0.0000000000
74180  -50.813  11.069  51.950 0.0000000000
75069  -51.397  11.614  52.533 0.0000000000
72359  -45.976  9.224  52.818 0.0000000000
72358  -45.336  8.876  52.396 0.0000000000
73265  -47.728  9.856  52.357 0.0000000000
73280  -47.438  9.395  51.674 0.0000000000
72364  -47.615  9.134  51.164 0.0000000000
72371  -48.185  9.004  50.736 0.0000000000
74179  -49.996  10.828  52.268 0.0000000000
74197  -49.451  10.235  51.767 0.0000000000
66034  -43.928  2.407  60.277 0.0000000000
128696  -43.755  2.397  62.019 0.0000000000
66995  -44.438  2.487  61.887 0.0000000000
130822  -45.002  2.597  62.368 0.0000000000
66011  -38.211  1.295  59.915 0.0000000000
66029  -39.842  1.472  59.664 0.0000000000
66049  -38.920  1.475  58.610 0.0000000000
122399  -39.666  1.395  58.115 0.0000000000
66051  -40.278  1.469  58.827 0.0000000000
114667  -41.073  1.515  58.940 0.0000000000
66032  -42.490  1.795  59.363 0.0000000000
54156  -7.544  -10.333  70.669 0.0000000000
52238  -6.571  -13.326  69.755 0.0000000000
51223  -7.131  -13.570  69.138 0.0000000000
51231  -7.040  -14.174  68.924 0.0000000000
50226  -7.416  -14.523  68.378 0.0000000000
49255  -7.210  -15.180  68.342 0.0000000000
48255  -6.125  -16.696  69.233 0.0000000000
47238  -6.288  -17.193  68.284 0.0000000000
113765  -8.034  -11.816  79.712 0.0000000000
52094  -7.602  -11.894  80.500 0.0000000000
52114  -7.319  -11.977  78.895 0.0000000000
61178  -37.169  -2.670  65.412 0.0000000000
62136  -37.168  -2.212  64.572 0.0000000000
62135  -36.658  -2.436  64.085 0.0000000000
63051  -36.939  -1.731  64.011 0.0000000000
63936  -37.937  -0.438  66.025 0.0000000000
62909  -23.760  -0.896  78.727 0.0000000000
62910  -24.365  -0.882  78.448 0.0000000000
61046  -25.224  -3.203  72.506 0.0000000000
129655  -24.579  -3.067  72.758 0.0000000000
73305  -51.278  9.827  48.080 0.0000000000
74243  -51.761  10.403  46.663 0.0000000000
74252  -52.333  10.857  46.085 0.0000000000
74251  -51.602  10.581  45.700 0.0000000000
75145  -52.863  11.368  45.528 0.0000000000
60013  -4.237  -4.495  76.744 0.0000000000
59023  -5.573  -5.146  77.117 0.0000000000
59031  -5.344  -5.255  76.360 0.0000000000
58103  -6.042  -6.046  76.918 0.0000000000
72324  -46.177  8.377  56.605 0.0000000000
73186  -47.262  9.325  57.447 0.0000000000
67080  -43.447  2.602  55.813 0.0000000000
114021  -43.614  3.812  55.342 0.0000000000
68854  -43.838  5.008  55.193 0.0000000000
116082  -43.927  5.883  55.037 0.0000000000
70578  -45.753  7.037  56.638 0.0000000000
71461  -45.731  7.870  56.439 0.0000000000
52100  -13.906  -12.503  80.038 0.0000000000
51111  -13.640  -12.658  79.258 0.0000000000
52203  -14.226  -12.354  72.613 0.0000000000
51196  -13.735  -12.451  72.469 0.0000000000
62085  -2.276  -2.498  70.558 0.0000000000
125098  -2.382  -5.295  69.419 0.0000000000
59095  -2.420  -5.648  68.652 0.0000000000
58183  -2.756  -6.490  68.295 0.0000000000
53307  -7.345  -11.682  63.141 0.0000000000
133665  -7.498  -11.181  63.748 0.0000000000
52339  -6.242  -12.069  61.824 0.0000000000
52352  -5.552  -11.820  61.405 0.0000000000
53317  -4.974  -11.077  61.883 0.0000000000
52361  -5.172  -12.174  60.687 0.0000000000
59979  -8.601  -4.049  83.056 0.0000000000
60955  -8.682  -3.770  82.350 0.0000000000
60951  -7.880  -3.929  83.559 0.0000000000
60953  -7.477  -3.273  83.111 0.0000000000
53097  -2.793  -11.204  80.632 0.0000000000
54031  -3.621  -10.141  81.176 0.0000000000
54036  -3.175  -10.516  80.347 0.0000000000
54038  -3.515  -10.465  79.504 0.0000000000
54052  -3.828  -10.378  79.242 0.0000000000
54898  -4.115  -10.063  79.565 0.0000000000
54068  -3.719  -10.670  78.643 0.0000000000
54067  -3.303  -11.177  78.092 0.0000000000
53136  -2.266  -11.887  77.106 0.0000000000
128667  -2.389  -12.028  76.445 0.0000000000
53145  -2.678  -11.988  75.838 0.0000000000
52155  -2.257  -12.278  76.001 0.0000000000
60094  -33.660  -3.737  66.048 0.0000000000
61142  -33.617  -3.572  66.939 0.0000000000
61092  -34.127  -2.703  69.268 0.0000000000
61110  -33.677  -2.946  68.545 0.0000000000
61129  -35.598  -3.251  67.669 0.0000000000
114060  -36.339  -3.215  67.094 0.0000000000
133443  -36.856  -2.809  67.366 0.0000000000
61114  -37.760  -2.054  68.222 0.0000000000
114782  -29.595  -3.146  70.037 0.0000000000
62928  -28.875  -1.110  77.612 0.0000000000
62003  -28.116  -1.768  76.865 0.0000000000
62952  -28.740  -1.670  76.681 0.0000000000
113621  -31.192  -1.609  75.395 0.0000000000
119811  -29.916  -1.912  75.621 0.0000000000
61021  -28.229  -2.685  74.423 0.0000000000
135716  -28.325  -2.488  75.179 0.0000000000
61008  -27.774  -2.598  75.087 0.0000000000
61020  -27.389  -2.766  74.245 0.0000000000
61033  -26.684  -2.920  73.636 0.0000000000
116763  -25.994  -3.488  71.615 0.0000000000
75112  -53.871  11.287  49.083 0.0000000000
72372  -48.903  8.806  50.189 0.0000000000
72381  -49.574  8.887  49.616 0.0000000000
72392  -50.137  9.156  49.095 0.0000000000
73298  -50.673  9.484  48.593 0.0000000000
117196  -52.509  10.538  49.825 0.0000000000
74226  -52.595  10.437  49.104 0.0000000000
74227  -53.201  10.887  49.502 0.0000000000
74235  -53.221  10.791  48.712 0.0000000000
68813  -45.656  4.433  58.377 0.0000000000
68814  -46.214  4.907  58.791 0.0000000000
68796  -46.680  4.030  60.711 0.0000000000
68806  -47.023  4.817  60.391 0.0000000000
67016  -45.284  2.787  61.013 0.0000000000
67926  -45.811  3.159  60.760 0.0000000000
64975  -40.076  1.239  57.303 0.0000000000
64976  -40.978  1.335  57.237 0.0000000000
66069  -42.595  1.591  57.073 0.0000000000
66082  -42.573  1.610  56.308 0.0000000000
67963  -44.716  3.086  58.012 0.0000000000
67067  -44.521  2.983  57.024 0.0000000000
68824  -45.320  4.496  57.663 0.0000000000
56018  -16.491  -8.569  71.002 0.0000000000
63042  -3.035  -1.054  64.660 0.0000000000
121340  -2.624  -3.021  64.920 0.0000000000
62126  -3.194  -2.640  64.664 0.0000000000
60115  -3.067  -4.356  64.554 0.0000000000
58161  -4.076  -6.079  71.158 0.0000000000
58169  -4.189  -6.280  70.430 0.0000000000
57124  -5.105  -6.579  70.232 0.0000000000
56035  -7.779  -8.355  69.182 0.0000000000
56054  -7.611  -8.417  68.295 0.0000000000
55006  -8.119  -9.172  67.929 0.0000000000
53249  -7.816  -11.553  69.510 0.0000000000
54162  -8.252  -10.532  69.138 0.0000000000
53250  -8.292  -11.279  68.790 0.0000000000
52284  -8.762  -12.587  66.308 0.0000000000
117899  -8.721  -11.829  67.039 0.0000000000
53281  -8.850  -11.692  65.893 0.0000000000
54178  -8.657  -10.922  66.383 0.0000000000
53289  -8.658  -11.662  64.865 0.0000000000
50263  -7.642  -14.914  63.688 0.0000000000
50264  -8.128  -14.173  63.385 0.0000000000
48281  -6.701  -16.766  66.877 0.0000000000
48295  -6.998  -16.408  66.087 0.0000000000
47268  -5.891  -17.350  66.500 0.0000000000
55904  -9.700  -8.421  83.748 0.0000000000
54881  -9.827  -9.102  84.119 0.0000000000
53083  -7.552  -10.782  84.349 0.0000000000
53078  -7.941  -10.361  84.862 0.0000000000
53077  -7.327  -10.552  84.620 0.0000000000
54018  -6.731  -10.173  84.628 0.0000000000
53081  -6.423  -11.144  84.039 0.0000000000
52054  -6.653  -11.827  81.820 0.0000000000
52064  -6.471  -11.990  81.492 0.0000000000
52062  -4.846  -12.044  81.281 0.0000000000
52052  -5.441  -11.898  81.901 0.0000000000
52051  -4.784  -12.011  81.479 0.0000000000
115713  -5.050  -11.763  82.448 0.0000000000
131200  -3.929  -12.264  81.596 0.0000000000
127582  -3.526  -12.134  81.692 0.0000000000
52060  -3.682  -12.398  80.846 0.0000000000
52072  -3.087  -12.540  80.554 0.0000000000
51108  -2.558  -13.243  79.627 0.0000000000
51107  -1.904  -13.087  79.626 0.0000000000
124512  -40.239  1.577  61.824 0.0000000000
65989  -41.773  2.011  62.562 0.0000000000
61176  -35.721  -3.586  64.284 0.0000000000
60125  -35.095  -4.133  64.403 0.0000000000
64924  -37.621  0.503  62.298 0.0000000000
64923  -36.935  0.205  62.095 0.0000000000
135191  -40.069  1.486  62.497 0.0000000000
65999  -38.918  1.259  61.576 0.0000000000
60019  -20.777  -4.152  76.630 0.0000000000
60010  -20.417  -4.753  76.921 0.0000000000
59034  -20.223  -5.132  76.032 0.0000000000
61999  -24.913  -1.716  76.871 0.0000000000
62938  -25.079  -1.328  77.495 0.0000000000
62937  -24.152  -1.434  77.493 0.0000000000
113490  -24.009  -1.701  76.888 0.0000000000
61017  -24.176  -2.584  74.208 0.0000000000
61015  -22.378  -3.027  74.833 0.0000000000
61016  -23.268  -2.614  74.460 0.0000000000
61005  -22.062  -2.952  75.741 0.0000000000
59051  -20.297  -5.047  73.461 0.0000000000
59041  -20.109  -5.124  74.547 0.0000000000
59050  -19.598  -5.381  73.944 0.0000000000
59060  -18.935  -5.527  73.444 0.0000000000
58155  -19.043  -5.624  72.512 0.0000000000
58170  -18.891  -6.609  70.461 0.0000000000
58163  -18.831  -6.473  71.203 0.0000000000
75151  -52.662  11.527  44.573 0.0000000000
118583  -51.870  11.300  43.655 0.0000000000
75156  -53.237  12.071  44.022 0.0000000000
76067  -53.491  13.053  42.700 0.0000000000
61039  -1.776  -3.783  72.524 0.0000000000
62027  -1.653  -2.737  75.307 0.0000000000
62043  -1.644  -2.896  74.216 0.0000000000
60034  -1.744  -6.057  74.114 0.0000000000
59052  -2.490  -5.143  73.051 0.0000000000
59067  -3.250  -5.640  71.666 0.0000000000
59053  -2.792  -5.277  73.002 0.0000000000
58138  -4.377  -5.589  72.739 0.0000000000
58150  -5.114  -6.097  72.265 0.0000000000
57104  -5.812  -6.475  71.758 0.0000000000
57085  -6.043  -6.612  72.710 0.0000000000
59037  -4.983  -5.295  75.337 0.0000000000
128370  -4.295  -5.237  74.470 0.0000000000
134981  -5.166  -5.568  74.530 0.0000000000
55974  -6.892  -7.795  74.019 0.0000000000
57069  -6.262  -6.850  73.577 0.0000000000
54986  -7.360  -9.166  71.834 0.0000000000
54979  -7.032  -9.389  72.785 0.0000000000
54140  -6.494  -10.428  72.618 0.0000000000
53191  -5.144  -11.959  72.703 0.0000000000
75045  -48.930  11.596  54.887 0.0000000000
75037  -49.043  11.644  55.583 0.0000000000
129353  -43.577  2.352  63.100 0.0000000000
113311  -43.361  6.488  54.044 0.0000000000
72330  -44.497  8.383  54.464 0.0000000000
71497  -44.243  8.273  53.755 0.0000000000
72348  -44.830  8.668  53.743 0.0000000000
73226  -45.799  9.183  54.326 0.0000000000
116419  -46.566  9.689  54.107 0.0000000000
74146  -47.814  10.662  54.650 0.0000000000
74160  -47.963  10.671  53.936 0.0000000000
53093  -11.000  -11.092  82.784 0.0000000000
52047  -10.502  -11.218  82.931 0.0000000000
52048  -10.768  -11.409  82.435 0.0000000000
53099  -11.894  -11.544  81.066 0.0000000000
127986  -10.842  -11.813  80.209 0.0000000000
115393  -10.875  -11.991  80.675 0.0000000000
52078  -10.190  -11.636  80.819 0.0000000000
113161  -9.705  -11.625  80.233 0.0000000000
52096  -9.648  -11.625  79.593 0.0000000000
120051  -9.997  -11.640  78.152 0.0000000000
52131  -8.199  -11.779  77.646 0.0000000000
55994  -17.150  -7.545  73.282 0.0000000000
55977  -16.714  -8.802  74.562 0.0000000000
54964  -16.500  -9.516  75.151 0.0000000000
53192  -15.193  -11.741  72.265 0.0000000000
54098  -16.265  -10.652  75.882 0.0000000000
54086  -16.458  -10.541  76.926 0.0000000000
53147  -15.864  -11.603  76.196 0.0000000000
52150  -15.133  -12.691  76.978 0.0000000000
52136  -15.560  -12.278  77.591 0.0000000000
52119  -15.660  -12.274  78.590 0.0000000000
52135  -15.148  -12.604  77.901 0.0000000000
52118  -15.230  -12.546  78.825 0.0000000000
129205  -14.940  -12.645  78.059 0.0000000000
118475  -14.278  -12.711  77.043 0.0000000000
52149  -13.664  -12.653  76.896 0.0000000000
51140  -13.129  -12.617  77.662 0.0000000000
52148  -12.907  -12.487  76.772 0.0000000000
52190  -12.698  -12.308  73.305 0.0000000000
52177  -13.510  -12.455  74.439 0.0000000000
52176  -12.921  -12.219  74.191 0.0000000000
113160  -12.248  -11.843  74.726 0.0000000000
114195  -11.725  -11.863  76.209 0.0000000000
52146  -11.034  -11.681  76.836 0.0000000000
119307  -3.334  0.798  68.711 0.0000000000
124849  -3.056  0.747  67.714 0.0000000000
63894  -2.704  -0.463  67.547 0.0000000000
124305  -2.990  -1.515  69.198 0.0000000000
62104  -2.584  -2.552  68.731 0.0000000000
61115  -2.261  -3.633  67.363 0.0000000000
62112  -2.516  -2.238  67.933 0.0000000000
63027  -2.332  -1.897  67.102 0.0000000000
62123  -2.205  -2.267  66.262 0.0000000000
61133  -2.248  -3.301  66.331 0.0000000000
127271  -2.517  -5.950  65.346 0.0000000000
59123  -2.525  -5.100  65.713 0.0000000000
136139  -2.654  -5.831  64.600 0.0000000000
57140  -4.238  -6.490  69.621 0.0000000000
57154  -4.245  -6.870  68.626 0.0000000000
57166  -4.152  -7.636  66.918 0.0000000000
115997  -3.831  -7.293  67.695 0.0000000000
120978  -3.584  -7.497  66.941 0.0000000000
57176  -3.721  -7.917  66.245 0.0000000000
116633  -6.174  -10.229  63.744 0.0000000000
55076  -5.880  -9.643  64.262 0.0000000000
55074  -4.338  -9.258  63.823 0.0000000000
55050  -4.545  -8.866  64.512 0.0000000000
56089  -3.654  -8.232  65.639 0.0000000000
56108  -3.377  -8.359  65.150 0.0000000000
56122  -2.791  -8.409  64.054 0.0000000000
56133  -2.882  -8.527  63.225 0.0000000000
56143  -2.972  -8.608  62.560 0.0000000000
57215  -3.227  -8.251  62.172 0.0000000000
56144  -3.016  -8.987  62.006 0.0000000000
59985  -4.622  -3.165  80.267 0.0000000000
58065  -8.629  -6.704  84.491 0.0000000000
58989  -8.545  -6.035  84.199 0.0000000000
58060  -8.148  -6.799  84.751 0.0000000000
58061  -6.966  -6.183  83.700 0.0000000000
126421  -7.411  -5.714  83.973 0.0000000000
124850  -7.202  -5.555  83.424 0.0000000000
58990  -7.097  -4.735  82.960 0.0000000000
58067  -7.140  -5.526  83.057 0.0000000000
54885  -4.793  -9.243  81.379 0.0000000000
55902  -5.578  -8.526  82.184 0.0000000000
55906  -5.147  -8.974  81.382 0.0000000000
56995  -6.274  -7.482  81.921 0.0000000000
58072  -6.620  -5.381  81.782 0.0000000000
58996  -6.234  -4.337  82.258 0.0000000000
59011  -6.075  -4.861  79.263 0.0000000000
59993  -5.392  -3.895  79.709 0.0000000000
113252  -5.959  -4.885  78.443 0.0000000000
130886  -6.332  -6.903  78.074 0.0000000000
135306  -6.250  -8.075  77.234 0.0000000000
54076  -3.918  -10.823  77.638 0.0000000000
54085  -4.017  -10.942  76.753 0.0000000000
54125  -4.572  -11.522  74.256 0.0000000000
53209  -4.488  -12.662  72.263 0.0000000000
52200  -3.895  -12.958  72.278 0.0000000000
50144  -1.662  -14.853  77.843 0.0000000000
49178  -0.726  -15.239  76.062 0.0000000000
49169  -0.728  -15.233  76.787 0.0000000000
131651  -0.715  -14.748  76.911 0.0000000000
117717  -0.801  -14.196  77.078 0.0000000000
50165  -1.369  -14.583  74.851 0.0000000000
51176  -2.054  -13.959  74.296 0.0000000000
134347  -2.538  -13.852  73.614 0.0000000000
52185  -3.263  -13.046  73.051 0.0000000000
131659  -3.117  -14.096  72.400 0.0000000000
50205  -4.018  -14.583  71.205 0.0000000000
51200  -3.984  -13.896  71.449 0.0000000000
123841  -4.509  -14.962  70.697 0.0000000000
62984  -35.889  -1.427  72.368 0.0000000000
62969  -35.563  -1.094  73.514 0.0000000000
62090  -33.342  -2.218  71.050 0.0000000000
62082  -34.124  -1.925  71.749 0.0000000000
129428  -32.023  -1.828  73.292 0.0000000000
62072  -31.601  -2.335  71.948 0.0000000000
62073  -32.443  -1.977  72.531 0.0000000000
62042  -33.387  -1.426  74.706 0.0000000000
62054  -32.988  -1.558  73.938 0.0000000000
62961  -34.317  -1.263  74.597 0.0000000000
75058  -51.129  12.010  53.370 0.0000000000
73266  -48.613  10.101  52.059 0.0000000000
66016  -42.468  2.031  60.372 0.0000000000
66017  -43.348  2.325  60.851 0.0000000000
66002  -43.281  2.348  61.638 0.0000000000
130896  -39.751  1.463  60.394 0.0000000000
66030  -40.748  1.558  59.629 0.0000000000
53231  -6.604  -11.800  70.826 0.0000000000
118681  -6.660  -12.272  70.396 0.0000000000
51222  -6.395  -14.100  69.564 0.0000000000
49247  -5.398  -15.204  70.071 0.0000000000
128278  -8.097  -11.773  78.514 0.0000000000
62122  -37.566  -1.925  66.891 0.0000000000
62124  -37.458  -2.188  66.003 0.0000000000
63039  -37.588  -1.731  66.285 0.0000000000
124577  -37.545  -1.635  65.533 0.0000000000
64719  -25.328  0.592  79.325 0.0000000000
61057  -23.558  -3.654  71.418 0.0000000000
74239  -52.542  10.549  47.782 0.0000000000
74238  -51.879  10.245  47.557 0.0000000000
74245  -53.111  11.050  47.279 0.0000000000
75141  -54.346  11.774  47.003 0.0000000000
60005  -3.585  -3.689  77.788 0.0000000000
128802  -4.110  -4.137  77.408 0.0000000000
133770  -5.779  -4.945  77.768 0.0000000000
71445  -46.437  7.538  57.040 0.0000000000
71428  -47.669  8.133  58.430 0.0000000000
67976  -44.541  3.901  56.595 0.0000000000
68836  -44.561  4.723  56.293 0.0000000000
69713  -44.737  6.323  55.919 0.0000000000
53104  -14.544  -11.669  80.325 0.0000000000
52101  -14.802  -12.388  79.712 0.0000000000
59027  -19.704  -5.703  76.887 0.0000000000
60116  -3.944  -3.926  64.291 0.0000000000
60132  -4.347  -4.622  63.945 0.0000000000
60056  -2.121  -4.094  70.702 0.0000000000
50270  -7.493  -13.916  62.179 0.0000000000
51276  -7.041  -13.028  61.973 0.0000000000
51283  -6.548  -13.393  61.194 0.0000000000
58995  -9.009  -4.776  82.837 0.0000000000
53101  -2.921  -10.874  79.914 0.0000000000
125329  -2.828  -11.226  78.855 0.0000000000
53123  -2.857  -11.344  78.213 0.0000000000
52141  -1.894  -12.237  76.679 0.0000000000
61093  -35.413  -2.738  69.204 0.0000000000
61094  -36.523  -2.619  69.236 0.0000000000
127024  -36.873  -2.621  68.722 0.0000000000
61090  -30.742  -2.769  69.836 0.0000000000
62051  -30.257  -2.270  74.415 0.0000000000
62038  -30.069  -2.237  74.954 0.0000000000
61022  -28.948  -2.609  74.213 0.0000000000
131654  -28.447  -2.812  73.738 0.0000000000
61035  -27.883  -2.934  73.602 0.0000000000
61047  -26.828  -3.245  72.761 0.0000000000
61048  -27.594  -3.193  72.885 0.0000000000
73288  -50.280  9.403  50.294 0.0000000000
114745  -50.982  9.564  50.018 0.0000000000
73294  -51.527  9.815  49.386 0.0000000000
128394  -45.771  3.859  59.234 0.0000000000
67939  -46.157  3.596  60.252 0.0000000000
118313  -42.782  1.725  57.729 0.0000000000
66070  -43.348  1.937  57.215 0.0000000000
57126  -17.642  -7.083  70.944 0.0000000000
63041  -1.983  -1.129  64.761 0.0000000000
63937  -1.803  -0.619  64.833 0.0000000000
63038  -2.071  -1.739  64.956 0.0000000000
61148  -2.304  -2.500  65.412 0.0000000000
116995  -6.042  -6.625  70.889 0.0000000000
57125  -6.253  -6.969  70.016 0.0000000000
54999  -8.185  -9.036  69.381 0.0000000000
51233  -8.215  -13.426  67.942 0.0000000000
53264  -8.428  -12.500  67.976 0.0000000000
51247  -8.527  -13.468  66.590 0.0000000000
51254  -8.645  -13.115  65.646 0.0000000000
122066  -8.488  -13.722  64.985 0.0000000000
49291  -7.542  -15.449  64.546 0.0000000000
49290  -6.756  -16.096  64.550 0.0000000000
134319  -6.100  -16.419  64.535 0.0000000000
53089  -10.270  -10.819  83.482 0.0000000000
54024  -9.289  -10.215  84.454 0.0000000000
52038  -9.159  -11.106  83.462 0.0000000000
52037  -8.375  -11.113  83.463 0.0000000000
115708  -7.102  -11.535  82.775 0.0000000000
52092  -5.248  -12.334  79.890 0.0000000000
52074  -4.193  -12.424  80.579 0.0000000000
52073  -3.679  -12.576  80.446 0.0000000000
51103  -3.556  -12.824  79.957 0.0000000000
51109  -3.074  -13.270  79.564 0.0000000000
61196  -36.254  -3.023  64.155 0.0000000000
64911  -37.738  0.261  63.326 0.0000000000
64935  -38.145  0.937  61.536 0.0000000000
60989  -21.283  -3.266  77.525 0.0000000000
62940  -27.058  -1.486  77.265 0.0000000000
62925  -26.568  -1.242  77.694 0.0000000000
62000  -26.216  -1.883  76.844 0.0000000000
123524  -25.663  -1.952  76.699 0.0000000000
61043  -22.867  -3.302  73.093 0.0000000000
60039  -22.201  -3.664  73.520 0.0000000000
60031  -21.624  -4.063  73.956 0.0000000000
59071  -19.788  -5.380  72.034 0.0000000000
73327  -50.194  9.977  44.936 0.0000000000
61010  -1.949  -3.720  74.499 0.0000000000
59043  -2.225  -6.258  74.051 0.0000000000
58124  -4.532  -5.409  73.738 0.0000000000
55985  -7.009  -8.364  73.655 0.0000000000
54972  -6.768  -9.246  73.620 0.0000000000
71473  -44.325  7.981  55.124 0.0000000000
126102  -46.294  9.477  55.052 0.0000000000
115950  -12.214  -12.511  80.052 0.0000000000
52079  -11.904  -12.191  80.645 0.0000000000
52098  -11.551  -12.232  79.674 0.0000000000
127489  -16.436  -8.842  72.636 0.0000000000
55993  -16.666  -8.497  73.497 0.0000000000
122068  -16.309  -9.572  73.175 0.0000000000
54141  -16.043  -10.649  73.249 0.0000000000
52194  -14.573  -12.180  73.154 0.0000000000
117761  -14.946  -11.882  72.962 0.0000000000
53173  -15.021  -12.070  73.875 0.0000000000
53157  -15.242  -12.216  74.991 0.0000000000
133389  -15.517  -12.053  75.579 0.0000000000
52166  -15.185  -12.483  75.979 0.0000000000
51156  -14.898  -12.733  76.460 0.0000000000
51155  -14.736  -12.725  76.770 0.0000000000
51170  -14.652  -12.668  75.978 0.0000000000
52175  -11.141  -11.848  74.314 0.0000000000
135854  -10.573  -11.717  75.068 0.0000000000
122632  -2.368  -3.893  68.156 0.0000000000
60088  -2.285  -4.339  66.838 0.0000000000
57156  -5.924  -7.447  67.905 0.0000000000
57155  -4.684  -7.326  67.749 0.0000000000
122425  -5.428  -8.304  66.220 0.0000000000
54204  -4.906  -10.074  63.266 0.0000000000
55097  -4.552  -9.744  63.371 0.0000000000
55073  -3.772  -9.120  63.681 0.0000000000
56123  -3.265  -8.646  64.299 0.0000000000
55095  -3.564  -9.434  62.903 0.0000000000
129588  -3.350  -9.308  61.482 0.0000000000
55895  -7.413  -7.502  84.855 0.0000000000
58059  -7.556  -6.650  84.633 0.0000000000
56986  -7.083  -7.204  84.654 0.0000000000
114656  -6.657  -6.805  83.709 0.0000000000
55910  -4.960  -9.290  80.574 0.0000000000
56999  -6.177  -7.720  80.923 0.0000000000
115711  -6.454  -6.841  80.584 0.0000000000
114893  -6.400  -7.083  79.243 0.0000000000
57012  -6.374  -7.084  78.638 0.0000000000
54927  -5.054  -9.784  78.016 0.0000000000
54084  -3.444  -11.404  76.123 0.0000000000
54095  -3.558  -11.584  75.311 0.0000000000
53156  -3.758  -11.845  74.523 0.0000000000
49179  -1.104  -15.246  75.312 0.0000000000
49189  -1.573  -15.316  74.597 0.0000000000
49210  -3.305  -15.151  72.022 0.0000000000
123050  -32.218  -2.757  68.924 0.0000000000
62100  -36.771  -2.171  70.309 0.0000000000
61063  -29.228  -3.061  71.953 0.0000000000
61064  -30.056  -2.722  71.642 0.0000000000
121684  -31.679  -2.667  69.700 0.0000000000
62040  -31.874  -1.662  75.090 0.0000000000
128974  -32.386  -1.586  74.849 0.0000000000
113138  -31.618  -1.709  74.913 0.0000000000
113625  -30.853  -1.895  74.679 0.0000000000
61037  -29.726  -2.603  73.238 0.0000000000
75071  -53.080  12.167  51.941 0.0000000000
75070  -52.257  11.845  52.230 0.0000000000
114396  -46.103  9.075  51.875 0.0000000000
72363  -46.205  8.825  51.206 0.0000000000
118105  -48.929  9.268  50.846 0.0000000000
73282  -49.772  9.629  50.965 0.0000000000
74199  -51.160  10.655  51.311 0.0000000000
67026  -44.444  2.605  59.923 0.0000000000
67015  -44.608  2.638  60.659 0.0000000000
67004  -44.638  2.584  61.296 0.0000000000
118456  -38.315  1.439  59.095 0.0000000000
64972  -37.976  1.448  57.529 0.0000000000
66067  -40.455  1.380  58.024 0.0000000000
113827  -43.196  1.966  59.015 0.0000000000
54987  -7.566  -9.294  70.916 0.0000000000
52224  -7.218  -12.130  69.959 0.0000000000
52239  -7.399  -12.668  69.415 0.0000000000
52254  -7.896  -13.075  68.655 0.0000000000
51240  -7.968  -14.149  67.789 0.0000000000
49269  -7.734  -15.485  66.948 0.0000000000
49264  -7.436  -15.644  67.603 0.0000000000
129532  -7.154  -16.251  67.524 0.0000000000
48268  -6.771  -16.682  67.872 0.0000000000
49254  -6.641  -15.401  69.001 0.0000000000
135088  -8.382  -11.713  81.048 0.0000000000
113164  -7.894  -11.811  81.373 0.0000000000
130707  -7.920  -11.862  80.957 0.0000000000
52076  -6.736  -12.035  80.650 0.0000000000
52113  -6.412  -12.220  79.085 0.0000000000
52093  -6.132  -12.235  79.894 0.0000000000
61143  -36.094  -3.350  66.163 0.0000000000
125028  -34.909  -3.962  65.052 0.0000000000
63056  -36.470  -1.345  63.205 0.0000000000
63957  -36.888  -1.017  63.575 0.0000000000
64899  -37.549  -0.313  64.253 0.0000000000
62049  -25.620  -2.577  74.751 0.0000000000
61031  -24.348  -2.824  73.369 0.0000000000
128965  -23.906  -3.457  71.960 0.0000000000
131706  -23.379  -3.497  72.028 0.0000000000
60045  -22.904  -3.512  72.380 0.0000000000
132194  -22.409  -3.905  72.113 0.0000000000
122201  -21.944  -4.264  71.734 0.0000000000
59073  -21.324  -4.587  71.218 0.0000000000
73319  -50.288  9.911  45.899 0.0000000000
74250  -50.902  10.276  45.309 0.0000000000
74256  -51.457  10.730  44.736 0.0000000000
75146  -53.621  11.630  45.870 0.0000000000
129909  -3.491  -4.772  75.060 0.0000000000
114975  -4.905  -4.804  76.710 0.0000000000
55965  -6.412  -8.544  75.851 0.0000000000
74113  -47.670  10.175  57.099 0.0000000000
67092  -43.076  3.093  55.138 0.0000000000
69724  -43.562  5.779  54.627 0.0000000000
70599  -44.538  7.220  55.500 0.0000000000
54041  -12.742  -11.053  80.358 0.0000000000
53102  -12.500  -11.453  80.708 0.0000000000
52070  -12.748  -11.851  80.702 0.0000000000
52081  -13.747  -12.076  80.500 0.0000000000
52080  -12.805  -12.287  80.379 0.0000000000
52117  -12.580  -12.537  78.490 0.0000000000
53212  -15.073  -11.811  71.089 0.0000000000
115630  -15.043  -11.891  71.669 0.0000000000
52205  -14.762  -12.063  72.277 0.0000000000
128372  -14.442  -12.226  72.682 0.0000000000
52193  -14.313  -12.363  73.409 0.0000000000
52192  -13.958  -12.541  73.964 0.0000000000
112518  -13.939  -12.474  73.203 0.0000000000
131869  -13.453  -12.440  73.031 0.0000000000
115847  -3.100  -0.934  70.050 0.0000000000
63007  -2.914  -1.451  69.794 0.0000000000
130865  -2.497  -2.834  69.369 0.0000000000
124871  -2.327  -3.611  69.830 0.0000000000
60072  -2.365  -4.719  68.628 0.0000000000
116819  -2.728  -6.733  67.395 0.0000000000
54195  -7.611  -10.327  64.955 0.0000000000
55053  -6.765  -9.743  64.983 0.0000000000
125650  -7.097  -10.628  64.092 0.0000000000
52340  -6.697  -11.965  62.385 0.0000000000
53306  -6.165  -11.100  62.670 0.0000000000
54205  -5.580  -10.438  63.072 0.0000000000
53305  -5.265  -10.784  62.444 0.0000000000
129658  -4.399  -10.804  61.738 0.0000000000
53328  -4.014  -10.955  61.201 0.0000000000
60958  -8.434  -3.396  82.002 0.0000000000
60950  -6.846  -3.604  83.304 0.0000000000
128167  -6.246  -3.778  83.532 0.0000000000
54873  -3.683  -10.396  82.162 0.0000000000
54879  -4.822  -9.283  81.998 0.0000000000
54029  -4.082  -9.803  81.416 0.0000000000
54032  -3.929  -9.846  80.938 0.0000000000
127691  -3.893  -9.930  80.318 0.0000000000
54039  -3.518  -10.268  80.205 0.0000000000
54892  -4.025  -9.942  79.953 0.0000000000
54899  -4.464  -9.857  79.474 0.0000000000
54911  -4.630  -9.954  78.814 0.0000000000
54925  -4.046  -10.517  78.450 0.0000000000
135430  -3.530  -11.177  77.517 0.0000000000
54075  -3.208  -11.390  77.383 0.0000000000
54083  -3.083  -11.537  76.721 0.0000000000
53138  -2.857  -11.725  76.265 0.0000000000
61109  -32.868  -3.035  68.275 0.0000000000
61127  -33.661  -3.335  67.823 0.0000000000
61144  -36.915  -2.816  66.741 0.0000000000
61145  -37.372  -2.270  67.022 0.0000000000
129579  -37.585  -2.057  67.549 0.0000000000
62926  -27.524  -1.272  77.589 0.0000000000
127579  -26.564  -2.413  75.569 0.0000000000
62004  -29.275  -1.529  76.667 0.0000000000
62037  -29.401  -2.182  75.349 0.0000000000
62021  -29.162  -1.838  76.086 0.0000000000
62020  -28.428  -1.972  76.295 0.0000000000
62036  -28.064  -2.337  75.761 0.0000000000
62035  -27.374  -2.346  75.736 0.0000000000
61019  -26.501  -2.662  74.609 0.0000000000
115372  -25.993  -3.331  72.247 0.0000000000
72380  -48.778  8.645  49.458 0.0000000000
72391  -48.990  8.725  48.690 0.0000000000
73300  -52.023  10.071  48.874 0.0000000000
75126  -53.819  11.231  48.268 0.0000000000
69684  -46.234  5.667  58.083 0.0000000000
119758  -46.336  3.541  60.936 0.0000000000
67066  -43.908  2.438  56.687 0.0000000000
58144  -18.476  -5.968  73.928 0.0000000000
58129  -18.051  -6.557  74.435 0.0000000000
130065  -17.584  -6.922  73.081 0.0000000000
56004  -16.866  -7.805  71.677 0.0000000000
54988  -15.921  -9.724  71.277 0.0000000000
53234  -15.335  -11.485  70.819 0.0000000000
117351  -2.592  -1.849  64.762 0.0000000000
60131  -3.581  -4.867  64.081 0.0000000000
58168  -3.076  -6.054  69.968 0.0000000000
57141  -6.160  -7.135  68.978 0.0000000000
117276  -6.871  -7.945  67.813 0.0000000000
56072  -7.310  -8.527  67.262 0.0000000000
54177  -7.832  -9.631  66.381 0.0000000000
54993  -7.847  -9.550  70.083 0.0000000000
55000  -8.346  -9.657  68.735 0.0000000000
120240  -8.454  -11.506  68.060 0.0000000000
55007  -8.350  -9.969  67.961 0.0000000000
55019  -8.263  -9.805  67.272 0.0000000000
133175  -8.383  -10.258  66.675 0.0000000000
129478  -8.183  -10.280  65.891 0.0000000000
53297  -8.237  -11.703  63.941 0.0000000000
52325  -8.233  -12.358  63.483 0.0000000000
51262  -8.374  -13.379  63.655 0.0000000000
131239  -7.930  -13.600  62.688 0.0000000000
56990  -9.189  -7.490  84.130 0.0000000000
55897  -8.832  -8.176  85.157 0.0000000000
125152  -8.833  -9.659  85.089 0.0000000000
54871  -8.414  -9.076  85.444 0.0000000000
55892  -8.085  -8.430  85.466 0.0000000000
55885  -7.475  -8.606  85.124 0.0000000000
54867  -6.387  -9.193  84.343 0.0000000000
54022  -5.123  -10.250  83.603 0.0000000000
52055  -7.175  -11.712  82.015 0.0000000000
113166  -7.004  -11.677  82.137 0.0000000000
113167  -6.330  -11.726  82.441 0.0000000000
52063  -5.646  -12.024  81.618 0.0000000000
52043  -5.882  -11.766  82.430 0.0000000000
52034  -5.853  -11.603  83.167 0.0000000000
52033  -5.726  -11.647  83.021 0.0000000000
52032  -5.213  -11.585  83.217 0.0000000000
54021  -4.409  -10.578  83.208 0.0000000000
53090  -3.186  -11.053  82.029 0.0000000000
53095  -2.887  -11.281  81.228 0.0000000000
52071  -2.562  -12.069  80.643 0.0000000000
113563  -2.239  -12.020  80.055 0.0000000000
52090  -1.783  -12.303  79.493 0.0000000000
114160  -42.032  2.083  61.763 0.0000000000
65976  -41.544  1.877  63.459 0.0000000000
60145  -34.562  -4.449  63.822 0.0000000000
60167  -35.146  -4.101  63.068 0.0000000000
64945  -37.802  1.000  60.737 0.0000000000
66012  -38.572  1.272  60.798 0.0000000000
112879  -39.325  1.416  60.892 0.0000000000
113263  -40.001  1.499  60.984 0.0000000000
60983  -21.006  -3.480  78.074 0.0000000000
117264  -20.259  -4.638  77.493 0.0000000000
59022  -20.021  -5.210  77.217 0.0000000000
59033  -19.776  -5.617  76.376 0.0000000000
63777  -25.000  -0.681  78.550 0.0000000000
62924  -25.595  -1.146  77.866 0.0000000000
62923  -24.255  -1.140  78.064 0.0000000000
61989  -23.186  -1.790  77.427 0.0000000000
132268  -25.297  -2.465  75.184 0.0000000000
62033  -24.955  -2.353  75.553 0.0000000000
123821  -23.506  -2.200  75.884 0.0000000000
62015  -22.527  -2.327  76.935 0.0000000000
60997  -21.864  -2.846  76.533 0.0000000000
61004  -21.321  -3.530  76.214 0.0000000000
123308  -20.855  -4.178  76.056 0.0000000000
127622  -21.164  -4.225  74.752 0.0000000000
60024  -20.683  -4.519  75.661 0.0000000000
132070  -19.568  -5.486  74.814 0.0000000000
58154  -18.421  -5.928  72.954 0.0000000000
57107  -18.051  -6.640  71.467 0.0000000000
74260  -51.397  10.872  43.722 0.0000000000
75165  -52.407  11.883  42.597 0.0000000000
76081  -53.297  13.311  41.771 0.0000000000
61066  -2.081  -3.260  71.001 0.0000000000
60047  -2.108  -4.739  71.345 0.0000000000
61024  -1.785  -3.889  73.647 0.0000000000
60040  -2.111  -4.596  72.246 0.0000000000
59066  -2.400  -5.045  71.898 0.0000000000
119150  -2.707  -5.424  71.346 0.0000000000
59054  -3.523  -5.477  72.505 0.0000000000
57105  -6.679  -7.292  71.563 0.0000000000
54148  -6.718  -10.740  71.873 0.0000000000
53211  -6.185  -11.754  71.434 0.0000000000
135199  -5.646  -12.435  71.353 0.0000000000
52211  -5.115  -12.980  71.405 0.0000000000
75055  -48.960  11.391  54.108 0.0000000000
75046  -49.516  11.850  54.614 0.0000000000
132494  -46.884  6.609  58.559 0.0000000000
65991  -43.302  2.362  62.376 0.0000000000
70624  -43.428  7.290  53.604 0.0000000000
71485  -44.011  7.903  54.380 0.0000000000
119981  -43.591  7.745  53.218 0.0000000000
127106  -44.594  8.591  52.980 0.0000000000
122535  -45.185  8.943  53.114 0.0000000000
73244  -46.128  9.365  53.582 0.0000000000
54027  -10.430  -10.318  83.556 0.0000000000
115745  -10.186  -11.455  82.488 0.0000000000
52056  -9.556  -11.514  82.075 0.0000000000
53098  -11.311  -11.310  81.788 0.0000000000
52058  -11.002  -11.568  81.922 0.0000000000
116505  -9.623  -11.546  81.467 0.0000000000
52095  -8.947  -11.550  79.875 0.0000000000
114198  -8.845  -11.562  79.171 0.0000000000
57061  -17.638  -7.238  74.870 0.0000000000
57048  -17.718  -7.382  75.829 0.0000000000
55978  -17.226  -8.036  75.201 0.0000000000
54946  -16.856  -8.818  76.749 0.0000000000
54127  -16.057  -10.940  74.005 0.0000000000
134409  -16.417  -9.915  75.664 0.0000000000
54945  -16.828  -9.499  77.258 0.0000000000
54077  -16.817  -10.145  77.957 0.0000000000
53139  -16.064  -11.527  77.193 0.0000000000
53124  -16.255  -11.595  79.153 0.0000000000
52102  -15.321  -12.300  79.604 0.0000000000
128614  -14.962  -12.550  79.199 0.0000000000
131694  -14.144  -12.641  78.492 0.0000000000
51142  -14.634  -12.657  77.688 0.0000000000
51125  -13.367  -12.661  78.483 0.0000000000
52162  -12.998  -12.353  75.828 0.0000000000
52145  -9.743  -11.599  76.510 0.0000000000
52159  -9.684  -11.799  75.355 0.0000000000
63868  -3.176  -0.954  69.354 0.0000000000
63014  -3.051  -1.248  68.763 0.0000000000
63881  -3.107  -0.693  68.500 0.0000000000
63021  -2.818  -1.160  68.057 0.0000000000
63028  -2.347  -1.093  67.030 0.0000000000
60089  -2.393  -4.249  65.994 0.0000000000
60101  -2.613  -4.315  65.196 0.0000000000
58175  -2.880  -6.292  69.091 0.0000000000
126992  -3.520  -6.908  68.300 0.0000000000
57153  -3.100  -6.718  68.379 0.0000000000
57152  -2.946  -6.870  67.766 0.0000000000
121018  -2.978  -7.140  67.161 0.0000000000
57174  -2.840  -7.258  66.561 0.0000000000
55052  -6.095  -9.273  64.995 0.0000000000
56110  -4.753  -8.518  65.375 0.0000000000
115557  -4.067  -8.284  65.721 0.0000000000
56088  -3.261  -7.986  65.875 0.0000000000
57183  -2.675  -7.465  65.806 0.0000000000
122027  -2.665  -7.832  65.207 0.0000000000
120904  -2.498  -7.428  65.130 0.0000000000
57192  -2.545  -7.839  64.545 0.0000000000
135127  -2.460  -7.349  64.634 0.0000000000
58225  -2.539  -7.142  63.959 0.0000000000
58243  -2.802  -7.393  63.240 0.0000000000
58244  -3.325  -7.326  62.718 0.0000000000
130768  -3.769  -8.795  61.120 0.0000000000
56176  -3.565  -9.379  60.891 0.0000000000
59992  -4.442  -3.418  79.268 0.0000000000
58988  -8.200  -5.405  84.110 0.0000000000
58063  -7.800  -5.868  84.305 0.0000000000
58987  -7.734  -5.536  84.122 0.0000000000
59973  -7.840  -4.776  83.821 0.0000000000
59975  -6.511  -4.162  83.276 0.0000000000
59978  -6.128  -4.100  83.347 0.0000000000
55901  -5.573  -8.606  82.377 0.0000000000
55903  -6.142  -7.878  82.804 0.0000000000
56991  -6.488  -7.062  83.100 0.0000000000
55907  -5.879  -8.172  81.928 0.0000000000
56993  -6.258  -7.557  82.627 0.0000000000
58069  -6.623  -6.694  82.941 0.0000000000
58070  -7.043  -5.740  82.812 0.0000000000
58993  -6.060  -4.206  83.027 0.0000000000
59981  -5.732  -3.697  81.724 0.0000000000
58077  -6.446  -5.735  80.862 0.0000000000
59986  -5.567  -3.771  80.719 0.0000000000
115173  -6.316  -6.702  77.563 0.0000000000
57032  -6.375  -7.137  77.117 0.0000000000
125029  -6.436  -7.778  76.495 0.0000000000
54941  -5.332  -9.618  77.081 0.0000000000
54955  -5.707  -9.535  76.120 0.0000000000
54126  -5.448  -10.909  73.873 0.0000000000
53172  -4.859  -11.681  73.480 0.0000000000
51202  -4.779  -13.653  71.109 0.0000000000
51120  -1.282  -13.576  78.400 0.0000000000
48156  -1.101  -15.730  77.250 0.0000000000
51136  -0.937  -13.355  77.451 0.0000000000
120829  -1.210  -12.617  76.998 0.0000000000
52140  -1.364  -12.704  76.270 0.0000000000
120387  -1.768  -12.784  75.706 0.0000000000
49198  -2.150  -15.379  73.844 0.0000000000
51177  -2.734  -13.190  73.820 0.0000000000
131921  -3.076  -12.752  73.738 0.0000000000
52199  -3.566  -13.087  72.536 0.0000000000
50194  -3.303  -14.247  71.993 0.0000000000
51192  -3.549  -13.647  71.944 0.0000000000
52209  -3.811  -13.403  71.885 0.0000000000
51201  -4.474  -13.911  71.154 0.0000000000
51210  -4.892  -14.106  70.700 0.0000000000
50212  -5.035  -14.681  70.401 0.0000000000
52025  -5.862  -11.385  83.672 0.0000000000
52026  -5.956  -11.383  83.656 0.0000000000
52027  -6.339  -11.415  83.511 0.0000000000
52028  -7.258  -11.137  83.861 0.0000000000
52029  -7.897  -10.957  83.926 0.0000000000
52030  -8.565  -10.865  83.881 0.0000000000
52031  -3.398  -11.852  82.088 0.0000000000
52035  -6.289  -11.624  82.926 0.0000000000
52036  -7.580  -11.309  83.223 0.0000000000
52040  -4.010  -12.074  82.242 0.0000000000
52041  -4.526  -12.043  81.882 0.0000000000
52042  -5.265  -11.822  82.060 0.0000000000
52046  -9.486  -11.408  82.703 0.0000000000
52049  -3.035  -11.902  81.510 0.0000000000
52050  -3.472  -12.239  81.220 0.0000000000
52053  -6.039  -11.867  82.131 0.0000000000
52059  -2.841  -11.880  81.096 0.0000000000
52065  -7.205  -11.807  81.664 0.0000000000
53073  -5.444  -10.943  83.763 0.0000000000
53075  -6.447  -10.773  84.367 0.0000000000
53076  -6.771  -10.697  84.441 0.0000000000
53079  -4.498  -11.134  83.274 0.0000000000
53080  -6.240  -11.191  84.011 0.0000000000
53082  -6.847  -11.081  84.085 0.0000000000
53084  -8.246  -10.634  84.426 0.0000000000
53086  -3.419  -11.295  82.388 0.0000000000
53088  -9.676  -10.757  83.827 0.0000000000
53091  -3.108  -11.436  81.759 0.0000000000
53092  -10.686  -10.822  83.185 0.0000000000
53094  -3.055  -11.061  81.580 0.0000000000
54013  -6.987  -9.587  84.805 0.0000000000
54014  -7.380  -9.557  85.063 0.0000000000
54016  -5.875  -10.149  84.147 0.0000000000
54017  -6.402  -10.163  84.504 0.0000000000
54019  -7.132  -10.108  84.773 0.0000000000
54020  -8.186  -9.732  85.296 0.0000000000
54023  -8.569  -10.227  84.806 0.0000000000
54025  -3.500  -10.830  82.436 0.0000000000
54026  -9.970  -10.284  84.049 0.0000000000
54028  -3.322  -10.720  81.808 0.0000000000
54034  -11.221  -10.956  82.434 0.0000000000
54035  -3.071  -10.649  80.809 0.0000000000
54863  -7.120  -8.627  84.819 0.0000000000
54864  -7.254  -9.088  85.011 0.0000000000
54865  -7.608  -9.083  85.315 0.0000000000
54866  -5.862  -9.183  83.749 0.0000000000
54868  -6.743  -9.508  84.666 0.0000000000
54869  -8.023  -9.096  85.595 0.0000000000
54872  -8.920  -8.957  85.182 0.0000000000
54874  -4.108  -10.346  82.769 0.0000000000
54875  -4.763  -9.528  82.634 0.0000000000
54876  -9.476  -9.556  84.558 0.0000000000
54878  -4.165  -9.880  82.088 0.0000000000
54882  -10.423  -9.745  83.545 0.0000000000
54883  -3.623  -10.276  81.570 0.0000000000
54884  -4.465  -9.479  81.336 0.0000000000
54888  -4.130  -9.702  80.789 0.0000000000
55886  -7.853  -8.662  85.433 0.0000000000
55888  -6.682  -8.194  84.295 0.0000000000
55890  -7.281  -8.044  84.856 0.0000000000
55891  -7.707  -8.125  85.183 0.0000000000
55893  -6.012  -8.493  83.298 0.0000000000
55896  -8.286  -7.908  85.267 0.0000000000
55900  -9.251  -8.258  84.537 0.0000000000
56087  -2.957  -7.682  66.054 0.0000000000
56982  -6.785  -7.506  84.264 0.0000000000
56983  -6.778  -7.479  84.512 0.0000000000
56984  -6.578  -7.329  83.707 0.0000000000
56985  -6.815  -7.012  84.268 0.0000000000
56988  -8.406  -7.525  85.052 0.0000000000
56989  -8.773  -7.476  84.831 0.0000000000
58058  -7.225  -6.686  84.522 0.0000000000
58062  -7.195  -6.192  84.208 0.0000000000
59974  -6.017  -3.719  83.558 0.0000000000
60954  -8.231  -3.552  82.917 0.0000000000
61032  -25.140  -2.876  73.220 0.0000000000
62002  -27.414  -1.766  76.902 0.0000000000
62022  -30.393  -1.673  75.800 0.0000000000
62024  -31.580  -1.536  75.519 0.0000000000
62041  -32.691  -1.541  74.919 0.0000000000
62048  -24.858  -2.475  74.810 0.0000000000
62050  -29.552  -2.399  74.674 0.0000000000
62053  -32.354  -1.606  74.492 0.0000000000
62939  -26.146  -1.532  77.322 0.0000000000
62968  -34.732  -1.304  74.050 0.0000000000
63780  -28.054  -0.930  77.944 0.0000000000
63924  -1.812  0.161  65.328 0.0000000000
113017  -8.894  -11.544  81.777 0.0000000000
114792  -4.558  -11.747  82.793 0.0000000000
116023  -8.513  -8.506  85.366 0.0000000000
116376  -3.827  -11.020  82.962 0.0000000000
116572  -4.178  -12.258  81.201 0.0000000000
116859  -6.180  -8.104  83.248 0.0000000000
118325  -7.481  -7.081  84.799 0.0000000000
121922  -7.827  -7.678  85.122 0.0000000000
123618  -8.162  -9.808  69.451 0.0000000000
127027  -6.855  -8.772  84.625 0.0000000000
127805  -7.690  -10.012  85.056 0.0000000000
129974  -10.103  -11.376  82.817 0.0000000000
131850  -28.461  -1.496  77.172 0.0000000000
133392  -1.851  -3.271  71.681 0.0000000000
133598  -4.691  -9.961  83.210 0.0000000000
135076  -4.214  -13.651  71.475 0.0000000000
135347  -46.877  8.790  57.414 0.0000000000
135465  -6.970  -9.125  84.779 0.0000000000
135676  -6.030  -8.132  82.793 0.0000000000
135708  -6.461  -7.053  82.576 0.0000000000
