#!ascii label  , from subject sub-v2s12x28890_ses-1 vox2ras=TkReg
756
17587  -43.866  -50.827  -2.285 0.5000000000
15787  -42.867  -52.434  -1.352 0.8000000119
15786  -40.378  -52.231  -0.492 0.8000000119
133827  -41.220  -52.254  -0.629 0.8000000119
17585  -42.303  -51.054  -1.418 0.8000000119
17588  -44.104  -51.090  -2.269 0.5000000000
16717  -43.164  -51.524  -1.939 0.5000000000
18459  -40.013  -49.950  -0.172 0.6999999881
17580  -40.292  -50.702  -0.417 0.6999999881
133501  -41.765  -50.749  -1.121 0.8000000119
17581  -42.319  -50.278  -1.592 0.6999999881
17576  -43.973  -50.072  -1.979 0.6000000238
17582  -43.775  -50.196  -2.147 0.5000000000
122275  -43.556  -49.499  -2.150 0.6000000238
17570  -39.060  -50.108  0.901 0.6999999881
17586  -43.215  -50.522  -2.146 0.6000000238
17575  -39.483  -50.451  0.110 0.6999999881
18460  -40.745  -49.739  -0.601 0.6999999881
19301  -42.826  -49.190  -2.139 0.6000000238
20115  -44.109  -48.705  -2.303 0.6000000238
19300  -41.682  -48.781  -1.414 0.8000000119
125315  -42.221  -48.446  -1.725 0.8000000119
18457  -43.361  -49.738  -0.997 0.4000000060
18462  -43.555  -49.658  -2.140 0.6000000238
18451  -38.698  -49.833  1.763 0.6999999881
20113  -44.987  -48.591  -2.154 0.6000000238
18452  -39.306  -49.184  1.351 0.6999999881
18455  -39.606  -49.627  0.435 0.6999999881
18456  -40.139  -49.245  -0.180 0.6999999881
19297  -40.833  -48.111  -0.865 0.6999999881
126313  -41.458  -47.486  -1.289 0.6000000238
20114  -42.891  -48.343  -2.111 0.6999999881
21596  -43.847  -46.436  -2.297 0.5000000000
131730  -40.205  -48.536  -0.281 0.6000000238
122593  -43.193  -46.935  -2.018 0.6000000238
21590  -41.830  -46.220  -1.353 0.6000000238
21595  -42.355  -45.607  -1.462 0.5000000000
20111  -43.907  -48.682  -1.568 0.4000000060
18444  -38.334  -49.556  2.594 0.6999999881
20859  -44.932  -48.572  -1.974 0.6000000238
20860  -45.370  -48.227  -2.185 0.6000000238
124187  -39.772  -48.780  0.466 0.6999999881
20864  -45.301  -48.265  -2.273 0.6000000238
19296  -39.875  -47.851  0.171 0.6999999881
122492  -45.350  -47.388  -2.504 0.5000000000
116513  -44.711  -45.951  -2.476 0.6000000238
20109  -40.311  -47.143  -0.405 0.6999999881
20857  -40.660  -46.507  -0.629 0.6000000238
23174  -44.116  -44.392  -2.148 0.5000000000
21589  -40.902  -45.880  -0.720 0.5000000000
17548  -36.021  -50.371  3.198 0.6000000238
126360  -37.425  -48.812  3.763 0.6000000238
20856  -43.385  -47.684  -0.755 0.5000000000
18436  -37.953  -49.205  3.331 0.6999999881
18443  -37.637  -49.952  2.950 0.6999999881
21591  -44.771  -47.703  -1.488 0.5000000000
22343  -45.308  -45.927  -1.180 0.4000000060
18445  -38.894  -49.155  2.172 0.6999999881
21592  -45.720  -47.384  -1.840 0.5000000000
113275  -39.476  -47.632  1.932 0.6999999881
125781  -39.601  -47.488  1.053 0.6999999881
21593  -46.470  -46.714  -1.970 0.5000000000
20108  -39.787  -46.924  0.504 0.6999999881
21585  -40.396  -45.823  -0.225 0.6000000238
21597  -46.104  -46.663  -2.504 0.5000000000
22352  -46.476  -44.789  -2.744 0.5000000000
119822  -40.516  -45.144  -0.238 0.5000000000
22345  -41.686  -44.535  -0.890 0.5000000000
129142  -42.853  -43.503  -1.453 0.5000000000
22348  -42.983  -44.829  -1.627 0.5000000000
24078  -45.464  -42.742  -2.595 0.3000000119
22342  -43.668  -44.972  -0.244 0.3000000119
18433  -35.465  -49.652  3.329 0.6000000238
18434  -36.356  -49.586  3.513 0.6000000238
21588  -44.281  -46.362  -0.737 0.4000000060
20095  -39.015  -47.078  3.406 0.6000000238
128712  -46.504  -45.931  -1.747 0.5000000000
19286  -38.644  -48.760  2.844 0.6999999881
21599  -47.054  -45.321  -2.372 0.5000000000
20854  -39.760  -46.130  0.915 0.5000000000
22353  -47.099  -44.906  -2.565 0.5000000000
23177  -46.714  -43.703  -2.707 0.4000000060
22349  -45.328  -43.968  -2.567 0.3000000119
133971  -46.453  -42.580  -2.732 0.4000000060
24077  -43.935  -42.924  -1.830 0.4000000060
19275  -35.721  -48.698  3.590 0.6000000238
19276  -36.343  -48.222  3.950 0.6000000238
19277  -37.147  -48.141  4.173 0.6000000238
20093  -37.802  -47.663  4.161 0.6000000238
20094  -38.470  -47.454  3.820 0.6000000238
22346  -45.635  -44.843  -1.173 0.3000000119
22347  -46.839  -45.017  -1.868 0.4000000060
20100  -39.033  -47.814  2.964 0.6000000238
23173  -47.264  -43.856  -1.990 0.3000000119
20101  -39.407  -46.858  2.548 0.6000000238
20106  -39.573  -46.844  1.453 0.6999999881
130618  -47.335  -43.534  -2.230 0.3000000119
22350  -47.273  -44.813  -2.371 0.3000000119
21582  -39.783  -45.384  1.361 0.6000000238
25010  -46.689  -41.548  -2.314 0.3000000119
24080  -47.274  -43.572  -2.326 0.3000000119
125939  -40.099  -44.639  1.078 0.5000000000
22340  -40.369  -44.480  0.377 0.5000000000
25938  -45.966  -40.873  -2.827 0.3000000119
24081  -46.868  -43.085  -2.522 0.3000000119
22344  -40.700  -44.315  -0.274 0.5000000000
23169  -41.036  -43.778  -0.480 0.5000000000
25011  -45.908  -41.728  -2.807 0.3000000119
23168  -40.687  -43.068  -0.073 0.5000000000
25008  -44.405  -41.681  -2.084 0.4000000060
125687  -35.751  -47.884  3.738 0.5000000000
20086  -36.367  -47.468  4.177 0.6000000238
20087  -37.280  -47.279  4.390 0.5000000000
20839  -39.220  -46.389  3.405 0.6000000238
21570  -39.365  -45.502  3.346 0.5000000000
133515  -46.593  -40.882  -2.116 0.3000000119
20846  -39.452  -46.063  2.690 0.6000000238
26911  -46.374  -39.601  -2.353 0.3000000119
25939  -46.416  -41.248  -2.574 0.3000000119
123328  -39.793  -44.690  1.821 0.6000000238
118737  -40.531  -43.725  0.174 0.5000000000
25004  -40.806  -42.052  -0.115 0.5000000000
125088  -43.068  -41.871  -1.430 0.4000000060
25006  -42.399  -41.128  -0.939 0.4000000060
20085  -36.676  -46.665  4.439 0.5000000000
20833  -37.509  -46.515  4.518 0.5000000000
20088  -38.048  -47.016  4.307 0.5000000000
21565  -39.063  -45.122  4.198 0.5000000000
27856  -46.682  -38.529  -1.848 0.3000000119
27857  -46.529  -38.801  -2.351 0.3000000119
122542  -39.549  -44.698  2.758 0.6000000238
132602  -40.081  -44.091  1.526 0.5000000000
25935  -44.051  -40.596  -1.803 0.4000000060
120544  -42.765  -40.242  -1.255 0.4000000060
120178  -36.930  -46.023  4.634 0.5000000000
21563  -37.649  -45.728  4.657 0.5000000000
22315  -38.567  -44.616  4.669 0.5000000000
28729  -46.661  -37.486  -1.368 0.4000000060
29625  -47.978  -37.196  -2.007 0.4000000060
121214  -39.363  -44.722  3.642 0.5000000000
28733  -47.063  -38.016  -2.283 0.4000000060
28734  -47.608  -37.140  -2.254 0.3000000119
22324  -39.514  -43.886  3.335 0.4000000060
28737  -46.779  -38.149  -2.412 0.3000000119
22331  -39.829  -43.964  2.222 0.5000000000
23162  -40.205  -43.352  1.663 0.4000000060
23163  -40.409  -42.836  1.092 0.4000000060
26907  -42.748  -39.403  -1.253 0.4000000060
22313  -37.024  -44.501  5.002 0.5000000000
22303  -38.130  -44.118  5.110 0.5000000000
23140  -38.710  -43.835  4.832 0.5000000000
29624  -46.932  -36.619  -0.746 0.4000000060
22316  -39.155  -44.307  4.277 0.5000000000
23141  -39.272  -43.461  4.319 0.4000000060
29626  -48.908  -36.470  -1.631 0.4000000060
29632  -49.062  -36.197  -2.044 0.4000000060
23149  -39.575  -42.913  3.521 0.4000000060
23156  -39.905  -43.120  2.515 0.4000000060
29636  -48.438  -36.408  -2.346 0.4000000060
24059  -40.284  -42.517  1.812 0.4000000060
24066  -40.440  -42.033  1.147 0.4000000060
25001  -40.576  -41.599  0.570 0.4000000060
25929  -40.822  -41.108  0.182 0.4000000060
26902  -42.153  -39.626  -0.697 0.4000000060
27853  -43.240  -38.757  -1.498 0.4000000060
23125  -36.933  -43.879  5.167 0.5000000000
23126  -37.651  -43.611  5.308 0.4000000060
131377  -50.070  -37.120  -0.597 0.4000000060
29619  -49.535  -36.901  -1.109 0.4000000060
132810  -38.868  -42.965  5.043 0.5000000000
24044  -39.350  -42.735  4.356 0.4000000060
24053  -40.006  -42.166  2.735 0.4000000060
30582  -48.886  -36.012  -2.342 0.4000000060
24060  -40.342  -41.720  1.865 0.4000000060
24998  -40.466  -41.287  1.247 0.4000000060
28732  -44.366  -37.827  -2.048 0.3000000119
26901  -41.528  -39.836  -0.262 0.4000000060
24031  -37.884  -42.789  5.502 0.4000000060
119839  -38.623  -42.094  5.450 0.5000000000
24032  -39.274  -42.147  4.794 0.4000000060
30570  -49.836  -36.416  -0.532 0.4000000060
24967  -39.574  -41.416  4.270 0.4000000060
113578  -39.588  -42.135  3.841 0.4000000060
25895  -39.954  -40.743  3.588 0.4000000060
130786  -39.931  -41.438  3.237 0.4000000060
132988  -40.238  -41.424  2.464 0.4000000060
24987  -40.374  -41.027  1.935 0.4000000060
26893  -40.728  -40.178  0.907 0.4000000060
26894  -41.156  -39.801  0.327 0.4000000060
28731  -43.461  -37.936  -1.518 0.4000000060
129832  -42.218  -38.488  -0.478 0.4000000060
28730  -42.701  -38.209  -1.016 0.4000000060
24956  -38.504  -41.444  5.766 0.4000000060
24957  -39.168  -41.349  5.264 0.4000000060
25885  -39.589  -40.637  4.638 0.4000000060
26851  -40.076  -39.905  3.940 0.4000000060
24979  -40.257  -40.872  2.693 0.4000000060
25908  -40.413  -40.370  2.140 0.4000000060
29628  -43.900  -37.130  -1.606 0.4000000060
27832  -40.905  -39.265  1.632 0.4000000060
118722  -41.405  -38.991  0.516 0.4000000060
27833  -41.274  -38.839  1.282 0.4000000060
121718  -41.877  -38.386  0.053 0.4000000060
27841  -42.426  -37.909  -0.385 0.4000000060
25872  -39.220  -40.523  5.554 0.4000000060
26841  -39.615  -39.841  5.087 0.4000000060
26852  -40.366  -39.096  3.721 0.4000000060
26864  -40.399  -39.588  3.171 0.4000000060
113980  -40.620  -39.010  2.855 0.4000000060
26878  -40.502  -39.703  2.459 0.4000000060
27822  -41.090  -38.684  2.136 0.4000000060
28712  -41.549  -38.102  1.594 0.4000000060
29623  -44.082  -36.215  -1.283 0.3000000119
28722  -42.223  -37.739  0.351 0.4000000060
28727  -43.036  -37.505  -0.938 0.4000000060
26829  -39.191  -39.783  5.989 0.4000000060
121283  -39.542  -38.964  5.646 0.4000000060
27788  -40.013  -39.134  4.597 0.4000000060
28681  -40.824  -37.797  3.875 0.4000000060
28699  -41.445  -37.784  2.419 0.4000000060
28700  -41.812  -37.431  1.854 0.4000000060
30577  -44.846  -35.704  -1.708 0.4000000060
28713  -42.044  -37.576  1.161 0.4000000060
29615  -42.755  -37.226  -0.157 0.5000000000
29622  -43.381  -36.732  -0.722 0.4000000060
29605  -42.558  -37.015  0.707 0.5000000000
28639  -39.325  -37.431  6.223 0.4000000060
28654  -39.968  -37.095  5.672 0.4000000060
122479  -39.993  -38.504  5.081 0.4000000060
28667  -40.538  -37.301  4.769 0.4000000060
27789  -40.394  -38.349  4.384 0.4000000060
29597  -42.337  -36.762  1.730 0.4000000060
29606  -43.182  -36.514  0.195 0.5000000000
29545  -39.397  -36.683  6.070 0.4000000060
29546  -39.811  -36.067  5.689 0.4000000060
131434  -40.353  -36.475  5.283 0.4000000060
118028  -43.044  -36.259  1.169 0.4000000060
130107  -43.649  -35.711  0.624 0.5000000000
114438  -39.075  -36.152  6.049 0.4000000060
30513  -39.298  -35.575  5.641 0.4000000060
30514  -39.912  -35.173  5.189 0.4000000060
30562  -43.458  -35.341  1.615 0.5000000000
132464  -37.619  -34.441  4.329 0.4000000060
30512  -38.539  -35.687  5.664 0.4000000060
31462  -38.457  -34.474  4.345 0.4000000060
31448  -38.996  -34.996  5.254 0.4000000060
31463  -39.530  -34.464  4.537 0.5000000000
31447  -37.923  -35.151  5.057 0.4000000060
24071  -41.194  -42.904  -0.454 0.5000000000
124818  -41.448  -42.180  -0.498 0.5000000000
25007  -43.265  -41.088  -1.475 0.4000000060
16718  -43.954  -51.614  -2.316 0.5000000000
16708  -40.096  -51.605  -0.467 0.8000000119
16701  -39.325  -51.415  -0.247 0.6999999881
17584  -44.340  -51.156  -1.911 0.5000000000
16700  -38.515  -51.642  -0.130 0.6999999881
17577  -44.037  -50.736  -1.037 0.5000000000
16693  -37.954  -51.468  0.395 0.6999999881
19299  -42.986  -48.950  -0.666 0.4000000060
17549  -36.830  -50.225  3.129 0.6999999881
131775  -42.698  -49.190  0.105 0.4000000060
20110  -42.601  -48.091  -0.009 0.4000000060
17547  -35.198  -50.489  2.933 0.6000000238
129546  -43.113  -45.443  0.036 0.4000000060
19274  -34.795  -48.907  3.119 0.6000000238
20091  -34.892  -47.853  3.163 0.5000000000
20092  -35.479  -47.148  3.615 0.5000000000
21561  -36.114  -45.879  4.323 0.5000000000
120894  -35.972  -45.021  4.381 0.4000000060
24030  -36.959  -43.134  5.370 0.4000000060
24954  -36.949  -42.298  5.586 0.4000000060
24955  -37.747  -41.716  5.856 0.4000000060
24940  -38.150  -40.966  6.155 0.4000000060
26828  -38.517  -39.617  6.394 0.4000000060
123511  -39.023  -39.084  6.306 0.4000000060
28638  -38.646  -37.702  6.473 0.4000000060
29544  -38.281  -36.383  6.046 0.4000000060
14934  -41.853  -52.496  -0.517 0.8000000119
123464  -41.356  -50.359  -0.897 0.8000000119
17583  -44.031  -50.602  -2.230 0.5000000000
15785  -39.509  -52.225  -0.411 0.6999999881
20112  -44.654  -48.852  -2.170 0.6000000238
20863  -44.399  -48.286  -2.392 0.6999999881
20861  -45.970  -47.476  -2.202 0.6000000238
133847  -44.598  -47.679  -2.484 0.6000000238
19278  -38.123  -48.316  3.708 0.6000000238
21587  -43.254  -46.454  -0.318 0.5000000000
23170  -41.916  -43.694  -0.874 0.5000000000
21569  -38.932  -45.951  4.107 0.6000000238
22337  -40.335  -43.734  0.928 0.5000000000
125227  -42.191  -41.961  -0.810 0.5000000000
25931  -41.868  -40.409  -0.567 0.4000000060
24068  -40.538  -42.411  0.477 0.4000000060
26908  -43.672  -39.659  -1.671 0.4000000060
27847  -41.708  -39.092  -0.254 0.4000000060
26886  -40.990  -39.511  1.041 0.4000000060
28721  -41.710  -38.271  0.802 0.4000000060
9854  -39.918  -60.548  1.022 0.4000000060
10558  -41.022  -59.579  1.950 0.4000000060
10547  -41.826  -59.226  2.013 0.4000000060
11211  -42.357  -58.665  2.541 0.4000000060
115766  -41.212  -59.178  2.498 0.4000000060
11210  -41.631  -58.720  2.783 0.4000000060
11198  -42.769  -58.154  3.091 0.4000000060
11859  -42.277  -57.787  3.610 0.4000000060
12553  -44.157  -56.736  3.519 0.5000000000
11209  -40.944  -58.863  3.065 0.4000000060
11846  -42.582  -57.063  4.122 0.5000000000
11847  -43.440  -56.932  3.805 0.5000000000
12552  -43.635  -56.195  3.823 0.6000000238
11196  -40.593  -58.499  3.717 0.4000000060
126568  -41.684  -57.492  4.159 0.4000000060
18458  -43.451  -50.233  -0.018 0.3000000119
126933  -42.765  -49.620  0.707 0.4000000060
20853  -42.012  -47.034  0.684 0.3000000119
13296  -44.372  -55.844  3.453 0.5000000000
15797  -45.402  -52.814  -1.465 0.5000000000
17578  -44.583  -51.212  -0.432 0.4000000060
11833  -39.897  -57.072  5.225 0.4000000060
125877  -42.425  -56.229  4.400 0.5000000000
12539  -43.061  -56.479  4.118 0.5000000000
11845  -40.415  -57.483  4.739 0.4000000060
11183  -40.902  -57.837  4.201 0.4000000060
125660  -44.254  -54.924  3.353 0.6000000238
14058  -44.997  -55.162  3.107 0.6000000238
14891  -44.854  -53.716  2.346 0.6999999881
132347  -44.940  -52.306  -1.592 0.5000000000
131768  -45.196  -54.345  2.706 0.6999999881
114026  -46.247  -53.538  0.447 0.6999999881
14942  -45.029  -53.049  -1.501 0.6999999881
14908  -45.480  -53.503  1.260 0.6999999881
12538  -41.749  -56.737  4.568 0.5000000000
13294  -42.863  -55.014  4.009 0.6000000238
14055  -42.986  -54.327  3.661 0.6000000238
12536  -40.568  -56.922  5.033 0.4000000060
12537  -41.053  -56.469  5.005 0.5000000000
13281  -42.347  -55.331  4.352 0.6000000238
14056  -43.756  -54.250  3.303 0.6000000238
14878  -44.013  -53.734  2.793 0.6000000238
113227  -44.196  -53.443  2.214 0.6000000238
21586  -42.452  -46.449  0.399 0.3000000119
14057  -44.535  -54.283  3.001 0.6000000238
14907  -44.614  -53.412  1.622 0.6999999881
16720  -44.672  -52.586  -1.723 0.6000000238
16719  -44.416  -51.810  -2.073 0.5000000000
14029  -39.633  -54.635  5.403 0.6000000238
14030  -40.484  -54.829  5.127 0.6000000238
14043  -41.009  -54.185  4.586 0.6999999881
14860  -41.735  -53.957  4.167 0.6000000238
14876  -42.315  -53.761  3.681 0.6000000238
14890  -43.523  -53.361  2.430 0.6000000238
13266  -40.000  -55.547  5.394 0.5000000000
13280  -41.618  -55.769  4.748 0.6000000238
14906  -43.820  -53.274  1.316 0.6000000238
14924  -43.808  -53.243  -0.103 0.6999999881
14925  -44.636  -53.393  0.477 0.6999999881
15796  -44.124  -52.387  -2.061 0.6000000238
15789  -44.429  -52.989  -1.619 0.6999999881
14042  -40.133  -53.965  4.942 0.6000000238
14859  -40.573  -53.491  4.301 0.6999999881
14875  -41.052  -53.151  3.672 0.6999999881
131873  -41.226  -53.567  4.128 0.6999999881
14888  -42.020  -53.150  3.105 0.6000000238
15795  -43.591  -52.222  -1.974 0.5000000000
114700  -42.985  -53.100  1.746 0.6999999881
15788  -43.658  -52.840  -1.468 0.6000000238
15759  -40.378  -52.703  2.372 0.6999999881
14921  -41.066  -52.741  -0.009 0.6999999881
15751  -40.357  -52.821  3.253 0.6999999881
15775  -41.201  -52.696  1.414 0.6000000238
14904  -41.659  -52.788  0.563 0.5000000000
15752  -41.104  -52.795  2.908 0.6999999881
15760  -41.595  -52.767  2.245 0.6000000238
14905  -42.385  -52.915  1.072 0.6999999881
125970  -42.817  -53.210  2.627 0.6000000238
116822  -43.088  -53.087  -0.197 0.6999999881
14936  -43.476  -53.134  -0.806 0.6000000238
119383  -39.974  -53.048  0.019 0.6999999881
14933  -40.650  -52.634  -0.212 0.6999999881
14932  -39.757  -52.820  -0.262 0.6999999881
14935  -42.817  -52.834  -0.651 0.6000000238
16711  -44.866  -51.803  -1.377 0.5000000000
14922  -41.990  -52.770  -0.119 0.6000000238
11860  -43.108  -57.539  3.540 0.4000000060
11182  -40.205  -58.128  4.358 0.4000000060
117813  -41.078  -57.176  4.678 0.4000000060
14926  -45.471  -53.493  -0.520 0.6999999881
14937  -44.906  -53.304  -1.248 0.6999999881
14877  -43.100  -53.598  3.166 0.6000000238
13267  -40.804  -55.692  5.162 0.6999999881
13279  -41.139  -55.051  4.866 0.6000000238
123934  -41.666  -53.478  3.755 0.6000000238
14889  -42.296  -52.916  2.119 0.6000000238
15774  -40.454  -52.750  1.463 0.6000000238
15750  -39.573  -52.882  3.546 0.5000000000
13265  -39.122  -55.440  5.755 0.4000000060
14844  -39.234  -53.849  5.182 0.5000000000
12518  -38.925  -56.216  5.860 0.4000000060
13246  -38.322  -55.761  6.101 0.5000000000
119761  -38.701  -54.555  5.637 0.5000000000
14857  -38.718  -53.362  4.629 0.5000000000
15744  -38.908  -52.955  3.909 0.5000000000
116811  -37.760  -53.174  2.739 0.5000000000
14858  -39.651  -53.314  4.418 0.5000000000
15758  -39.590  -52.760  2.604 0.6000000238
15772  -38.914  -53.014  1.682 0.5000000000
15757  -38.662  -52.912  2.875 0.5000000000
14901  -38.490  -53.455  0.637 0.6999999881
14887  -37.929  -53.436  1.456 0.6000000238
15784  -38.267  -52.892  -0.374 0.6000000238
12500  -37.661  -56.435  6.276 0.5000000000
132620  -37.239  -54.166  5.422 0.5000000000
14856  -37.410  -53.485  4.420 0.5000000000
14872  -37.190  -53.338  3.389 0.5000000000
14873  -38.084  -53.156  3.841 0.5000000000
14920  -39.014  -53.356  0.158 0.6000000238
120224  -37.761  -53.654  0.305 0.5000000000
16699  -37.999  -52.253  -0.264 0.6000000238
13264  -37.243  -54.734  5.800 0.5000000000
14841  -36.910  -53.812  4.996 0.5000000000
14041  -36.126  -54.135  4.740 0.5000000000
14855  -36.608  -53.614  4.103 0.5000000000
14886  -37.031  -53.547  2.059 0.5000000000
16707  -38.723  -52.216  -0.344 0.6000000238
14918  -37.336  -53.583  -0.028 0.5000000000
16698  -37.282  -52.299  -0.013 0.6000000238
13263  -36.407  -55.350  5.847 0.5000000000
14854  -35.705  -53.930  3.718 0.5000000000
14054  -34.851  -54.436  3.290 0.5000000000
14067  -34.655  -54.605  2.126 0.6000000238
14870  -35.453  -54.153  2.455 0.4000000060
14087  -34.675  -54.250  0.363 0.4000000060
14884  -35.343  -54.551  1.176 0.5000000000
14885  -36.163  -54.145  1.434 0.5000000000
14871  -36.326  -53.651  2.891 0.4000000060
15778  -34.207  -53.722  0.456 0.4000000060
15779  -34.983  -53.598  0.327 0.5000000000
15780  -35.825  -53.500  0.160 0.5000000000
15769  -34.253  -52.902  0.818 0.4000000060
14917  -36.320  -53.834  0.152 0.6000000238
15781  -36.707  -53.199  -0.089 0.6000000238
118076  -37.226  -51.629  0.727 0.6000000238
17559  -38.008  -50.297  2.114 0.6000000238
14078  -34.940  -54.512  0.630 0.5000000000
16691  -35.539  -52.061  1.306 0.5000000000
15770  -35.180  -52.772  0.628 0.5000000000
16689  -33.443  -52.258  1.653 0.4000000060
16690  -34.590  -51.909  1.788 0.5000000000
16681  -36.114  -51.635  1.589 0.6000000238
15771  -35.972  -52.684  0.429 0.6000000238
17567  -36.847  -51.338  1.610 0.6000000238
16680  -35.463  -51.293  2.319 0.5000000000
18442  -34.137  -49.266  2.693 0.3000000119
17556  -34.188  -50.274  2.698 0.4000000060
16678  -33.673  -51.229  2.324 0.4000000060
16679  -34.651  -51.077  2.534 0.5000000000
17557  -36.335  -50.931  2.546 0.5000000000
121124  -36.275  -44.295  4.677 0.3000000119
21568  -35.440  -45.209  3.702 0.3000000119
20837  -35.273  -46.138  3.448 0.4000000060
24043  -36.236  -42.658  5.087 0.3000000119
25871  -37.418  -40.861  6.199 0.3000000119
123990  -36.789  -41.421  5.798 0.3000000119
26827  -37.688  -39.419  6.508 0.3000000119
27748  -38.364  -38.663  6.527 0.3000000119
28637  -37.825  -37.897  6.510 0.3000000119
29543  -37.442  -36.638  5.981 0.3000000119
30511  -37.499  -35.902  5.576 0.3000000119
17546  -34.756  -49.728  3.022 0.5000000000
23139  -36.266  -43.417  4.890 0.3000000119
14902  -39.814  -53.018  0.687 0.5000000000
14843  -38.377  -53.833  5.229 0.5000000000
14900  -36.868  -53.912  0.572 0.5000000000
16692  -36.577  -52.149  0.584 0.6000000238
16712  -45.683  -52.336  -1.063 0.3000000119
14938  -45.776  -53.207  -1.211 0.6000000238
18447  -43.158  -49.977  2.697 0.3000000119
131984  -43.732  -50.393  2.266 0.3000000119
17571  -43.787  -50.502  1.176 0.3000000119
17573  -45.419  -51.048  1.565 0.3000000119
17572  -44.582  -50.873  0.895 0.3000000119
116601  -43.993  -50.671  0.174 0.3000000119
14939  -46.972  -53.040  -0.762 0.6000000238
15790  -46.362  -52.878  -1.103 0.5000000000
18446  -42.607  -49.407  3.152 0.3000000119
18453  -42.636  -49.473  2.014 0.3000000119
18454  -43.101  -50.085  1.496 0.3000000119
19295  -42.312  -48.910  1.373 0.3000000119
17579  -45.363  -51.299  0.475 0.3000000119
16703  -46.181  -51.658  -0.131 0.3000000119
16713  -46.868  -52.323  -0.505 0.4000000060
12519  -39.578  -56.277  5.540 0.4000000060
19280  -42.052  -48.681  3.583 0.3000000119
19289  -42.136  -48.801  2.476 0.3000000119
19294  -41.818  -48.213  1.880 0.3000000119
11214  -44.784  -58.145  2.240 0.5000000000
11873  -45.433  -57.784  2.268 0.5000000000
10559  -41.492  -59.617  1.384 0.4000000060
10548  -42.778  -59.123  1.792 0.4000000060
11222  -43.645  -58.882  1.606 0.4000000060
11223  -44.464  -58.609  1.470 0.5000000000
13310  -46.391  -55.749  2.494 0.5000000000
119984  -45.947  -57.402  2.325 0.5000000000
11213  -43.992  -58.346  2.307 0.5000000000
120925  -44.935  -57.641  2.768 0.5000000000
11212  -43.181  -58.547  2.430 0.4000000060
14070  -47.442  -54.812  1.783 0.6000000238
14069  -46.659  -54.604  2.152 0.6000000238
12563  -46.086  -56.742  2.591 0.5000000000
11871  -43.546  -57.951  2.971 0.3000000119
11861  -44.623  -57.236  3.179 0.4000000060
11862  -45.364  -57.179  2.867 0.5000000000
14910  -47.837  -53.748  0.748 0.6000000238
14068  -45.774  -54.928  2.640 0.6000000238
12554  -44.858  -56.618  3.258 0.4000000060
13309  -45.627  -55.866  2.875 0.5000000000
124021  -47.740  -53.262  -0.401 0.6000000238
16694  -46.362  -51.267  0.964 0.3000000119
15791  -47.523  -52.751  -0.645 0.4000000060
14893  -46.437  -53.744  1.452 0.6000000238
17561  -44.523  -50.708  1.949 0.3000000119
14892  -45.794  -53.955  2.218 0.6000000238
14909  -47.059  -53.583  0.565 0.6000000238
14079  -47.255  -54.046  1.452 0.6000000238
16704  -47.230  -51.550  0.269 0.3000000119
14080  -48.101  -54.377  1.280 0.5000000000
14911  -48.804  -53.693  0.342 0.5000000000
120364  -49.728  -53.131  -0.387 0.4000000060
120331  -48.667  -53.046  -0.462 0.5000000000
14088  -49.855  -53.994  0.192 0.5000000000
14081  -49.091  -54.956  0.867 0.5000000000
14089  -50.723  -53.893  -0.164 0.4000000060
15794  -49.922  -52.407  -0.297 0.4000000060
15793  -49.288  -52.181  -0.320 0.4000000060
14940  -48.135  -52.990  -0.657 0.5000000000
13311  -47.240  -55.613  2.093 0.5000000000
13319  -48.051  -55.425  1.550 0.5000000000
15792  -48.548  -52.442  -0.433 0.4000000060
7834  -41.086  -62.994  -2.226 0.3000000119
7824  -41.412  -63.722  -1.563 0.3000000119
8516  -41.828  -62.917  -1.989 0.3000000119
9192  -43.672  -61.734  -1.907 0.3000000119
9193  -44.562  -61.301  -1.805 0.4000000060
8528  -42.422  -62.153  -2.218 0.3000000119
9199  -42.842  -61.356  -2.343 0.3000000119
9184  -44.658  -61.467  -0.938 0.4000000060
9880  -45.051  -60.539  -2.100 0.4000000060
9200  -43.479  -61.314  -2.283 0.3000000119
9886  -42.470  -60.879  -2.319 0.3000000119
9185  -46.062  -60.506  -1.633 0.4000000060
10576  -47.125  -59.600  -1.771 0.4000000060
9887  -43.329  -60.807  -2.307 0.4000000060
9878  -42.927  -60.428  -2.125 0.4000000060
9879  -43.902  -60.266  -2.108 0.4000000060
10578  -49.728  -58.789  -0.817 0.3000000119
132527  -47.765  -59.330  -1.581 0.4000000060
115695  -48.330  -59.068  -1.455 0.4000000060
11234  -47.575  -59.122  -1.664 0.4000000060
123852  -45.998  -59.599  -1.950 0.4000000060
10574  -45.056  -59.514  -1.722 0.4000000060
10580  -44.130  -59.706  -1.749 0.4000000060
11891  -51.577  -57.508  -0.500 0.3000000119
11235  -48.963  -58.769  -1.181 0.4000000060
11892  -49.002  -58.413  -1.081 0.4000000060
127743  -48.261  -58.801  -1.414 0.4000000060
11231  -47.624  -58.624  -1.267 0.4000000060
11887  -47.183  -58.093  -0.115 0.4000000060
11230  -46.701  -58.708  -1.078 0.4000000060
11229  -45.603  -58.591  -0.175 0.4000000060
10568  -45.822  -59.103  -1.454 0.4000000060
117874  -44.233  -59.343  -1.141 0.4000000060
11890  -50.941  -57.243  -0.722 0.4000000060
11889  -49.902  -57.866  -1.090 0.4000000060
121009  -47.629  -57.523  0.891 0.4000000060
11225  -46.261  -58.176  0.507 0.4000000060
10566  -43.801  -59.304  -0.226 0.4000000060
10573  -43.497  -59.580  -0.997 0.4000000060
11884  -48.859  -57.468  0.111 0.4000000060
11882  -46.773  -57.788  1.088 0.4000000060
11881  -46.079  -57.805  1.658 0.4000000060
10561  -44.124  -58.972  0.620 0.4000000060
11224  -45.365  -58.311  1.307 0.4000000060
11875  -47.431  -57.024  1.652 0.4000000060
12564  -46.962  -56.564  2.172 0.4000000060
13322  -50.294  -54.973  0.282 0.4000000060
12572  -48.807  -56.330  0.958 0.4000000060
117145  -50.549  -53.068  -0.291 0.3000000119
16697  -49.758  -51.998  0.226 0.3000000119
16706  -49.056  -51.673  0.321 0.3000000119
12571  -47.731  -56.384  1.650 0.4000000060
9194  -45.395  -60.893  -1.680 0.4000000060
9881  -45.825  -60.361  -2.049 0.4000000060
131209  -44.733  -59.984  -2.077 0.4000000060
11236  -49.865  -58.576  -1.052 0.4000000060
10577  -49.082  -58.969  -1.082 0.4000000060
11232  -50.365  -58.497  -0.612 0.3000000119
10575  -46.698  -59.411  -1.849 0.4000000060
11895  -51.828  -57.120  -0.596 0.3000000119
11893  -50.340  -57.989  -1.007 0.4000000060
124341  -49.578  -58.399  -1.082 0.4000000060
11888  -48.131  -58.115  -0.644 0.4000000060
11883  -48.110  -57.025  1.198 0.4000000060
11228  -44.852  -58.692  0.553 0.4000000060
11874  -46.740  -57.331  1.904 0.4000000060
12573  -49.751  -55.814  0.495 0.4000000060
9867  -47.562  -60.066  -0.040 0.3000000119
9178  -44.674  -61.306  0.341 0.3000000119
9177  -43.896  -61.776  0.234 0.3000000119
9866  -46.776  -60.380  -0.369 0.3000000119
9864  -45.430  -61.056  -0.840 0.3000000119
9873  -47.453  -59.877  -1.317 0.3000000119
10569  -48.303  -59.468  -1.008 0.3000000119
12579  -51.650  -56.185  -0.424 0.3000000119
13323  -51.339  -55.073  -0.168 0.3000000119
10570  -49.163  -59.208  -0.487 0.3000000119
12576  -49.915  -56.845  -0.060 0.3000000119
8502  -43.207  -62.410  0.043 0.3000000119
8529  -43.125  -61.785  -2.176 0.3000000119
9201  -44.158  -60.928  -2.238 0.3000000119
9865  -46.091  -60.681  -0.653 0.3000000119
9872  -46.757  -60.197  -1.564 0.4000000060
9882  -46.381  -59.920  -2.027 0.4000000060
10567  -44.761  -58.971  -0.583 0.4000000060
10581  -45.584  -59.945  -2.118 0.4000000060
11197  -42.087  -58.310  3.129 0.4000000060
11227  -51.176  -58.077  -0.304 0.3000000119
11233  -50.783  -58.067  -0.762 0.3000000119
11844  -39.881  -57.749  4.864 0.4000000060
11858  -41.439  -58.219  3.525 0.4000000060
11872  -44.306  -57.773  2.855 0.4000000060
11894  -51.256  -57.516  -0.651 0.3000000119
12520  -40.328  -56.355  5.264 0.4000000060
12562  -45.422  -56.507  3.007 0.5000000000
12577  -50.764  -56.068  -0.120 0.3000000119
13245  -37.411  -55.536  6.122 0.5000000000
13282  -43.027  -55.762  4.146 0.5000000000
13295  -43.563  -55.188  3.693 0.6000000238
13297  -45.074  -56.008  3.192 0.4000000060
14013  -38.024  -54.970  5.948 0.5000000000
14027  -36.599  -54.443  5.428 0.5000000000
14028  -37.869  -54.314  5.561 0.5000000000
14044  -41.711  -54.764  4.492 0.6000000238
14045  -42.343  -54.483  4.097 0.6000000238
14086  -34.225  -54.581  0.609 0.4000000060
14842  -37.629  -53.785  5.126 0.5000000000
14874  -40.265  -53.107  3.885 0.6999999881
14899  -35.875  -54.245  0.533 0.5000000000
14903  -40.667  -52.793  0.587 0.6000000238
14916  -35.504  -54.116  0.269 0.5000000000
14919  -38.168  -53.605  -0.003 0.6000000238
14923  -42.477  -52.958  0.157 0.6999999881
14927  -46.532  -53.344  -0.577 0.6000000238
14930  -37.968  -53.403  -0.213 0.6000000238
14931  -38.990  -52.860  -0.366 0.6000000238
14941  -49.198  -52.757  -0.443 0.4000000060
15761  -41.834  -52.775  1.490 0.5000000000
15773  -39.716  -52.852  1.611 0.5000000000
15782  -37.571  -53.051  -0.298 0.6000000238
15783  -50.574  -52.612  -0.093 0.3000000119
16702  -45.343  -51.655  -0.557 0.4000000060
16709  -41.187  -51.389  -0.783 0.8000000119
16710  -42.074  -51.997  -1.155 0.8000000119
16714  -47.976  -51.955  -0.277 0.3000000119
16716  -49.474  -51.928  -0.119 0.3000000119
17558  -37.230  -50.659  2.387 0.6999999881
17568  -37.618  -51.019  1.430 0.6000000238
17569  -38.368  -50.609  1.179 0.6999999881
17574  -38.788  -50.943  0.335 0.6999999881
18435  -37.199  -49.479  3.493 0.6999999881
18461  -41.851  -49.517  -1.429 0.8000000119
18463  -43.207  -49.775  -2.196 0.6000000238
19287  -39.243  -48.470  2.128 0.6999999881
19288  -41.732  -48.202  2.784 0.3000000119
19293  -39.546  -48.243  1.211 0.6999999881
19302  -43.610  -49.000  -2.224 0.6000000238
20838  -38.698  -46.721  3.999 0.6000000238
20852  -39.555  -46.104  1.841 0.6000000238
20855  -40.110  -46.296  0.081 0.6000000238
20858  -41.390  -46.678  -1.170 0.6000000238
20862  -42.705  -47.540  -1.878 0.6000000238
21562  -36.777  -45.197  4.721 0.5000000000
21564  -38.268  -46.258  4.407 0.5000000000
21576  -39.566  -45.409  2.283 0.6000000238
21584  -40.143  -45.409  0.483 0.5000000000
21594  -46.839  -45.804  -2.113 0.5000000000
21598  -46.534  -46.321  -2.143 0.5000000000
21600  -45.618  -45.350  -2.648 0.5000000000
21601  -46.700  -45.658  -2.476 0.5000000000
22302  -37.512  -44.193  5.137 0.4000000060
22314  -37.749  -44.850  4.896 0.5000000000
22351  -47.240  -44.846  -2.472 0.5000000000
23127  -38.272  -43.487  5.222 0.4000000060
23166  -40.497  -43.121  0.532 0.5000000000
23175  -47.464  -44.114  -2.320 0.3000000119
23176  -47.338  -44.445  -2.404 0.5000000000
23178  -47.243  -44.008  -2.527 0.3000000119
24072  -42.051  -42.787  -0.803 0.5000000000
24076  -42.726  -42.576  -1.289 0.4000000060
24079  -47.091  -42.681  -2.223 0.3000000119
24941  -38.763  -40.954  5.817 0.4000000060
25005  -41.434  -41.302  -0.392 0.4000000060
25012  -46.418  -41.969  -2.695 0.3000000119
25013  -46.814  -42.386  -2.391 0.3000000119
25857  -37.924  -40.259  6.416 0.3000000119
25858  -38.672  -40.392  6.138 0.4000000060
25896  -40.328  -40.223  2.973 0.4000000060
25917  -40.516  -40.585  1.403 0.4000000060
25922  -40.616  -40.861  0.761 0.4000000060
25923  -40.856  -40.486  0.433 0.4000000060
25930  -41.163  -40.465  -0.047 0.4000000060
25937  -46.402  -40.541  -2.418 0.3000000119
26885  -40.618  -39.840  1.638 0.4000000060
27749  -39.171  -38.312  6.326 0.4000000060
27769  -39.718  -38.027  5.750 0.4000000060
27770  -40.186  -37.875  5.158 0.4000000060
27807  -41.022  -38.230  3.036 0.4000000060
27821  -40.712  -39.304  2.135 0.4000000060
27848  -42.412  -38.901  -0.877 0.4000000060
27854  -44.034  -38.388  -1.861 0.3000000119
29525  -38.078  -37.120  6.359 0.3000000119
29526  -38.846  -36.880  6.323 0.4000000060
29620  -49.911  -36.877  -0.879 0.4000000060
29627  -49.538  -36.303  -1.377 0.4000000060
29629  -44.778  -37.297  -2.254 0.3000000119
29631  -48.445  -36.607  -2.102 0.4000000060
30529  -40.441  -35.747  5.121 0.4000000060
30578  -49.407  -36.007  -1.976 0.4000000060
31503  -49.118  -35.344  -1.598 0.4000000060
113259  -36.701  -48.839  3.809 0.6000000238
113651  -48.239  -36.731  -1.236 0.4000000060
113966  -43.048  -53.116  0.630 0.6999999881
116227  -38.045  -53.481  4.707 0.5000000000
116688  -36.045  -52.144  0.976 0.6000000238
120261  -39.182  -53.193  0.881 0.5000000000
120724  -38.420  -45.435  4.514 0.5000000000
120901  -43.890  -57.361  3.364 0.5000000000
123554  -34.618  -54.826  1.097 0.4000000060
123705  -40.869  -48.924  -0.785 0.6999999881
123966  -43.870  -49.359  -1.907 0.6000000238
124329  -44.139  -53.291  -1.132 0.6999999881
125131  -40.961  -52.675  2.125 0.6000000238
126093  -41.204  -45.123  -0.756 0.6000000238
128984  -46.191  -40.440  -2.631 0.3000000119
129594  -46.161  -38.081  -1.311 0.4000000060
132103  -44.604  -53.427  -0.688 0.6999999881
132637  -38.568  -53.351  -0.152 0.6000000238
133058  -40.699  -43.705  -0.164 0.5000000000
133253  -49.876  -52.793  -0.439 0.4000000060
133307  -38.551  -55.180  5.899 0.5000000000
133547  -43.299  -49.450  -0.999 0.4000000060
133964  -39.233  -53.189  -0.123 0.6000000238
133965  -35.961  -46.690  4.121 0.5000000000
134396  -41.084  -44.408  -0.587 0.5000000000
134511  -44.509  -60.372  -2.169 0.4000000060
134570  -51.664  -57.005  -0.666 0.3000000119
135879  -35.775  -50.787  2.821 0.5000000000
