#!ascii label  , from subject sub-v2s12x28862_ses-1 vox2ras=TkReg
1390
56063  -41.573  -7.732  73.496 0.0000000000
65702  -52.959  4.625  65.648 0.0000000000
125217  -47.847  -2.961  69.055 0.0000000000
41875  -15.377  -22.906  98.021 0.0000000000
54046  -39.983  -9.901  78.766 0.0000000000
46453  -30.923  -17.444  97.318 0.0000000000
120114  -39.175  -17.045  96.288 0.0000000000
50380  -42.445  -13.940  87.965 0.0000000000
53089  -43.454  -10.430  85.384 0.0000000000
42851  -23.333  -21.585  93.336 0.0000000000
44630  -27.336  -19.983  99.106 0.0000000000
44687  -27.748  -19.605  93.203 0.0000000000
44706  -36.176  -19.519  91.278 0.0000000000
45596  -40.410  -18.521  90.370 0.0000000000
123985  -44.830  -4.988  80.787 0.0000000000
56957  -48.119  -6.196  78.031 0.0000000000
63368  -50.965  -0.004  67.717 0.0000000000
57977  -44.180  -5.169  70.892 0.0000000000
65739  -51.721  3.694  61.654 0.0000000000
38418  -13.036  -27.097  99.693 0.0000000000
55943  -44.510  -7.431  83.113 0.0000000000
57884  -39.781  -6.844  77.059 0.0000000000
46523  -31.113  -17.395  91.863 0.0000000000
48452  -34.519  -15.468  96.346 0.0000000000
60817  -50.296  -3.068  75.803 0.0000000000
68501  -58.045  6.197  58.647 0.0000000000
49476  -41.401  -15.015  85.991 0.0000000000
50413  -41.282  -13.655  84.980 0.0000000000
43802  -25.573  -20.594  93.308 0.0000000000
45621  -38.724  -19.238  88.390 0.0000000000
47599  -40.081  -17.370  86.858 0.0000000000
48509  -42.231  -15.872  89.206 0.0000000000
56955  -42.872  -6.748  77.905 0.0000000000
56930  -46.261  -7.043  79.892 0.0000000000
56969  -45.371  -7.300  76.744 0.0000000000
64143  -52.273  1.736  66.627 0.0000000000
64118  -52.472  1.689  69.344 0.0000000000
67456  -54.397  5.752  66.154 0.0000000000
40095  -14.346  -24.525  95.597 0.0000000000
40051  -14.201  -25.117  98.550 0.0000000000
53112  -42.182  -10.422  82.511 0.0000000000
54014  -44.677  -9.124  83.643 0.0000000000
54998  -42.787  -8.550  81.178 0.0000000000
56910  -41.905  -6.219  79.782 0.0000000000
55981  -39.952  -7.692  78.128 0.0000000000
44632  -29.110  -19.191  99.012 0.0000000000
45474  -28.046  -18.707  101.203 0.0000000000
46425  -29.955  -17.742  100.491 0.0000000000
123784  -31.705  -16.762  99.564 0.0000000000
47574  -29.775  -17.756  89.204 0.0000000000
46568  -31.684  -18.239  88.752 0.0000000000
45550  -37.107  -18.045  93.087 0.0000000000
131474  -35.530  -17.873  93.166 0.0000000000
47501  -36.844  -16.501  95.286 0.0000000000
46454  -35.478  -18.161  98.052 0.0000000000
111912  -18.897  -21.776  95.790 0.0000000000
127851  -20.514  -21.377  98.498 0.0000000000
43717  -19.254  -20.747  100.574 0.0000000000
125925  -46.319  -4.128  69.819 0.0000000000
58977  -47.277  -4.339  73.656 0.0000000000
60864  -48.714  -2.824  72.879 0.0000000000
129748  -59.834  6.657  58.500 0.0000000000
40891  -13.922  -23.616  101.585 0.0000000000
52145  -43.360  -12.241  89.984 0.0000000000
53054  -43.715  -10.956  88.949 0.0000000000
51285  -42.600  -12.264  86.698 0.0000000000
52208  -41.146  -11.278  83.519 0.0000000000
43749  -23.042  -20.946  96.653 0.0000000000
43733  -24.923  -20.563  99.860 0.0000000000
43762  -25.212  -20.448  96.259 0.0000000000
44650  -27.595  -19.887  96.125 0.0000000000
45529  -30.109  -19.102  95.370 0.0000000000
128015  -33.732  -19.342  88.471 0.0000000000
119395  -35.951  -19.983  88.822 0.0000000000
44708  -38.040  -19.611  91.000 0.0000000000
46514  -39.905  -18.404  92.873 0.0000000000
47538  -41.600  -16.355  92.620 0.0000000000
125102  -42.581  -14.344  90.859 0.0000000000
113544  -21.785  -21.941  93.424 0.0000000000
111378  -46.081  -3.763  83.040 0.0000000000
59745  -49.135  -2.445  85.742 0.0000000000
57802  -47.882  -4.855  83.481 0.0000000000
57834  -49.684  -5.869  81.714 0.0000000000
61807  -49.504  -1.406  68.418 0.0000000000
61766  -50.312  -1.206  71.464 0.0000000000
63340  -51.673  0.142  70.533 0.0000000000
35980  -7.009  -29.429  103.346 0.0000000000
57030  -43.114  -6.095  72.495 0.0000000000
59949  -42.615  -3.930  68.164 0.0000000000
61838  -46.473  -1.288  66.572 0.0000000000
124572  -47.750  0.593  65.934 0.0000000000
64155  -48.974  1.737  65.312 0.0000000000
65699  -50.864  3.580  65.146 0.0000000000
66560  -51.652  4.570  64.970 0.0000000000
65728  -49.473  2.929  62.415 0.0000000000
40016  -13.246  -25.136  102.298 0.0000000000
38406  -11.833  -27.155  103.712 0.0000000000
36812  -8.944  -28.763  104.212 0.0000000000
57741  -47.358  -5.382  88.688 0.0000000000
53989  -45.076  -9.999  86.929 0.0000000000
54956  -46.261  -7.782  85.743 0.0000000000
57780  -46.183  -5.167  84.966 0.0000000000
58868  -44.518  -4.299  81.934 0.0000000000
58923  -42.857  -5.792  78.918 0.0000000000
56024  -39.843  -7.934  75.336 0.0000000000
44605  -25.861  -19.331  102.445 0.0000000000
47534  -29.998  -18.144  91.571 0.0000000000
47495  -31.832  -18.198  94.410 0.0000000000
45593  -33.561  -18.820  90.800 0.0000000000
47521  -32.745  -17.401  94.194 0.0000000000
48435  -32.762  -15.560  96.878 0.0000000000
116603  -33.915  -16.130  98.584 0.0000000000
132040  -15.688  -23.301  94.593 0.0000000000
42816  -17.242  -22.292  95.523 0.0000000000
42791  -16.423  -21.810  97.455 0.0000000000
57912  -46.655  -5.707  75.573 0.0000000000
111405  -49.676  -4.538  77.251 0.0000000000
59841  -52.830  -3.659  78.339 0.0000000000
61720  -52.440  -1.515  74.612 0.0000000000
67484  -53.240  5.874  64.037 0.0000000000
68460  -54.836  6.580  63.043 0.0000000000
68470  -57.142  7.097  61.654 0.0000000000
67523  -55.625  5.748  59.525 0.0000000000
68480  -58.978  7.369  60.717 0.0000000000
48560  -40.311  -16.206  85.006 0.0000000000
48575  -40.631  -15.295  84.574 0.0000000000
48588  -39.373  -15.646  83.466 0.0000000000
46593  -39.385  -17.814  86.553 0.0000000000
129724  -40.209  -16.683  85.677 0.0000000000
47612  -40.623  -16.702  86.438 0.0000000000
56027  -42.515  -7.887  75.605 0.0000000000
55995  -43.913  -7.677  77.223 0.0000000000
56045  -43.090  -7.699  74.933 0.0000000000
64903  -52.890  2.588  66.477 0.0000000000
64896  -53.376  3.010  67.716 0.0000000000
65682  -53.970  3.842  67.281 0.0000000000
66534  -54.471  4.633  67.312 0.0000000000
66540  -53.917  5.139  66.095 0.0000000000
40962  -15.215  -24.010  96.726 0.0000000000
39247  -14.369  -25.049  96.919 0.0000000000
40052  -14.757  -24.420  98.173 0.0000000000
53132  -41.505  -10.271  80.749 0.0000000000
127881  -42.826  -9.359  81.546 0.0000000000
54047  -41.436  -9.071  79.595 0.0000000000
55016  -41.467  -8.161  79.580 0.0000000000
54059  -40.197  -8.983  78.533 0.0000000000
128673  -21.520  -20.879  100.884 0.0000000000
45495  -29.792  -18.666  98.560 0.0000000000
127650  -29.599  -18.424  99.455 0.0000000000
46431  -30.728  -17.072  99.617 0.0000000000
46426  -30.604  -17.373  100.175 0.0000000000
47404  -31.304  -16.596  99.170 0.0000000000
46481  -38.219  -17.333  94.544 0.0000000000
46480  -37.245  -17.109  94.542 0.0000000000
47483  -38.115  -16.636  95.983 0.0000000000
47457  -37.496  -16.555  96.452 0.0000000000
121643  -21.733  -21.292  97.165 0.0000000000
42783  -21.217  -21.305  98.743 0.0000000000
42757  -20.959  -21.041  100.241 0.0000000000
58745  -47.754  -3.604  88.740 0.0000000000
59941  -47.327  -3.433  69.596 0.0000000000
59926  -47.564  -3.511  71.370 0.0000000000
60885  -48.001  -2.960  70.904 0.0000000000
51252  -43.314  -12.821  89.419 0.0000000000
52160  -43.312  -12.218  88.908 0.0000000000
51277  -42.774  -12.731  87.435 0.0000000000
133427  -41.081  -12.179  84.386 0.0000000000
51327  -40.217  -11.895  82.728 0.0000000000
52217  -40.402  -11.552  82.241 0.0000000000
42823  -23.191  -21.157  95.189 0.0000000000
113494  -23.728  -20.729  96.740 0.0000000000
43771  -24.099  -20.766  95.375 0.0000000000
44686  -26.855  -19.965  93.030 0.0000000000
44663  -26.668  -20.079  94.787 0.0000000000
44677  -27.493  -19.861  94.697 0.0000000000
44665  -28.459  -19.685  95.633 0.0000000000
114763  -29.040  -19.322  94.041 0.0000000000
44765  -34.920  -19.794  87.439 0.0000000000
45623  -39.870  -18.542  89.001 0.0000000000
126094  -38.496  -19.636  89.282 0.0000000000
45595  -39.604  -19.019  90.564 0.0000000000
45568  -39.280  -18.762  92.206 0.0000000000
45569  -40.236  -18.594  91.899 0.0000000000
47537  -41.073  -17.142  93.050 0.0000000000
46525  -41.642  -17.361  91.229 0.0000000000
49431  -42.415  -14.875  88.817 0.0000000000
119518  -42.482  -15.679  90.040 0.0000000000
49432  -42.854  -14.060  89.381 0.0000000000
50369  -43.149  -13.302  89.964 0.0000000000
42835  -22.550  -21.709  93.821 0.0000000000
58869  -45.573  -4.063  82.525 0.0000000000
118084  -46.430  -3.773  83.368 0.0000000000
57831  -46.085  -5.078  81.745 0.0000000000
56944  -47.619  -6.863  78.772 0.0000000000
56904  -48.109  -6.472  81.340 0.0000000000
56917  -49.536  -6.293  80.256 0.0000000000
57849  -50.808  -5.674  80.899 0.0000000000
117817  -49.896  -5.910  79.268 0.0000000000
62607  -50.332  -0.640  68.268 0.0000000000
62589  -50.539  -0.511  69.953 0.0000000000
63358  -50.935  0.127  68.826 0.0000000000
64111  -53.597  1.907  70.586 0.0000000000
62633  -47.646  -0.343  66.285 0.0000000000
63405  -46.499  0.928  65.875 0.0000000000
64166  -48.126  1.390  65.249 0.0000000000
114473  -49.044  2.091  64.542 0.0000000000
64931  -49.661  2.497  65.156 0.0000000000
124021  -49.708  2.627  64.765 0.0000000000
64941  -50.286  2.752  64.140 0.0000000000
118908  -13.061  -26.764  97.807 0.0000000000
131057  -12.176  -28.562  100.115 0.0000000000
40867  -13.857  -23.249  103.430 0.0000000000
40017  -13.667  -24.395  101.924 0.0000000000
39998  -13.405  -24.104  103.796 0.0000000000
38403  -11.559  -26.910  104.807 0.0000000000
37627  -10.984  -27.535  104.578 0.0000000000
36813  -10.136  -28.187  104.096 0.0000000000
36808  -9.490  -28.729  104.712 0.0000000000
36807  -8.242  -29.143  105.007 0.0000000000
53072  -43.694  -10.892  87.033 0.0000000000
53073  -44.446  -10.500  87.443 0.0000000000
53083  -44.373  -10.397  86.534 0.0000000000
54979  -44.701  -8.394  83.302 0.0000000000
54007  -45.421  -8.644  84.701 0.0000000000
121534  -45.492  -7.604  84.429 0.0000000000
130928  -46.260  -6.546  85.373 0.0000000000
55929  -45.245  -6.496  83.860 0.0000000000
56880  -45.208  -5.206  83.666 0.0000000000
56892  -43.608  -6.043  82.370 0.0000000000
56925  -40.991  -6.327  78.372 0.0000000000
57844  -42.438  -5.688  79.930 0.0000000000
57886  -41.219  -5.988  77.848 0.0000000000
128439  -41.136  -6.089  77.669 0.0000000000
125391  -40.121  -6.844  76.965 0.0000000000
43734  -25.738  -20.447  99.196 0.0000000000
111777  -25.334  -20.387  100.771 0.0000000000
44614  -26.789  -19.791  100.753 0.0000000000
115505  -30.085  -17.469  90.393 0.0000000000
46536  -29.771  -17.967  90.395 0.0000000000
47548  -30.467  -17.636  91.248 0.0000000000
112270  -30.511  -18.234  92.450 0.0000000000
46492  -31.298  -18.336  93.100 0.0000000000
44735  -34.589  -19.551  89.416 0.0000000000
44720  -34.040  -19.258  90.071 0.0000000000
45594  -34.345  -19.194  90.890 0.0000000000
47499  -34.817  -16.357  94.968 0.0000000000
46494  -33.599  -17.437  93.785 0.0000000000
118984  -33.961  -16.383  94.832 0.0000000000
47477  -32.530  -16.470  95.364 0.0000000000
48451  -33.620  -15.531  96.035 0.0000000000
126597  -33.445  -15.441  97.815 0.0000000000
48428  -34.698  -15.689  97.654 0.0000000000
133364  -41.720  -15.637  95.100 0.0000000000
42817  -17.968  -21.947  95.614 0.0000000000
42805  -17.420  -21.825  96.348 0.0000000000
42804  -16.802  -22.106  96.322 0.0000000000
130547  -18.114  -20.427  101.933 0.0000000000
57951  -43.757  -5.602  72.150 0.0000000000
57922  -44.805  -6.202  74.107 0.0000000000
57953  -45.028  -5.408  72.835 0.0000000000
59874  -48.859  -3.637  75.077 0.0000000000
58955  -48.364  -4.219  75.474 0.0000000000
59858  -49.832  -3.610  76.166 0.0000000000
58935  -51.257  -4.179  77.719 0.0000000000
59860  -51.448  -3.158  76.553 0.0000000000
113945  -51.913  -0.696  72.443 0.0000000000
133341  -51.180  -1.343  73.076 0.0000000000
62547  -52.869  -1.090  74.082 0.0000000000
65730  -51.575  3.394  62.706 0.0000000000
66561  -52.624  5.408  64.573 0.0000000000
66575  -52.993  4.205  62.726 0.0000000000
67499  -53.943  5.168  62.291 0.0000000000
67500  -54.526  5.618  61.766 0.0000000000
68461  -56.145  6.941  62.445 0.0000000000
114340  -55.213  5.945  61.272 0.0000000000
68517  -56.316  5.949  57.532 0.0000000000
68499  -54.879  6.095  57.940 0.0000000000
67524  -56.584  6.013  59.378 0.0000000000
68479  -57.380  6.900  60.685 0.0000000000
114005  -58.707  7.069  59.917 0.0000000000
68489  -58.945  6.834  59.328 0.0000000000
68504  -60.719  6.591  58.860 0.0000000000
49463  -42.146  -14.540  87.376 0.0000000000
50414  -41.814  -13.342  85.698 0.0000000000
126372  -41.505  -14.156  85.669 0.0000000000
49522  -40.193  -13.751  83.580 0.0000000000
126024  -25.048  -20.705  93.878 0.0000000000
124645  -38.392  -18.719  86.844 0.0000000000
45638  -39.242  -18.585  87.815 0.0000000000
119442  -40.442  -17.898  88.905 0.0000000000
47577  -41.657  -16.840  89.372 0.0000000000
119279  -41.003  -16.844  87.929 0.0000000000
48530  -41.479  -15.698  87.265 0.0000000000
56927  -43.416  -5.735  79.193 0.0000000000
56913  -45.597  -6.091  80.598 0.0000000000
55972  -45.112  -7.216  79.016 0.0000000000
55985  -45.777  -7.373  78.352 0.0000000000
56956  -47.317  -6.623  77.854 0.0000000000
63396  -51.606  1.067  66.631 0.0000000000
64122  -51.981  1.229  68.935 0.0000000000
64123  -52.479  1.913  68.640 0.0000000000
64879  -52.954  2.402  69.123 0.0000000000
68431  -55.180  6.511  65.819 0.0000000000
39234  -13.870  -25.972  97.931 0.0000000000
38419  -13.466  -26.462  99.319 0.0000000000
53102  -42.738  -10.343  83.154 0.0000000000
53097  -44.226  -10.052  84.820 0.0000000000
54013  -43.524  -9.790  82.951 0.0000000000
54021  -43.498  -9.255  82.188 0.0000000000
120057  -43.078  -7.893  81.536 0.0000000000
55954  -42.659  -6.835  81.258 0.0000000000
55965  -42.217  -7.299  80.633 0.0000000000
56940  -40.634  -6.693  78.339 0.0000000000
56952  -39.935  -6.812  77.384 0.0000000000
44631  -28.260  -19.821  98.601 0.0000000000
44615  -27.615  -19.459  100.528 0.0000000000
44616  -28.278  -19.134  100.276 0.0000000000
45482  -29.229  -17.982  100.863 0.0000000000
45485  -31.721  -18.109  100.320 0.0000000000
46566  -30.112  -17.413  88.780 0.0000000000
46537  -31.415  -17.536  90.431 0.0000000000
45580  -36.869  -19.046  91.853 0.0000000000
45564  -35.189  -18.787  92.204 0.0000000000
45549  -36.246  -17.908  93.126 0.0000000000
46479  -36.301  -16.953  94.475 0.0000000000
47481  -36.008  -15.746  96.204 0.0000000000
47455  -35.413  -15.714  97.189 0.0000000000
116910  -36.663  -16.044  96.498 0.0000000000
111039  -20.133  -22.117  94.330 0.0000000000
111911  -19.829  -21.712  95.960 0.0000000000
123712  -18.989  -21.368  98.114 0.0000000000
42768  -18.449  -21.132  99.398 0.0000000000
42756  -20.033  -21.087  99.917 0.0000000000
59015  -45.480  -4.654  70.472 0.0000000000
58991  -46.034  -4.713  72.178 0.0000000000
59006  -46.453  -4.343  71.511 0.0000000000
59901  -48.414  -3.265  73.525 0.0000000000
130240  -49.984  -2.453  74.496 0.0000000000
66592  -50.487  4.706  60.699 0.0000000000
66593  -51.982  4.213  60.819 0.0000000000
130751  -51.130  5.264  59.926 0.0000000000
113540  -56.897  5.920  57.307 0.0000000000
111026  -58.683  6.408  58.555 0.0000000000
111622  -58.214  5.767  56.870 0.0000000000
68529  -59.079  5.896  57.070 0.0000000000
41861  -15.131  -22.672  98.797 0.0000000000
40926  -14.754  -23.489  99.263 0.0000000000
53043  -43.830  -11.032  89.945 0.0000000000
52146  -43.402  -11.592  89.482 0.0000000000
52173  -43.305  -11.434  87.393 0.0000000000
114865  -42.658  -11.299  86.137 0.0000000000
51296  -42.132  -12.380  85.687 0.0000000000
52195  -42.015  -11.666  85.273 0.0000000000
52203  -41.931  -11.175  84.932 0.0000000000
53111  -41.390  -10.894  82.703 0.0000000000
53120  -41.034  -10.799  81.291 0.0000000000
112476  -22.740  -20.950  98.027 0.0000000000
43732  -23.548  -20.715  99.933 0.0000000000
111813  -24.108  -20.631  98.095 0.0000000000
111812  -24.853  -20.497  97.769 0.0000000000
43753  -26.176  -20.242  97.634 0.0000000000
43785  -25.419  -20.509  94.523 0.0000000000
112475  -26.573  -20.028  96.086 0.0000000000
131453  -26.880  -20.053  97.842 0.0000000000
44639  -28.467  -19.784  97.452 0.0000000000
45518  -29.245  -19.428  96.975 0.0000000000
129333  -30.470  -18.253  96.379 0.0000000000
125021  -35.098  -19.764  88.776 0.0000000000
44737  -36.351  -19.987  89.661 0.0000000000
118759  -37.276  -19.764  87.926 0.0000000000
44738  -37.250  -20.005  89.850 0.0000000000
44707  -37.195  -19.655  91.193 0.0000000000
45581  -37.782  -19.140  91.712 0.0000000000
45552  -38.983  -18.499  93.053 0.0000000000
46482  -39.184  -17.528  94.454 0.0000000000
47485  -40.573  -16.555  95.899 0.0000000000
47505  -40.760  -16.835  94.804 0.0000000000
47523  -41.484  -16.316  93.544 0.0000000000
48473  -42.169  -15.332  93.157 0.0000000000
120797  -42.107  -16.758  90.815 0.0000000000
132014  -42.206  -15.656  91.610 0.0000000000
49402  -42.530  -14.162  92.707 0.0000000000
50342  -42.737  -13.354  91.943 0.0000000000
111557  -20.938  -22.050  94.623 0.0000000000
58808  -46.995  -3.979  85.200 0.0000000000
59781  -47.027  -3.537  84.221 0.0000000000
58850  -48.272  -4.391  84.040 0.0000000000
58851  -49.464  -4.369  83.965 0.0000000000
56903  -46.987  -6.210  81.515 0.0000000000
57833  -48.694  -6.037  81.945 0.0000000000
118340  -48.919  -1.975  68.962 0.0000000000
61764  -49.156  -1.896  70.862 0.0000000000
62588  -50.000  -1.148  70.098 0.0000000000
120036  -50.936  -0.721  71.281 0.0000000000
62582  -52.031  -0.290  71.660 0.0000000000
63352  -52.170  0.715  70.254 0.0000000000
63330  -52.682  0.274  71.492 0.0000000000
57027  -40.849  -7.331  72.187 0.0000000000
57013  -42.137  -7.203  73.069 0.0000000000
57039  -41.479  -6.759  71.927 0.0000000000
57051  -42.264  -5.845  71.134 0.0000000000
57976  -43.448  -5.375  70.639 0.0000000000
59013  -43.951  -5.121  70.013 0.0000000000
59041  -44.517  -4.437  68.777 0.0000000000
59952  -45.686  -3.873  68.080 0.0000000000
59965  -46.945  -3.374  67.765 0.0000000000
60927  -47.300  -2.827  67.333 0.0000000000
61825  -48.526  -1.863  67.243 0.0000000000
61841  -49.070  -1.246  66.733 0.0000000000
63395  -49.318  0.296  66.015 0.0000000000
64152  -46.787  1.198  65.535 0.0000000000
64139  -48.837  1.256  65.597 0.0000000000
124010  -49.934  0.850  65.934 0.0000000000
64141  -50.732  1.438  65.784 0.0000000000
133025  -51.440  2.996  65.599 0.0000000000
65701  -51.904  4.204  65.390 0.0000000000
66550  -52.053  4.827  65.225 0.0000000000
65712  -51.231  4.029  65.035 0.0000000000
65719  -50.963  3.056  63.528 0.0000000000
65738  -50.906  3.453  61.800 0.0000000000
117567  -50.136  4.475  61.049 0.0000000000
118719  -13.901  -24.465  100.256 0.0000000000
126194  -13.734  -25.110  100.286 0.0000000000
39208  -12.986  -26.023  101.732 0.0000000000
39200  -12.635  -25.760  103.852 0.0000000000
38407  -12.455  -26.812  102.752 0.0000000000
37634  -12.368  -27.873  101.417 0.0000000000
37633  -11.646  -28.769  101.709 0.0000000000
110572  -10.937  -29.029  101.805 0.0000000000
36824  -10.088  -28.885  102.097 0.0000000000
36811  -7.760  -29.406  104.145 0.0000000000
58744  -47.459  -4.436  88.309 0.0000000000
54905  -46.232  -8.874  89.131 0.0000000000
114547  -44.817  -9.847  85.248 0.0000000000
54926  -46.123  -8.707  86.991 0.0000000000
55895  -46.682  -6.911  87.161 0.0000000000
57766  -46.789  -5.268  86.616 0.0000000000
57781  -46.538  -4.782  85.565 0.0000000000
58807  -46.393  -4.292  84.538 0.0000000000
118158  -45.196  -4.157  82.298 0.0000000000
58882  -44.397  -4.480  81.347 0.0000000000
57828  -42.931  -5.174  81.026 0.0000000000
58896  -43.492  -5.101  80.303 0.0000000000
57860  -43.373  -5.379  79.699 0.0000000000
56941  -42.779  -5.934  78.510 0.0000000000
56968  -42.080  -6.995  77.174 0.0000000000
129576  -40.639  -8.095  74.201 0.0000000000
54057  -38.823  -9.716  77.852 0.0000000000
55029  -38.635  -8.238  77.020 0.0000000000
55992  -38.316  -8.102  76.555 0.0000000000
56979  -38.440  -7.862  76.200 0.0000000000
129487  -38.337  -7.856  75.853 0.0000000000
112180  -38.880  -8.079  74.355 0.0000000000
56061  -39.254  -7.998  73.370 0.0000000000
129612  -40.014  -7.776  72.492 0.0000000000
44607  -27.367  -18.965  101.632 0.0000000000
114021  -28.341  -18.990  91.030 0.0000000000
45591  -29.123  -18.483  90.667 0.0000000000
45560  -29.056  -18.931  92.264 0.0000000000
46490  -30.295  -18.637  93.073 0.0000000000
46475  -30.760  -18.619  94.895 0.0000000000
47453  -31.657  -17.279  95.878 0.0000000000
45619  -32.445  -18.796  88.303 0.0000000000
46538  -32.295  -18.114  90.084 0.0000000000
120720  -32.131  -17.790  91.624 0.0000000000
45563  -34.384  -18.677  92.361 0.0000000000
45561  -32.746  -18.276  92.517 0.0000000000
112874  -31.685  -17.943  92.515 0.0000000000
47520  -32.101  -18.115  94.114 0.0000000000
47476  -32.249  -16.841  95.544 0.0000000000
119829  -31.843  -16.281  97.042 0.0000000000
48414  -32.301  -15.769  98.232 0.0000000000
46434  -32.964  -16.751  99.373 0.0000000000
117174  -14.788  -23.989  95.036 0.0000000000
40963  -15.756  -23.503  96.259 0.0000000000
42846  -17.303  -22.381  93.530 0.0000000000
42845  -16.719  -22.314  93.213 0.0000000000
42815  -16.856  -22.634  95.401 0.0000000000
41888  -16.195  -22.719  96.833 0.0000000000
41876  -15.848  -22.482  97.650 0.0000000000
42765  -15.786  -21.808  98.792 0.0000000000
43716  -18.198  -20.638  101.088 0.0000000000
118124  -44.292  -6.987  74.740 0.0000000000
56985  -46.244  -6.429  76.171 0.0000000000
57888  -47.757  -5.897  77.241 0.0000000000
58966  -47.149  -4.738  74.493 0.0000000000
131784  -47.779  -4.866  75.895 0.0000000000
57890  -49.243  -5.108  77.719 0.0000000000
57877  -50.793  -4.775  78.333 0.0000000000
60878  -49.245  -2.032  71.781 0.0000000000
60848  -50.326  -2.050  73.974 0.0000000000
61704  -51.527  -2.216  75.219 0.0000000000
66562  -52.579  5.369  65.098 0.0000000000
113477  -53.109  5.932  64.742 0.0000000000
133416  -54.070  6.517  64.589 0.0000000000
66576  -53.349  4.437  62.036 0.0000000000
67485  -53.956  6.242  63.558 0.0000000000
68444  -56.003  7.181  64.586 0.0000000000
68453  -57.551  7.884  64.106 0.0000000000
68462  -57.536  7.670  63.092 0.0000000000
67522  -54.858  5.543  59.683 0.0000000000
68478  -56.243  6.496  60.981 0.0000000000
114596  -58.365  7.587  61.210 0.0000000000
68503  -60.162  7.065  59.124 0.0000000000
48574  -39.921  -15.849  84.237 0.0000000000
47623  -39.583  -17.051  85.122 0.0000000000
47634  -39.664  -16.520  84.507 0.0000000000
56043  -41.625  -8.026  74.481 0.0000000000
56044  -42.417  -7.885  74.742 0.0000000000
65689  -52.988  3.556  65.900 0.0000000000
64904  -53.445  3.312  66.686 0.0000000000
65690  -53.572  3.881  66.386 0.0000000000
65683  -54.515  4.305  68.292 0.0000000000
118495  -53.911  4.373  66.505 0.0000000000
40950  -15.168  -23.794  97.611 0.0000000000
40069  -14.813  -24.553  97.241 0.0000000000
54038  -41.154  -9.934  79.927 0.0000000000
54039  -41.852  -9.492  80.314 0.0000000000
113971  -40.719  -9.473  79.183 0.0000000000
42746  -22.263  -20.836  101.089 0.0000000000
42759  -22.875  -20.797  100.297 0.0000000000
46439  -30.432  -17.786  98.112 0.0000000000
46430  -30.224  -17.644  99.359 0.0000000000
46440  -30.804  -17.025  98.856 0.0000000000
131547  -30.917  -17.036  98.090 0.0000000000
47503  -38.858  -16.981  95.344 0.0000000000
42771  -21.556  -21.179  99.418 0.0000000000
59954  -47.178  -3.444  68.677 0.0000000000
60894  -47.979  -3.026  69.972 0.0000000000
50381  -43.033  -13.385  88.574 0.0000000000
50395  -42.674  -13.292  87.719 0.0000000000
51326  -39.678  -12.413  82.480 0.0000000000
51317  -40.225  -12.325  83.160 0.0000000000
43783  -23.862  -21.010  94.647 0.0000000000
44676  -27.015  -19.954  93.941 0.0000000000
44688  -28.016  -19.526  93.992 0.0000000000
44678  -28.340  -19.629  94.783 0.0000000000
45545  -28.815  -19.219  93.123 0.0000000000
45608  -40.309  -18.346  89.538 0.0000000000
45607  -39.771  -18.888  89.769 0.0000000000
120438  -40.095  -18.771  91.099 0.0000000000
120388  -40.656  -18.464  91.184 0.0000000000
46524  -41.111  -18.082  91.684 0.0000000000
46539  -41.174  -17.972  90.723 0.0000000000
49447  -42.251  -14.726  88.110 0.0000000000
49448  -42.681  -14.027  88.667 0.0000000000
119277  -43.163  -13.465  89.217 0.0000000000
42836  -23.284  -21.395  94.234 0.0000000000
57830  -45.352  -4.292  81.840 0.0000000000
58883  -46.042  -4.240  82.323 0.0000000000
57847  -45.423  -5.061  81.232 0.0000000000
56932  -48.132  -6.799  79.646 0.0000000000
56933  -48.991  -6.449  79.553 0.0000000000
56946  -49.201  -6.098  78.848 0.0000000000
62620  -50.311  -0.398  67.116 0.0000000000
111234  -54.202  1.716  71.226 0.0000000000
125268  -45.745  0.734  65.982 0.0000000000
64939  -48.288  2.103  63.561 0.0000000000
64940  -49.432  2.375  63.546 0.0000000000
38425  -13.084  -27.044  98.769 0.0000000000
37642  -12.597  -27.709  99.100 0.0000000000
122731  -12.617  -27.980  100.049 0.0000000000
39992  -13.266  -24.193  104.881 0.0000000000
37623  -10.283  -27.981  105.025 0.0000000000
35968  -9.332  -29.070  104.778 0.0000000000
53082  -43.596  -10.651  86.184 0.0000000000
55928  -45.047  -7.557  83.648 0.0000000000
111726  -45.663  -6.649  84.482 0.0000000000
128141  -44.744  -6.720  83.395 0.0000000000
56879  -44.663  -5.670  83.294 0.0000000000
115690  -44.158  -6.377  82.981 0.0000000000
129238  -40.201  -6.556  77.461 0.0000000000
57871  -40.848  -6.114  78.074 0.0000000000
57885  -40.646  -6.305  77.560 0.0000000000
128888  -40.768  -5.985  77.476 0.0000000000
56965  -39.571  -7.222  76.921 0.0000000000
43722  -26.604  -20.153  99.619 0.0000000000
43721  -25.908  -20.314  100.241 0.0000000000
47562  -30.792  -17.142  90.926 0.0000000000
132657  -30.273  -17.546  90.940 0.0000000000
47536  -30.648  -17.622  91.810 0.0000000000
46512  -31.022  -17.777  92.426 0.0000000000
44721  -34.880  -19.522  90.215 0.0000000000
44705  -35.206  -19.377  90.985 0.0000000000
46477  -34.316  -16.885  94.293 0.0000000000
47479  -34.198  -15.889  95.482 0.0000000000
48436  -33.967  -15.228  96.835 0.0000000000
48437  -34.709  -15.369  97.091 0.0000000000
49389  -42.297  -14.798  95.386 0.0000000000
42780  -18.220  -21.326  98.493 0.0000000000
57964  -44.350  -5.272  71.697 0.0000000000
57952  -44.453  -5.502  72.476 0.0000000000
57965  -45.161  -5.068  72.078 0.0000000000
59875  -49.575  -3.293  75.465 0.0000000000
59859  -50.606  -3.400  76.409 0.0000000000
130438  -50.947  -2.950  76.043 0.0000000000
62562  -52.532  -0.749  73.224 0.0000000000
65731  -52.278  3.721  62.335 0.0000000000
67511  -54.381  5.204  60.431 0.0000000000
111193  -57.187  5.898  58.187 0.0000000000
68500  -56.509  5.853  58.452 0.0000000000
110619  -57.640  6.345  59.173 0.0000000000
48545  -41.640  -15.078  86.923 0.0000000000
49477  -41.931  -14.173  86.492 0.0000000000
49505  -40.093  -14.918  83.878 0.0000000000
49506  -40.715  -14.230  84.360 0.0000000000
45668  -38.276  -18.366  85.444 0.0000000000
46581  -39.685  -17.978  87.334 0.0000000000
46569  -39.973  -18.145  88.187 0.0000000000
46582  -40.341  -17.489  87.626 0.0000000000
127736  -40.563  -17.522  88.276 0.0000000000
131466  -40.685  -16.968  87.211 0.0000000000
48544  -41.255  -15.834  86.487 0.0000000000
47600  -41.138  -16.357  87.203 0.0000000000
48531  -41.838  -15.290  87.658 0.0000000000
56942  -43.435  -6.780  78.407 0.0000000000
56928  -44.386  -6.234  79.578 0.0000000000
56943  -44.213  -7.022  78.794 0.0000000000
56011  -44.568  -7.542  76.378 0.0000000000
55996  -44.747  -7.548  77.347 0.0000000000
55997  -45.574  -7.354  77.548 0.0000000000
55998  -46.456  -7.096  77.789 0.0000000000
56970  -46.049  -6.922  76.940 0.0000000000
64132  -52.008  1.315  67.779 0.0000000000
64133  -52.673  2.177  67.673 0.0000000000
64880  -53.649  2.929  69.505 0.0000000000
65663  -54.405  3.419  69.969 0.0000000000
67457  -55.111  6.167  66.366 0.0000000000
40068  -14.358  -25.153  97.649 0.0000000000
39246  -13.895  -25.567  97.054 0.0000000000
39226  -13.850  -25.827  98.967 0.0000000000
53103  -43.226  -10.161  83.725 0.0000000000
54020  -42.942  -9.924  82.304 0.0000000000
54040  -42.407  -9.070  80.750 0.0000000000
54029  -43.245  -8.714  81.676 0.0000000000
54989  -43.704  -8.241  82.174 0.0000000000
120570  -42.632  -7.795  81.043 0.0000000000
55007  -42.378  -8.248  80.594 0.0000000000
55982  -40.425  -7.507  78.513 0.0000000000
55971  -40.977  -7.419  79.119 0.0000000000
132656  -40.190  -7.017  78.140 0.0000000000
123241  -39.922  -7.031  78.037 0.0000000000
55980  -39.434  -7.341  77.185 0.0000000000
44625  -28.553  -19.470  99.491 0.0000000000
45491  -29.738  -17.868  100.139 0.0000000000
46422  -29.689  -17.913  100.996 0.0000000000
46432  -31.181  -16.873  99.603 0.0000000000
46427  -31.255  -17.209  100.110 0.0000000000
46433  -32.040  -17.519  99.826 0.0000000000
46553  -30.809  -17.571  89.233 0.0000000000
47575  -30.899  -17.189  89.943 0.0000000000
46554  -31.567  -17.845  89.623 0.0000000000
45566  -37.460  -18.619  92.424 0.0000000000
45565  -36.569  -18.461  92.511 0.0000000000
47500  -35.861  -16.319  95.267 0.0000000000
124112  -36.571  -16.026  95.872 0.0000000000
46456  -37.483  -18.018  97.453 0.0000000000
42820  -20.429  -21.886  95.236 0.0000000000
112823  -20.798  -21.636  96.132 0.0000000000
42795  -20.327  -21.455  97.683 0.0000000000
42782  -19.703  -21.386  98.281 0.0000000000
42781  -19.085  -21.286  98.827 0.0000000000
42769  -19.884  -21.305  99.075 0.0000000000
43719  -20.812  -20.755  101.316 0.0000000000
59016  -46.231  -4.292  70.585 0.0000000000
132399  -48.244  -3.029  72.385 0.0000000000
59913  -47.726  -3.527  72.301 0.0000000000
129530  -48.134  -3.250  72.863 0.0000000000
59902  -48.938  -2.985  73.980 0.0000000000
60846  -48.954  -2.807  73.498 0.0000000000
67509  -51.150  4.733  60.441 0.0000000000
68527  -56.174  6.310  56.608 0.0000000000
68528  -57.152  6.043  56.633 0.0000000000
68518  -57.888  5.802  57.785 0.0000000000
41850  -14.912  -22.504  99.664 0.0000000000
41804  -14.205  -22.473  103.011 0.0000000000
52133  -43.310  -12.356  90.655 0.0000000000
121919  -43.542  -11.688  90.529 0.0000000000
52172  -43.156  -12.145  87.709 0.0000000000
52185  -42.855  -11.657  86.741 0.0000000000
52184  -42.433  -11.710  85.992 0.0000000000
50426  -41.442  -12.544  84.943 0.0000000000
112994  -41.060  -11.713  84.064 0.0000000000
52202  -41.476  -11.731  84.706 0.0000000000
53094  -41.506  -11.193  84.243 0.0000000000
128164  -41.846  -10.775  83.419 0.0000000000
53110  -40.927  -11.085  82.055 0.0000000000
127891  -23.424  -20.770  98.302 0.0000000000
43750  -23.410  -20.795  97.465 0.0000000000
43761  -24.400  -20.601  96.295 0.0000000000
43751  -24.241  -20.600  97.218 0.0000000000
43752  -24.985  -20.467  96.959 0.0000000000
43744  -25.582  -20.404  98.217 0.0000000000
132039  -25.463  -20.381  97.460 0.0000000000
130280  -25.693  -20.473  93.912 0.0000000000
126001  -27.077  -19.950  95.396 0.0000000000
132555  -26.394  -20.116  95.421 0.0000000000
115049  -26.911  -20.041  97.006 0.0000000000
129039  -27.833  -19.897  96.955 0.0000000000
44638  -27.615  -19.948  97.694 0.0000000000
45528  -29.245  -19.372  95.997 0.0000000000
45519  -30.057  -18.879  96.409 0.0000000000
44749  -35.484  -19.864  88.060 0.0000000000
117884  -34.798  -19.724  88.153 0.0000000000
45636  -37.687  -19.259  87.095 0.0000000000
44768  -38.036  -19.400  87.912 0.0000000000
44724  -38.168  -19.829  90.132 0.0000000000
131219  -37.753  -19.911  89.355 0.0000000000
125133  -37.470  -19.884  90.533 0.0000000000
46500  -39.527  -17.986  93.657 0.0000000000
46483  -40.096  -17.316  94.203 0.0000000000
46501  -40.402  -17.712  93.414 0.0000000000
46516  -41.392  -17.307  92.176 0.0000000000
46540  -41.705  -17.235  90.288 0.0000000000
47563  -42.256  -16.440  90.075 0.0000000000
48504  -42.549  -15.028  90.459 0.0000000000
130677  -42.351  -15.902  90.815 0.0000000000
48496  -42.425  -15.046  91.223 0.0000000000
48485  -42.292  -15.032  92.090 0.0000000000
118018  -42.532  -14.191  91.603 0.0000000000
51242  -43.249  -12.694  90.430 0.0000000000
51233  -43.064  -12.694  91.257 0.0000000000
42833  -21.024  -22.293  93.861 0.0000000000
42810  -22.186  -21.259  96.427 0.0000000000
58829  -46.792  -3.670  84.191 0.0000000000
59762  -47.381  -3.610  85.052 0.0000000000
58848  -46.606  -3.784  83.540 0.0000000000
57816  -46.942  -4.574  82.907 0.0000000000
58849  -47.163  -3.909  83.699 0.0000000000
57803  -48.872  -5.072  83.391 0.0000000000
56914  -46.611  -6.665  80.681 0.0000000000
132004  -46.150  -5.922  81.195 0.0000000000
56905  -49.128  -6.338  81.100 0.0000000000
57818  -49.324  -5.552  82.549 0.0000000000
57819  -50.349  -5.367  82.384 0.0000000000
57835  -50.586  -5.618  81.582 0.0000000000
57850  -51.358  -5.263  80.481 0.0000000000
61806  -48.851  -2.018  68.052 0.0000000000
61791  -49.459  -1.492  69.482 0.0000000000
62590  -51.114  -0.242  70.487 0.0000000000
62581  -51.514  -0.275  71.118 0.0000000000
63360  -52.054  0.970  69.584 0.0000000000
118463  -52.472  1.383  69.841 0.0000000000
63342  -53.343  1.047  71.186 0.0000000000
36816  -7.845  -29.003  103.041 0.0000000000
35979  -7.051  -28.988  102.848 0.0000000000
57974  -41.835  -5.700  70.381 0.0000000000
57975  -42.678  -5.506  70.489 0.0000000000
57986  -42.306  -5.271  69.713 0.0000000000
59026  -42.753  -4.855  69.083 0.0000000000
59027  -43.690  -4.898  69.099 0.0000000000
59028  -44.458  -4.806  69.544 0.0000000000
126810  -43.693  -4.339  68.469 0.0000000000
59951  -44.884  -3.969  68.077 0.0000000000
120521  -45.238  -3.509  67.470 0.0000000000
59953  -46.370  -3.860  68.464 0.0000000000
59964  -46.142  -3.530  67.585 0.0000000000
60938  -46.128  -2.184  66.670 0.0000000000
60939  -47.139  -2.211  66.787 0.0000000000
60928  -47.823  -2.340  67.365 0.0000000000
60940  -47.852  -1.823  66.877 0.0000000000
62634  -48.665  -0.339  66.144 0.0000000000
62635  -49.561  -0.489  66.562 0.0000000000
63394  -48.449  0.708  65.812 0.0000000000
64154  -48.360  1.380  65.332 0.0000000000
64140  -49.537  1.826  65.540 0.0000000000
64917  -50.242  2.937  65.245 0.0000000000
64918  -51.063  3.574  65.364 0.0000000000
65700  -51.430  4.154  65.116 0.0000000000
64946  -50.252  2.758  62.980 0.0000000000
131707  -50.833  3.083  62.573 0.0000000000
36837  -11.180  -28.837  99.435 0.0000000000
40908  -14.486  -23.127  100.233 0.0000000000
40925  -14.142  -23.978  99.805 0.0000000000
40907  -13.985  -23.719  100.673 0.0000000000
40027  -13.751  -24.622  100.999 0.0000000000
126653  -13.416  -25.182  101.520 0.0000000000
39209  -13.394  -25.714  100.750 0.0000000000
130045  -12.695  -24.945  105.369 0.0000000000
132704  -12.389  -26.397  103.472 0.0000000000
38411  -12.619  -26.999  101.917 0.0000000000
37629  -11.947  -27.866  102.538 0.0000000000
36819  -11.115  -28.604  102.715 0.0000000000
36818  -10.091  -28.684  102.974 0.0000000000
36817  -8.854  -28.618  103.312 0.0000000000
35971  -8.337  -29.120  105.060 0.0000000000
57728  -47.468  -5.428  89.500 0.0000000000
57742  -47.666  -4.551  89.311 0.0000000000
57754  -47.193  -5.313  87.668 0.0000000000
53044  -44.485  -10.481  90.350 0.0000000000
53055  -44.479  -10.520  89.464 0.0000000000
53983  -45.156  -10.029  87.897 0.0000000000
53976  -45.259  -9.939  89.024 0.0000000000
53977  -45.793  -9.482  88.393 0.0000000000
133591  -45.820  -9.454  89.080 0.0000000000
53984  -45.690  -9.460  87.407 0.0000000000
54005  -44.078  -9.746  83.814 0.0000000000
54006  -44.896  -9.416  84.483 0.0000000000
54955  -45.877  -8.212  85.193 0.0000000000
54940  -46.018  -8.580  86.035 0.0000000000
54941  -46.406  -7.840  86.561 0.0000000000
54927  -46.522  -7.929  87.609 0.0000000000
56859  -45.959  -6.035  84.854 0.0000000000
56853  -46.623  -6.220  86.516 0.0000000000
56860  -46.412  -5.892  85.696 0.0000000000
57792  -45.713  -4.849  84.214 0.0000000000
57800  -44.939  -4.448  82.810 0.0000000000
58867  -44.084  -4.465  81.369 0.0000000000
56911  -42.196  -6.248  80.515 0.0000000000
56902  -43.091  -5.707  81.599 0.0000000000
56901  -42.628  -5.799  81.009 0.0000000000
58922  -42.167  -6.034  78.459 0.0000000000
58895  -42.764  -5.193  80.119 0.0000000000
58910  -42.858  -5.638  79.517 0.0000000000
58911  -43.910  -4.857  80.469 0.0000000000
57874  -43.188  -5.577  78.792 0.0000000000
57873  -42.239  -5.911  78.367 0.0000000000
56982  -40.099  -7.424  76.342 0.0000000000
56967  -41.265  -6.812  76.804 0.0000000000
56007  -40.950  -7.577  76.374 0.0000000000
56025  -40.795  -8.056  75.388 0.0000000000
54073  -38.578  -9.090  77.283 0.0000000000
54072  -37.997  -8.836  76.759 0.0000000000
56006  -38.144  -8.019  76.071 0.0000000000
56950  -38.731  -7.752  76.669 0.0000000000
120627  -37.574  -8.087  75.583 0.0000000000
56040  -37.398  -7.824  74.742 0.0000000000
56041  -38.149  -7.998  74.853 0.0000000000
56059  -37.746  -7.833  73.957 0.0000000000
116874  -40.101  -8.020  73.466 0.0000000000
43742  -23.888  -20.688  99.158 0.0000000000
111258  -24.134  -20.657  100.101 0.0000000000
44613  -25.965  -19.912  101.298 0.0000000000
47547  -30.288  -17.805  91.066 0.0000000000
113997  -29.776  -18.113  90.912 0.0000000000
46509  -29.651  -18.443  92.029 0.0000000000
46489  -29.623  -18.687  92.624 0.0000000000
46510  -30.132  -18.280  92.193 0.0000000000
46491  -30.851  -18.618  93.610 0.0000000000
130395  -30.886  -18.843  93.948 0.0000000000
46476  -31.389  -18.344  94.568 0.0000000000
46469  -31.164  -17.916  95.436 0.0000000000
47475  -31.802  -17.553  95.092 0.0000000000
45620  -33.152  -18.997  88.806 0.0000000000
45605  -33.180  -18.775  89.836 0.0000000000
45592  -32.769  -18.275  90.766 0.0000000000
45577  -33.073  -18.406  91.597 0.0000000000
45548  -34.963  -18.252  92.846 0.0000000000
46513  -33.188  -18.180  93.250 0.0000000000
130505  -32.926  -17.814  93.775 0.0000000000
46493  -32.328  -18.189  93.499 0.0000000000
47497  -32.628  -16.923  94.779 0.0000000000
48450  -32.749  -15.771  95.976 0.0000000000
48449  -32.347  -16.234  95.877 0.0000000000
47454  -32.051  -16.538  96.217 0.0000000000
48434  -32.260  -15.946  96.504 0.0000000000
121473  -31.717  -16.055  97.961 0.0000000000
48425  -32.243  -15.796  97.383 0.0000000000
48416  -33.860  -15.671  98.189 0.0000000000
47407  -33.124  -15.945  98.902 0.0000000000
111452  -36.052  -17.036  97.607 0.0000000000
47433  -35.378  -16.167  97.636 0.0000000000
46443  -35.101  -16.981  98.069 0.0000000000
40976  -15.598  -23.520  95.231 0.0000000000
42818  -18.527  -22.167  94.930 0.0000000000
113334  -18.140  -22.343  94.061 0.0000000000
42832  -17.649  -22.406  94.708 0.0000000000
42831  -17.027  -22.496  94.396 0.0000000000
42830  -16.520  -22.507  93.924 0.0000000000
126445  -16.446  -21.973  96.876 0.0000000000
42803  -16.545  -22.313  96.542 0.0000000000
42790  -16.193  -22.117  97.201 0.0000000000
42777  -15.955  -21.996  97.934 0.0000000000
41862  -15.499  -22.264  98.413 0.0000000000
43730  -18.632  -20.856  100.107 0.0000000000
60734  -49.550  -1.980  86.214 0.0000000000
111413  -42.765  -6.797  73.099 0.0000000000
57015  -43.190  -7.009  73.730 0.0000000000
117146  -43.384  -6.457  73.181 0.0000000000
57923  -45.621  -5.851  74.381 0.0000000000
56997  -45.134  -6.549  74.979 0.0000000000
57911  -45.913  -6.113  75.288 0.0000000000
57899  -46.915  -5.917  76.191 0.0000000000
58992  -46.512  -4.680  73.043 0.0000000000
58976  -46.708  -4.909  73.901 0.0000000000
123161  -47.633  -4.283  74.377 0.0000000000
110982  -48.618  -4.508  76.249 0.0000000000
58933  -48.897  -4.768  77.018 0.0000000000
57901  -48.143  -5.117  76.745 0.0000000000
127173  -49.991  -4.879  77.991 0.0000000000
59840  -52.051  -3.981  77.978 0.0000000000
58924  -51.556  -4.449  78.379 0.0000000000
61765  -49.744  -1.630  71.469 0.0000000000
61751  -49.992  -1.599  72.203 0.0000000000
124471  -51.410  -1.491  73.653 0.0000000000
61735  -50.754  -1.650  73.452 0.0000000000
61718  -50.992  -1.846  74.034 0.0000000000
60831  -50.788  -2.239  74.686 0.0000000000
61719  -51.636  -1.758  74.450 0.0000000000
66551  -52.831  5.238  65.384 0.0000000000
130624  -52.097  5.052  64.932 0.0000000000
66569  -52.951  5.028  63.725 0.0000000000
67476  -53.769  6.288  64.949 0.0000000000
125439  -53.717  6.298  64.333 0.0000000000
66582  -52.612  3.926  61.674 0.0000000000
110518  -52.975  4.264  61.113 0.0000000000
67491  -54.272  5.992  62.700 0.0000000000
68451  -54.587  6.667  64.093 0.0000000000
68452  -55.980  7.097  63.521 0.0000000000
120451  -57.784  7.724  62.313 0.0000000000
68463  -59.154  8.344  62.741 0.0000000000
67536  -55.675  5.763  58.629 0.0000000000
67535  -54.684  5.695  58.778 0.0000000000
67512  -55.440  5.828  60.366 0.0000000000
68487  -56.426  6.282  60.182 0.0000000000
68471  -59.111  8.075  61.951 0.0000000000
115048  -59.585  8.002  61.452 0.0000000000
68519  -59.039  6.307  57.963 0.0000000000
68502  -59.521  6.835  58.943 0.0000000000
48561  -41.089  -15.568  85.309 0.0000000000
46601  -39.068  -17.716  85.728 0.0000000000
47611  -39.812  -17.222  86.055 0.0000000000
117494  -40.863  -16.156  85.762 0.0000000000
55994  -43.007  -7.495  77.255 0.0000000000
133490  -43.482  -7.365  77.772 0.0000000000
56010  -43.600  -7.757  76.421 0.0000000000
56983  -44.053  -7.574  75.599 0.0000000000
66535  -55.307  4.952  68.642 0.0000000000
66541  -54.913  5.296  67.241 0.0000000000
40975  -15.069  -24.070  95.837 0.0000000000
40083  -14.647  -24.605  96.387 0.0000000000
115931  -42.402  -10.013  81.809 0.0000000000
54028  -42.179  -9.799  81.102 0.0000000000
55006  -41.981  -8.690  80.100 0.0000000000
55015  -40.763  -8.400  79.036 0.0000000000
55024  -40.207  -8.163  78.402 0.0000000000
43705  -21.608  -20.790  101.855 0.0000000000
124672  -30.260  -17.454  100.029 0.0000000000
47405  -31.703  -16.338  99.191 0.0000000000
46498  -37.650  -17.759  93.815 0.0000000000
47502  -37.762  -16.714  95.370 0.0000000000
47482  -37.235  -16.250  95.966 0.0000000000
47435  -37.945  -17.381  97.116 0.0000000000
42770  -20.700  -21.262  99.309 0.0000000000
59933  -46.795  -3.813  70.130 0.0000000000
59925  -46.921  -3.897  70.980 0.0000000000
59934  -47.444  -3.459  70.491 0.0000000000
60877  -48.702  -2.610  72.114 0.0000000000
51264  -43.171  -12.814  88.308 0.0000000000
50425  -40.826  -13.027  84.229 0.0000000000
51307  -40.715  -12.272  83.813 0.0000000000
52207  -40.682  -11.824  83.375 0.0000000000
52218  -40.777  -11.447  82.800 0.0000000000
43759  -22.822  -21.109  95.952 0.0000000000
43760  -23.536  -20.824  96.042 0.0000000000
43803  -26.239  -20.290  93.555 0.0000000000
43786  -26.157  -20.270  94.288 0.0000000000
44664  -27.807  -19.826  95.320 0.0000000000
45537  -29.198  -19.335  94.992 0.0000000000
45606  -39.227  -19.099  89.151 0.0000000000
44739  -39.038  -19.401  89.962 0.0000000000
44725  -38.828  -19.374  90.767 0.0000000000
45582  -38.636  -19.099  91.551 0.0000000000
45583  -39.450  -18.953  91.360 0.0000000000
46515  -40.779  -17.989  92.579 0.0000000000
48518  -41.994  -15.560  88.319 0.0000000000
48510  -42.600  -14.959  89.667 0.0000000000
49417  -42.754  -14.133  90.182 0.0000000000
50357  -42.779  -13.410  90.880 0.0000000000
42834  -21.754  -21.833  94.424 0.0000000000
127196  -22.592  -21.540  94.613 0.0000000000
127739  -46.082  -3.803  82.851 0.0000000000
117151  -46.735  -5.255  82.183 0.0000000000
56931  -47.213  -7.062  79.785 0.0000000000
56915  -47.623  -6.800  80.612 0.0000000000
56916  -48.603  -6.622  80.420 0.0000000000
57848  -50.055  -6.057  80.957 0.0000000000
57862  -50.529  -5.732  80.116 0.0000000000
58912  -50.687  -5.296  79.175 0.0000000000
61826  -49.676  -1.001  67.423 0.0000000000
62596  -50.064  -0.938  69.249 0.0000000000
62597  -50.579  -0.329  69.240 0.0000000000
63350  -51.038  0.054  69.673 0.0000000000
63351  -51.571  0.405  69.983 0.0000000000
64119  -53.079  2.105  69.826 0.0000000000
64103  -52.803  1.347  70.377 0.0000000000
69375  -58.984  8.420  65.617 0.0000000000
59950  -43.233  -3.873  68.053 0.0000000000
62631  -45.957  -0.533  66.478 0.0000000000
62632  -46.732  -0.379  66.414 0.0000000000
63392  -46.237  0.277  66.228 0.0000000000
63393  -47.011  0.476  66.131 0.0000000000
64930  -48.209  1.709  64.685 0.0000000000
64915  -48.874  1.822  65.176 0.0000000000
64916  -49.513  2.243  65.282 0.0000000000
64932  -50.261  3.093  65.108 0.0000000000
36838  -12.014  -28.373  99.457 0.0000000000
36832  -11.599  -29.091  100.209 0.0000000000
40876  -13.877  -23.450  102.484 0.0000000000
40006  -13.576  -24.237  102.822 0.0000000000
40005  -13.110  -25.034  103.249 0.0000000000
38400  -11.986  -26.431  105.128 0.0000000000
36814  -11.293  -28.001  103.526 0.0000000000
53064  -43.759  -10.987  87.951 0.0000000000
53065  -44.477  -10.511  88.424 0.0000000000
54968  -45.088  -8.542  84.015 0.0000000000
55901  -46.461  -6.950  85.984 0.0000000000
55900  -46.068  -7.138  85.085 0.0000000000
56869  -45.516  -5.869  84.232 0.0000000000
57815  -44.179  -5.134  82.582 0.0000000000
57859  -41.902  -6.012  79.111 0.0000000000
122373  -42.125  -5.870  80.059 0.0000000000
58908  -41.658  -6.180  78.360 0.0000000000
57872  -41.697  -5.791  78.032 0.0000000000
57887  -41.574  -5.708  77.969 0.0000000000
56966  -40.465  -6.512  76.853 0.0000000000
45475  -28.640  -18.464  101.418 0.0000000000
45470  -27.961  -18.751  102.136 0.0000000000
112248  -30.082  -17.499  89.876 0.0000000000
117164  -29.944  -17.744  89.843 0.0000000000
47561  -30.106  -17.525  90.595 0.0000000000
47535  -30.448  -17.893  91.785 0.0000000000
46511  -30.782  -18.117  92.548 0.0000000000
47519  -31.628  -18.479  93.803 0.0000000000
44734  -33.836  -19.266  89.211 0.0000000000
45578  -33.835  -18.837  91.699 0.0000000000
46478  -35.330  -16.923  94.364 0.0000000000
46495  -34.818  -17.546  93.584 0.0000000000
47498  -33.329  -16.753  94.489 0.0000000000
47478  -33.167  -16.112  95.190 0.0000000000
131652  -33.295  -15.388  96.587 0.0000000000
48426  -32.864  -15.515  97.689 0.0000000000
118846  -33.412  -15.317  97.239 0.0000000000
48427  -34.046  -15.367  97.497 0.0000000000
120142  -16.880  -21.736  96.959 0.0000000000
42778  -16.454  -21.624  98.268 0.0000000000
131331  -19.534  -20.621  101.203 0.0000000000
43703  -18.851  -20.415  101.739 0.0000000000
57031  -43.856  -5.952  72.890 0.0000000000
57938  -45.296  -5.597  73.527 0.0000000000
59887  -47.936  -3.803  73.974 0.0000000000
58956  -49.094  -3.889  75.847 0.0000000000
58944  -49.365  -4.193  76.562 0.0000000000
58934  -50.470  -4.354  77.510 0.0000000000
58945  -50.128  -3.958  76.820 0.0000000000
59848  -51.713  -3.601  77.274 0.0000000000
59849  -52.489  -3.393  77.549 0.0000000000
62574  -50.774  -1.125  71.995 0.0000000000
61752  -50.665  -1.418  72.732 0.0000000000
61753  -51.288  -1.088  72.504 0.0000000000
62561  -51.728  -1.109  73.114 0.0000000000
61736  -52.113  -1.310  73.836 0.0000000000
65720  -51.566  3.895  64.296 0.0000000000
119259  -52.143  4.785  64.450 0.0000000000
65721  -52.364  4.015  63.412 0.0000000000
68468  -54.997  6.333  62.142 0.0000000000
68469  -55.778  6.581  61.667 0.0000000000
68516  -55.036  6.436  57.238 0.0000000000
111219  -55.650  6.010  57.792 0.0000000000
68488  -57.565  6.741  60.002 0.0000000000
68521  -60.488  6.528  58.277 0.0000000000
50394  -42.371  -13.839  87.220 0.0000000000
49491  -41.252  -14.699  85.077 0.0000000000
50436  -40.385  -12.822  83.540 0.0000000000
43800  -24.155  -21.120  93.805 0.0000000000
43820  -26.123  -20.383  92.797 0.0000000000
44694  -26.658  -20.018  92.099 0.0000000000
44695  -27.567  -19.631  92.428 0.0000000000
44788  -37.067  -19.392  86.103 0.0000000000
45650  -37.958  -18.786  86.248 0.0000000000
45637  -38.530  -18.936  87.516 0.0000000000
45651  -38.700  -18.292  86.311 0.0000000000
45652  -38.986  -18.363  87.064 0.0000000000
45622  -39.418  -18.734  88.501 0.0000000000
46555  -40.979  -17.715  89.685 0.0000000000
47576  -41.073  -17.215  88.759 0.0000000000
47587  -41.560  -16.377  88.548 0.0000000000
47601  -41.482  -15.995  87.851 0.0000000000
56912  -44.674  -5.558  80.248 0.0000000000
56929  -45.362  -6.758  79.773 0.0000000000
55983  -44.118  -7.472  77.990 0.0000000000
55984  -44.928  -7.485  78.198 0.0000000000
55973  -45.962  -7.284  79.139 0.0000000000
55974  -46.766  -7.176  79.083 0.0000000000
55986  -46.926  -7.024  78.407 0.0000000000
63381  -51.436  0.613  67.404 0.0000000000
63369  -51.461  0.664  68.369 0.0000000000
64885  -52.944  2.549  68.525 0.0000000000
129404  -54.098  2.759  70.283 0.0000000000
67451  -55.726  5.797  68.371 0.0000000000
68419  -56.092  6.900  66.803 0.0000000000
40082  -13.903  -25.145  96.221 0.0000000000
38443  -13.381  -25.712  96.521 0.0000000000
38434  -13.356  -26.184  97.107 0.0000000000
38426  -13.556  -26.476  98.550 0.0000000000
53096  -43.307  -10.265  84.536 0.0000000000
54978  -44.219  -9.069  82.854 0.0000000000
54990  -44.301  -8.159  82.739 0.0000000000
55942  -43.873  -7.245  82.613 0.0000000000
55955  -43.246  -7.011  82.008 0.0000000000
55964  -41.771  -6.846  80.051 0.0000000000
121821  -41.909  -7.809  80.087 0.0000000000
133579  -41.458  -7.345  79.655 0.0000000000
56926  -41.369  -6.518  79.197 0.0000000000
57870  -40.352  -6.383  78.045 0.0000000000
44623  -27.287  -19.886  99.916 0.0000000000
44624  -27.944  -19.746  99.636 0.0000000000
128783  -28.597  -18.466  100.829 0.0000000000
45490  -28.985  -18.579  100.061 0.0000000000
45476  -29.228  -18.274  101.372 0.0000000000
45484  -30.921  -17.772  100.656 0.0000000000
47586  -29.765  -17.585  88.915 0.0000000000
46552  -30.182  -17.454  89.578 0.0000000000
119962  -31.301  -17.385  91.184 0.0000000000
45579  -35.447  -19.153  91.628 0.0000000000
122025  -35.996  -18.892  92.013 0.0000000000
129664  -35.748  -18.340  92.625 0.0000000000
46497  -36.716  -17.550  93.801 0.0000000000
46496  -35.823  -17.447  93.739 0.0000000000
47480  -35.154  -15.816  95.827 0.0000000000
48453  -35.352  -15.559  96.650 0.0000000000
48438  -35.973  -15.748  96.795 0.0000000000
47456  -36.165  -16.068  97.184 0.0000000000
47434  -37.071  -16.836  97.191 0.0000000000
46455  -36.565  -18.144  97.685 0.0000000000
112169  -19.485  -22.230  93.721 0.0000000000
42819  -19.503  -21.957  95.080 0.0000000000
42807  -19.183  -21.583  96.680 0.0000000000
118166  -19.240  -21.066  99.621 0.0000000000
43718  -20.088  -20.813  100.817 0.0000000000
59004  -44.938  -4.959  71.132 0.0000000000
59005  -45.725  -4.684  71.320 0.0000000000
114868  -46.665  -4.384  72.241 0.0000000000
58993  -47.175  -4.117  72.705 0.0000000000
59007  -47.096  -3.993  71.837 0.0000000000
59900  -47.748  -3.695  73.181 0.0000000000
59888  -48.605  -3.452  74.314 0.0000000000
59889  -49.355  -2.987  74.637 0.0000000000
60830  -50.107  -2.729  75.131 0.0000000000
118763  -50.915  4.166  61.103 0.0000000000
66594  -52.586  4.599  60.451 0.0000000000
112133  -55.634  6.286  57.103 0.0000000000
68520  -59.780  6.247  57.681 0.0000000000
40940  -15.017  -23.544  98.421 0.0000000000
124049  -14.040  -22.757  102.167 0.0000000000
52161  -43.406  -11.545  88.406 0.0000000000
52186  -43.065  -11.152  86.575 0.0000000000
53081  -42.869  -10.853  85.866 0.0000000000
50404  -42.387  -13.156  86.672 0.0000000000
130861  -41.706  -12.020  85.092 0.0000000000
52196  -42.350  -11.202  85.570 0.0000000000
53088  -42.627  -10.698  85.146 0.0000000000
53095  -42.421  -10.645  84.189 0.0000000000
53121  -41.710  -10.515  81.716 0.0000000000
53130  -40.405  -10.371  79.510 0.0000000000
43731  -23.138  -20.795  99.516 0.0000000000
43743  -24.842  -20.540  98.710 0.0000000000
43745  -26.513  -20.215  98.559 0.0000000000
43784  -24.609  -20.757  94.611 0.0000000000
43772  -25.070  -20.546  95.423 0.0000000000
121880  -25.907  -20.286  95.040 0.0000000000
43773  -25.814  -20.270  95.832 0.0000000000
43763  -25.849  -20.261  96.749 0.0000000000
131361  -27.315  -19.989  98.349 0.0000000000
45504  -29.159  -19.398  97.996 0.0000000000
44651  -28.497  -19.743  96.526 0.0000000000
45505  -29.882  -18.838  97.498 0.0000000000
46452  -30.430  -18.152  96.992 0.0000000000
44785  -34.357  -19.674  87.020 0.0000000000
44764  -34.144  -19.566  87.814 0.0000000000
44748  -34.358  -19.540  88.647 0.0000000000
44736  -35.434  -19.808  89.545 0.0000000000
44722  -35.780  -19.776  90.382 0.0000000000
44751  -36.977  -19.982  88.885 0.0000000000
127331  -37.886  -19.760  88.620 0.0000000000
44723  -36.708  -19.914  90.504 0.0000000000
45567  -38.380  -18.747  92.332 0.0000000000
45551  -38.034  -18.279  93.069 0.0000000000
46499  -38.611  -17.974  93.783 0.0000000000
47484  -39.813  -17.022  95.810 0.0000000000
47504  -39.881  -17.052  95.023 0.0000000000
47522  -40.796  -16.936  93.870 0.0000000000
47506  -41.347  -16.337  94.479 0.0000000000
48464  -42.045  -15.611  94.314 0.0000000000
118200  -42.407  -14.663  94.300 0.0000000000
47550  -41.892  -16.449  91.658 0.0000000000
48484  -41.978  -15.766  92.226 0.0000000000
111185  -20.238  -22.243  93.403 0.0000000000
42821  -21.279  -21.774  95.295 0.0000000000
117359  -21.568  -21.506  95.964 0.0000000000
42797  -22.065  -21.185  97.788 0.0000000000
130120  -46.785  -3.610  83.809 0.0000000000
58830  -47.540  -3.661  84.473 0.0000000000
59764  -48.453  -3.155  85.222 0.0000000000
58831  -48.868  -3.713  84.643 0.0000000000
57832  -47.609  -5.807  82.159 0.0000000000
57817  -48.213  -5.483  82.813 0.0000000000
57804  -49.993  -4.998  83.216 0.0000000000
57836  -51.425  -5.285  81.350 0.0000000000
60908  -48.378  -2.483  68.549 0.0000000000
60895  -48.451  -2.511  69.452 0.0000000000
61790  -48.938  -1.934  69.903 0.0000000000
61777  -49.461  -1.565  70.244 0.0000000000
119114  -49.896  -1.392  70.856 0.0000000000
61778  -50.492  -0.837  70.735 0.0000000000
123761  -51.392  -0.702  71.824 0.0000000000
62575  -52.658  -0.267  72.317 0.0000000000
63359  -51.486  0.638  69.314 0.0000000000
129106  -52.577  0.719  70.816 0.0000000000
63341  -52.082  0.197  70.950 0.0000000000
36823  -8.616  -28.441  102.330 0.0000000000
57014  -42.436  -7.546  73.785 0.0000000000
57028  -41.544  -7.273  72.672 0.0000000000
57029  -42.250  -6.604  72.395 0.0000000000
118437  -42.014  -6.243  71.684 0.0000000000
57040  -42.642  -5.970  71.810 0.0000000000
57041  -43.229  -5.709  71.830 0.0000000000
57963  -43.662  -5.450  71.416 0.0000000000
57987  -43.148  -5.197  69.814 0.0000000000
59014  -44.721  -4.874  70.284 0.0000000000
59029  -45.262  -4.542  69.578 0.0000000000
119770  -44.018  -3.938  68.022 0.0000000000
59042  -45.519  -4.199  68.726 0.0000000000
59030  -46.053  -4.254  69.262 0.0000000000
59940  -46.686  -3.860  69.291 0.0000000000
60926  -45.674  -2.936  66.949 0.0000000000
113650  -46.612  -3.000  66.977 0.0000000000
112805  -47.705  -2.846  68.090 0.0000000000
128261  -48.306  -2.362  67.849 0.0000000000
127612  -49.171  -1.579  67.526 0.0000000000
61839  -47.388  -1.253  66.558 0.0000000000
61840  -48.280  -1.254  66.564 0.0000000000
62636  -50.045  0.074  66.387 0.0000000000
63406  -47.224  1.033  65.734 0.0000000000
64153  -47.609  1.191  65.440 0.0000000000
63380  -50.836  0.377  66.560 0.0000000000
64142  -51.680  1.668  65.991 0.0000000000
64901  -50.003  2.390  65.475 0.0000000000
64156  -50.938  2.574  65.604 0.0000000000
64902  -52.083  2.307  65.840 0.0000000000
64919  -52.163  3.166  65.625 0.0000000000
65711  -50.789  3.559  64.818 0.0000000000
116535  -50.133  3.970  61.477 0.0000000000
132153  -14.779  -23.993  98.728 0.0000000000
40036  -14.392  -24.342  99.029 0.0000000000
127270  -13.945  -24.920  99.528 0.0000000000
121332  -13.631  -25.741  99.843 0.0000000000
38414  -13.274  -26.375  100.088 0.0000000000
37637  -12.890  -26.971  100.794 0.0000000000
39997  -12.928  -24.995  104.321 0.0000000000
38404  -12.000  -26.346  104.392 0.0000000000
39203  -12.890  -25.981  102.784 0.0000000000
130682  -12.772  -26.448  102.275 0.0000000000
130635  -12.556  -27.846  100.744 0.0000000000
36826  -12.126  -28.570  100.759 0.0000000000
130294  -9.050  -28.520  102.526 0.0000000000
35975  -7.549  -29.477  103.795 0.0000000000
58728  -47.806  -4.315  89.469 0.0000000000
53090  -44.283  -10.243  85.679 0.0000000000
53997  -44.969  -9.911  86.018 0.0000000000
113989  -45.417  -9.236  85.418 0.0000000000
53990  -45.566  -9.376  86.445 0.0000000000
54916  -46.217  -8.787  88.014 0.0000000000
55889  -46.851  -7.138  88.341 0.0000000000
56839  -47.041  -6.193  88.032 0.0000000000
125830  -46.845  -5.974  87.201 0.0000000000
58762  -47.299  -4.418  87.310 0.0000000000
58828  -46.125  -3.855  83.530 0.0000000000
57801  -45.503  -4.319  83.356 0.0000000000
58847  -45.679  -3.977  82.784 0.0000000000
111742  -44.932  -4.205  81.880 0.0000000000
58898  -44.671  -4.486  81.228 0.0000000000
57814  -43.779  -4.832  81.833 0.0000000000
57845  -42.707  -5.390  80.371 0.0000000000
58880  -43.401  -4.953  80.556 0.0000000000
58881  -43.935  -4.632  80.830 0.0000000000
58897  -44.232  -4.598  80.894 0.0000000000
57846  -44.272  -4.740  80.644 0.0000000000
57861  -44.200  -5.100  79.969 0.0000000000
56953  -41.756  -6.089  77.469 0.0000000000
56954  -42.101  -6.050  77.914 0.0000000000
56008  -41.850  -7.642  76.388 0.0000000000
56026  -41.697  -8.012  75.515 0.0000000000
53153  -39.168  -10.221  78.529 0.0000000000
54058  -39.515  -9.376  78.164 0.0000000000
55022  -39.099  -8.811  77.577 0.0000000000
115435  -39.157  -8.184  77.323 0.0000000000
55993  -38.789  -7.661  77.058 0.0000000000
56951  -39.099  -7.521  77.089 0.0000000000
56964  -39.128  -7.526  76.789 0.0000000000
56022  -37.731  -8.030  75.476 0.0000000000
56980  -39.120  -7.427  76.104 0.0000000000
56023  -38.927  -7.902  75.401 0.0000000000
56060  -38.503  -7.982  73.871 0.0000000000
56042  -39.629  -8.131  74.325 0.0000000000
56062  -40.816  -7.771  73.064 0.0000000000
43720  -23.702  -20.687  100.698 0.0000000000
43708  -24.571  -20.548  100.925 0.0000000000
44704  -27.533  -19.544  91.595 0.0000000000
45575  -28.344  -19.136  91.907 0.0000000000
45559  -28.291  -19.269  92.593 0.0000000000
45546  -29.617  -19.029  93.306 0.0000000000
45538  -30.114  -19.169  94.165 0.0000000000
46468  -30.551  -18.337  95.799 0.0000000000
46462  -30.897  -17.769  96.353 0.0000000000
45604  -32.391  -18.539  89.228 0.0000000000
126837  -32.045  -17.721  90.817 0.0000000000
112718  -34.701  -19.061  91.616 0.0000000000
45547  -34.084  -18.144  93.073 0.0000000000
45562  -33.596  -18.477  92.514 0.0000000000
126478  -33.329  -18.496  92.093 0.0000000000
130777  -31.772  -18.236  92.909 0.0000000000
47496  -32.219  -17.406  94.795 0.0000000000
116861  -31.539  -17.059  96.740 0.0000000000
47432  -31.386  -16.701  97.639 0.0000000000
47413  -31.336  -16.492  98.510 0.0000000000
47414  -31.723  -16.043  98.769 0.0000000000
48415  -32.982  -15.643  98.323 0.0000000000
47415  -32.321  -15.899  98.862 0.0000000000
47406  -32.325  -16.244  99.320 0.0000000000
47416  -34.616  -16.120  98.194 0.0000000000
46442  -34.250  -16.843  98.487 0.0000000000
40951  -15.678  -23.290  97.191 0.0000000000
126676  -16.265  -23.022  94.784 0.0000000000
41903  -16.415  -23.030  95.874 0.0000000000
41851  -15.191  -21.957  99.178 0.0000000000
56996  -42.960  -7.517  74.291 0.0000000000
110896  -43.558  -7.253  74.381 0.0000000000
119424  -44.722  -7.182  75.494 0.0000000000
57016  -43.958  -6.524  73.744 0.0000000000
56984  -45.415  -6.932  75.904 0.0000000000
125843  -45.771  -6.930  76.430 0.0000000000
56971  -46.899  -6.371  76.943 0.0000000000
57954  -45.656  -5.068  72.906 0.0000000000
57939  -46.072  -5.275  73.722 0.0000000000
57924  -46.466  -5.370  74.669 0.0000000000
58954  -47.703  -4.508  75.047 0.0000000000
57925  -47.124  -5.039  75.284 0.0000000000
131476  -47.196  -5.410  75.877 0.0000000000
57900  -47.460  -5.584  76.475 0.0000000000
57889  -48.521  -5.473  77.468 0.0000000000
57875  -48.884  -5.813  78.191 0.0000000000
57876  -49.611  -5.487  78.418 0.0000000000
133269  -50.204  -5.251  78.625 0.0000000000
58913  -51.422  -4.834  79.054 0.0000000000
60886  -48.506  -2.458  70.402 0.0000000000
120200  -48.598  -2.473  71.316 0.0000000000
60865  -49.317  -2.233  72.570 0.0000000000
61734  -49.979  -1.924  73.172 0.0000000000
120364  -49.288  -2.450  73.207 0.0000000000
60847  -49.534  -2.506  73.868 0.0000000000
121899  -50.866  -2.622  75.481 0.0000000000
60818  -52.199  -2.205  75.679 0.0000000000
60808  -51.525  -2.610  75.906 0.0000000000
60809  -52.227  -2.648  76.374 0.0000000000
67465  -53.416  5.796  65.380 0.0000000000
67466  -54.226  6.230  65.561 0.0000000000
68443  -54.692  6.620  65.029 0.0000000000
132062  -53.465  4.886  62.877 0.0000000000
67490  -53.647  5.600  63.250 0.0000000000
68445  -57.659  7.975  65.173 0.0000000000
68454  -59.166  8.445  63.694 0.0000000000
132591  -57.189  6.937  61.112 0.0000000000
115259  -59.904  7.389  59.535 0.0000000000
68492  -60.591  6.725  59.411 0.0000000000
44719  -27.554  -19.422  90.850 0.0000000000
47549  -30.596  -17.408  91.368 0.0000000000
55023  -39.739  -8.477  77.941 0.0000000000
56009  -42.705  -7.761  76.438 0.0000000000
56028  -43.282  -7.772  75.663 0.0000000000
56945  -48.515  -6.442  78.821 0.0000000000
56981  -39.339  -7.381  76.326 0.0000000000
57050  -41.412  -6.268  71.128 0.0000000000
57829  -43.534  -4.760  81.159 0.0000000000
57898  -40.235  -6.396  77.131 0.0000000000
57937  -44.561  -5.845  73.264 0.0000000000
57962  -42.999  -5.642  71.217 0.0000000000
58909  -42.012  -5.974  79.034 0.0000000000
58921  -41.612  -6.064  77.904 0.0000000000
58967  -48.154  -3.957  74.722 0.0000000000
59040  -43.031  -4.379  68.546 0.0000000000
59706  -47.843  -3.571  88.962 0.0000000000
59847  -50.935  -3.771  77.035 0.0000000000
60876  -48.091  -2.974  71.749 0.0000000000
63407  -47.945  1.107  65.547 0.0000000000
121228  -45.885  -4.401  69.928 0.0000000000
126504  -43.673  -7.502  75.044 0.0000000000
130072  -46.405  -7.240  78.544 0.0000000000
131767  -41.210  -15.663  85.869 0.0000000000
132503  -42.509  -6.913  77.569 0.0000000000
