#!ascii label  , from subject sub-v2s12x28862_ses-1 vox2ras=TkReg
1394
78058  -42.119  17.644  61.222 0.0000000000
75633  -50.363  14.699  44.070 0.0000000000
83035  -51.228  23.858  64.610 0.0000000000
111170  -48.838  13.484  54.067 0.0000000000
74457  -48.702  13.630  63.451 0.0000000000
79557  -48.364  20.031  52.807 0.0000000000
81667  -45.038  22.307  54.820 0.0000000000
87904  -42.976  31.210  48.361 0.0000000000
75361  -40.575  15.105  70.125 0.0000000000
75481  -44.564  14.850  57.237 0.0000000000
76474  -46.528  15.978  52.495 0.0000000000
78759  -45.288  18.742  57.073 0.0000000000
85169  -52.741  27.889  58.978 0.0000000000
81635  -48.157  23.070  59.343 0.0000000000
84487  -47.421  26.763  55.891 0.0000000000
113205  -42.347  27.038  53.915 0.0000000000
87869  -47.556  31.147  51.224 0.0000000000
77399  -47.703  17.012  42.456 0.0000000000
80218  -41.139  20.897  66.186 0.0000000000
80243  -46.879  20.259  64.458 0.0000000000
118789  -54.040  14.446  55.467 0.0000000000
74520  -49.572  12.869  58.529 0.0000000000
130030  -43.570  13.219  61.034 0.0000000000
119527  -41.913  11.596  66.028 0.0000000000
112240  -48.029  17.843  47.039 0.0000000000
81041  -51.187  22.501  46.884 0.0000000000
80272  -50.415  20.049  58.490 0.0000000000
81670  -52.205  22.331  54.111 0.0000000000
82458  -48.165  24.015  48.549 0.0000000000
114757  -43.793  24.691  49.419 0.0000000000
84522  -39.632  26.684  48.853 0.0000000000
78063  -42.445  17.166  59.126 0.0000000000
78067  -44.068  17.503  57.179 0.0000000000
79497  -43.549  19.303  59.596 0.0000000000
85898  -53.668  28.165  56.186 0.0000000000
84476  -50.531  26.829  57.001 0.0000000000
85907  -50.364  28.335  54.694 0.0000000000
126576  -47.284  28.908  53.850 0.0000000000
75637  -48.113  15.288  42.792 0.0000000000
81603  -39.415  22.847  63.628 0.0000000000
115148  -42.968  22.028  64.489 0.0000000000
74490  -49.011  13.293  60.927 0.0000000000
74488  -46.689  12.877  60.446 0.0000000000
73641  -46.349  12.809  62.518 0.0000000000
73561  -41.198  12.851  68.204 0.0000000000
76371  -37.346  15.651  64.669 0.0000000000
78727  -37.437  18.383  64.766 0.0000000000
111580  -35.664  18.090  65.473 0.0000000000
74629  -49.930  13.614  50.918 0.0000000000
78796  -46.346  18.279  52.609 0.0000000000
78121  -47.375  17.238  49.621 0.0000000000
79587  -47.683  19.167  49.827 0.0000000000
80355  -48.870  20.139  46.441 0.0000000000
80335  -49.629  20.647  49.671 0.0000000000
80906  -49.153  21.942  65.339 0.0000000000
80932  -48.265  20.940  61.119 0.0000000000
111487  -51.549  21.897  62.478 0.0000000000
80945  -46.682  22.282  57.344 0.0000000000
80954  -50.078  21.739  56.996 0.0000000000
80989  -48.160  22.001  54.014 0.0000000000
81702  -50.152  22.642  51.483 0.0000000000
81700  -46.775  22.750  51.900 0.0000000000
83152  -45.328  24.758  48.915 0.0000000000
82428  -44.563  23.745  51.460 0.0000000000
86592  -42.427  29.975  51.430 0.0000000000
133070  -40.741  26.917  51.328 0.0000000000
86603  -40.670  29.214  48.900 0.0000000000
85952  -39.406  28.434  46.417 0.0000000000
87283  -41.314  30.513  45.662 0.0000000000
74564  -46.681  13.656  55.390 0.0000000000
113476  -47.858  14.278  52.836 0.0000000000
76455  -45.444  16.042  54.912 0.0000000000
115963  -45.523  17.550  54.882 0.0000000000
79535  -46.981  19.079  55.654 0.0000000000
85124  -51.867  27.209  61.928 0.0000000000
82375  -52.288  23.536  61.992 0.0000000000
83776  -49.594  25.644  59.660 0.0000000000
83779  -47.516  24.999  58.229 0.0000000000
83106  -45.013  24.213  56.613 0.0000000000
82400  -43.348  23.800  54.735 0.0000000000
84484  -44.654  26.584  55.323 0.0000000000
86579  -44.940  29.895  52.879 0.0000000000
87877  -45.274  31.532  50.194 0.0000000000
79620  -47.011  18.964  42.664 0.0000000000
78731  -42.288  18.341  64.360 0.0000000000
79486  -43.932  19.256  62.428 0.0000000000
79457  -44.224  19.644  65.650 0.0000000000
81572  -46.332  21.893  65.712 0.0000000000
82362  -47.037  23.980  62.984 0.0000000000
83758  -46.013  25.572  60.650 0.0000000000
83743  -48.633  25.985  62.031 0.0000000000
114219  -51.729  13.652  54.778 0.0000000000
74555  -52.319  13.583  56.961 0.0000000000
74552  -49.338  13.120  56.450 0.0000000000
110884  -46.773  12.860  58.094 0.0000000000
75459  -43.623  14.392  59.248 0.0000000000
74436  -48.618  13.297  65.728 0.0000000000
74380  -43.873  13.568  69.607 0.0000000000
126733  -45.243  12.250  67.653 0.0000000000
73602  -46.007  12.155  64.836 0.0000000000
72819  -42.681  11.713  63.564 0.0000000000
77237  -41.346  16.746  63.080 0.0000000000
76553  -50.852  15.661  45.426 0.0000000000
75559  -48.575  14.605  50.241 0.0000000000
76539  -48.753  15.689  47.276 0.0000000000
124303  -49.249  16.307  44.565 0.0000000000
128777  -48.657  17.874  43.444 0.0000000000
79616  -49.091  20.379  42.704 0.0000000000
81775  -49.635  22.757  43.524 0.0000000000
118213  -45.486  20.449  60.117 0.0000000000
80270  -47.288  19.898  58.489 0.0000000000
126582  -49.481  19.629  55.641 0.0000000000
80937  -52.815  22.090  59.060 0.0000000000
80280  -52.534  21.229  57.008 0.0000000000
116133  -51.158  20.913  53.237 0.0000000000
81011  -52.116  22.135  50.637 0.0000000000
82461  -50.810  23.329  48.398 0.0000000000
120779  -48.049  23.861  46.349 0.0000000000
83825  -42.290  25.273  51.838 0.0000000000
83838  -41.164  25.030  49.760 0.0000000000
83170  -40.098  23.563  46.194 0.0000000000
84536  -38.702  26.136  46.563 0.0000000000
85238  -38.398  27.120  46.991 0.0000000000
128808  -42.096  17.555  60.309 0.0000000000
129420  -42.637  17.947  59.050 0.0000000000
78748  -42.574  18.259  60.664 0.0000000000
129971  -51.445  28.372  54.872 0.0000000000
86569  -49.999  29.174  53.433 0.0000000000
130807  -49.022  14.653  43.414 0.0000000000
74467  -49.231  13.646  62.241 0.0000000000
74477  -47.602  13.284  61.691 0.0000000000
73642  -46.934  13.021  63.077 0.0000000000
76370  -36.630  15.819  65.048 0.0000000000
78036  -36.797  17.170  64.853 0.0000000000
74594  -50.321  13.493  53.443 0.0000000000
74607  -49.250  13.575  52.419 0.0000000000
79565  -46.751  19.050  52.467 0.0000000000
78803  -47.064  18.836  51.073 0.0000000000
79580  -47.570  19.392  50.818 0.0000000000
80334  -48.704  20.217  49.757 0.0000000000
80319  -48.871  20.387  51.438 0.0000000000
114147  -49.964  22.546  64.703 0.0000000000
110852  -49.971  21.851  63.328 0.0000000000
81613  -52.229  22.833  63.928 0.0000000000
81660  -45.283  22.401  55.805 0.0000000000
80952  -46.814  21.881  56.449 0.0000000000
80988  -46.861  21.930  54.052 0.0000000000
81691  -47.457  22.408  52.489 0.0000000000
81678  -45.791  22.301  53.432 0.0000000000
82429  -45.431  23.446  51.415 0.0000000000
81688  -44.676  22.921  53.113 0.0000000000
87889  -42.787  30.937  49.482 0.0000000000
86598  -41.541  29.623  50.511 0.0000000000
87258  -41.661  30.341  49.093 0.0000000000
131793  -41.168  29.995  47.465 0.0000000000
87276  -41.885  30.620  46.907 0.0000000000
75494  -45.073  14.625  56.628 0.0000000000
75504  -46.130  14.171  55.268 0.0000000000
76438  -45.115  15.194  56.002 0.0000000000
78758  -44.478  18.625  57.485 0.0000000000
78087  -45.148  17.403  55.577 0.0000000000
78769  -45.493  18.381  56.283 0.0000000000
114654  -46.319  18.628  55.044 0.0000000000
78779  -46.244  18.668  55.930 0.0000000000
118526  -52.198  27.358  60.272 0.0000000000
83763  -50.940  25.788  61.099 0.0000000000
84450  -51.842  26.776  59.861 0.0000000000
85184  -48.941  26.922  56.391 0.0000000000
84467  -48.687  26.190  57.546 0.0000000000
84466  -47.860  25.976  57.130 0.0000000000
83102  -46.207  24.205  57.656 0.0000000000
83790  -46.309  25.658  56.580 0.0000000000
83801  -44.887  25.789  55.864 0.0000000000
84486  -46.551  26.699  55.736 0.0000000000
87226  -47.383  30.327  52.256 0.0000000000
116543  -46.214  29.445  53.316 0.0000000000
87225  -46.490  30.393  52.235 0.0000000000
87237  -45.306  30.905  51.532 0.0000000000
129064  -45.915  31.384  50.820 0.0000000000
78846  -47.072  18.175  42.535 0.0000000000
79454  -41.492  20.180  65.667 0.0000000000
79473  -43.748  19.021  65.051 0.0000000000
80220  -43.004  20.638  66.208 0.0000000000
81622  -43.291  22.267  63.077 0.0000000000
127433  -44.423  21.847  65.070 0.0000000000
81624  -44.926  22.617  63.200 0.0000000000
82341  -46.551  22.826  63.925 0.0000000000
83061  -45.847  23.752  62.361 0.0000000000
84445  -44.788  26.157  59.268 0.0000000000
83742  -47.403  25.904  61.194 0.0000000000
84448  -48.178  27.150  60.117 0.0000000000
85142  -49.323  27.422  60.543 0.0000000000
112455  -48.279  27.537  59.258 0.0000000000
75516  -52.944  14.171  54.400 0.0000000000
74569  -53.184  14.134  55.291 0.0000000000
74522  -51.693  13.402  58.669 0.0000000000
111017  -50.830  13.213  58.328 0.0000000000
110964  -50.980  13.412  56.654 0.0000000000
131953  -49.236  12.776  57.889 0.0000000000
111016  -48.108  12.820  57.075 0.0000000000
74519  -47.492  12.719  58.166 0.0000000000
73659  -45.141  12.798  60.888 0.0000000000
120389  -44.992  13.391  59.371 0.0000000000
74474  -43.821  13.495  60.436 0.0000000000
74379  -42.075  13.844  69.507 0.0000000000
73579  -43.379  12.214  67.698 0.0000000000
72786  -43.548  11.537  66.402 0.0000000000
73592  -45.884  11.906  66.060 0.0000000000
115220  -44.137  11.416  65.804 0.0000000000
72812  -44.363  11.526  64.387 0.0000000000
113535  -42.492  11.508  64.398 0.0000000000
78040  -40.625  17.923  63.903 0.0000000000
78046  -39.264  17.045  63.745 0.0000000000
76554  -52.252  15.415  45.771 0.0000000000
76475  -46.884  15.220  52.814 0.0000000000
75546  -47.980  14.829  51.428 0.0000000000
76486  -47.443  15.516  51.354 0.0000000000
78127  -47.832  17.149  48.247 0.0000000000
77356  -48.045  16.331  48.492 0.0000000000
77369  -48.526  16.503  46.691 0.0000000000
76551  -49.017  15.865  46.271 0.0000000000
112681  -48.534  16.946  45.899 0.0000000000
77385  -48.884  16.691  43.742 0.0000000000
112758  -48.406  17.625  45.632 0.0000000000
80356  -49.556  20.936  46.872 0.0000000000
80362  -49.130  20.395  45.227 0.0000000000
127892  -50.398  21.889  45.208 0.0000000000
81067  -49.465  21.847  42.633 0.0000000000
116988  -50.979  22.951  44.437 0.0000000000
79483  -45.417  19.590  63.885 0.0000000000
79492  -44.377  20.013  60.995 0.0000000000
115813  -46.007  20.543  62.036 0.0000000000
80258  -49.529  20.633  60.291 0.0000000000
80264  -47.342  20.317  59.370 0.0000000000
79506  -49.048  19.747  58.282 0.0000000000
79523  -48.815  19.469  56.770 0.0000000000
79513  -49.950  19.661  57.284 0.0000000000
124940  -49.686  23.731  60.633 0.0000000000
81631  -52.494  22.459  59.939 0.0000000000
81643  -50.985  22.099  59.099 0.0000000000
80967  -51.023  21.878  55.889 0.0000000000
80956  -53.047  22.032  57.225 0.0000000000
119032  -52.882  21.972  55.728 0.0000000000
80296  -52.471  21.346  55.360 0.0000000000
80990  -52.549  22.216  54.216 0.0000000000
80321  -51.411  21.387  51.800 0.0000000000
80997  -52.320  22.089  53.097 0.0000000000
82441  -48.554  23.292  50.142 0.0000000000
82452  -49.970  23.033  49.494 0.0000000000
82459  -48.974  23.673  48.411 0.0000000000
82475  -49.068  23.768  46.793 0.0000000000
83181  -48.055  24.173  46.687 0.0000000000
82484  -47.283  23.732  46.552 0.0000000000
83164  -46.734  24.584  47.648 0.0000000000
125026  -44.602  24.707  49.274 0.0000000000
124538  -44.899  25.041  47.928 0.0000000000
131777  -42.463  25.752  54.399 0.0000000000
83124  -42.914  24.491  53.228 0.0000000000
83813  -41.845  25.839  53.365 0.0000000000
84516  -39.975  27.053  50.034 0.0000000000
84518  -41.012  26.198  51.106 0.0000000000
84523  -40.032  26.115  49.753 0.0000000000
83151  -40.803  24.725  48.726 0.0000000000
83844  -40.046  24.818  48.146 0.0000000000
83848  -38.805  25.175  46.758 0.0000000000
84528  -39.383  26.356  47.321 0.0000000000
128943  -39.776  29.062  46.442 0.0000000000
85957  -38.953  27.703  46.147 0.0000000000
110765  -38.944  28.598  46.527 0.0000000000
85942  -38.423  28.501  48.513 0.0000000000
76412  -43.442  15.507  58.269 0.0000000000
76426  -44.173  15.780  57.134 0.0000000000
78066  -43.464  17.451  57.835 0.0000000000
78754  -43.250  18.266  58.392 0.0000000000
79502  -44.475  19.272  58.295 0.0000000000
84468  -51.647  26.882  57.883 0.0000000000
85201  -52.533  27.659  56.427 0.0000000000
85895  -50.099  27.712  55.318 0.0000000000
126149  -48.454  27.869  55.021 0.0000000000
85212  -47.622  27.740  54.895 0.0000000000
85919  -48.470  28.840  54.098 0.0000000000
86583  -48.596  29.665  52.839 0.0000000000
75643  -47.760  15.595  42.760 0.0000000000
81568  -40.326  22.154  65.552 0.0000000000
81570  -42.060  21.995  65.940 0.0000000000
81605  -41.300  22.246  63.809 0.0000000000
111024  -49.228  13.114  60.108 0.0000000000
74504  -47.652  12.765  59.472 0.0000000000
74489  -47.496  13.099  60.850 0.0000000000
74475  -46.006  12.790  60.976 0.0000000000
73650  -44.603  12.572  61.528 0.0000000000
117144  -40.952  13.472  68.758 0.0000000000
73575  -39.876  12.616  66.947 0.0000000000
127502  -38.458  16.099  64.059 0.0000000000
77227  -38.556  16.773  64.045 0.0000000000
78037  -37.494  17.090  64.556 0.0000000000
78726  -36.589  18.078  65.073 0.0000000000
78110  -46.393  17.528  51.917 0.0000000000
77334  -47.089  16.221  51.036 0.0000000000
78114  -46.710  17.615  51.052 0.0000000000
78814  -47.486  18.249  49.488 0.0000000000
78819  -47.993  18.824  47.972 0.0000000000
79605  -48.379  19.126  46.416 0.0000000000
79595  -48.434  19.689  48.334 0.0000000000
125420  -49.010  20.353  48.291 0.0000000000
81026  -50.400  21.326  48.275 0.0000000000
80235  -47.669  20.639  64.966 0.0000000000
80248  -46.960  20.753  62.524 0.0000000000
80921  -48.765  21.390  63.213 0.0000000000
80933  -49.387  21.138  61.406 0.0000000000
112560  -50.899  20.996  60.767 0.0000000000
81641  -47.605  22.803  58.739 0.0000000000
80940  -48.376  22.242  58.372 0.0000000000
80946  -47.856  22.007  57.636 0.0000000000
80966  -49.338  21.764  55.700 0.0000000000
81668  -49.392  22.148  54.395 0.0000000000
115644  -51.378  22.538  52.892 0.0000000000
111425  -48.430  22.302  53.092 0.0000000000
81701  -47.752  22.660  51.673 0.0000000000
82440  -47.528  23.469  50.267 0.0000000000
83153  -46.282  24.595  48.627 0.0000000000
82438  -45.771  23.784  50.609 0.0000000000
82437  -45.075  23.954  50.760 0.0000000000
83136  -43.945  24.176  51.053 0.0000000000
86578  -42.521  29.035  52.576 0.0000000000
85223  -41.499  27.551  52.554 0.0000000000
85933  -41.259  28.466  51.640 0.0000000000
85938  -40.596  28.518  50.415 0.0000000000
85235  -39.841  27.595  49.162 0.0000000000
85239  -39.544  27.383  47.445 0.0000000000
86608  -40.438  29.136  47.549 0.0000000000
85953  -40.023  28.982  46.403 0.0000000000
110488  -40.390  30.044  45.981 0.0000000000
133506  -47.847  13.500  54.679 0.0000000000
74592  -48.318  13.756  53.449 0.0000000000
75515  -46.952  14.326  54.006 0.0000000000
75524  -46.543  15.007  53.689 0.0000000000
77308  -46.224  15.904  53.403 0.0000000000
77289  -44.748  16.935  56.024 0.0000000000
77299  -45.393  16.890  54.861 0.0000000000
77315  -45.937  16.829  53.540 0.0000000000
78789  -46.112  18.186  53.492 0.0000000000
127597  -46.541  18.864  53.286 0.0000000000
79546  -47.815  19.437  54.510 0.0000000000
83717  -52.263  25.674  63.596 0.0000000000
124946  -53.038  23.679  63.265 0.0000000000
83084  -52.443  25.351  62.726 0.0000000000
83744  -50.501  24.733  61.209 0.0000000000
83761  -49.049  24.403  60.238 0.0000000000
83781  -49.600  26.057  58.780 0.0000000000
110575  -48.824  25.445  59.175 0.0000000000
83094  -47.892  23.750  59.366 0.0000000000
83097  -46.727  23.645  58.266 0.0000000000
82390  -45.496  23.192  57.124 0.0000000000
81650  -44.749  22.875  56.091 0.0000000000
82401  -43.893  23.210  55.089 0.0000000000
119214  -43.689  23.752  55.368 0.0000000000
83799  -43.345  25.081  55.269 0.0000000000
117489  -43.625  27.189  54.575 0.0000000000
85210  -45.945  27.791  54.742 0.0000000000
85903  -44.939  28.535  54.023 0.0000000000
85218  -43.355  28.277  53.784 0.0000000000
87222  -43.802  30.411  51.893 0.0000000000
87250  -43.659  30.755  51.177 0.0000000000
87891  -44.311  31.586  49.222 0.0000000000
78049  -42.309  17.609  63.176 0.0000000000
78745  -43.320  18.813  62.013 0.0000000000
78741  -43.399  18.453  63.688 0.0000000000
79474  -44.397  19.179  65.050 0.0000000000
79475  -45.705  19.565  64.898 0.0000000000
80890  -43.757  21.537  66.089 0.0000000000
80891  -45.048  21.051  66.326 0.0000000000
80223  -46.560  20.574  66.017 0.0000000000
123798  -47.510  21.609  66.019 0.0000000000
81590  -48.402  22.220  65.452 0.0000000000
82343  -48.913  23.927  63.901 0.0000000000
83079  -44.634  24.496  61.276 0.0000000000
83081  -46.609  24.840  61.814 0.0000000000
83725  -48.043  25.313  62.274 0.0000000000
83727  -50.215  25.992  63.199 0.0000000000
84407  -50.455  26.736  62.496 0.0000000000
85144  -51.612  27.629  61.142 0.0000000000
85168  -52.073  28.197  59.715 0.0000000000
74596  -51.805  13.762  53.472 0.0000000000
74580  -50.609  13.529  54.174 0.0000000000
74541  -53.030  13.777  57.688 0.0000000000
75505  -53.477  14.125  56.149 0.0000000000
74554  -51.661  13.485  56.329 0.0000000000
74553  -50.844  13.469  55.833 0.0000000000
74566  -48.864  13.262  55.692 0.0000000000
111014  -47.963  13.148  55.757 0.0000000000
74549  -46.763  13.196  56.683 0.0000000000
75482  -45.098  14.129  57.289 0.0000000000
74518  -46.452  12.879  58.707 0.0000000000
74516  -45.136  13.563  58.530 0.0000000000
110903  -43.855  14.691  58.497 0.0000000000
76407  -43.146  15.111  58.902 0.0000000000
74383  -46.436  13.129  69.430 0.0000000000
74399  -42.515  13.121  68.914 0.0000000000
73565  -44.728  12.560  68.364 0.0000000000
73566  -46.366  12.602  68.258 0.0000000000
73594  -47.205  12.523  66.620 0.0000000000
73604  -47.343  12.618  65.622 0.0000000000
73630  -47.168  12.988  63.966 0.0000000000
73617  -45.762  12.270  63.913 0.0000000000
72821  -44.390  11.873  63.071 0.0000000000
73638  -43.387  12.513  62.044 0.0000000000
78051  -41.837  17.098  62.716 0.0000000000
78048  -41.729  17.359  63.368 0.0000000000
119958  -41.243  18.585  64.421 0.0000000000
79470  -40.768  19.588  65.020 0.0000000000
80217  -39.573  20.899  65.729 0.0000000000
76570  -52.453  15.202  45.340 0.0000000000
76581  -51.572  15.260  44.824 0.0000000000
76569  -50.797  15.583  44.764 0.0000000000
74606  -48.412  14.231  51.986 0.0000000000
75560  -49.148  13.953  50.536 0.0000000000
77348  -47.600  16.315  49.720 0.0000000000
117154  -48.456  15.287  49.108 0.0000000000
76526  -49.137  14.993  47.767 0.0000000000
76540  -49.421  15.327  46.807 0.0000000000
76568  -50.138  15.897  44.940 0.0000000000
128566  -50.162  15.553  44.271 0.0000000000
77394  -49.168  16.144  43.718 0.0000000000
77393  -48.720  16.501  43.034 0.0000000000
78158  -48.344  17.753  42.472 0.0000000000
126890  -48.668  19.579  45.669 0.0000000000
79615  -48.932  19.526  43.311 0.0000000000
129369  -48.306  18.930  41.872 0.0000000000
80380  -48.077  20.136  41.710 0.0000000000
80374  -47.596  20.640  43.027 0.0000000000
81052  -48.149  21.955  44.329 0.0000000000
79491  -43.764  19.398  61.474 0.0000000000
79495  -44.159  19.845  59.982 0.0000000000
79499  -44.951  19.852  58.906 0.0000000000
80251  -46.301  20.692  61.031 0.0000000000
129156  -46.576  20.119  58.880 0.0000000000
79504  -46.396  19.731  58.138 0.0000000000
79521  -46.914  19.160  56.474 0.0000000000
79536  -47.821  19.313  55.386 0.0000000000
79547  -48.729  19.728  54.315 0.0000000000
80922  -53.094  22.564  62.014 0.0000000000
80935  -52.874  21.818  60.390 0.0000000000
80267  -52.002  20.891  58.939 0.0000000000
80948  -51.993  21.998  57.725 0.0000000000
80949  -52.847  21.902  57.867 0.0000000000
80275  -51.064  20.112  57.848 0.0000000000
79525  -51.444  20.273  56.366 0.0000000000
112002  -49.846  19.867  55.018 0.0000000000
80302  -49.617  20.348  53.140 0.0000000000
118195  -50.318  20.691  52.289 0.0000000000
81028  -51.660  22.259  49.253 0.0000000000
81703  -51.555  22.583  51.608 0.0000000000
82443  -51.394  22.893  49.891 0.0000000000
81754  -51.453  22.871  47.603 0.0000000000
82493  -51.045  23.327  45.515 0.0000000000
81767  -48.824  23.273  44.577 0.0000000000
125835  -45.953  24.902  47.569 0.0000000000
82413  -44.000  23.366  53.425 0.0000000000
83129  -43.206  24.452  52.228 0.0000000000
113632  -42.990  24.708  50.781 0.0000000000
84511  -41.208  26.651  51.863 0.0000000000
83830  -41.487  25.395  50.641 0.0000000000
83140  -41.921  24.857  49.933 0.0000000000
83160  -41.413  24.385  47.813 0.0000000000
83171  -40.948  23.627  46.392 0.0000000000
82468  -40.511  23.147  45.937 0.0000000000
85248  -38.931  27.044  46.266 0.0000000000
84532  -38.638  26.613  46.484 0.0000000000
116987  -44.287  31.528  46.504 0.0000000000
87944  -43.800  31.643  44.126 0.0000000000
87289  -41.940  31.066  44.970 0.0000000000
87941  -41.085  30.993  45.234 0.0000000000
87918  -40.082  31.390  46.458 0.0000000000
75638  -49.769  15.079  43.773 0.0000000000
133325  -49.748  13.896  63.348 0.0000000000
74459  -50.018  13.840  62.696 0.0000000000
74458  -49.243  13.770  63.036 0.0000000000
74466  -48.524  13.581  62.800 0.0000000000
74456  -47.912  13.373  63.490 0.0000000000
76359  -36.299  15.447  65.682 0.0000000000
111009  -49.693  13.451  53.981 0.0000000000
74608  -50.112  13.468  52.675 0.0000000000
111729  -49.668  13.465  53.148 0.0000000000
79566  -47.447  19.562  52.548 0.0000000000
79573  -47.139  19.255  51.693 0.0000000000
79567  -48.014  19.897  51.771 0.0000000000
79574  -48.256  20.008  50.942 0.0000000000
82326  -50.708  23.250  64.661 0.0000000000
81592  -51.411  22.968  64.457 0.0000000000
82327  -51.571  23.400  64.534 0.0000000000
117413  -45.768  22.083  55.020 0.0000000000
80987  -45.863  22.088  54.178 0.0000000000
129703  -46.397  22.138  53.528 0.0000000000
81689  -45.430  22.610  52.902 0.0000000000
81677  -45.002  22.417  53.831 0.0000000000
132723  -42.848  31.101  49.006 0.0000000000
87247  -42.181  30.604  49.720 0.0000000000
87259  -42.276  30.864  48.854 0.0000000000
87267  -42.248  30.912  47.954 0.0000000000
87919  -42.668  31.110  47.202 0.0000000000
75493  -44.665  15.412  56.622 0.0000000000
78768  -44.829  18.241  56.697 0.0000000000
79520  -46.105  18.881  56.770 0.0000000000
84451  -52.432  27.445  59.465 0.0000000000
84488  -48.261  26.817  56.039 0.0000000000
84474  -48.447  26.473  56.712 0.0000000000
84473  -47.639  26.358  56.502 0.0000000000
83791  -47.013  25.708  56.971 0.0000000000
84472  -46.814  26.267  56.327 0.0000000000
84471  -45.970  26.025  56.065 0.0000000000
87239  -47.088  30.844  51.707 0.0000000000
87238  -46.205  30.908  51.629 0.0000000000
87868  -46.843  31.314  51.107 0.0000000000
77392  -47.604  15.860  42.850 0.0000000000
77391  -47.354  16.556  42.832 0.0000000000
78157  -46.852  17.370  43.123 0.0000000000
78163  -47.385  17.508  42.472 0.0000000000
79455  -42.430  19.924  65.680 0.0000000000
80219  -41.991  20.777  66.219 0.0000000000
82358  -43.395  22.703  62.416 0.0000000000
81623  -44.036  22.347  63.133 0.0000000000
82360  -45.782  23.002  63.112 0.0000000000
111664  -45.054  23.387  62.401 0.0000000000
85152  -47.393  27.134  59.361 0.0000000000
126567  -54.437  14.754  54.843 0.0000000000
75517  -53.763  14.470  54.632 0.0000000000
111018  -50.056  12.961  58.026 0.0000000000
111020  -48.267  12.710  57.854 0.0000000000
111022  -48.857  12.746  58.614 0.0000000000
73658  -44.289  12.990  60.932 0.0000000000
115126  -44.712  13.229  60.210 0.0000000000
111593  -42.916  13.694  60.753 0.0000000000
75362  -41.547  14.844  70.162 0.0000000000
72778  -42.966  11.811  67.004 0.0000000000
72785  -42.653  11.550  66.220 0.0000000000
127410  -43.252  11.392  65.615 0.0000000000
131537  -43.059  11.358  64.897 0.0000000000
72797  -42.338  11.450  65.323 0.0000000000
77235  -39.818  16.399  63.545 0.0000000000
117315  -50.466  14.610  47.598 0.0000000000
114718  -47.014  15.538  52.097 0.0000000000
76485  -46.779  16.109  51.724 0.0000000000
78134  -48.125  17.176  47.361 0.0000000000
78139  -48.282  17.367  46.521 0.0000000000
78830  -48.203  18.207  46.373 0.0000000000
81034  -50.377  21.554  47.338 0.0000000000
80363  -49.634  21.089  45.802 0.0000000000
81040  -50.549  21.914  46.165 0.0000000000
81047  -51.122  22.739  45.126 0.0000000000
116027  -51.354  22.830  45.927 0.0000000000
80242  -46.117  19.879  64.134 0.0000000000
79488  -45.592  20.092  63.012 0.0000000000
114227  -46.468  20.386  63.273 0.0000000000
80266  -50.372  20.321  59.221 0.0000000000
80265  -48.714  20.318  59.452 0.0000000000
127852  -49.291  20.011  58.860 0.0000000000
79507  -49.820  19.731  57.909 0.0000000000
82379  -49.485  23.365  60.277 0.0000000000
81630  -50.648  22.825  60.117 0.0000000000
81636  -49.612  22.809  59.699 0.0000000000
80980  -52.168  22.249  55.147 0.0000000000
80981  -52.727  22.103  54.676 0.0000000000
80297  -52.893  21.993  55.114 0.0000000000
81671  -52.605  22.310  53.789 0.0000000000
127236  -52.562  22.277  53.459 0.0000000000
81682  -52.140  22.319  53.356 0.0000000000
82450  -47.876  23.762  49.434 0.0000000000
82451  -48.973  23.484  49.307 0.0000000000
83165  -48.355  24.092  47.545 0.0000000000
126046  -47.603  24.390  47.894 0.0000000000
83176  -47.413  24.390  47.181 0.0000000000
121588  -44.204  24.876  48.238 0.0000000000
117388  -43.251  24.732  48.457 0.0000000000
84501  -41.979  26.241  53.874 0.0000000000
83807  -42.252  25.399  54.031 0.0000000000
83836  -39.731  25.657  48.587 0.0000000000
83843  -39.344  25.339  47.260 0.0000000000
86613  -39.363  29.062  46.542 0.0000000000
77266  -43.232  16.493  58.127 0.0000000000
78064  -42.884  17.362  58.490 0.0000000000
114110  -42.988  18.696  59.221 0.0000000000
79501  -43.614  19.075  58.727 0.0000000000
78755  -43.848  18.731  58.062 0.0000000000
85187  -53.456  27.676  57.519 0.0000000000
85896  -51.155  28.001  55.516 0.0000000000
85199  -49.134  27.447  55.769 0.0000000000
85894  -49.310  28.124  54.960 0.0000000000
114106  -48.721  28.424  54.574 0.0000000000
85920  -49.412  28.718  54.177 0.0000000000
87229  -50.463  29.994  52.130 0.0000000000
86584  -49.645  29.621  52.811 0.0000000000
128162  -48.872  30.302  51.728 0.0000000000
74686  -48.194  14.422  43.164 0.0000000000
77401  -48.170  16.167  42.601 0.0000000000
81584  -39.738  22.535  64.730 0.0000000000
81585  -40.768  22.411  64.855 0.0000000000
81604  -40.323  22.513  63.782 0.0000000000
74491  -49.872  13.406  60.767 0.0000000000
111192  -48.222  13.026  60.308 0.0000000000
113052  -48.262  13.309  61.228 0.0000000000
74464  -46.923  13.112  62.181 0.0000000000
74476  -46.831  13.037  61.319 0.0000000000
73652  -46.178  12.808  61.827 0.0000000000
73651  -45.376  12.581  61.633 0.0000000000
73640  -45.645  12.500  62.387 0.0000000000
75421  -38.331  14.275  64.638 0.0000000000
75430  -38.459  14.825  64.210 0.0000000000
76372  -38.100  15.542  64.325 0.0000000000
77226  -37.881  16.389  64.385 0.0000000000
78802  -46.668  18.443  51.642 0.0000000000
78808  -47.310  18.657  50.395 0.0000000000
78818  -47.693  18.122  48.521 0.0000000000
79594  -47.832  18.992  48.884 0.0000000000
80342  -48.845  20.271  49.011 0.0000000000
80343  -49.621  20.706  48.701 0.0000000000
80905  -48.347  21.362  65.400 0.0000000000
80914  -48.224  21.040  64.176 0.0000000000
80915  -49.112  21.573  64.542 0.0000000000
113221  -49.298  21.464  62.361 0.0000000000
80928  -50.490  21.423  61.911 0.0000000000
81648  -47.109  22.553  58.152 0.0000000000
80977  -47.336  21.750  54.797 0.0000000000
80965  -47.829  21.706  55.763 0.0000000000
80978  -48.635  21.823  54.926 0.0000000000
81680  -49.568  22.365  53.698 0.0000000000
82432  -48.141  22.920  50.877 0.0000000000
82431  -47.152  23.157  51.106 0.0000000000
82439  -46.600  23.649  50.445 0.0000000000
82430  -46.261  23.277  51.277 0.0000000000
82421  -45.034  23.126  52.237 0.0000000000
83143  -44.394  24.334  50.353 0.0000000000
86577  -42.279  29.418  51.996 0.0000000000
85927  -41.829  28.758  52.150 0.0000000000
86591  -41.726  29.312  51.426 0.0000000000
86604  -41.277  29.718  49.486 0.0000000000
85939  -41.060  28.879  50.904 0.0000000000
86597  -40.843  29.120  50.011 0.0000000000
85944  -40.331  28.461  49.398 0.0000000000
111825  -40.286  28.661  48.214 0.0000000000
87275  -41.223  30.112  46.674 0.0000000000
86614  -40.692  29.630  46.767 0.0000000000
87274  -40.709  30.051  45.906 0.0000000000
126124  -40.281  29.605  46.182 0.0000000000
116044  -40.888  30.526  45.529 0.0000000000
111012  -47.438  13.450  55.102 0.0000000000
74578  -47.450  13.799  54.384 0.0000000000
74577  -46.775  13.960  54.738 0.0000000000
75513  -45.626  15.058  55.191 0.0000000000
75514  -46.302  14.653  54.515 0.0000000000
76456  -45.969  15.503  54.314 0.0000000000
77276  -44.350  16.710  56.681 0.0000000000
78094  -45.660  17.239  54.244 0.0000000000
78099  -45.882  17.576  53.707 0.0000000000
78095  -45.841  18.056  54.384 0.0000000000
128138  -46.428  18.729  54.150 0.0000000000
79545  -46.991  19.162  54.785 0.0000000000
79555  -47.016  19.289  53.896 0.0000000000
84399  -52.139  26.493  63.073 0.0000000000
83729  -52.416  25.961  63.041 0.0000000000
83746  -52.124  26.464  62.347 0.0000000000
83777  -50.674  26.027  60.272 0.0000000000
83762  -49.729  25.090  60.461 0.0000000000
83092  -49.608  24.212  60.701 0.0000000000
84460  -51.360  26.733  58.857 0.0000000000
113734  -49.983  26.416  57.827 0.0000000000
83786  -47.962  25.679  57.754 0.0000000000
83780  -48.480  25.635  58.393 0.0000000000
83099  -48.107  24.735  59.128 0.0000000000
83098  -47.337  24.100  58.727 0.0000000000
115560  -46.886  24.353  58.139 0.0000000000
83783  -45.639  24.474  57.068 0.0000000000
83101  -45.489  23.740  57.185 0.0000000000
82394  -44.918  23.385  56.504 0.0000000000
82393  -44.305  23.276  55.734 0.0000000000
83105  -44.287  23.898  56.031 0.0000000000
83800  -44.094  25.203  55.671 0.0000000000
84483  -43.950  25.856  55.367 0.0000000000
84495  -43.752  26.560  54.938 0.0000000000
84496  -44.432  27.243  54.814 0.0000000000
85906  -47.190  28.351  54.378 0.0000000000
85211  -46.757  27.777  54.873 0.0000000000
85905  -46.423  28.249  54.458 0.0000000000
115574  -45.505  29.528  53.269 0.0000000000
85917  -45.623  29.026  53.739 0.0000000000
86565  -44.883  29.208  53.507 0.0000000000
85916  -44.173  28.693  53.705 0.0000000000
86564  -44.139  29.339  53.191 0.0000000000
86563  -43.313  29.309  52.904 0.0000000000
122548  -43.973  29.906  52.566 0.0000000000
87867  -44.985  31.279  50.851 0.0000000000
87236  -44.442  30.886  51.405 0.0000000000
87876  -44.239  31.252  50.624 0.0000000000
112828  -43.866  31.349  49.912 0.0000000000
116215  -46.523  18.202  43.567 0.0000000000
79614  -46.636  19.179  43.668 0.0000000000
78738  -42.758  18.018  63.780 0.0000000000
78732  -43.197  18.541  64.400 0.0000000000
79456  -43.377  19.714  65.655 0.0000000000
79482  -44.799  19.239  64.356 0.0000000000
79458  -45.110  19.657  65.557 0.0000000000
81587  -42.562  22.071  65.299 0.0000000000
81571  -42.907  21.751  65.937 0.0000000000
81589  -45.325  21.826  65.419 0.0000000000
80903  -44.637  21.599  66.005 0.0000000000
80904  -45.834  21.254  66.200 0.0000000000
80892  -46.909  21.399  66.191 0.0000000000
80224  -47.543  20.979  65.954 0.0000000000
81573  -47.266  21.993  65.808 0.0000000000
112452  -47.232  23.331  63.703 0.0000000000
81611  -47.466  22.538  64.832 0.0000000000
82342  -48.232  23.114  64.373 0.0000000000
122352  -49.467  22.892  64.852 0.0000000000
83047  -47.808  23.952  63.351 0.0000000000
83774  -45.244  25.792  60.045 0.0000000000
83089  -44.200  24.836  60.631 0.0000000000
83090  -45.134  25.143  60.814 0.0000000000
83080  -45.932  24.421  61.808 0.0000000000
83740  -45.956  25.016  61.272 0.0000000000
84419  -48.253  26.324  61.354 0.0000000000
129758  -47.912  25.722  61.674 0.0000000000
83726  -48.957  25.587  62.783 0.0000000000
84406  -49.474  26.258  62.477 0.0000000000
84420  -49.413  26.727  61.781 0.0000000000
85154  -50.124  27.828  60.107 0.0000000000
85143  -50.599  27.655  60.822 0.0000000000
85155  -51.668  28.022  60.418 0.0000000000
85167  -50.967  28.268  59.637 0.0000000000
127027  -53.483  14.513  52.913 0.0000000000
74582  -52.167  13.837  54.212 0.0000000000
74581  -51.396  13.652  54.202 0.0000000000
74567  -50.989  13.560  54.947 0.0000000000
74540  -52.089  13.483  57.810 0.0000000000
74556  -53.023  13.868  56.768 0.0000000000
74570  -52.551  13.726  56.006 0.0000000000
111015  -50.244  13.230  56.512 0.0000000000
111013  -49.880  13.316  55.631 0.0000000000
74551  -48.461  13.019  56.447 0.0000000000
74536  -47.334  12.867  57.400 0.0000000000
74550  -47.613  13.003  56.543 0.0000000000
74535  -46.406  13.157  57.411 0.0000000000
74534  -45.694  13.571  57.356 0.0000000000
113051  -47.345  12.858  60.113 0.0000000000
111191  -47.161  12.730  58.774 0.0000000000
74503  -46.686  12.824  59.500 0.0000000000
74501  -44.391  13.986  58.878 0.0000000000
113316  -44.593  14.257  58.003 0.0000000000
116025  -48.901  13.534  65.056 0.0000000000
74360  -43.396  14.359  70.204 0.0000000000
74362  -45.117  14.031  70.198 0.0000000000
74382  -45.678  13.366  69.647 0.0000000000
74381  -44.749  13.458  69.610 0.0000000000
74398  -41.669  13.274  68.824 0.0000000000
73562  -42.036  12.647  68.269 0.0000000000
110796  -44.279  12.236  67.744 0.0000000000
73564  -43.835  12.571  68.374 0.0000000000
125330  -45.598  12.567  68.343 0.0000000000
131783  -45.975  12.356  67.824 0.0000000000
73581  -46.625  12.440  67.467 0.0000000000
73580  -45.939  12.151  67.310 0.0000000000
72800  -45.537  11.844  65.369 0.0000000000
117408  -46.620  12.230  65.951 0.0000000000
73603  -46.688  12.368  65.182 0.0000000000
73619  -47.298  12.781  64.764 0.0000000000
73618  -46.578  12.544  64.404 0.0000000000
133270  -46.495  12.685  63.685 0.0000000000
72811  -43.425  11.475  64.156 0.0000000000
117585  -44.107  11.633  63.702 0.0000000000
72820  -43.540  11.763  63.262 0.0000000000
72827  -43.843  12.124  62.545 0.0000000000
72826  -42.879  12.152  62.713 0.0000000000
77243  -41.004  16.002  62.879 0.0000000000
76388  -41.310  15.551  62.234 0.0000000000
77244  -41.467  16.418  62.389 0.0000000000
122899  -37.872  17.736  64.488 0.0000000000
78038  -38.690  17.658  64.198 0.0000000000
78728  -38.274  18.485  64.542 0.0000000000
80216  -38.727  20.869  65.592 0.0000000000
79452  -39.161  20.168  65.290 0.0000000000
80886  -39.153  21.565  65.683 0.0000000000
76571  -53.288  15.178  45.681 0.0000000000
76555  -52.977  15.435  45.924 0.0000000000
75619  -51.417  15.370  46.166 0.0000000000
111822  -51.674  15.495  45.269 0.0000000000
111618  -48.553  13.827  52.767 0.0000000000
76498  -48.019  15.104  50.718 0.0000000000
117234  -48.523  14.400  51.037 0.0000000000
77341  -47.105  16.830  50.460 0.0000000000
76497  -47.525  15.872  50.479 0.0000000000
76525  -48.503  15.593  48.332 0.0000000000
75592  -48.939  14.790  48.691 0.0000000000
75606  -49.897  14.811  47.286 0.0000000000
76567  -49.385  16.068  45.432 0.0000000000
76579  -49.856  15.817  44.367 0.0000000000
76588  -49.478  15.696  43.747 0.0000000000
133154  -48.743  17.286  43.869 0.0000000000
132804  -48.681  17.246  43.005 0.0000000000
123301  -48.354  16.951  42.644 0.0000000000
120322  -48.544  17.995  42.661 0.0000000000
80368  -49.419  20.603  43.834 0.0000000000
79622  -48.668  19.418  42.268 0.0000000000
79630  -48.619  20.083  42.058 0.0000000000
80387  -48.265  19.797  41.696 0.0000000000
81780  -49.779  22.334  43.091 0.0000000000
119834  -49.273  22.106  42.619 0.0000000000
81059  -48.870  21.950  42.679 0.0000000000
81058  -48.203  21.505  43.266 0.0000000000
81053  -48.708  22.461  43.454 0.0000000000
78749  -43.170  18.843  61.048 0.0000000000
80254  -45.366  20.467  60.955 0.0000000000
80261  -44.833  20.264  60.177 0.0000000000
132644  -44.662  20.013  59.534 0.0000000000
80262  -45.283  20.235  59.518 0.0000000000
80926  -47.513  21.003  61.847 0.0000000000
80925  -46.755  20.787  61.661 0.0000000000
80252  -47.204  20.825  60.998 0.0000000000
121912  -47.227  19.594  57.806 0.0000000000
79511  -46.696  19.356  57.294 0.0000000000
79522  -47.824  19.287  56.247 0.0000000000
112072  -48.736  19.465  55.922 0.0000000000
79537  -48.694  19.540  55.127 0.0000000000
82363  -52.894  24.033  62.833 0.0000000000
82376  -53.207  23.032  62.602 0.0000000000
81628  -52.964  22.451  61.450 0.0000000000
81638  -53.038  21.955  59.531 0.0000000000
81632  -52.924  22.092  60.420 0.0000000000
80938  -52.837  21.640  59.346 0.0000000000
80943  -52.819  21.924  58.616 0.0000000000
80947  -49.510  21.784  57.727 0.0000000000
80941  -50.419  21.946  58.459 0.0000000000
80277  -53.075  21.974  57.390 0.0000000000
80276  -52.505  21.264  57.726 0.0000000000
79514  -51.340  20.172  57.124 0.0000000000
80304  -52.128  21.452  54.300 0.0000000000
80295  -51.034  20.481  54.670 0.0000000000
80303  -50.703  20.525  53.853 0.0000000000
79548  -49.698  20.098  54.092 0.0000000000
133697  -49.495  20.526  51.805 0.0000000000
81004  -52.193  22.073  51.290 0.0000000000
80329  -51.107  21.348  50.886 0.0000000000
81010  -51.993  21.865  50.347 0.0000000000
81019  -51.993  22.142  50.022 0.0000000000
117527  -50.935  22.700  52.261 0.0000000000
82453  -50.832  23.187  49.300 0.0000000000
81729  -50.826  23.073  50.051 0.0000000000
82454  -51.302  23.039  49.030 0.0000000000
81742  -51.471  22.737  48.704 0.0000000000
82462  -51.274  23.156  48.009 0.0000000000
81762  -51.327  23.191  46.082 0.0000000000
82487  -50.983  23.469  46.453 0.0000000000
82485  -48.712  23.727  46.059 0.0000000000
128288  -49.201  23.546  45.356 0.0000000000
82490  -48.668  23.480  45.469 0.0000000000
81766  -48.232  22.671  45.238 0.0000000000
81760  -47.386  22.697  46.209 0.0000000000
128483  -45.532  24.977  48.008 0.0000000000
83163  -44.439  24.810  47.210 0.0000000000
83173  -44.626  24.452  46.729 0.0000000000
82407  -43.826  23.272  54.315 0.0000000000
82412  -43.315  23.856  53.872 0.0000000000
83128  -42.570  24.973  52.488 0.0000000000
83135  -43.398  24.441  51.327 0.0000000000
83134  -42.805  24.815  51.590 0.0000000000
85228  -41.052  27.548  51.802 0.0000000000
84506  -41.403  26.938  52.592 0.0000000000
83829  -40.741  25.709  50.278 0.0000000000
131795  -41.483  24.725  49.140 0.0000000000
83159  -40.449  24.307  47.319 0.0000000000
83169  -39.248  23.962  46.443 0.0000000000
83168  -38.703  24.608  46.682 0.0000000000
83851  -38.540  25.428  46.689 0.0000000000
83167  -38.312  25.072  46.801 0.0000000000
85949  -39.823  28.331  46.956 0.0000000000
85244  -39.172  26.966  46.439 0.0000000000
85958  -39.185  27.715  46.246 0.0000000000
85243  -38.886  27.395  46.225 0.0000000000
83842  -38.041  26.337  47.222 0.0000000000
87951  -43.787  31.988  43.607 0.0000000000
87932  -42.920  31.397  44.942 0.0000000000
87950  -43.221  32.235  43.771 0.0000000000
88612  -41.491  31.791  45.179 0.0000000000
88605  -40.742  31.591  45.803 0.0000000000
77260  -41.985  16.932  59.813 0.0000000000
133283  -42.329  17.575  59.605 0.0000000000
78751  -42.550  18.192  59.786 0.0000000000
78752  -43.028  18.834  60.107 0.0000000000
85897  -52.453  28.156  55.419 0.0000000000
86554  -51.243  28.883  54.295 0.0000000000
85921  -50.336  28.873  54.022 0.0000000000
115318  -51.107  29.328  53.606 0.0000000000
86585  -50.861  29.637  52.806 0.0000000000
112955  -51.806  29.896  51.967 0.0000000000
114968  -48.859  15.173  43.261 0.0000000000
82339  -38.567  23.232  63.442 0.0000000000
74468  -50.015  13.686  62.027 0.0000000000
74478  -48.887  13.473  61.589 0.0000000000
111966  -48.363  13.485  62.019 0.0000000000
74465  -47.693  13.348  62.556 0.0000000000
77225  -37.062  16.428  64.709 0.0000000000
77215  -36.379  16.524  65.100 0.0000000000
74609  -51.337  13.641  52.814 0.0000000000
118358  -50.741  13.555  52.270 0.0000000000
112893  -49.980  13.506  51.835 0.0000000000
79581  -48.187  19.814  50.195 0.0000000000
80327  -49.000  20.458  50.545 0.0000000000
80907  -49.825  22.121  64.590 0.0000000000
81612  -51.105  22.416  63.941 0.0000000000
81652  -45.969  22.364  56.592 0.0000000000
80964  -46.419  21.906  55.592 0.0000000000
80976  -46.418  21.890  54.700 0.0000000000
81679  -47.223  22.132  53.300 0.0000000000
81690  -46.382  22.401  52.786 0.0000000000
82422  -45.872  22.905  52.087 0.0000000000
82420  -44.287  23.471  52.486 0.0000000000
87248  -42.781  30.718  50.180 0.0000000000
133301  -41.947  29.828  51.025 0.0000000000
131298  -41.746  30.163  49.915 0.0000000000
86609  -41.061  29.831  48.246 0.0000000000
87266  -41.626  30.437  47.976 0.0000000000
74563  -46.168  13.599  56.039 0.0000000000
75503  -45.548  14.358  55.931 0.0000000000
130265  -45.194  15.770  55.547 0.0000000000
111704  -44.336  18.061  57.071 0.0000000000
78077  -44.650  17.598  56.449 0.0000000000
78078  -45.106  17.964  56.048 0.0000000000
78778  -45.623  18.091  55.402 0.0000000000
84437  -51.926  27.290  61.054 0.0000000000
83764  -51.851  26.661  61.551 0.0000000000
84436  -51.754  26.803  60.691 0.0000000000
84475  -49.343  26.618  56.931 0.0000000000
83785  -47.413  25.488  57.546 0.0000000000
83103  -46.860  24.962  57.617 0.0000000000
83784  -46.223  25.056  57.106 0.0000000000
83789  -45.484  25.166  56.531 0.0000000000
83788  -44.548  24.791  56.114 0.0000000000
84485  -45.630  26.599  55.547 0.0000000000
86582  -47.657  29.800  52.836 0.0000000000
86566  -47.048  29.346  53.341 0.0000000000
86581  -46.774  29.857  52.768 0.0000000000
86580  -45.913  29.929  52.784 0.0000000000
87224  -45.587  30.432  52.226 0.0000000000
87223  -44.669  30.452  52.136 0.0000000000
79471  -41.863  19.301  64.970 0.0000000000
79472  -42.855  19.087  65.008 0.0000000000
80221  -43.843  20.294  66.110 0.0000000000
81606  -42.774  22.138  63.537 0.0000000000
81607  -43.707  22.006  64.084 0.0000000000
81608  -44.713  22.110  64.162 0.0000000000
81609  -45.770  22.338  64.323 0.0000000000
81610  -46.682  22.314  64.949 0.0000000000
82361  -46.487  23.495  63.015 0.0000000000
84432  -46.200  26.155  60.081 0.0000000000
83741  -46.658  25.461  61.226 0.0000000000
83759  -46.790  26.033  60.650 0.0000000000
83760  -47.628  26.532  60.623 0.0000000000
84434  -48.721  26.954  60.960 0.0000000000
85153  -48.972  27.585  59.889 0.0000000000
116691  -53.576  14.497  53.786 0.0000000000
124516  -52.376  13.779  55.031 0.0000000000
129524  -51.356  13.354  57.856 0.0000000000
74539  -51.515  13.423  57.162 0.0000000000
74538  -50.676  13.233  57.385 0.0000000000
74537  -49.746  12.958  57.222 0.0000000000
111019  -48.863  12.859  57.152 0.0000000000
74487  -45.733  12.952  60.036 0.0000000000
74500  -44.159  13.758  59.680 0.0000000000
74486  -43.320  14.108  60.018 0.0000000000
73577  -41.569  12.342  67.561 0.0000000000
73578  -42.458  12.215  67.620 0.0000000000
72779  -43.875  11.838  67.126 0.0000000000
126602  -44.674  11.974  67.183 0.0000000000
73591  -45.395  11.927  66.787 0.0000000000
72787  -44.459  11.697  66.556 0.0000000000
72788  -45.033  11.733  65.970 0.0000000000
72799  -44.723  11.532  65.205 0.0000000000
72813  -45.246  11.802  64.588 0.0000000000
72798  -43.824  11.357  65.011 0.0000000000
76387  -40.819  15.108  62.838 0.0000000000
76381  -40.357  15.732  63.311 0.0000000000
77236  -40.649  16.549  63.331 0.0000000000
114668  -41.030  17.265  63.512 0.0000000000
78047  -40.139  17.195  63.601 0.0000000000
78039  -39.651  17.865  63.962 0.0000000000
75608  -52.292  15.274  46.677 0.0000000000
130745  -47.386  14.743  52.754 0.0000000000
75535  -47.574  14.909  52.167 0.0000000000
78126  -47.552  17.502  48.954 0.0000000000
77355  -47.654  16.722  48.990 0.0000000000
77363  -48.301  16.389  47.771 0.0000000000
77377  -48.845  16.441  45.646 0.0000000000
78146  -48.686  16.982  44.853 0.0000000000
111675  -48.527  17.801  44.574 0.0000000000
81046  -49.875  21.357  44.658 0.0000000000
81054  -50.129  21.771  43.536 0.0000000000
80382  -49.175  21.143  42.538 0.0000000000
81055  -50.295  22.414  43.710 0.0000000000
81776  -50.420  22.640  43.969 0.0000000000
79487  -44.741  19.582  62.962 0.0000000000
116068  -44.345  19.738  61.937 0.0000000000
80247  -44.986  20.227  61.974 0.0000000000
80257  -47.922  20.601  60.242 0.0000000000
80271  -48.232  19.999  58.742 0.0000000000
79505  -48.038  19.650  58.009 0.0000000000
79512  -48.855  19.569  57.567 0.0000000000
79524  -50.017  19.643  56.400 0.0000000000
82374  -50.675  23.846  61.241 0.0000000000
82381  -52.432  22.806  60.883 0.0000000000
82380  -50.664  23.260  60.621 0.0000000000
81637  -52.250  22.398  59.309 0.0000000000
114441  -50.104  21.756  56.340 0.0000000000
80955  -51.687  21.909  56.820 0.0000000000
80968  -52.729  22.026  56.321 0.0000000000
80969  -52.999  21.998  56.705 0.0000000000
80289  -52.541  21.304  56.224 0.0000000000
80290  -52.917  21.925  55.892 0.0000000000
80312  -51.618  21.376  52.622 0.0000000000
121549  -52.258  21.872  53.386 0.0000000000
80996  -52.254  22.154  52.552 0.0000000000
81695  -52.123  22.241  52.127 0.0000000000
81714  -49.307  22.875  50.800 0.0000000000
81715  -50.635  22.812  50.751 0.0000000000
82442  -49.673  22.987  50.087 0.0000000000
82460  -49.831  23.296  48.792 0.0000000000
82476  -49.701  23.543  47.770 0.0000000000
113410  -50.125  23.475  46.899 0.0000000000
83180  -47.251  24.164  46.787 0.0000000000
83175  -46.683  24.441  46.942 0.0000000000
130500  -44.745  24.898  48.576 0.0000000000
83808  -42.697  25.069  54.675 0.0000000000
83120  -42.758  24.567  54.241 0.0000000000
83123  -42.311  25.175  53.405 0.0000000000
83819  -41.943  25.560  52.597 0.0000000000
84510  -40.490  27.397  50.911 0.0000000000
84517  -40.459  26.595  50.630 0.0000000000
83837  -40.415  25.252  49.334 0.0000000000
83158  -39.588  24.359  46.858 0.0000000000
84533  -39.030  26.241  46.574 0.0000000000
86618  -39.100  28.199  46.247 0.0000000000
85951  -38.954  27.950  46.119 0.0000000000
85948  -38.604  28.065  47.008 0.0000000000
113627  -38.612  29.092  47.791 0.0000000000
76413  -44.021  15.119  57.795 0.0000000000
76425  -43.675  15.888  57.706 0.0000000000
77275  -43.794  16.678  57.412 0.0000000000
78757  -43.832  18.168  57.628 0.0000000000
79509  -45.079  19.124  57.705 0.0000000000
84461  -52.652  27.427  58.667 0.0000000000
85180  -52.768  27.413  57.961 0.0000000000
85186  -52.069  27.109  57.147 0.0000000000
85200  -50.674  27.382  56.208 0.0000000000
85185  -49.702  26.944  56.382 0.0000000000
85198  -48.022  27.224  55.430 0.0000000000
85197  -47.105  27.275  55.398 0.0000000000
122339  -48.035  28.251  54.470 0.0000000000
116541  -47.788  28.725  54.101 0.0000000000
86568  -48.972  29.262  53.510 0.0000000000
86567  -47.958  29.287  53.548 0.0000000000
87227  -48.280  30.172  52.273 0.0000000000
111610  -48.062  30.699  51.624 0.0000000000
77400  -47.748  16.292  42.591 0.0000000000
80887  -40.763  21.457  66.023 0.0000000000
80888  -41.586  21.440  66.166 0.0000000000
81569  -41.199  22.088  65.723 0.0000000000
81586  -41.682  22.271  65.086 0.0000000000
81619  -40.021  22.865  62.826 0.0000000000
130544  -41.408  22.336  63.020 0.0000000000
114929  -41.952  22.234  63.187 0.0000000000
74507  -50.242  13.212  59.884 0.0000000000
74506  -49.463  12.958  59.259 0.0000000000
74505  -48.572  12.833  59.424 0.0000000000
74377  -40.226  14.175  69.209 0.0000000000
74397  -40.380  13.253  68.284 0.0000000000
74413  -39.729  13.071  67.626 0.0000000000
73576  -40.620  12.592  67.445 0.0000000000
73590  -41.178  12.144  66.923 0.0000000000
76379  -38.750  15.510  63.872 0.0000000000
77234  -39.021  16.249  63.733 0.0000000000
115803  -38.104  17.129  64.334 0.0000000000
126512  -37.242  17.686  64.723 0.0000000000
77324  -46.403  16.708  52.194 0.0000000000
77333  -46.648  16.824  51.361 0.0000000000
78807  -46.920  18.283  50.875 0.0000000000
78115  -47.149  17.820  50.296 0.0000000000
78133  -47.884  17.942  47.710 0.0000000000
78825  -48.098  18.594  47.147 0.0000000000
79599  -48.414  19.453  47.321 0.0000000000
79588  -48.246  19.683  49.332 0.0000000000
80349  -48.903  20.240  47.527 0.0000000000
80350  -49.590  20.798  47.841 0.0000000000
80244  -47.349  20.659  63.689 0.0000000000
80920  -47.815  21.093  62.885 0.0000000000
80927  -48.412  21.267  62.101 0.0000000000
81642  -48.969  22.500  59.049 0.0000000000
121480  -48.711  21.722  57.063 0.0000000000
80953  -47.720  21.776  56.759 0.0000000000
119316  -48.865  21.698  56.394 0.0000000000
80979  -50.214  22.034  55.051 0.0000000000
81669  -50.808  22.374  54.321 0.0000000000
81681  -51.126  22.533  53.521 0.0000000000
81693  -49.903  22.508  52.814 0.0000000000
127843  -49.645  22.599  52.062 0.0000000000
81692  -48.616  22.518  52.271 0.0000000000
112020  -48.874  22.722  51.525 0.0000000000
83154  -47.271  24.273  48.648 0.0000000000
82449  -46.930  24.013  49.553 0.0000000000
83145  -46.030  24.250  49.729 0.0000000000
83144  -45.212  24.350  49.969 0.0000000000
83142  -43.565  24.519  50.434 0.0000000000
85217  -42.530  27.789  53.553 0.0000000000
85216  -41.769  27.133  53.287 0.0000000000
85928  -42.005  28.139  52.816 0.0000000000
111737  -41.453  28.102  52.235 0.0000000000
85227  -40.684  28.146  51.076 0.0000000000
85231  -40.255  27.889  50.267 0.0000000000
85943  -39.953  28.079  48.211 0.0000000000
129314  -39.690  29.793  46.314 0.0000000000
133589  -48.642  13.435  54.547 0.0000000000
74579  -48.153  13.584  54.249 0.0000000000
74591  -47.639  14.044  53.668 0.0000000000
75525  -47.207  14.599  53.271 0.0000000000
133681  -44.459  16.032  56.618 0.0000000000
76437  -44.769  16.119  56.126 0.0000000000
77298  -45.089  16.559  55.495 0.0000000000
122089  -45.732  16.415  54.205 0.0000000000
120867  -46.229  16.548  52.906 0.0000000000
78105  -46.133  17.378  52.897 0.0000000000
131748  -47.025  19.347  53.132 0.0000000000
79556  -47.839  19.625  53.537 0.0000000000
131380  -51.986  25.342  64.009 0.0000000000
83036  -52.095  23.921  64.478 0.0000000000
83050  -52.522  25.124  63.497 0.0000000000
83065  -52.714  24.729  63.162 0.0000000000
83083  -51.522  24.421  62.060 0.0000000000
83745  -51.598  25.587  61.867 0.0000000000
83091  -49.029  23.842  60.318 0.0000000000
82384  -48.660  23.457  59.839 0.0000000000
84449  -50.537  26.259  59.493 0.0000000000
130740  -49.100  26.139  58.133 0.0000000000
83775  -48.886  24.918  59.750 0.0000000000
83095  -48.510  24.164  59.812 0.0000000000
82387  -47.354  23.332  58.809 0.0000000000
81640  -46.779  23.016  58.322 0.0000000000
81647  -46.420  22.818  57.832 0.0000000000
82391  -46.093  23.299  57.710 0.0000000000
81646  -45.871  22.807  57.322 0.0000000000
81651  -45.292  22.847  56.652 0.0000000000
81659  -44.521  22.771  55.406 0.0000000000
81666  -44.388  22.759  54.591 0.0000000000
83114  -43.784  24.450  55.597 0.0000000000
83113  -43.132  24.359  55.009 0.0000000000
119975  -43.100  25.796  54.892 0.0000000000
130898  -42.833  26.575  54.440 0.0000000000
85207  -43.079  27.511  54.176 0.0000000000
85196  -46.236  27.242  55.243 0.0000000000
85195  -45.345  27.229  55.053 0.0000000000
85904  -45.751  28.415  54.266 0.0000000000
85209  -45.105  27.833  54.506 0.0000000000
85208  -44.079  27.946  54.307 0.0000000000
85915  -42.836  28.616  53.226 0.0000000000
86593  -43.029  29.831  52.195 0.0000000000
87235  -42.910  30.532  50.933 0.0000000000
87249  -43.453  30.944  50.453 0.0000000000
87890  -43.416  31.280  49.202 0.0000000000
87905  -43.924  31.528  48.424 0.0000000000
78054  -42.274  17.631  62.236 0.0000000000
78744  -42.698  18.272  61.640 0.0000000000
78740  -42.898  18.222  62.766 0.0000000000
127917  -43.507  18.755  62.863 0.0000000000
79481  -43.953  18.800  64.414 0.0000000000
118977  -44.069  18.953  63.475 0.0000000000
80889  -42.441  21.384  66.214 0.0000000000
80205  -43.179  21.325  66.225 0.0000000000
80206  -43.796  20.962  66.367 0.0000000000
81588  -43.569  21.843  65.429 0.0000000000
133376  -44.393  21.239  66.274 0.0000000000
130290  -44.618  20.460  66.202 0.0000000000
80222  -45.612  20.448  66.109 0.0000000000
132867  -45.956  19.949  65.754 0.0000000000
80233  -46.433  19.960  65.252 0.0000000000
80234  -47.082  20.380  65.434 0.0000000000
80893  -47.893  21.605  65.824 0.0000000000
80894  -48.416  21.869  65.600 0.0000000000
130564  -47.792  22.087  65.693 0.0000000000
81591  -49.079  22.139  65.358 0.0000000000
82344  -50.307  24.079  64.382 0.0000000000
82373  -45.194  24.122  61.831 0.0000000000
83062  -46.533  24.205  62.393 0.0000000000
83063  -47.336  24.643  62.514 0.0000000000
83064  -48.343  24.760  63.058 0.0000000000
83714  -49.484  24.938  63.532 0.0000000000
83715  -50.571  25.151  63.844 0.0000000000
83716  -51.503  25.820  63.647 0.0000000000
83728  -51.350  26.617  63.070 0.0000000000
84408  -51.631  27.037  62.388 0.0000000000
84435  -49.896  27.257  61.239 0.0000000000
85132  -50.948  27.563  61.433 0.0000000000
84422  -51.573  27.413  61.708 0.0000000000
85145  -51.966  27.570  60.731 0.0000000000
85156  -52.287  27.789  59.778 0.0000000000
85860  -51.574  28.444  58.988 0.0000000000
75526  -52.688  14.144  53.414 0.0000000000
74595  -51.042  13.592  53.541 0.0000000000
74568  -51.701  13.571  55.481 0.0000000000
132079  -50.476  13.450  55.306 0.0000000000
111010  -50.152  13.425  54.815 0.0000000000
111011  -49.206  13.373  54.827 0.0000000000
74565  -48.309  13.330  54.976 0.0000000000
111783  -47.082  13.296  55.912 0.0000000000
74548  -45.569  13.911  56.661 0.0000000000
111023  -47.993  12.692  58.718 0.0000000000
74502  -45.811  13.095  59.035 0.0000000000
74517  -45.914  13.231  58.136 0.0000000000
75468  -45.262  13.715  57.857 0.0000000000
76411  -42.800  15.944  58.708 0.0000000000
77261  -42.383  16.401  59.259 0.0000000000
78057  -41.665  17.042  60.863 0.0000000000
74450  -48.565  13.530  64.220 0.0000000000
125499  -46.442  13.592  70.027 0.0000000000
74384  -47.211  13.286  69.625 0.0000000000
74401  -46.812  12.843  68.871 0.0000000000
74378  -41.207  14.070  69.382 0.0000000000
74400  -43.424  13.045  68.994 0.0000000000
73563  -42.928  12.594  68.324 0.0000000000
73556  -44.314  12.991  69.002 0.0000000000
73557  -45.189  12.916  68.995 0.0000000000
73558  -46.020  12.850  68.927 0.0000000000
73567  -47.119  12.724  68.106 0.0000000000
73582  -47.379  12.671  67.422 0.0000000000
74435  -48.029  12.919  66.127 0.0000000000
73593  -46.304  12.144  66.709 0.0000000000
74449  -48.069  13.170  65.112 0.0000000000
116642  -47.796  13.219  64.309 0.0000000000
73629  -46.060  12.579  63.102 0.0000000000
123752  -44.858  11.773  63.748 0.0000000000
73628  -45.243  12.106  63.043 0.0000000000
73639  -44.751  12.231  62.286 0.0000000000
131844  -44.094  12.405  61.966 0.0000000000
118032  -43.826  12.770  61.492 0.0000000000
72810  -41.655  11.583  64.641 0.0000000000
72818  -41.873  11.770  63.881 0.0000000000
73626  -41.425  12.178  63.535 0.0000000000
73627  -42.039  12.147  63.176 0.0000000000
73637  -42.125  12.605  62.512 0.0000000000
116835  -42.707  12.670  62.125 0.0000000000
73649  -42.979  13.076  61.517 0.0000000000
78053  -41.754  17.000  61.783 0.0000000000
119665  -42.160  17.770  63.770 0.0000000000
78041  -41.559  17.825  63.907 0.0000000000
133187  -40.769  20.425  65.696 0.0000000000
79469  -39.684  19.463  64.834 0.0000000000
79453  -40.058  20.276  65.440 0.0000000000
130346  -40.386  20.939  65.963 0.0000000000
118975  -39.958  21.537  65.802 0.0000000000
81567  -39.496  22.143  65.482 0.0000000000
81602  -38.830  22.767  64.313 0.0000000000
81565  -37.804  22.184  65.317 0.0000000000
81583  -38.327  22.609  64.903 0.0000000000
75627  -52.836  14.918  45.311 0.0000000000
75626  -52.128  14.917  44.857 0.0000000000
74680  -51.253  14.840  44.466 0.0000000000
76580  -50.719  15.258  44.381 0.0000000000
74593  -49.027  13.521  53.283 0.0000000000
74617  -49.154  13.751  51.410 0.0000000000
76511  -48.098  15.386  49.829 0.0000000000
77349  -48.015  15.920  49.078 0.0000000000
75618  -50.353  15.289  46.362 0.0000000000
76552  -49.850  15.674  45.800 0.0000000000
76587  -48.767  15.845  43.091 0.0000000000
116889  -48.085  17.155  42.361 0.0000000000
78165  -48.244  18.274  42.154 0.0000000000
78836  -48.405  18.639  45.365 0.0000000000
116677  -48.643  18.637  44.024 0.0000000000
79611  -48.780  19.573  44.621 0.0000000000
78841  -48.698  18.626  42.817 0.0000000000
78847  -48.407  18.649  42.129 0.0000000000
78164  -47.923  17.949  42.133 0.0000000000
78852  -48.062  18.826  41.772 0.0000000000
79627  -47.595  18.900  41.991 0.0000000000
79621  -47.614  19.622  42.015 0.0000000000
81066  -48.977  21.468  42.476 0.0000000000
81065  -48.346  20.886  42.390 0.0000000000
80373  -47.272  19.770  42.851 0.0000000000
79494  -43.641  19.417  60.517 0.0000000000
79498  -44.204  19.608  59.153 0.0000000000
79503  -45.409  19.583  58.224 0.0000000000
80255  -45.982  20.576  60.379 0.0000000000
80256  -46.781  20.606  60.254 0.0000000000
80263  -46.146  20.400  59.607 0.0000000000
80269  -45.776  20.057  58.854 0.0000000000
79510  -45.825  19.272  57.517 0.0000000000
114680  -47.752  19.400  57.144 0.0000000000
126889  -48.778  19.973  53.586 0.0000000000
116614  -53.057  23.075  63.317 0.0000000000
81625  -52.364  22.455  62.884 0.0000000000
80930  -52.727  21.952  61.624 0.0000000000
81633  -52.945  22.232  61.085 0.0000000000
80929  -52.043  21.386  61.204 0.0000000000
80934  -52.414  21.293  60.108 0.0000000000
80259  -51.516  20.790  59.702 0.0000000000
130543  -51.246  20.446  58.755 0.0000000000
80942  -52.564  22.080  58.378 0.0000000000
80273  -52.265  20.982  58.369 0.0000000000
127085  -50.394  19.837  55.789 0.0000000000
80288  -51.339  20.377  55.562 0.0000000000
80311  -48.996  20.403  52.212 0.0000000000
80320  -50.059  20.666  51.306 0.0000000000
81027  -51.268  21.839  48.763 0.0000000000
81035  -51.157  22.118  47.892 0.0000000000
81694  -51.946  22.397  52.598 0.0000000000
81704  -51.994  22.304  51.135 0.0000000000
81716  -51.501  22.674  50.645 0.0000000000
81717  -51.875  22.457  50.377 0.0000000000
81730  -51.673  22.576  49.622 0.0000000000
81741  -51.443  22.420  48.473 0.0000000000
81761  -51.473  23.047  46.422 0.0000000000
82499  -51.007  23.086  44.601 0.0000000000
82498  -49.896  23.042  44.179 0.0000000000
82486  -49.886  23.455  46.001 0.0000000000
82491  -49.156  23.397  44.603 0.0000000000
81774  -49.063  23.143  43.772 0.0000000000
81773  -48.637  22.857  44.220 0.0000000000
126179  -45.256  24.960  47.095 0.0000000000
81676  -44.360  22.898  53.864 0.0000000000
82419  -43.570  23.896  52.855 0.0000000000
82427  -43.816  23.964  51.875 0.0000000000
83141  -42.860  24.738  49.828 0.0000000000
131436  -41.654  26.446  53.183 0.0000000000
83818  -41.550  26.227  52.579 0.0000000000
83824  -41.646  25.755  51.662 0.0000000000
83831  -42.298  25.030  50.896 0.0000000000
118513  -42.218  24.650  48.872 0.0000000000
113848  -38.997  23.796  46.392 0.0000000000
125917  -38.321  27.686  48.243 0.0000000000
127081  -48.242  31.383  50.193 0.0000000000
87892  -45.313  31.754  49.269 0.0000000000
87906  -44.833  31.747  48.428 0.0000000000
87921  -44.516  31.653  47.587 0.0000000000
87920  -43.594  31.413  47.461 0.0000000000
87934  -45.138  31.547  45.496 0.0000000000
87933  -44.027  31.432  45.168 0.0000000000
111931  -43.263  31.315  46.226 0.0000000000
87284  -42.249  30.880  45.795 0.0000000000
87288  -41.323  30.851  45.214 0.0000000000
88613  -42.436  32.167  44.392 0.0000000000
87942  -41.846  31.319  44.878 0.0000000000
87931  -40.523  30.748  45.701 0.0000000000
87282  -39.894  30.520  46.179 0.0000000000
74361  -44.274  14.159  70.205 0.0000000000
74424  -48.024  12.846  67.038 0.0000000000
76586  -47.647  15.429  42.989 0.0000000000
78171  -48.217  18.587  41.927 0.0000000000
78851  -47.622  18.280  42.121 0.0000000000
79628  -48.046  19.493  41.612 0.0000000000
79629  -48.347  19.351  41.792 0.0000000000
79635  -48.251  19.324  41.682 0.0000000000
80375  -49.638  21.299  42.957 0.0000000000
80381  -48.537  20.513  42.167 0.0000000000
81060  -49.905  21.866  42.902 0.0000000000
81574  -47.876  21.880  65.834 0.0000000000
81593  -52.363  23.238  64.188 0.0000000000
81755  -51.313  23.207  46.943 0.0000000000
81768  -51.328  23.111  45.371 0.0000000000
81779  -49.200  22.545  43.064 0.0000000000
82345  -52.844  23.717  63.884 0.0000000000
82346  -52.765  24.360  63.606 0.0000000000
82477  -50.910  23.450  47.412 0.0000000000
82492  -50.042  23.253  45.030 0.0000000000
83048  -51.482  24.748  64.282 0.0000000000
83049  -52.384  24.745  64.041 0.0000000000
83082  -47.301  25.305  61.767 0.0000000000
84409  -52.009  26.778  62.426 0.0000000000
84421  -50.695  27.286  61.906 0.0000000000
84423  -51.922  27.127  61.815 0.0000000000
84433  -46.888  26.456  60.184 0.0000000000
85133  -51.812  27.378  61.389 0.0000000000
85918  -46.493  28.839  53.918 0.0000000000
86599  -42.169  30.266  50.575 0.0000000000
87880  -48.270  31.122  50.859 0.0000000000
87943  -42.818  31.701  44.236 0.0000000000
113356  -44.621  31.512  49.941 0.0000000000
113514  -42.200  22.120  64.198 0.0000000000
116021  -50.563  22.392  44.345 0.0000000000
120758  -39.022  22.499  65.063 0.0000000000
123738  -47.752  20.269  42.168 0.0000000000
127696  -44.777  31.408  50.398 0.0000000000
127975  -45.373  24.655  61.394 0.0000000000
128742  -43.559  28.865  53.388 0.0000000000
130050  -46.077  13.438  56.813 0.0000000000
131489  -43.145  30.332  51.566 0.0000000000
131698  -48.069  23.331  46.037 0.0000000000
132045  -52.943  21.734  59.719 0.0000000000
132113  -46.165  12.077  65.487 0.0000000000
133041  -50.724  13.535  52.983 0.0000000000
133679  -43.260  31.045  49.850 0.0000000000
