#!ascii label  , from subject sub-v2s12x28862_ses-1 vox2ras=TkReg
802
84000  39.312  26.318  57.122 0.0000000000
80577  42.192  21.775  50.863 0.0000000000
84653  38.883  27.119  51.038 0.0000000000
78163  40.027  18.086  43.583 0.0000000000
78911  38.806  19.433  57.746 0.0000000000
85249  42.930  28.994  56.032 0.0000000000
80618  43.343  21.573  45.150 0.0000000000
84666  35.957  27.230  49.468 0.0000000000
82736  45.811  24.359  56.071 0.0000000000
81338  42.059  21.867  57.026 0.0000000000
77253  38.834  17.611  52.268 0.0000000000
87293  40.468  30.957  45.963 0.0000000000
84089  37.181  26.897  43.951 0.0000000000
82777  42.833  24.351  51.291 0.0000000000
82841  42.363  24.551  45.001 0.0000000000
85953  37.718  29.497  51.342 0.0000000000
82720  43.164  24.703  58.026 0.0000000000
82730  40.772  24.179  57.368 0.0000000000
119732  38.140  18.711  55.399 0.0000000000
86612  40.908  29.850  51.453 0.0000000000
87276  42.847  31.622  48.455 0.0000000000
85964  39.698  29.217  48.466 0.0000000000
84677  37.670  29.017  45.331 0.0000000000
83451  37.767  26.418  47.352 0.0000000000
81356  44.358  22.449  53.558 0.0000000000
82756  44.371  24.056  53.595 0.0000000000
81366  44.905  23.015  50.723 0.0000000000
79874  42.955  20.434  41.569 0.0000000000
81425  44.445  23.732  45.051 0.0000000000
79855  41.412  20.977  43.904 0.0000000000
81427  40.843  22.956  45.201 0.0000000000
78993  39.783  19.335  45.334 0.0000000000
113037  38.490  17.176  47.785 0.0000000000
83383  36.969  25.760  56.872 0.0000000000
82068  38.882  22.806  57.148 0.0000000000
85275  40.295  28.161  53.579 0.0000000000
117056  40.644  19.693  49.031 0.0000000000
80605  42.505  21.829  48.112 0.0000000000
78992  41.510  19.105  45.612 0.0000000000
77317  43.214  17.840  42.494 0.0000000000
84597  47.033  26.405  57.882 0.0000000000
121026  45.356  24.753  58.868 0.0000000000
82075  44.387  23.142  56.506 0.0000000000
80551  41.843  21.460  53.584 0.0000000000
79769  40.235  20.163  57.018 0.0000000000
124215  39.818  20.411  54.224 0.0000000000
79803  39.887  20.088  51.585 0.0000000000
77272  39.738  17.336  50.174 0.0000000000
84004  34.696  26.279  58.045 0.0000000000
88554  41.990  33.755  48.295 0.0000000000
87271  39.765  31.754  50.026 0.0000000000
85966  37.755  29.582  48.455 0.0000000000
84073  36.027  27.038  47.182 0.0000000000
82136  35.537  23.873  46.297 0.0000000000
84008  44.051  26.516  56.307 0.0000000000
84024  41.477  26.370  54.498 0.0000000000
82780  39.897  25.002  51.173 0.0000000000
81392  45.117  23.775  47.957 0.0000000000
110987  42.265  24.572  48.296 0.0000000000
119883  39.011  24.966  47.829 0.0000000000
83472  39.794  26.073  44.038 0.0000000000
82134  38.113  23.497  46.094 0.0000000000
86608  37.738  30.451  52.667 0.0000000000
86607  38.356  30.946  52.216 0.0000000000
83998  41.348  26.750  57.643 0.0000000000
126346  39.897  25.870  57.120 0.0000000000
85286  39.770  28.781  51.433 0.0000000000
85956  40.404  29.615  49.244 0.0000000000
85291  39.130  28.335  49.455 0.0000000000
85297  38.665  28.278  48.151 0.0000000000
84060  37.990  26.748  49.144 0.0000000000
81361  43.372  22.122  52.500 0.0000000000
128818  44.692  22.845  52.326 0.0000000000
81377  43.257  22.230  50.578 0.0000000000
79009  41.689  19.340  41.756 0.0000000000
121069  42.345  21.049  42.910 0.0000000000
126760  40.758  19.615  43.595 0.0000000000
79856  40.560  20.514  44.603 0.0000000000
79000  39.940  18.933  44.628 0.0000000000
77299  39.150  17.688  45.959 0.0000000000
76507  39.136  16.434  45.488 0.0000000000
82079  36.911  23.726  56.639 0.0000000000
86599  42.105  30.156  53.984 0.0000000000
85267  41.315  28.537  54.698 0.0000000000
78133  40.464  18.118  48.433 0.0000000000
78976  40.916  19.692  47.711 0.0000000000
77298  40.804  17.974  46.708 0.0000000000
76521  43.074  17.088  43.085 0.0000000000
76528  43.407  16.746  42.231 0.0000000000
76539  43.128  17.459  41.688 0.0000000000
81323  42.582  22.641  57.107 0.0000000000
82727  43.699  23.945  57.738 0.0000000000
81337  42.840  22.286  56.484 0.0000000000
80540  42.907  21.678  54.749 0.0000000000
80538  42.234  21.423  55.468 0.0000000000
80525  38.595  20.757  57.640 0.0000000000
81326  39.600  21.921  57.435 0.0000000000
78910  39.548  19.797  57.299 0.0000000000
78100  38.351  18.344  53.688 0.0000000000
128152  38.857  19.503  54.252 0.0000000000
78940  38.780  19.168  53.458 0.0000000000
79784  39.745  20.369  53.328 0.0000000000
122774  39.336  18.923  51.760 0.0000000000
78965  39.928  18.988  50.402 0.0000000000
77262  39.477  17.435  50.804 0.0000000000
74794  40.864  14.970  49.904 0.0000000000
86634  41.301  31.216  46.519 0.0000000000
88559  42.677  33.138  47.676 0.0000000000
87956  41.406  31.909  47.064 0.0000000000
87941  40.652  33.135  49.018 0.0000000000
87278  40.547  31.885  47.780 0.0000000000
86630  38.748  30.464  48.313 0.0000000000
86637  38.775  30.482  46.328 0.0000000000
85316  37.191  28.198  45.436 0.0000000000
85312  36.970  28.509  45.785 0.0000000000
84082  36.607  27.404  45.162 0.0000000000
83468  35.527  25.282  45.841 0.0000000000
82846  35.807  25.002  45.051 0.0000000000
83378  46.499  25.122  57.006 0.0000000000
83997  45.445  26.753  57.270 0.0000000000
130307  45.482  25.388  56.312 0.0000000000
82766  44.028  24.136  52.771 0.0000000000
83400  43.086  25.139  54.327 0.0000000000
82768  41.793  24.697  52.553 0.0000000000
83411  40.571  25.853  53.362 0.0000000000
82778  41.684  24.577  51.736 0.0000000000
114851  42.732  21.816  47.178 0.0000000000
81408  43.478  22.435  47.723 0.0000000000
80612  43.620  22.483  46.705 0.0000000000
82852  43.786  24.180  44.540 0.0000000000
119081  44.324  24.460  46.537 0.0000000000
125676  42.836  24.658  46.509 0.0000000000
82811  40.708  24.623  48.003 0.0000000000
82831  41.556  24.767  45.853 0.0000000000
83465  39.715  25.442  45.180 0.0000000000
82855  40.670  25.207  43.753 0.0000000000
80614  39.910  21.733  46.440 0.0000000000
82133  39.162  23.327  45.778 0.0000000000
81409  38.950  22.280  47.169 0.0000000000
81411  37.519  22.847  47.681 0.0000000000
85909  44.121  29.430  56.593 0.0000000000
85281  37.265  28.926  51.988 0.0000000000
85293  36.826  28.365  50.313 0.0000000000
83987  43.551  26.218  58.668 0.0000000000
83988  42.711  26.376  58.183 0.0000000000
83379  42.194  24.923  57.720 0.0000000000
81324  41.722  22.477  57.321 0.0000000000
78077  38.366  18.674  56.630 0.0000000000
86618  42.246  31.048  49.458 0.0000000000
86628  41.004  30.294  48.300 0.0000000000
85970  40.086  30.637  46.023 0.0000000000
86645  38.984  30.331  45.525 0.0000000000
85302  38.717  29.776  45.597 0.0000000000
84669  37.862  28.712  45.495 0.0000000000
84076  37.638  26.657  45.298 0.0000000000
82083  44.871  23.491  55.373 0.0000000000
82746  44.662  24.081  54.658 0.0000000000
82755  44.705  23.427  53.714 0.0000000000
82765  44.622  23.479  52.858 0.0000000000
82786  44.673  23.831  50.765 0.0000000000
79853  43.319  21.133  43.154 0.0000000000
80624  43.996  22.353  44.279 0.0000000000
80632  43.163  21.646  42.991 0.0000000000
81440  43.399  22.345  43.514 0.0000000000
82151  42.424  23.818  44.467 0.0000000000
123063  41.594  23.800  44.532 0.0000000000
80619  41.149  22.398  44.921 0.0000000000
79848  40.304  20.795  45.412 0.0000000000
79843  39.594  20.303  46.590 0.0000000000
76494  38.633  16.460  47.116 0.0000000000
84010  37.670  25.875  56.788 0.0000000000
83391  38.816  25.126  56.749 0.0000000000
82739  37.497  24.472  56.593 0.0000000000
81328  37.395  22.154  57.135 0.0000000000
79764  37.712  20.474  57.783 0.0000000000
86605  42.317  30.856  52.228 0.0000000000
85944  40.869  29.662  52.507 0.0000000000
115901  39.622  28.262  52.237 0.0000000000
79812  40.894  20.912  49.903 0.0000000000
80587  42.331  21.838  49.982 0.0000000000
79826  41.015  20.599  49.003 0.0000000000
79833  41.413  20.379  47.302 0.0000000000
79847  41.900  20.212  45.719 0.0000000000
77304  41.693  17.331  44.674 0.0000000000
78998  41.734  18.788  44.629 0.0000000000
118300  42.668  19.830  43.566 0.0000000000
79008  43.528  19.830  42.023 0.0000000000
129202  41.981  18.116  41.436 0.0000000000
76522  40.517  16.754  42.557 0.0000000000
75687  39.642  15.546  44.147 0.0000000000
83367  46.900  25.035  58.493 0.0000000000
82725  45.856  23.928  57.348 0.0000000000
83369  44.448  25.067  58.803 0.0000000000
82726  44.836  23.910  57.851 0.0000000000
82074  45.084  23.545  56.104 0.0000000000
81345  44.137  22.455  55.218 0.0000000000
80549  43.635  21.992  54.116 0.0000000000
80559  41.740  21.518  52.712 0.0000000000
82067  39.467  23.557  57.137 0.0000000000
121202  40.821  22.576  57.437 0.0000000000
80533  41.412  21.229  56.836 0.0000000000
78914  39.641  19.719  56.758 0.0000000000
79774  40.177  20.227  56.259 0.0000000000
79773  40.792  20.654  55.720 0.0000000000
80542  41.187  21.131  54.132 0.0000000000
80552  41.043  21.190  53.231 0.0000000000
80569  40.891  21.206  51.476 0.0000000000
114165  40.313  19.694  50.199 0.0000000000
78128  40.138  18.480  49.662 0.0000000000
77281  40.360  17.395  48.796 0.0000000000
75614  39.928  15.819  50.818 0.0000000000
75626  40.572  15.621  49.515 0.0000000000
84603  36.595  27.005  57.573 0.0000000000
83385  35.599  25.584  57.390 0.0000000000
83373  33.475  25.529  58.324 0.0000000000
89233  43.598  34.128  49.106 0.0000000000
121544  41.296  34.378  49.059 0.0000000000
86613  39.182  31.219  50.692 0.0000000000
85959  37.755  29.462  50.042 0.0000000000
85299  36.835  28.517  49.041 0.0000000000
85304  37.487  29.276  46.153 0.0000000000
85305  36.894  28.706  47.584 0.0000000000
84672  36.076  27.308  48.412 0.0000000000
84608  43.111  28.215  56.175 0.0000000000
132493  43.872  24.995  54.959 0.0000000000
117195  42.814  26.331  55.520 0.0000000000
84629  41.635  27.925  55.200 0.0000000000
84025  40.723  26.902  54.254 0.0000000000
84036  39.733  26.859  53.105 0.0000000000
84050  39.191  26.363  51.628 0.0000000000
81385  43.343  22.326  49.641 0.0000000000
81375  44.939  23.340  49.809 0.0000000000
82798  44.857  24.022  49.857 0.0000000000
82132  44.865  24.039  46.732 0.0000000000
82809  44.600  24.380  48.228 0.0000000000
131058  43.070  24.453  49.697 0.0000000000
113883  41.107  24.476  49.897 0.0000000000
82803  39.570  24.717  49.471 0.0000000000
83442  38.358  25.679  49.405 0.0000000000
83450  38.325  25.560  48.269 0.0000000000
83467  38.203  25.956  45.896 0.0000000000
84087  38.235  26.595  43.201 0.0000000000
82153  40.430  24.928  43.525 0.0000000000
82843  38.715  24.719  43.742 0.0000000000
82859  37.294  25.606  43.521 0.0000000000
82145  36.729  24.316  45.249 0.0000000000
77282  38.166  18.044  48.987 0.0000000000
87257  38.418  31.784  52.341 0.0000000000
87935  39.000  32.266  51.711 0.0000000000
124253  39.425  27.159  57.407 0.0000000000
83999  39.980  26.548  57.278 0.0000000000
115185  39.398  28.373  50.698 0.0000000000
84659  38.790  27.576  50.161 0.0000000000
116264  38.537  27.575  49.212 0.0000000000
84055  38.525  26.887  50.157 0.0000000000
80567  42.493  21.808  52.309 0.0000000000
81368  43.060  22.119  51.590 0.0000000000
78162  40.489  18.287  42.859 0.0000000000
79005  41.031  19.241  42.677 0.0000000000
78155  40.336  18.848  43.770 0.0000000000
78156  39.747  18.224  44.379 0.0000000000
77311  39.532  17.420  44.525 0.0000000000
85920  43.405  29.649  55.967 0.0000000000
86579  43.024  30.038  55.262 0.0000000000
85929  42.273  29.703  54.874 0.0000000000
85259  41.829  28.905  55.212 0.0000000000
77286  40.559  17.386  48.023 0.0000000000
121805  40.622  18.103  47.633 0.0000000000
77292  40.701  17.415  47.335 0.0000000000
76520  43.566  16.371  42.759 0.0000000000
75693  43.561  16.135  42.612 0.0000000000
75704  42.982  16.042  42.030 0.0000000000
84066  35.466  26.610  49.074 0.0000000000
80532  42.204  21.622  56.346 0.0000000000
79763  39.216  20.158  57.619 0.0000000000
78110  38.707  18.372  52.786 0.0000000000
78950  39.096  19.035  52.477 0.0000000000
78109  39.087  18.314  51.973 0.0000000000
78117  39.460  18.363  51.128 0.0000000000
77252  39.195  17.556  51.555 0.0000000000
86643  41.033  31.351  46.244 0.0000000000
87285  40.887  31.638  46.713 0.0000000000
87286  40.189  31.222  47.024 0.0000000000
86629  39.421  30.858  47.635 0.0000000000
86636  39.603  30.669  45.984 0.0000000000
84687  37.117  27.497  44.596 0.0000000000
84688  37.032  27.895  44.923 0.0000000000
84083  36.523  26.796  44.617 0.0000000000
83475  36.029  25.841  44.796 0.0000000000
129488  36.642  26.373  44.089 0.0000000000
83389  46.052  24.945  56.328 0.0000000000
118821  45.327  24.896  55.868 0.0000000000
117663  43.512  24.246  52.003 0.0000000000
82767  42.856  24.499  52.729 0.0000000000
114091  42.476  24.447  52.078 0.0000000000
80613  43.044  21.734  46.211 0.0000000000
82853  42.845  24.265  44.737 0.0000000000
82840  43.393  24.527  45.146 0.0000000000
82830  42.491  24.635  45.601 0.0000000000
130239  40.613  25.038  45.730 0.0000000000
82842  41.432  24.844  44.794 0.0000000000
79834  39.318  20.746  47.387 0.0000000000
80607  39.403  21.687  47.079 0.0000000000
80608  38.797  21.708  47.779 0.0000000000
85945  38.126  30.154  51.857 0.0000000000
85946  37.545  29.668  52.392 0.0000000000
85288  36.770  28.338  51.451 0.0000000000
85287  37.322  28.878  50.825 0.0000000000
110631  42.939  27.009  58.503 0.0000000000
125482  42.063  26.877  57.909 0.0000000000
83380  41.130  25.086  57.373 0.0000000000
82729  41.668  24.141  57.468 0.0000000000
82066  41.248  23.338  57.438 0.0000000000
86611  42.252  30.990  50.894 0.0000000000
124827  41.368  30.327  50.901 0.0000000000
85963  40.358  29.978  47.434 0.0000000000
86635  41.052  30.667  46.553 0.0000000000
85971  39.591  29.805  46.439 0.0000000000
84664  38.140  27.711  47.573 0.0000000000
85303  38.441  28.846  46.290 0.0000000000
84670  37.686  27.564  46.488 0.0000000000
84072  37.442  27.507  45.661 0.0000000000
81347  44.799  22.914  53.833 0.0000000000
123207  44.801  23.405  54.576 0.0000000000
81359  44.784  22.923  51.618 0.0000000000
82096  44.817  23.123  52.262 0.0000000000
82101  44.821  23.293  51.221 0.0000000000
82775  44.475  23.680  51.853 0.0000000000
79860  43.376  20.733  42.248 0.0000000000
80631  43.571  21.926  43.550 0.0000000000
80636  43.172  21.129  41.998 0.0000000000
80633  42.954  21.712  42.966 0.0000000000
81441  42.622  22.390  43.659 0.0000000000
81434  43.153  23.224  43.909 0.0000000000
80626  41.664  21.984  44.213 0.0000000000
81435  41.976  22.985  44.358 0.0000000000
126697  40.144  20.053  45.126 0.0000000000
79849  39.860  20.122  45.814 0.0000000000
78988  39.509  19.447  46.284 0.0000000000
127032  39.386  18.545  45.937 0.0000000000
77306  39.000  17.016  45.946 0.0000000000
77300  38.826  17.272  46.709 0.0000000000
116887  38.002  25.189  56.631 0.0000000000
83392  37.216  25.175  56.659 0.0000000000
81340  37.470  23.041  56.751 0.0000000000
125192  37.838  21.309  57.449 0.0000000000
85937  41.218  29.575  53.566 0.0000000000
85938  40.554  28.954  53.235 0.0000000000
85279  40.122  28.840  52.479 0.0000000000
85280  39.823  28.155  52.930 0.0000000000
79817  40.617  20.091  49.707 0.0000000000
78143  41.075  18.800  46.449 0.0000000000
78987  41.341  19.688  46.669 0.0000000000
79841  41.804  20.665  46.613 0.0000000000
77297  41.243  17.338  45.783 0.0000000000
77318  42.600  17.782  43.375 0.0000000000
78154  41.898  18.081  44.064 0.0000000000
78161  42.745  18.459  43.097 0.0000000000
78153  42.282  19.014  43.816 0.0000000000
79003  43.117  19.397  42.784 0.0000000000
78169  43.440  18.735  42.166 0.0000000000
76530  42.155  16.419  41.921 0.0000000000
77336  42.670  18.054  41.549 0.0000000000
76531  41.270  16.971  41.943 0.0000000000
77327  41.455  17.861  41.692 0.0000000000
119944  40.268  16.013  42.995 0.0000000000
83359  45.821  25.180  59.283 0.0000000000
83977  47.088  25.962  59.503 0.0000000000
83368  46.218  24.710  58.745 0.0000000000
82716  46.463  24.559  57.771 0.0000000000
82717  45.651  24.285  58.249 0.0000000000
83370  43.581  25.354  58.468 0.0000000000
132108  43.965  25.595  58.795 0.0000000000
82063  44.136  23.399  57.246 0.0000000000
82062  45.080  23.589  56.956 0.0000000000
81335  44.584  22.985  55.672 0.0000000000
80536  43.650  22.072  54.818 0.0000000000
80550  42.743  21.660  53.887 0.0000000000
80558  42.615  21.732  53.039 0.0000000000
82077  38.603  23.689  56.810 0.0000000000
82737  39.123  24.359  56.867 0.0000000000
80523  40.282  21.197  57.444 0.0000000000
131901  40.392  21.984  57.436 0.0000000000
80522  41.125  21.623  57.277 0.0000000000
79761  40.725  20.763  57.154 0.0000000000
78920  38.832  19.314  56.114 0.0000000000
125213  39.319  19.938  54.684 0.0000000000
78919  39.428  19.848  55.682 0.0000000000
79777  39.953  20.375  55.190 0.0000000000
79776  40.569  20.755  54.678 0.0000000000
79792  39.766  20.277  52.453 0.0000000000
79783  40.351  20.784  52.854 0.0000000000
79791  40.340  20.737  51.966 0.0000000000
80560  40.950  21.267  52.341 0.0000000000
79802  40.426  20.552  51.150 0.0000000000
78958  40.090  19.834  50.809 0.0000000000
78122  39.729  18.038  50.256 0.0000000000
117131  40.042  17.565  49.567 0.0000000000
126606  40.290  18.095  49.091 0.0000000000
75640  41.150  15.117  49.082 0.0000000000
84591  37.145  27.821  58.015 0.0000000000
83989  35.005  26.905  58.199 0.0000000000
84002  35.916  26.414  57.540 0.0000000000
84003  35.274  26.321  57.767 0.0000000000
83386  34.775  25.667  57.739 0.0000000000
88553  43.068  33.775  48.217 0.0000000000
89224  42.741  34.483  49.970 0.0000000000
89234  42.377  34.268  48.967 0.0000000000
89225  41.644  34.569  49.795 0.0000000000
87270  40.332  32.260  49.077 0.0000000000
87942  39.981  32.459  50.120 0.0000000000
87265  39.512  31.960  51.044 0.0000000000
85958  38.254  29.958  49.170 0.0000000000
85292  37.318  28.972  49.501 0.0000000000
85298  37.326  29.165  47.916 0.0000000000
85310  38.405  30.029  45.509 0.0000000000
85972  38.317  30.137  45.636 0.0000000000
85981  38.076  29.714  45.292 0.0000000000
84679  36.422  27.808  46.571 0.0000000000
127134  37.118  28.805  46.240 0.0000000000
84671  36.521  28.171  47.259 0.0000000000
84680  36.162  27.392  47.570 0.0000000000
113452  35.673  26.621  48.030 0.0000000000
110357  35.619  26.322  47.135 0.0000000000
82833  35.450  24.463  46.007 0.0000000000
84584  47.215  27.053  58.288 0.0000000000
84007  44.887  26.126  56.727 0.0000000000
84606  44.384  27.135  56.770 0.0000000000
120473  43.842  28.098  56.703 0.0000000000
84607  43.516  27.349  56.320 0.0000000000
132916  44.736  24.633  55.362 0.0000000000
82747  43.911  24.585  54.216 0.0000000000
83401  42.220  25.677  54.412 0.0000000000
84013  42.886  25.640  54.957 0.0000000000
84023  42.253  26.205  54.876 0.0000000000
84014  41.979  26.937  55.109 0.0000000000
121496  41.266  27.202  54.743 0.0000000000
84034  40.832  26.227  53.949 0.0000000000
83418  40.305  25.559  52.628 0.0000000000
84044  39.907  26.180  52.933 0.0000000000
83419  39.659  25.895  52.155 0.0000000000
84045  39.523  26.576  52.415 0.0000000000
83427  39.299  25.578  51.249 0.0000000000
80596  42.399  21.853  49.063 0.0000000000
81393  44.553  22.959  48.319 0.0000000000
81384  44.512  22.807  49.293 0.0000000000
81383  45.044  23.620  48.886 0.0000000000
82112  45.033  23.820  49.270 0.0000000000
82117  45.313  23.977  48.414 0.0000000000
81426  44.362  23.131  45.084 0.0000000000
82141  44.649  24.069  45.941 0.0000000000
82820  43.563  24.634  46.990 0.0000000000
82819  44.483  24.423  47.450 0.0000000000
125610  43.499  24.572  48.041 0.0000000000
126189  44.096  24.504  48.781 0.0000000000
82800  42.988  24.539  49.052 0.0000000000
125942  42.247  24.461  49.801 0.0000000000
82801  41.734  24.508  49.099 0.0000000000
82812  39.722  24.681  48.473 0.0000000000
82802  40.601  24.534  49.060 0.0000000000
83441  38.931  25.066  49.776 0.0000000000
83449  38.898  24.957  48.922 0.0000000000
128507  38.864  25.523  46.034 0.0000000000
83466  38.964  25.915  44.943 0.0000000000
83474  38.133  26.347  44.664 0.0000000000
83479  39.304  26.062  43.048 0.0000000000
82152  41.007  24.673  44.074 0.0000000000
82142  40.892  24.118  44.328 0.0000000000
112423  38.719  23.933  45.050 0.0000000000
82143  39.826  24.186  44.276 0.0000000000
82858  38.203  25.550  43.003 0.0000000000
82144  37.778  24.164  45.084 0.0000000000
118993  37.190  23.778  46.054 0.0000000000
81395  38.025  22.197  48.222 0.0000000000
77287  38.484  17.976  48.198 0.0000000000
76483  38.171  17.382  48.719 0.0000000000
120659  40.733  26.131  57.353 0.0000000000
133555  40.375  24.794  57.239 0.0000000000
130427  40.929  29.927  50.787 0.0000000000
85951  40.430  29.500  50.724 0.0000000000
85957  39.763  28.961  50.104 0.0000000000
85296  39.011  29.006  47.469 0.0000000000
84061  37.751  26.819  47.988 0.0000000000
81360  44.298  22.471  52.777 0.0000000000
123318  44.213  22.501  51.992 0.0000000000
81367  44.258  22.571  51.130 0.0000000000
79875  42.395  20.140  41.681 0.0000000000
125958  42.914  20.768  41.643 0.0000000000
79004  41.734  19.918  42.129 0.0000000000
115037  41.498  20.196  43.072 0.0000000000
79862  40.848  20.179  43.941 0.0000000000
78999  40.327  19.624  44.456 0.0000000000
78149  39.634  18.598  45.106 0.0000000000
124205  39.433  17.953  45.208 0.0000000000
77305  39.265  17.175  45.296 0.0000000000
83393  36.374  25.130  56.882 0.0000000000
82740  36.822  24.532  56.644 0.0000000000
82741  36.171  24.176  56.784 0.0000000000
111857  43.039  30.658  53.972 0.0000000000
86590  42.794  30.282  54.597 0.0000000000
85930  41.533  29.303  54.457 0.0000000000
85274  40.891  28.748  54.047 0.0000000000
126139  40.442  18.849  48.922 0.0000000000
78977  40.653  19.407  48.425 0.0000000000
78981  40.616  18.844  48.055 0.0000000000
78138  40.800  18.876  47.189 0.0000000000
76512  42.495  16.757  44.136 0.0000000000
113622  43.510  16.468  43.366 0.0000000000
77316  43.440  17.175  42.226 0.0000000000
77326  43.443  17.954  41.959 0.0000000000
76538  43.414  17.324  41.938 0.0000000000
129937  45.036  25.290  59.124 0.0000000000
82728  42.639  24.022  57.626 0.0000000000
82064  43.134  23.316  57.323 0.0000000000
82076  43.491  22.858  56.806 0.0000000000
81336  43.798  22.581  56.063 0.0000000000
80537  43.107  22.016  55.603 0.0000000000
80541  42.020  21.402  54.491 0.0000000000
118867  38.545  21.801  57.361 0.0000000000
80524  39.449  20.995  57.584 0.0000000000
79762  40.007  20.396  57.382 0.0000000000
124790  38.394  18.938  54.370 0.0000000000
78928  38.760  19.423  55.056 0.0000000000
78927  39.271  19.880  53.802 0.0000000000
78939  39.311  19.761  52.933 0.0000000000
78949  39.456  19.599  52.056 0.0000000000
78959  39.650  19.307  51.261 0.0000000000
74779  40.594  14.997  50.767 0.0000000000
74793  41.624  14.668  49.580 0.0000000000
87284  42.066  31.565  47.396 0.0000000000
87283  42.822  32.102  47.615 0.0000000000
87955  42.183  32.249  47.369 0.0000000000
87948  41.870  32.803  47.689 0.0000000000
123449  41.438  33.334  48.340 0.0000000000
87949  41.076  32.527  47.843 0.0000000000
87279  39.932  31.467  48.588 0.0000000000
86621  39.269  30.999  49.308 0.0000000000
85965  38.233  30.103  47.209 0.0000000000
84684  36.826  28.027  45.473 0.0000000000
84077  36.172  27.045  46.216 0.0000000000
130310  35.657  26.042  46.338 0.0000000000
84078  35.985  26.390  45.452 0.0000000000
82832  35.897  24.383  45.510 0.0000000000
83995  47.163  25.864  57.850 0.0000000000
84598  46.357  26.979  57.806 0.0000000000
84006  45.905  25.647  56.778 0.0000000000
83390  44.597  25.682  56.167 0.0000000000
82757  43.271  24.645  53.556 0.0000000000
82758  42.085  24.868  53.309 0.0000000000
83410  41.482  25.587  53.812 0.0000000000
83417  41.133  25.206  53.018 0.0000000000
82769  40.895  24.981  52.234 0.0000000000
82779  40.723  24.775  51.430 0.0000000000
81394  43.406  22.390  48.697 0.0000000000
81407  44.532  23.141  47.308 0.0000000000
82851  44.264  24.129  44.803 0.0000000000
82838  44.410  24.219  45.437 0.0000000000
82828  44.159  24.478  45.670 0.0000000000
82829  43.514  24.618  46.026 0.0000000000
110986  42.593  24.635  47.381 0.0000000000
112014  41.363  24.553  48.442 0.0000000000
82810  41.625  24.618  47.651 0.0000000000
82822  41.058  24.710  46.896 0.0000000000
82823  40.053  24.809  47.286 0.0000000000
83458  39.418  25.180  46.575 0.0000000000
83464  40.534  25.454  44.122 0.0000000000
83478  40.066  25.693  43.437 0.0000000000
81420  40.139  22.425  45.942 0.0000000000
81428  40.118  23.209  45.465 0.0000000000
81421  39.466  22.488  46.436 0.0000000000
81422  38.664  22.897  46.738 0.0000000000
81423  37.867  23.159  46.978 0.0000000000
81410  38.337  22.567  47.502 0.0000000000
85248  43.511  28.931  56.471 0.0000000000
84654  36.317  27.746  50.952 0.0000000000
84660  36.396  27.808  49.865 0.0000000000
131396  43.169  25.898  58.326 0.0000000000
83371  42.799  25.558  58.051 0.0000000000
123389  41.861  25.978  57.719 0.0000000000
82065  42.162  23.305  57.393 0.0000000000
78915  39.040  19.256  57.140 0.0000000000
78078  37.642  18.146  56.026 0.0000000000
78089  37.700  18.051  55.257 0.0000000000
118792  37.952  18.212  54.537 0.0000000000
77232  38.168  17.515  53.959 0.0000000000
77242  38.490  17.586  53.056 0.0000000000
123841  39.026  16.981  51.921 0.0000000000
87269  42.901  31.413  49.742 0.0000000000
86620  41.005  30.165  49.933 0.0000000000
86619  41.671  30.609  48.935 0.0000000000
87277  42.157  31.082  48.267 0.0000000000
86627  41.660  30.879  47.472 0.0000000000
86644  40.612  31.027  45.964 0.0000000000
85979  39.763  30.568  45.912 0.0000000000
85980  39.164  30.391  45.595 0.0000000000
85311  38.060  29.557  45.190 0.0000000000
84678  37.488  28.516  45.475 0.0000000000
84683  37.156  27.729  44.837 0.0000000000
131044  37.062  27.791  44.709 0.0000000000
82073  45.414  23.910  55.780 0.0000000000
82744  45.180  24.250  55.587 0.0000000000
82082  44.914  23.837  55.262 0.0000000000
81355  44.759  22.865  52.959 0.0000000000
82091  44.827  23.108  53.074 0.0000000000
82776  44.056  24.231  51.203 0.0000000000
80625  43.392  21.394  44.126 0.0000000000
133394  44.009  22.430  43.851 0.0000000000
81433  44.248  22.905  44.086 0.0000000000
80637  43.033  21.242  41.962 0.0000000000
82157  44.019  23.055  43.735 0.0000000000
82150  43.768  23.643  44.057 0.0000000000
118426  43.203  23.870  44.326 0.0000000000
82854  41.642  24.471  44.692 0.0000000000
132609  41.379  23.041  44.823 0.0000000000
80627  40.831  21.425  44.802 0.0000000000
125525  40.458  21.814  45.670 0.0000000000
79842  40.014  20.953  46.189 0.0000000000
78982  39.293  19.714  47.105 0.0000000000
77293  38.756  17.997  47.310 0.0000000000
78144  39.041  18.063  46.564 0.0000000000
122001  38.761  26.667  57.175 0.0000000000
123742  39.257  25.677  56.942 0.0000000000
84009  38.552  25.947  56.848 0.0000000000
82738  38.295  24.439  56.646 0.0000000000
81339  38.139  23.187  56.816 0.0000000000
81327  38.064  22.607  57.003 0.0000000000
127596  38.534  19.996  57.885 0.0000000000
86606  41.519  30.420  51.896 0.0000000000
112228  41.702  30.311  52.934 0.0000000000
116347  40.359  29.350  51.765 0.0000000000
84652  39.302  27.873  51.535 0.0000000000
80578  41.368  21.479  51.003 0.0000000000
120535  41.430  21.468  50.290 0.0000000000
80588  41.505  21.397  49.428 0.0000000000
80597  41.641  21.305  48.500 0.0000000000
126733  40.853  19.990  48.427 0.0000000000
79825  41.244  20.555  48.059 0.0000000000
80606  41.849  21.175  47.477 0.0000000000
126739  42.348  21.265  46.687 0.0000000000
79840  42.508  21.002  45.907 0.0000000000
116067  41.134  18.269  45.933 0.0000000000
77310  42.234  17.429  43.925 0.0000000000
78148  41.423  18.117  45.093 0.0000000000
78997  42.201  19.759  44.619 0.0000000000
79846  42.733  20.730  44.926 0.0000000000
79854  42.916  20.572  43.836 0.0000000000
79861  43.299  20.327  42.752 0.0000000000
79014  43.257  19.899  41.687 0.0000000000
77335  43.311  18.037  41.818 0.0000000000
78180  43.006  18.834  41.580 0.0000000000
79015  42.500  19.455  41.530 0.0000000000
78170  41.801  18.637  41.530 0.0000000000
77328  40.751  17.619  42.258 0.0000000000
77319  40.111  17.434  43.119 0.0000000000
123056  39.718  16.978  43.791 0.0000000000
131820  40.002  16.672  43.176 0.0000000000
75697  40.002  15.502  43.468 0.0000000000
83366  47.206  25.515  58.299 0.0000000000
83377  46.995  25.246  57.731 0.0000000000
117725  46.188  24.433  56.734 0.0000000000
83986  44.371  25.845  59.033 0.0000000000
82719  44.097  24.515  58.305 0.0000000000
82718  44.890  24.422  58.505 0.0000000000
82061  45.802  23.886  56.419 0.0000000000
81344  44.722  22.898  54.808 0.0000000000
81348  44.343  22.445  54.382 0.0000000000
80557  43.537  22.032  53.308 0.0000000000
80568  41.768  21.626  51.749 0.0000000000
83382  39.690  25.070  57.032 0.0000000000
82731  39.950  24.240  57.203 0.0000000000
121113  40.348  23.451  57.367 0.0000000000
81325  39.917  22.733  57.368 0.0000000000
79768  40.836  20.668  56.635 0.0000000000
79767  41.529  21.065  56.122 0.0000000000
79772  41.397  21.059  55.115 0.0000000000
118834  40.430  20.773  53.735 0.0000000000
80579  40.865  21.053  50.697 0.0000000000
79813  40.529  20.359  50.413 0.0000000000
78970  40.355  19.289  49.662 0.0000000000
76481  40.571  16.590  48.341 0.0000000000
76449  39.414  16.628  51.328 0.0000000000
76458  39.694  16.698  50.482 0.0000000000
76470  39.926  16.885  49.871 0.0000000000
121179  40.419  15.494  50.214 0.0000000000
76457  40.136  16.175  50.027 0.0000000000
76469  40.306  16.562  49.249 0.0000000000
84601  38.477  27.277  57.432 0.0000000000
84001  38.048  26.604  57.073 0.0000000000
123926  37.219  26.439  57.139 0.0000000000
83384  36.435  26.059  57.215 0.0000000000
83372  34.153  25.886  58.177 0.0000000000
83387  34.086  24.994  57.789 0.0000000000
89843  40.518  34.920  49.562 0.0000000000
88546  41.100  34.018  48.820 0.0000000000
129416  40.457  34.159  49.147 0.0000000000
111550  39.768  34.666  49.274 0.0000000000
87266  38.880  31.506  51.665 0.0000000000
86614  38.617  30.696  51.278 0.0000000000
85952  38.226  29.994  50.669 0.0000000000
86622  38.713  30.510  49.976 0.0000000000
85973  37.813  29.767  46.562 0.0000000000
84665  36.412  27.981  48.668 0.0000000000
115695  35.102  25.356  46.986 0.0000000000
85247  44.128  28.776  56.928 0.0000000000
112526  44.306  25.294  55.604 0.0000000000
84012  43.727  26.034  55.866 0.0000000000
83395  43.480  25.647  55.410 0.0000000000
84615  43.289  26.716  56.027 0.0000000000
84616  42.629  27.416  55.773 0.0000000000
85258  42.371  28.495  55.719 0.0000000000
84630  40.847  27.825  54.402 0.0000000000
84638  40.291  27.351  53.785 0.0000000000
84035  40.259  26.604  53.561 0.0000000000
84639  39.866  27.499  53.278 0.0000000000
84646  39.518  27.460  52.540 0.0000000000
110819  39.279  27.057  51.859 0.0000000000
83428  38.709  26.244  50.834 0.0000000000
81376  44.396  22.667  50.220 0.0000000000
82106  44.887  23.526  50.240 0.0000000000
82787  44.209  24.285  50.454 0.0000000000
80617  43.852  22.451  45.522 0.0000000000
81419  44.463  23.239  46.241 0.0000000000
81406  44.943  23.813  47.027 0.0000000000
82827  44.607  24.227  46.240 0.0000000000
82818  44.893  24.147  47.079 0.0000000000
82808  45.154  24.074  47.938 0.0000000000
119601  44.996  24.136  48.868 0.0000000000
82799  44.045  24.441  49.608 0.0000000000
82788  43.091  24.369  50.342 0.0000000000
82789  41.692  24.495  50.738 0.0000000000
82790  40.458  24.655  50.630 0.0000000000
117678  40.193  24.576  49.926 0.0000000000
82791  39.474  24.950  50.434 0.0000000000
83433  38.771  25.563  50.365 0.0000000000
83434  38.399  26.227  50.076 0.0000000000
83443  37.879  26.205  48.570 0.0000000000
83459  38.396  25.630  47.043 0.0000000000
83460  37.819  26.280  46.362 0.0000000000
84081  37.351  27.007  44.308 0.0000000000
83487  37.651  26.713  43.117 0.0000000000
82856  39.753  25.611  43.243 0.0000000000
82154  39.578  24.840  43.215 0.0000000000
82865  38.990  25.951  42.799 0.0000000000
82866  38.578  26.024  42.621 0.0000000000
83480  37.980  26.211  42.653 0.0000000000
83481  37.378  26.409  43.349 0.0000000000
82845  36.443  24.908  44.538 0.0000000000
82135  36.264  23.773  46.106 0.0000000000
132941  37.493  23.421  46.529 0.0000000000
82125  36.951  23.311  46.854 0.0000000000
76506  39.443  16.498  44.556 0.0000000000
75676  39.263  15.677  44.981 0.0000000000
76501  40.947  16.968  46.743 0.0000000000
76502  38.862  16.462  46.273 0.0000000000
76513  39.784  16.196  43.653 0.0000000000
76529  43.195  16.717  41.850 0.0000000000
77320  39.782  17.634  43.874 0.0000000000
77337  42.232  17.327  41.600 0.0000000000
78168  43.395  18.874  41.911 0.0000000000
78171  41.147  18.489  42.015 0.0000000000
78181  42.324  18.626  41.457 0.0000000000
79867  43.302  20.556  41.810 0.0000000000
79868  42.352  20.622  42.082 0.0000000000
79873  43.147  20.537  41.650 0.0000000000
80641  43.072  20.873  41.695 0.0000000000
81418  44.661  23.764  46.056 0.0000000000
81439  43.766  22.381  43.716 0.0000000000
82078  37.802  23.757  56.636 0.0000000000
82124  45.172  24.000  47.590 0.0000000000
82149  44.165  23.614  44.291 0.0000000000
82821  41.988  24.676  46.666 0.0000000000
82839  44.104  24.411  45.032 0.0000000000
82844  37.438  24.830  44.098 0.0000000000
82857  39.074  25.612  42.925 0.0000000000
82860  36.497  25.657  44.182 0.0000000000
83358  46.666  25.273  59.183 0.0000000000
83381  40.361  25.394  57.224 0.0000000000
83409  42.409  25.170  53.898 0.0000000000
83426  40.048  25.283  51.855 0.0000000000
83473  38.986  26.244  43.749 0.0000000000
83486  38.365  26.287  42.719 0.0000000000
83996  46.562  25.981  57.410 0.0000000000
84088  37.411  26.734  43.500 0.0000000000
84094  37.890  26.673  42.764 0.0000000000
84586  44.549  26.600  59.259 0.0000000000
84604  35.721  27.050  57.890 0.0000000000
84658  39.059  27.873  50.619 0.0000000000
85320  37.043  27.909  44.891 0.0000000000
85921  42.586  29.350  55.552 0.0000000000
87292  41.452  31.614  46.906 0.0000000000
89235  40.424  34.591  49.255 0.0000000000
111744  36.911  27.481  44.574 0.0000000000
121874  43.228  21.345  42.763 0.0000000000
124628  39.665  21.072  46.782 0.0000000000
126315  42.258  21.654  43.514 0.0000000000
130196  41.666  30.643  50.111 0.0000000000
130347  39.966  27.074  53.463 0.0000000000
130577  40.186  28.532  53.070 0.0000000000
131270  42.506  26.966  58.206 0.0000000000
131633  44.038  26.457  58.987 0.0000000000
131829  43.602  24.334  50.831 0.0000000000
132505  37.938  26.605  42.752 0.0000000000
