#!ascii label  , from subject sub-v2s12x28862_ses-1 vox2ras=TkReg
1400
27400  37.547  -39.564  22.169 0.6000000238
26462  37.304  -40.024  23.105 0.5000000000
29337  37.066  -37.349  21.974 0.6999999881
28338  36.713  -37.981  21.836 0.6000000238
118588  35.939  -38.670  21.872 0.6000000238
28339  35.504  -37.930  21.962 0.6000000238
28333  37.262  -38.709  22.439 0.6999999881
123447  37.317  -38.896  22.068 0.6000000238
121921  37.041  -38.692  21.871 0.5000000000
27404  36.411  -39.382  21.952 0.5000000000
26471  35.510  -40.329  22.342 0.5000000000
117410  34.529  -38.626  22.305 0.6000000238
28340  34.186  -37.827  22.379 0.6000000238
27394  36.980  -39.298  23.269 0.5000000000
26466  38.116  -40.299  22.078 0.5000000000
26469  37.865  -40.235  22.307 0.6000000238
25566  36.565  -41.637  24.190 0.5000000000
31231  35.226  -36.072  22.571 0.6000000238
30309  34.538  -36.478  22.446 0.6999999881
30295  36.877  -36.842  23.150 0.6000000238
30301  37.010  -36.841  22.407 0.6999999881
114712  35.834  -36.728  22.230 0.6000000238
29339  35.044  -37.212  22.246 0.6000000238
127362  37.210  -38.051  22.639 0.6000000238
29332  37.168  -37.417  22.434 0.6999999881
29340  33.823  -37.002  22.478 0.6000000238
26463  36.407  -39.895  24.043 0.5000000000
28327  36.649  -38.495  23.599 0.5000000000
28341  33.223  -37.622  22.672 0.6000000238
113491  36.433  -40.610  24.119 0.5000000000
128320  32.810  -38.150  22.906 0.6000000238
28334  32.513  -38.244  23.487 0.6000000238
29327  32.532  -37.535  23.882 0.6999999881
29316  32.546  -37.508  24.909 0.6999999881
111864  32.356  -38.399  24.502 0.6000000238
28317  32.164  -38.885  25.218 0.6000000238
110625  32.044  -38.923  25.958 0.6000000238
27334  30.277  -38.630  29.419 0.5000000000
112665  29.493  -37.556  30.217 0.6999999881
28266  29.555  -38.412  29.859 0.6000000238
29261  28.776  -37.121  30.148 0.8000000119
126545  28.663  -38.067  29.959 0.6999999881
32111  34.718  -35.313  22.707 0.6000000238
31232  34.002  -35.710  22.457 0.6999999881
31224  36.489  -36.192  23.256 0.6999999881
30302  36.341  -36.489  22.521 0.6999999881
31225  35.830  -35.728  23.033 0.6000000238
30310  33.448  -36.161  22.476 0.6999999881
31233  33.141  -35.351  22.415 0.6999999881
29326  36.406  -37.057  23.976 0.6000000238
130917  36.302  -35.636  23.925 0.6000000238
30311  32.934  -35.907  22.528 0.8000000119
124893  35.758  -37.054  24.894 0.5000000000
30303  32.690  -36.075  22.819 0.8000000119
29341  32.981  -36.711  22.661 0.6000000238
28316  35.401  -38.669  25.239 0.5000000000
130546  35.933  -38.590  24.517 0.5000000000
123769  32.662  -36.229  23.501 0.8000000119
120777  32.641  -36.808  23.277 0.6000000238
25556  35.480  -41.082  24.979 0.5000000000
30297  32.643  -36.787  24.185 0.8000000119
30285  32.761  -36.687  25.180 0.8000000119
126654  32.608  -37.405  26.003 0.6999999881
29306  32.373  -37.634  26.825 0.6999999881
28306  32.374  -38.243  25.538 0.6999999881
29297  31.871  -38.130  27.355 0.6000000238
28307  32.220  -38.242  26.445 0.6000000238
28283  31.446  -38.194  28.273 0.6999999881
29284  31.018  -38.110  29.208 0.6999999881
28284  30.885  -38.740  28.635 0.6000000238
29260  30.372  -37.737  29.980 0.8000000119
124123  29.416  -36.852  30.331 0.8999999762
29262  27.982  -37.315  29.655 0.6999999881
30236  28.942  -36.284  30.166 0.8000000119
32112  33.592  -34.871  22.420 0.6000000238
32113  32.860  -34.234  22.270 0.6999999881
33076  32.581  -33.767  22.520 0.6000000238
32094  36.149  -34.317  24.429 0.4000000060
32103  36.119  -35.178  23.777 0.6000000238
32104  35.338  -34.975  23.245 0.6000000238
31205  36.255  -35.076  24.599 0.6000000238
31234  32.835  -35.273  22.578 0.8000000119
130660  35.706  -36.425  25.305 0.4000000060
30284  35.916  -35.648  25.354 0.5000000000
30296  36.306  -36.150  24.225 0.6000000238
31226  32.646  -35.449  23.171 0.8000000119
116518  35.297  -37.052  25.880 0.5000000000
119486  32.965  -35.168  24.102 0.8000000119
28305  34.967  -38.396  26.016 0.4000000060
31207  33.085  -35.930  25.399 0.8000000119
117419  34.939  -39.876  25.708 0.5000000000
30275  32.934  -36.486  26.114 0.8000000119
30267  32.603  -36.672  27.570 0.8000000119
120696  32.644  -36.957  26.817 0.6999999881
29283  31.650  -37.591  28.679 0.8000000119
29296  32.306  -37.389  27.443 0.6999999881
30234  31.640  -36.602  29.791 0.8999999762
29282  32.217  -37.155  28.162 0.6999999881
29259  31.283  -37.357  29.580 0.8999999762
132266  31.884  -37.687  27.946 0.6999999881
29247  30.103  -36.955  30.367 0.8999999762
31172  27.843  -35.834  28.929 0.8000000119
30257  27.440  -36.596  28.721 0.8000000119
30237  28.194  -36.451  29.624 0.8000000119
31153  28.414  -35.601  29.554 0.8000000119
33081  33.406  -33.907  22.303 0.6999999881
33083  32.557  -33.120  22.080 0.6000000238
32105  34.457  -34.519  22.755 0.6000000238
33064  35.767  -33.555  24.301 0.4000000060
117710  35.438  -34.201  23.614 0.5000000000
32106  32.651  -34.649  22.648 0.6999999881
32083  36.291  -34.234  25.175 0.5000000000
32096  32.654  -34.573  23.262 0.6999999881
32073  36.186  -34.139  26.081 0.5000000000
31182  35.443  -35.315  27.339 0.4000000060
31194  35.594  -35.482  26.369 0.4000000060
32075  33.541  -34.857  26.212 0.8000000119
31218  33.144  -35.450  24.868 0.8000000119
116947  35.212  -36.095  27.080 0.4000000060
31195  33.281  -35.678  26.236 0.8000000119
115575  32.824  -35.990  24.326 0.8000000119
27384  34.839  -39.176  26.043 0.3000000119
31171  32.734  -35.741  28.665 0.8000000119
31184  32.923  -35.911  27.779 0.8000000119
31196  33.016  -36.185  26.941 0.8000000119
30233  32.276  -36.257  29.218 0.8000000119
31151  32.048  -35.946  29.988 0.8999999762
30256  31.999  -36.950  28.987 0.8999999762
30217  31.312  -36.089  30.295 0.8999999762
30235  30.868  -36.847  30.200 0.8999999762
31136  30.984  -35.445  30.501 0.8999999762
30218  30.551  -36.197  30.432 0.8999999762
32049  27.933  -34.924  28.576 0.8000000119
31173  27.432  -35.715  28.049 0.8000000119
30219  29.727  -36.198  30.418 0.8999999762
31152  29.211  -35.330  30.152 0.8999999762
33972  33.462  -32.840  22.208 0.6000000238
33082  32.805  -33.144  21.939 0.6000000238
33974  32.352  -32.438  22.295 0.6000000238
33960  35.791  -32.753  24.666 0.4000000060
132927  35.455  -33.031  24.241 0.4000000060
33074  35.120  -33.264  23.753 0.4000000060
33075  34.397  -33.584  22.897 0.5000000000
33066  32.723  -33.790  23.553 0.6999999881
33063  36.192  -33.578  24.932 0.4000000060
32095  33.103  -34.438  24.319 0.6999999881
33041  36.342  -33.460  26.521 0.5000000000
33050  36.337  -33.524  25.669 0.4000000060
120804  36.503  -32.852  27.015 0.5000000000
120755  33.663  -34.501  26.833 0.8000000119
32085  33.488  -34.413  25.333 0.8000000119
31170  33.233  -35.117  28.167 0.8000000119
31183  33.400  -35.275  27.115 0.8000000119
130361  32.497  -35.666  29.429 0.8000000119
31135  31.730  -35.398  30.349 0.8999999762
31137  30.146  -35.409  30.469 0.8999999762
32012  29.821  -34.549  30.325 1.0000000000
32048  28.078  -33.930  28.267 0.8000000119
32030  29.076  -34.377  29.830 1.0000000000
130846  28.581  -34.869  29.489 0.8000000119
32031  28.482  -34.197  29.080 0.8000000119
33979  32.362  -32.516  21.952 0.6000000238
34817  32.479  -31.671  22.442 0.6000000238
130782  33.323  -32.156  21.838 0.6000000238
33973  32.695  -32.238  23.429 0.6999999881
33961  35.138  -32.497  24.014 0.4000000060
33971  34.469  -32.629  23.139 0.4000000060
33950  36.293  -32.844  25.370 0.4000000060
33052  33.354  -33.641  24.721 0.6999999881
33928  36.790  -32.176  27.063 0.5000000000
34792  36.572  -31.409  25.538 0.4000000060
130903  33.619  -33.829  25.466 0.8000000119
33042  34.093  -33.252  26.486 0.8000000119
32046  33.519  -34.182  28.700 0.8000000119
32061  33.599  -34.461  27.611 0.8000000119
32029  32.656  -34.715  30.046 0.8000000119
31150  32.390  -35.285  30.030 0.8999999762
32011  30.643  -34.666  30.511 0.8999999762
32983  31.213  -34.002  30.570 0.8999999762
32999  29.573  -33.708  30.103 1.0000000000
32063  27.595  -34.370  27.517 0.8000000119
33000  28.916  -33.615  29.440 1.0000000000
33018  28.498  -33.562  28.785 0.8000000119
34822  33.361  -31.508  21.761 0.6000000238
33978  32.894  -32.271  21.678 0.6000000238
34823  32.340  -31.942  21.886 0.6000000238
33952  33.472  -32.585  24.734 0.6999999881
34794  33.873  -31.753  25.231 0.6999999881
34802  35.541  -31.661  24.311 0.4000000060
34814  34.721  -31.689  23.322 0.5000000000
124456  33.895  -32.008  22.412 0.5000000000
122843  36.153  -32.006  25.093 0.4000000060
33051  33.763  -33.290  25.579 0.8000000119
34791  37.079  -30.868  26.013 0.4000000060
35568  36.716  -30.571  25.257 0.4000000060
33029  33.913  -33.894  27.057 0.8000000119
32047  32.934  -35.017  29.279 0.8000000119
121060  31.847  -34.241  30.511 0.8999999762
32982  32.007  -33.501  30.573 0.8000000119
32984  30.372  -33.816  30.446 1.0000000000
33885  31.070  -33.047  30.602 1.0000000000
33900  28.749  -32.947  28.935 1.0000000000
33030  28.316  -33.147  28.208 0.8999999762
32062  27.762  -33.444  27.409 0.8999999762
33916  28.567  -32.273  28.273 1.0000000000
119194  28.128  -32.718  27.652 1.0000000000
34755  29.000  -31.461  28.657 1.0000000000
35532  28.900  -30.695  28.244 1.0000000000
34756  28.560  -31.403  27.858 1.0000000000
35543  28.489  -30.637  27.515 1.0000000000
116226  29.242  -30.032  28.668 1.0000000000
35594  32.671  -30.965  22.380 0.6999999881
34816  32.908  -31.256  23.291 0.6999999881
35581  33.535  -30.761  24.080 0.6999999881
34828  33.345  -30.804  21.729 0.6000000238
35611  32.804  -31.002  21.741 0.6000000238
34803  33.375  -31.601  24.319 0.6999999881
34815  34.140  -31.304  22.262 0.6000000238
125765  35.244  -31.044  23.616 0.5000000000
130639  34.220  -31.781  25.766 0.8000000119
35578  36.421  -30.277  24.456 0.4000000060
33951  34.118  -32.441  25.845 0.8000000119
33028  34.213  -33.221  27.446 0.8000000119
33017  33.900  -33.792  27.878 0.8000000119
32998  33.525  -33.449  29.584 0.8000000119
125791  32.477  -34.174  30.349 0.6999999881
32028  33.117  -34.223  29.799 0.8000000119
33884  31.916  -32.704  30.624 0.8000000119
33886  30.058  -32.975  30.317 1.0000000000
34726  30.567  -32.197  30.432 1.0000000000
117512  31.037  -31.415  30.551 1.0000000000
34727  29.720  -32.184  29.997 1.0000000000
34740  30.169  -31.417  30.188 1.0000000000
35525  29.351  -30.744  29.026 1.0000000000
33930  28.148  -32.043  27.425 1.0000000000
33931  27.692  -32.658  26.980 1.0000000000
34783  28.102  -31.270  27.130 1.0000000000
129588  28.409  -30.026  27.193 1.0000000000
36379  28.757  -29.849  27.872 1.0000000000
35593  33.198  -30.499  22.960 0.6999999881
133126  33.825  -31.081  24.889 0.6999999881
36446  34.098  -29.770  21.654 0.5000000000
35604  32.939  -30.438  21.957 0.6999999881
35603  34.067  -30.502  21.796 0.6000000238
35591  35.482  -30.373  23.144 0.5000000000
35592  34.742  -30.822  22.786 0.5000000000
120187  34.420  -31.781  26.320 0.8000000119
33941  34.395  -32.519  26.864 0.8000000119
130866  34.429  -32.556  27.746 0.6999999881
125858  34.144  -33.085  28.623 0.8000000119
33883  32.605  -32.808  30.474 0.6999999881
33882  33.299  -32.823  30.139 0.6999999881
34724  32.382  -32.001  30.630 0.8999999762
119108  32.505  -31.023  30.756 0.8000000119
35514  32.898  -30.188  30.942 0.8000000119
36347  32.713  -29.391  31.106 0.8000000119
114940  31.478  -32.144  30.631 0.8999999762
131753  32.252  -30.410  30.895 0.8000000119
35515  31.609  -30.648  30.741 0.8999999762
36348  31.966  -29.753  30.992 0.8000000119
35516  30.627  -30.621  30.353 1.0000000000
35524  29.863  -30.679  29.810 1.0000000000
34741  29.521  -31.447  29.521 1.0000000000
123487  29.613  -30.127  29.378 1.0000000000
36387  28.120  -29.765  26.575 1.0000000000
36361  29.583  -29.456  29.213 1.0000000000
36369  29.175  -29.274  28.450 1.0000000000
110362  28.448  -29.313  27.197 1.0000000000
114719  29.512  -28.714  28.933 1.0000000000
118295  29.132  -28.623  28.328 1.0000000000
37199  28.453  -28.357  27.212 1.0000000000
36437  33.517  -29.746  21.921 0.6999999881
36427  33.538  -29.782  22.570 0.6999999881
36411  33.813  -29.971  23.763 0.6999999881
35580  34.174  -30.278  24.911 0.6999999881
36447  33.954  -29.388  21.715 0.6000000238
34793  34.283  -31.122  25.662 0.6999999881
35609  34.650  -29.736  21.658 0.5000000000
34782  34.569  -30.993  26.561 0.6999999881
35602  35.030  -30.080  22.138 0.5000000000
114414  34.620  -31.755  27.324 0.6999999881
33914  34.201  -32.209  29.262 0.6999999881
33929  34.524  -32.096  28.364 0.6999999881
34739  33.675  -32.053  30.029 0.6999999881
129938  33.057  -32.264  30.420 0.6999999881
35513  33.302  -30.842  30.647 0.8000000119
116413  33.785  -30.264  30.618 0.8000000119
37166  34.043  -28.773  31.082 0.8000000119
36346  33.541  -29.504  31.002 0.8000000119
37167  33.094  -28.737  31.204 0.8000000119
36349  31.011  -29.803  30.616 1.0000000000
121687  31.302  -28.991  30.833 0.8999999762
37168  32.070  -28.752  31.115 0.8000000119
118636  31.622  -27.972  31.051 0.8000000119
36360  30.167  -29.782  29.942 1.0000000000
123027  30.602  -28.967  30.353 1.0000000000
122119  30.014  -28.863  29.654 1.0000000000
37183  29.856  -28.072  29.307 1.0000000000
37206  28.113  -28.924  26.483 1.0000000000
37190  29.345  -28.020  28.575 1.0000000000
37943  29.119  -27.455  28.076 1.0000000000
37198  28.878  -28.172  27.942 1.0000000000
126656  29.309  -26.779  28.035 1.0000000000
36426  34.140  -29.250  23.346 0.6999999881
37222  34.693  -28.806  24.144 0.6999999881
36399  34.565  -29.559  25.402 0.6000000238
35569  34.538  -30.186  25.947 0.6000000238
35555  34.652  -30.170  26.908 0.6000000238
122155  34.716  -30.939  27.342 0.6999999881
35531  34.761  -30.745  28.713 0.6999999881
34769  34.754  -31.276  28.091 0.6999999881
34754  34.531  -31.507  28.972 0.6999999881
128721  34.165  -31.583  29.666 0.6999999881
36345  34.370  -29.498  30.518 0.8000000119
35512  33.892  -31.103  30.218 0.6999999881
37910  34.508  -28.008  31.067 0.8000000119
37911  33.598  -27.984  31.284 0.8000000119
37912  32.528  -27.946  31.249 0.8000000119
37169  30.957  -28.194  30.687 0.8000000119
114454  31.915  -27.180  31.184 0.8000000119
37182  30.367  -28.189  30.040 1.0000000000
37914  30.637  -27.489  30.273 1.0000000000
37913  31.181  -27.354  30.773 0.6999999881
38716  30.849  -26.830  30.370 0.8999999762
37923  30.237  -27.552  29.640 1.0000000000
37924  29.758  -27.122  28.869 1.0000000000
38741  30.264  -26.161  29.105 1.0000000000
127763  27.831  -28.589  25.795 1.0000000000
37956  28.397  -27.467  26.959 1.0000000000
119909  28.068  -28.063  26.364 1.0000000000
37944  28.703  -27.680  27.552 1.0000000000
113762  34.388  -29.437  24.499 0.6999999881
36377  34.874  -29.541  27.476 0.6000000238
36368  34.960  -29.827  28.573 0.6999999881
35523  34.442  -30.961  29.552 0.6999999881
116682  34.372  -30.334  30.056 0.6999999881
36359  34.824  -29.700  29.610 0.8000000119
37165  34.736  -28.634  30.575 0.6999999881
38699  33.777  -26.406  31.374 0.6999999881
37896  33.016  -27.045  31.336 0.6999999881
38700  32.979  -26.183  31.327 0.6999999881
38715  31.380  -26.509  30.773 0.8000000119
38714  32.191  -26.303  31.205 0.6999999881
38729  30.433  -26.861  29.731 0.8999999762
121914  30.656  -25.349  29.196 1.0000000000
37216  27.782  -27.843  25.344 1.0000000000
39481  29.737  -26.177  28.282 1.0000000000
121738  29.219  -26.169  27.427 1.0000000000
37215  34.802  -28.951  25.209 0.6000000238
36386  34.761  -29.189  26.328 0.6000000238
37205  35.213  -28.396  26.647 0.6000000238
36376  35.016  -28.839  27.175 0.6000000238
36367  35.222  -28.957  28.047 0.6000000238
36358  35.262  -28.953  29.131 0.6999999881
126778  35.181  -27.916  30.571 0.6999999881
38713  35.012  -27.288  31.088 0.6999999881
37895  34.159  -27.245  31.308 0.6999999881
39442  35.188  -25.770  31.305 0.6999999881
39443  34.292  -25.713  31.379 0.6999999881
39444  33.403  -25.619  31.328 0.6999999881
123081  37.376  -20.664  24.094 0.3000000119
40273  32.402  -24.775  30.865 0.6999999881
39445  32.571  -25.541  31.163 0.6999999881
44119  36.714  -20.187  22.592 0.3000000119
39460  31.677  -25.494  30.699 0.8000000119
35595  26.703  -30.000  23.750 0.8999999762
39462  30.827  -26.002  30.050 1.0000000000
37223  27.329  -28.851  24.036 1.0000000000
37217  27.622  -28.714  24.905 1.0000000000
39480  30.228  -25.467  28.447 1.0000000000
39497  29.383  -25.363  26.992 1.0000000000
37968  28.128  -27.245  26.142 1.0000000000
133244  28.944  -25.844  26.740 1.0000000000
115992  35.126  -28.428  25.793 0.6000000238
37955  35.639  -27.913  26.209 0.6000000238
119817  35.767  -27.889  26.962 0.6000000238
132009  36.376  -27.663  27.214 0.6000000238
37942  36.040  -27.830  27.716 0.6999999881
37189  35.703  -28.241  28.460 0.6999999881
121208  35.641  -28.252  29.293 0.6999999881
39495  40.233  -25.553  26.015 0.3000000119
117465  39.842  -25.011  26.760 0.3000000119
37180  35.309  -28.456  29.942 0.6999999881
127068  35.545  -27.269  30.558 0.6999999881
38712  35.603  -26.513  30.942 0.6999999881
44102  37.779  -21.076  24.603 0.3000000119
116863  37.103  -20.782  24.815 0.4000000060
132735  36.802  -20.305  23.906 0.4000000060
113277  25.982  -30.094  23.527 0.6999999881
36429  25.731  -29.503  23.650 0.6999999881
47889  37.166  -16.757  21.773 0.3000000119
45133  36.468  -20.016  22.155 0.3000000119
37233  26.650  -28.529  23.590 0.8999999762
47012  36.947  -17.510  22.379 0.3000000119
45121  36.523  -19.945  23.005 0.3000000119
40274  31.752  -24.529  30.351 0.8000000119
117623  27.143  -28.252  23.702 0.8999999762
47002  36.787  -18.297  22.933 0.3000000119
46142  36.693  -19.043  23.466 0.3000000119
39461  31.174  -25.022  29.876 0.8000000119
117610  30.583  -24.870  28.560 1.0000000000
39490  30.279  -24.775  27.897 1.0000000000
119246  28.190  -26.505  25.846 1.0000000000
120291  27.891  -27.053  25.428 1.0000000000
39491  29.772  -25.434  27.708 1.0000000000
38749  28.561  -26.565  26.722 1.0000000000
40322  29.463  -24.791  26.548 1.0000000000
39506  29.042  -25.275  26.318 1.0000000000
37941  36.722  -27.425  27.783 0.6999999881
120542  36.315  -27.588  28.483 0.6999999881
38752  40.027  -26.337  25.868 0.3000000119
39496  39.781  -25.811  26.603 0.4000000060
37933  36.011  -27.823  29.082 0.6999999881
37921  36.442  -27.184  29.318 0.6999999881
37922  35.778  -27.705  29.867 0.6999999881
39488  39.427  -25.376  27.317 0.4000000060
40320  39.839  -24.297  26.440 0.3000000119
40312  39.403  -24.449  27.249 0.5000000000
39458  36.511  -25.201  30.604 0.6999999881
39459  35.937  -25.595  31.037 0.6999999881
41213  39.361  -23.599  26.712 0.5000000000
126335  35.520  -25.137  31.237 0.6999999881
114198  38.649  -22.387  26.177 0.4000000060
41208  37.984  -22.795  27.988 0.6000000238
114008  38.007  -22.317  27.339 0.5000000000
40259  34.787  -25.003  31.338 0.6999999881
43140  38.157  -21.785  25.784 0.3000000119
40260  33.841  -24.910  31.309 0.6999999881
132884  36.997  -17.386  25.946 0.4000000060
44084  37.030  -20.902  25.717 0.4000000060
40272  33.210  -24.189  31.054 0.6999999881
37224  25.280  -28.287  24.255 0.6999999881
47870  37.407  -16.548  24.217 0.4000000060
44085  36.795  -20.344  25.142 0.4000000060
36413  25.124  -29.131  24.165 0.6000000238
47880  37.383  -16.410  23.088 0.3000000119
47001  37.239  -17.330  23.523 0.3000000119
46989  37.294  -17.273  24.518 0.4000000060
115990  36.668  -19.619  23.910 0.4000000060
44074  36.877  -20.156  26.211 0.4000000060
41170  32.376  -24.000  30.577 0.6999999881
130467  32.906  -23.509  30.704 0.6999999881
36428  26.324  -29.337  23.563 0.6999999881
129428  37.165  -17.878  24.783 0.4000000060
45107  36.719  -19.620  24.739 0.4000000060
45092  36.795  -19.502  25.684 0.4000000060
41171  31.812  -23.786  30.068 0.8000000119
46130  36.897  -18.743  24.532 0.3000000119
129018  36.859  -18.903  25.300 0.4000000060
40289  31.397  -24.245  29.653 0.8000000119
122147  27.474  -28.038  24.198 1.0000000000
40303  31.208  -23.871  28.952 0.8999999762
40304  30.759  -24.142  28.261 1.0000000000
39498  28.556  -25.853  26.148 1.0000000000
40321  29.866  -24.075  26.415 1.0000000000
40315  29.838  -24.720  27.163 1.0000000000
40314  30.382  -23.990  27.329 1.0000000000
39507  28.644  -25.248  25.640 1.0000000000
40330  29.235  -24.590  25.761 1.0000000000
40331  28.714  -24.774  25.119 1.0000000000
112771  37.174  -27.559  27.039 0.6000000238
37940  37.593  -26.988  27.810 0.6000000238
37932  36.939  -27.037  28.532 0.6999999881
38747  39.233  -26.294  27.170 0.5000000000
38748  38.524  -26.656  27.506 0.6000000238
38740  37.012  -26.636  29.157 0.6999999881
39489  38.841  -25.765  27.793 0.4000000060
38728  36.724  -26.419  29.786 0.6999999881
37909  36.108  -26.883  30.186 0.6999999881
39478  38.424  -25.214  28.421 0.6000000238
39471  36.953  -25.605  30.040 0.6999999881
40313  38.996  -24.875  27.907 0.6000000238
41206  39.049  -23.794  27.400 0.6000000238
41207  38.524  -23.504  27.850 0.6000000238
40269  36.473  -24.351  30.568 0.6999999881
122641  35.937  -24.133  30.918 0.6999999881
131117  38.396  -22.868  27.470 0.5000000000
42132  37.517  -22.624  28.717 0.6000000238
41183  37.436  -23.338  29.377 0.6000000238
40270  35.385  -24.458  31.186 0.6000000238
46961  36.329  -17.646  27.133 0.4000000060
43131  37.520  -21.419  26.213 0.4000000060
44064  37.576  -21.633  27.129 0.4000000060
43115  37.524  -22.049  27.972 0.5000000000
119653  36.730  -22.901  29.925 0.6000000238
40271  34.416  -24.063  31.221 0.6999999881
47859  37.188  -16.713  25.951 0.4000000060
43123  37.101  -21.240  27.841 0.5000000000
41168  34.633  -23.177  30.932 0.6999999881
46978  37.192  -17.306  25.330 0.4000000060
44073  37.166  -20.794  26.882 0.4000000060
115807  36.747  -20.423  27.741 0.4000000060
41169  33.715  -23.270  30.901 0.6999999881
124877  26.161  -27.980  23.769 0.6999999881
46990  37.071  -18.069  23.981 0.4000000060
45081  36.766  -19.294  26.564 0.4000000060
41186  31.808  -23.158  29.708 0.6999999881
41185  32.354  -23.299  30.258 0.6999999881
112883  36.805  -18.677  26.049 0.4000000060
37993  27.199  -27.288  23.810 0.8999999762
41196  31.118  -23.364  28.370 0.8999999762
121820  28.184  -25.849  25.413 1.0000000000
37979  27.614  -27.201  24.609 1.0000000000
130850  30.770  -23.504  27.788 1.0000000000
38763  27.840  -26.485  25.051 1.0000000000
41215  30.330  -23.460  26.680 1.0000000000
39514  28.241  -25.260  24.917 1.0000000000
38768  27.784  -25.862  24.687 1.0000000000
130945  30.024  -22.529  24.650 0.8999999762
42169  30.093  -23.007  25.044 1.0000000000
41227  29.693  -23.774  25.405 1.0000000000
40337  29.133  -24.212  24.818 1.0000000000
41235  29.533  -23.487  24.468 1.0000000000
41236  28.891  -23.878  23.941 0.8999999762
114886  29.788  -22.814  24.226 1.0000000000
41247  29.318  -23.162  23.504 0.8999999762
38738  38.145  -26.127  28.211 0.6000000238
38739  37.504  -26.427  28.664 0.6999999881
38727  37.298  -26.000  29.381 0.6999999881
39479  37.838  -25.608  28.892 0.6999999881
39470  37.477  -25.163  29.539 0.6999999881
40301  38.432  -24.264  28.413 0.6000000238
129915  37.906  -23.997  29.026 0.6000000238
40288  37.052  -24.732  30.134 0.6999999881
40287  37.510  -24.286  29.567 0.6999999881
41184  36.971  -23.817  30.087 0.6000000238
41166  36.179  -23.422  30.541 0.6000000238
47847  36.871  -15.974  26.599 0.3000000119
41194  37.981  -23.410  28.578 0.6000000238
41167  35.359  -23.660  30.981 0.6000000238
121840  35.845  -17.162  27.549 0.4000000060
47836  35.643  -16.507  27.556 0.4000000060
42133  36.935  -21.757  28.812 0.6000000238
42122  36.468  -22.029  29.665 0.6000000238
42112  35.394  -22.850  30.669 0.6000000238
44055  36.538  -20.830  28.537 0.4000000060
42113  34.652  -22.508  30.667 0.6000000238
46101  35.599  -18.441  28.045 0.5000000000
45073  36.477  -19.742  27.702 0.4000000060
111184  36.845  -19.893  27.103 0.4000000060
42114  33.811  -22.412  30.607 0.6000000238
46100  36.123  -18.460  27.519 0.5000000000
110444  36.495  -19.171  27.302 0.4000000060
43093  33.013  -22.056  30.260 0.6000000238
46108  36.566  -18.510  26.843 0.4000000060
45074  35.949  -19.192  28.036 0.4000000060
37994  26.901  -27.693  23.580 0.8999999762
41195  31.407  -23.182  29.081 0.8999999762
123649  26.973  -26.941  23.662 0.8999999762
39526  27.265  -25.424  23.825 0.8999999762
38769  27.475  -26.501  24.269 0.8999999762
128306  30.612  -23.153  27.238 1.0000000000
42168  30.299  -22.650  25.747 1.0000000000
40338  28.353  -24.609  24.347 0.8999999762
127321  29.633  -22.513  23.569 1.0000000000
42193  29.386  -22.558  22.845 1.0000000000
43173  29.693  -21.905  23.127 1.0000000000
43185  29.439  -22.003  22.187 0.8999999762
40302  37.965  -24.745  29.005 0.6999999881
49536  37.499  -14.624  25.828 0.3000000119
114316  36.200  -16.017  27.266 0.3000000119
42123  36.027  -22.424  30.273 0.6000000238
46963  35.109  -17.146  28.000 0.5000000000
46956  34.378  -17.486  28.482 0.4000000060
43102  36.204  -21.156  29.350 0.5000000000
43103  35.754  -21.586  29.956 0.5000000000
43104  35.038  -21.405  30.110 0.5000000000
46955  35.056  -17.973  28.352 0.5000000000
44042  35.936  -20.457  28.954 0.5000000000
44043  35.199  -20.652  29.577 0.5000000000
45065  34.649  -19.099  29.034 0.5000000000
45064  35.372  -19.711  28.832 0.5000000000
42115  32.985  -22.834  30.509 0.6000000238
46092  35.171  -18.785  28.552 0.5000000000
42124  32.336  -22.591  29.940 0.6999999881
45054  33.696  -19.773  29.518 0.5000000000
45053  34.511  -19.755  29.353 0.5000000000
42125  31.700  -22.485  29.323 0.6000000238
42134  31.329  -22.614  28.545 0.8999999762
42146  30.698  -22.353  27.325 0.8999999762
42177  30.193  -22.174  25.149 0.8999999762
42157  30.460  -22.700  26.548 0.8999999762
39515  27.751  -25.272  24.270 0.8999999762
117510  29.938  -22.111  24.184 0.8000000119
43157  29.747  -21.219  23.907 0.6999999881
40348  28.116  -24.147  23.539 0.8999999762
41260  29.008  -22.995  22.764 0.8999999762
41248  28.619  -23.511  23.128 0.8999999762
125641  36.970  -14.789  26.570 0.3000000119
48670  36.340  -15.266  27.178 0.3000000119
48671  35.446  -15.638  27.538 0.4000000060
49521  35.611  -14.672  27.436 0.3000000119
47837  34.835  -16.333  27.853 0.3000000119
48672  34.503  -15.635  27.724 0.4000000060
128112  34.382  -16.828  28.213 0.4000000060
43090  35.280  -22.068  30.384 0.6000000238
46093  34.336  -18.329  28.835 0.5000000000
113621  33.760  -17.752  28.693 0.4000000060
119336  34.243  -21.027  30.108 0.5000000000
43091  34.486  -21.827  30.409 0.5000000000
121603  33.944  -19.026  29.280 0.5000000000
43092  33.746  -21.691  30.352 0.5000000000
44044  33.477  -20.516  29.766 0.5000000000
43105  33.196  -21.267  30.032 0.5000000000
45055  32.834  -19.989  29.435 0.5000000000
44045  32.599  -20.810  29.581 0.5000000000
44046  31.937  -21.061  29.248 0.6000000238
43116  31.532  -21.731  28.825 0.6000000238
44065  31.155  -20.669  27.943 0.6999999881
43124  31.239  -21.359  28.163 0.6999999881
42135  30.980  -22.847  27.840 0.6999999881
43125  30.759  -21.453  27.463 0.6999999881
40339  27.647  -24.758  23.795 0.8999999762
115900  30.375  -21.993  26.096 0.8999999762
126215  30.521  -21.947  26.833 0.8999999762
44103  29.828  -20.757  24.884 0.6999999881
41249  27.730  -23.648  22.932 0.8999999762
41261  28.309  -22.945  22.468 0.8999999762
111737  29.628  -21.352  22.365 1.0000000000
49522  34.738  -14.397  27.475 0.3000000119
47822  33.664  -17.018  28.369 0.4000000060
48673  33.703  -15.595  27.687 0.3000000119
46957  33.101  -17.651  28.565 0.4000000060
116746  34.041  -16.257  28.043 0.4000000060
47838  33.255  -16.320  27.879 0.4000000060
45066  33.073  -19.154  29.275 0.4000000060
46958  32.265  -17.789  28.251 0.4000000060
45067  32.212  -19.481  28.997 0.4000000060
46095  32.413  -18.581  28.754 0.4000000060
45068  31.571  -19.999  28.523 0.5000000000
44066  30.611  -20.550  27.231 0.6000000238
43132  30.409  -21.260  26.648 0.8000000119
43142  30.145  -21.206  25.675 0.6999999881
44104  29.626  -20.281  24.227 0.6999999881
42204  29.032  -22.524  22.218 0.8999999762
42205  28.506  -22.313  21.880 0.8999999762
44133  29.728  -20.573  21.758 0.8999999762
43192  29.403  -21.315  21.471 0.8000000119
42211  29.058  -22.017  21.666 0.8000000119
45134  30.034  -19.686  21.208 0.6999999881
119378  29.935  -19.631  20.679 0.8000000119
50404  34.594  -13.575  27.338 0.3000000119
49524  33.451  -14.870  27.362 0.3000000119
47839  32.443  -16.454  27.572 0.3000000119
48674  32.817  -15.591  27.367 0.4000000060
46964  32.177  -17.105  27.755 0.4000000060
46965  31.719  -17.493  27.594 0.5000000000
127433  31.880  -18.379  28.318 0.5000000000
46102  30.918  -18.998  27.367 0.5000000000
46968  31.190  -17.660  26.970 0.5000000000
45075  31.066  -19.823  27.706 0.5000000000
46109  30.843  -18.347  26.958 0.5000000000
45076  30.513  -19.741  26.956 0.6000000238
44075  30.302  -20.449  26.425 0.6999999881
44086  30.013  -20.262  25.640 0.6999999881
44087  29.699  -20.031  25.021 0.6999999881
45094  29.630  -19.478  24.660 0.6999999881
45108  29.569  -19.636  23.690 0.6999999881
46132  29.621  -18.860  24.232 0.6999999881
45122  29.719  -19.764  22.487 0.8000000119
46155  29.896  -18.949  22.172 0.6999999881
50403  35.459  -13.318  27.336 0.3000000119
51271  34.238  -12.950  27.145 0.3000000119
49537  33.305  -14.143  26.998 0.4000000060
49538  32.748  -14.783  26.917 0.4000000060
47848  32.013  -15.972  26.963 0.4000000060
47840  31.650  -16.823  27.125 0.4000000060
47849  31.433  -16.313  26.283 0.3000000119
46979  31.016  -17.101  26.279 0.5000000000
46110  30.422  -18.955  26.459 0.6000000238
46969  30.566  -17.995  26.201 0.5000000000
46980  30.556  -17.362  25.480 0.4000000060
45082  30.251  -19.750  26.229 0.6999999881
118733  30.211  -18.643  25.714 0.6999999881
45093  29.962  -19.398  25.561 0.6999999881
128584  29.814  -18.770  25.051 0.6999999881
126929  29.899  -18.298  24.616 0.6000000238
121004  32.654  -14.088  26.437 0.3000000119
48688  32.286  -15.329  26.776 0.3000000119
48689  31.762  -15.565  26.273 0.3000000119
49539  32.091  -14.799  26.194 0.3000000119
129552  31.605  -15.255  25.655 0.3000000119
49554  31.688  -14.668  25.322 0.3000000119
47860  30.906  -16.584  25.545 0.3000000119
48711  31.281  -15.330  24.972 0.4000000060
46120  30.215  -18.104  25.286 0.5000000000
47861  30.544  -16.870  24.911 0.5000000000
47871  30.802  -16.098  24.736 0.5000000000
46991  30.198  -17.583  24.541 0.6000000238
46131  29.794  -18.223  23.849 0.6000000238
52202  34.442  -11.440  26.720 0.4000000060
118535  33.887  -11.972  26.603 0.3000000119
50413  33.169  -13.428  26.579 0.3000000119
51298  33.370  -12.058  26.204 0.3000000119
50414  32.591  -13.402  25.973 0.3000000119
49553  32.162  -14.048  25.682 0.3000000119
50433  32.255  -13.382  25.180 0.3000000119
50434  31.801  -13.996  24.844 0.3000000119
49563  31.381  -14.664  24.466 0.4000000060
47872  30.385  -16.778  24.090 0.6000000238
48718  30.920  -15.347  24.149 0.4000000060
48712  30.587  -16.042  23.738 0.5000000000
47003  30.107  -17.536  23.291 0.6000000238
46166  30.169  -18.346  20.763 0.6999999881
44145  29.579  -19.729  20.624 0.8000000119
53052  34.738  -10.538  26.589 0.4000000060
52203  33.702  -11.379  26.321 0.3000000119
52221  33.280  -11.483  25.802 0.3000000119
51299  32.872  -12.121  25.467 0.3000000119
51316  32.402  -12.648  24.721 0.3000000119
50448  31.977  -13.338  24.325 0.4000000060
116461  31.549  -13.960  23.967 0.4000000060
49574  31.062  -14.622  23.527 0.4000000060
48719  30.684  -15.400  23.264 0.4000000060
47881  30.352  -16.663  23.107 0.5000000000
49575  30.734  -14.891  22.766 0.4000000060
46143  29.865  -18.324  22.929 0.6000000238
123226  30.465  -16.005  22.921 0.4000000060
46167  30.189  -18.910  21.189 0.6999999881
47890  30.308  -16.442  22.065 0.4000000060
48738  30.297  -15.899  21.483 0.4000000060
47025  30.241  -17.350  21.299 0.6000000238
47899  30.201  -16.595  20.982 0.5000000000
46177  30.019  -18.195  20.505 0.6000000238
45147  30.051  -18.818  20.468 0.6999999881
115608  29.739  -18.358  20.493 0.6999999881
111580  35.128  -9.641  26.455 0.3000000119
53071  33.496  -10.659  25.872 0.3000000119
52222  32.986  -11.211  25.038 0.3000000119
51315  32.622  -11.907  24.679 0.3000000119
132249  32.120  -12.762  23.934 0.4000000060
50459  31.700  -13.216  23.429 0.3000000119
51326  32.026  -12.434  23.321 0.3000000119
123494  31.324  -13.882  23.247 0.3000000119
50472  31.313  -13.498  22.627 0.3000000119
48728  30.477  -15.508  22.298 0.4000000060
49586  31.004  -14.240  22.669 0.3000000119
50473  30.938  -13.885  21.905 0.3000000119
49587  30.593  -14.681  21.933 0.3000000119
127669  30.550  -14.179  21.287 0.3000000119
130245  30.353  -15.298  21.496 0.3000000119
49598  30.295  -14.785  21.021 0.4000000060
48747  30.099  -15.682  20.870 0.5000000000
47035  29.781  -17.575  20.512 0.5000000000
53990  33.877  -9.053  25.815 0.3000000119
53991  33.512  -9.751  25.583 0.3000000119
53086  33.209  -10.357  25.074 0.3000000119
52236  32.589  -11.429  24.133 0.3000000119
52249  31.922  -11.993  22.639 0.3000000119
50486  31.202  -13.121  21.887 0.3000000119
50487  30.725  -13.514  21.188 0.3000000119
131192  29.777  -15.683  20.606 0.4000000060
129545  29.872  -16.590  20.593 0.5000000000
47909  29.128  -16.827  20.531 0.5000000000
124594  33.518  -9.118  25.254 0.3000000119
54008  33.197  -9.614  24.660 0.3000000119
53087  32.821  -10.534  24.195 0.3000000119
128589  32.512  -11.053  23.517 0.3000000119
52248  32.304  -11.714  23.372 0.3000000119
52257  31.776  -11.547  21.902 0.3000000119
120001  31.454  -12.334  21.894 0.3000000119
50498  30.218  -14.035  20.638 0.4000000060
49607  29.937  -14.946  20.611 0.4000000060
49608  29.256  -15.122  20.490 0.4000000060
50499  29.478  -14.227  20.395 0.4000000060
48748  29.201  -15.972  20.524 0.5000000000
48749  28.313  -15.362  20.555 0.4000000060
54875  34.950  -8.220  26.149 0.3000000119
54896  34.259  -8.297  25.777 0.3000000119
54918  33.047  -9.038  24.128 0.3000000119
54009  32.814  -9.676  23.733 0.3000000119
53107  32.557  -10.399  23.215 0.3000000119
52256  32.269  -11.157  22.695 0.3000000119
53122  32.092  -10.896  21.927 0.3000000119
51344  31.012  -12.735  21.113 0.3000000119
52267  31.289  -11.916  21.079 0.3000000119
51345  30.515  -13.106  20.481 0.4000000060
118255  34.485  -6.809  25.334 0.3000000119
54897  33.723  -8.477  25.287 0.3000000119
124508  33.514  -8.106  24.762 0.3000000119
54917  33.358  -8.765  24.704 0.3000000119
54933  32.827  -8.874  23.420 0.3000000119
54949  32.723  -8.689  22.562 0.3000000119
54024  32.610  -9.591  22.752 0.3000000119
53121  32.385  -10.382  22.361 0.3000000119
130186  32.454  -9.856  21.997 0.3000000119
55776  33.975  -7.624  25.192 0.3000000119
54932  33.108  -8.242  24.101 0.3000000119
55812  33.420  -6.863  23.956 0.3000000119
129507  33.150  -7.535  23.773 0.3000000119
55813  32.844  -8.025  23.249 0.3000000119
53132  32.190  -10.341  21.575 0.3000000119
53133  31.625  -10.996  21.081 0.3000000119
56687  33.906  -6.817  24.694 0.3000000119
56707  33.791  -6.135  24.179 0.3000000119
55831  32.987  -7.105  23.055 0.3000000119
56729  33.400  -6.223  23.386 0.4000000060
55832  32.770  -7.870  22.319 0.3000000119
54039  32.589  -9.241  21.943 0.3000000119
124048  33.123  -6.326  22.501 0.4000000060
56744  32.841  -7.074  21.987 0.4000000060
57654  33.713  -5.486  23.663 0.3000000119
33899  29.319  -32.936  29.685 1.0000000000
33915  29.111  -32.202  29.180 1.0000000000
44120  29.647  -20.620  23.056 0.6999999881
46154  30.079  -18.073  21.948 0.6999999881
30308  36.737  -36.904  22.043 0.6000000238
29338  36.347  -37.286  21.909 0.6000000238
27395  36.004  -39.244  24.481 0.5000000000
26452  35.538  -40.134  24.951 0.5000000000
30274  35.401  -36.274  26.141 0.4000000060
32084  36.074  -34.856  25.668 0.5000000000
29305  34.889  -37.759  26.467 0.4000000060
30255  32.485  -36.454  28.374 0.8999999762
126700  32.464  -33.073  22.903 0.6999999881
32059  35.993  -34.017  27.029 0.5000000000
33043  33.759  -34.007  26.142 0.8000000119
133170  34.751  -37.528  27.040 0.4000000060
33065  32.858  -33.076  23.886 0.6999999881
33940  36.563  -32.721  26.178 0.4000000060
31134  32.109  -34.771  30.369 0.8000000119
34829  32.819  -31.571  21.660 0.6000000238
34801  36.182  -31.090  24.823 0.4000000060
34781  36.833  -31.718  26.324 0.4000000060
35579  35.788  -30.691  24.073 0.5000000000
35610  33.393  -30.175  21.862 0.6999999881
36378  28.787  -28.933  27.832 1.0000000000
34723  33.181  -31.567  30.516 0.8000000119
37181  34.959  -29.086  30.001 0.6999999881
40290  30.970  -24.591  29.065 1.0000000000
37197  35.475  -28.348  27.480 0.6000000238
42167  38.851  -22.125  25.371 0.4000000060
37232  26.980  -29.082  23.673 1.0000000000
43141  37.542  -21.266  25.360 0.4000000060
41226  30.164  -23.294  25.960 1.0000000000
130578  38.957  -22.934  26.581 0.4000000060
42156  38.080  -22.006  26.592 0.5000000000
41214  38.817  -23.219  27.171 0.5000000000
110710  36.714  -17.870  26.327 0.4000000060
118731  34.253  -20.319  29.708 0.5000000000
44057  31.555  -20.840  28.691 0.6000000238
115409  31.593  -19.039  28.262 0.5000000000
46096  31.453  -18.232  27.691 0.5000000000
46144  29.643  -18.934  23.270 0.6999999881
47014  30.211  -17.195  22.358 0.6000000238
114682  31.638  -39.006  26.848 0.5000000000
28297  31.321  -38.817  27.799 0.5000000000
26454  31.419  -40.265  25.682 0.5000000000
27375  31.290  -39.935  26.700 0.5000000000
26468  31.580  -40.566  24.052 0.5000000000
27385  31.797  -39.477  25.386 0.5000000000
120890  31.645  -39.524  26.135 0.5000000000
27402  31.954  -39.822  23.949 0.5000000000
27401  32.452  -39.640  23.312 0.4000000060
27396  32.292  -39.041  23.796 0.5000000000
27407  33.025  -39.365  22.821 0.4000000060
114742  32.645  -38.832  23.043 0.5000000000
33962  26.606  -32.265  24.557 0.6999999881
114540  26.228  -33.017  24.671 0.6999999881
33067  26.827  -32.907  25.174 0.8000000119
33044  27.455  -33.292  26.515 0.8000000119
33053  27.101  -33.645  25.709 0.8000000119
33963  26.077  -32.189  24.189 0.6999999881
117457  27.354  -32.621  25.971 0.8999999762
33953  27.101  -32.118  25.165 0.8999999762
33942  27.699  -31.901  26.650 0.8999999762
34805  26.424  -31.565  24.062 0.6000000238
111860  27.432  -31.712  25.815 0.8999999762
34784  27.742  -31.124  26.366 0.8999999762
35556  28.107  -30.529  26.821 0.8999999762
37977  36.432  -27.706  24.151 0.5000000000
37978  35.689  -27.940  24.483 0.5000000000
37214  35.178  -28.408  24.838 0.5000000000
37230  35.029  -28.058  22.697 0.6000000238
37221  35.113  -28.279  23.785 0.5000000000
36436  33.938  -29.049  22.142 0.6000000238
35596  26.228  -30.808  23.674 0.6000000238
35583  26.815  -30.853  24.144 0.8999999762
127193  27.276  -31.476  25.137 0.8999999762
34804  26.950  -31.565  24.574 0.8999999762
34795  27.514  -30.976  25.544 0.8999999762
35557  27.757  -30.343  26.054 0.8999999762
112020  37.105  -27.649  25.636 0.5000000000
132109  36.946  -27.656  26.303 0.5000000000
37965  37.212  -27.632  24.782 0.5000000000
37967  35.649  -27.961  25.398 0.5000000000
37966  36.386  -27.744  25.063 0.5000000000
117066  27.277  -30.897  24.755 0.8999999762
35570  27.527  -30.230  25.144 0.8999999762
36388  27.737  -29.432  25.680 0.8999999762
37953  37.736  -27.562  26.320 0.5000000000
37954  36.327  -27.706  26.594 0.5000000000
111077  37.966  -27.569  25.455 0.5000000000
111075  38.118  -27.573  24.522 0.5000000000
35582  27.213  -30.182  24.345 0.8999999762
36400  27.455  -29.497  24.641 0.8999999762
37952  38.722  -27.330  26.181 0.5000000000
128350  38.207  -27.339  27.031 0.5000000000
38753  39.430  -26.703  26.425 0.4000000060
37980  25.414  -27.464  24.305 0.6000000238
38770  25.449  -26.765  24.336 0.6000000238
37995  26.283  -27.068  23.937 0.8000000119
39516  24.997  -26.058  24.428 0.6999999881
118153  24.907  -24.915  24.439 0.6999999881
38781  25.878  -26.330  24.189 0.6999999881
40351  25.975  -24.632  24.086 0.6999999881
120470  25.282  -23.853  24.366 0.6999999881
39527  26.787  -25.436  23.753 0.8000000119
132689  26.416  -25.046  23.840 0.8000000119
38779  27.121  -26.272  23.818 0.8000000119
41251  26.263  -23.830  23.772 0.6999999881
41250  26.946  -23.778  23.108 0.8000000119
127293  27.135  -24.900  23.577 0.8000000119
125614  26.807  -22.511  22.769 0.6000000238
40349  27.359  -24.324  23.339 0.8000000119
120781  27.306  -22.218  22.225 0.6000000238
43186  27.403  -21.442  22.037 0.6000000238
115357  26.829  -20.863  22.824 0.6000000238
41262  27.283  -22.972  22.570 0.8000000119
43194  28.012  -21.895  21.642 0.6000000238
44134  27.380  -20.233  22.247 0.6000000238
42206  27.837  -22.475  22.091 0.6999999881
44140  28.248  -21.082  21.314 0.6000000238
45149  28.915  -19.446  20.739 0.6999999881
45150  28.131  -19.730  21.495 0.6000000238
133347  28.201  -20.470  21.329 0.6000000238
46168  28.947  -18.546  20.719 0.6000000238
43193  28.714  -21.576  21.335 0.6999999881
118904  28.961  -21.007  20.929 0.6999999881
27405  34.752  -39.494  22.345 0.4000000060
27406  33.777  -39.162  22.589 0.5000000000
112677  33.361  -38.517  22.667 0.5000000000
27397  32.039  -39.288  24.591 0.5000000000
26464  31.668  -40.025  24.718 0.5000000000
38780  26.614  -26.275  23.870 0.8000000119
25558  31.369  -40.705  24.793 0.5000000000
26467  32.076  -40.397  23.441 0.5000000000
37992  35.683  -27.814  23.476 0.5000000000
39528  25.973  -25.524  24.118 0.6999999881
113364  26.572  -23.087  23.243 0.6999999881
36410  36.936  -29.678  23.928 0.4000000060
36423  37.773  -29.531  23.393 0.4000000060
36425  35.965  -29.782  22.388 0.4000000060
36424  36.877  -29.645  22.900 0.4000000060
36435  35.359  -29.554  21.586 0.5000000000
36422  38.748  -29.499  23.367 0.4000000060
37241  35.288  -28.589  21.149 0.5000000000
129393  34.310  -28.821  21.652 0.5000000000
36444  36.697  -29.285  21.141 0.5000000000
36434  36.793  -29.563  21.828 0.4000000060
132585  38.309  -29.553  22.604 0.4000000060
117970  37.604  -29.576  22.252 0.4000000060
119509  39.133  -29.642  22.387 0.4000000060
37237  35.094  -27.922  21.758 0.5000000000
118376  35.747  -29.172  21.191 0.5000000000
36442  38.391  -29.610  20.998 0.4000000060
36432  39.100  -29.719  21.383 0.4000000060
35625  41.720  -29.966  19.931 0.4000000060
35618  40.368  -30.058  20.551 0.4000000060
125594  39.764  -29.778  21.841 0.4000000060
115349  42.097  -30.463  20.341 0.4000000060
35608  40.838  -30.382  21.094 0.4000000060
130934  35.295  -28.003  21.231 0.5000000000
37240  35.820  -27.949  20.950 0.5000000000
37247  36.931  -28.638  20.790 0.4000000060
39548  46.393  -25.860  19.710 0.3000000119
36453  37.591  -29.268  20.949 0.4000000060
38800  45.971  -26.509  19.566 0.3000000119
36451  38.831  -29.283  20.562 0.4000000060
38026  46.689  -27.257  19.186 0.3000000119
38027  45.653  -27.188  19.410 0.3000000119
37251  44.028  -27.836  19.278 0.3000000119
118723  43.470  -28.525  19.386 0.3000000119
36460  42.235  -29.242  19.637 0.4000000060
36461  40.853  -29.692  19.939 0.4000000060
36450  39.573  -29.614  20.613 0.4000000060
37250  45.126  -28.389  19.442 0.3000000119
36459  43.055  -29.326  19.653 0.4000000060
128348  36.352  -27.506  22.206 0.4000000060
38011  36.513  -27.726  21.042 0.4000000060
37246  37.736  -28.467  20.679 0.4000000060
38021  37.130  -27.921  20.861 0.4000000060
39541  45.880  -25.225  19.991 0.3000000119
39551  43.963  -25.590  18.975 0.3000000119
38801  45.050  -26.390  19.373 0.3000000119
125132  43.692  -26.778  18.949 0.3000000119
121455  42.995  -27.419  18.968 0.3000000119
125072  41.361  -27.855  19.433 0.4000000060
119611  41.438  -28.965  19.628 0.4000000060
36462  40.031  -29.228  20.099 0.4000000060
38028  44.698  -27.203  19.295 0.3000000119
37253  41.949  -28.418  19.379 0.3000000119
38003  35.651  -27.655  22.403 0.4000000060
38789  42.594  -26.359  20.574 0.3000000119
126455  41.664  -26.732  20.931 0.3000000119
38008  39.685  -27.053  20.281 0.4000000060
112066  40.197  -27.273  21.417 0.4000000060
111158  39.024  -27.444  20.446 0.4000000060
38010  37.389  -27.611  21.096 0.4000000060
39543  43.953  -25.176  19.652 0.3000000119
38794  42.839  -26.416  19.427 0.3000000119
38018  40.980  -26.802  19.868 0.3000000119
38019  40.113  -26.896  19.942 0.4000000060
119224  39.582  -27.128  20.087 0.4000000060
38020  38.068  -27.766  20.810 0.4000000060
38793  43.515  -25.894  19.118 0.3000000119
38017  41.991  -26.715  19.751 0.3000000119
38030  40.686  -27.165  19.653 0.4000000060
38031  39.900  -27.324  19.837 0.4000000060
37245  38.602  -28.212  20.371 0.4000000060
133076  43.665  -26.119  18.908 0.3000000119
38029  42.409  -26.925  19.098 0.3000000119
37254  40.537  -28.338  19.657 0.4000000060
119761  39.291  -28.731  20.147 0.4000000060
37975  38.786  -27.549  24.110 0.4000000060
37989  38.836  -27.578  23.156 0.4000000060
37976  37.248  -27.614  23.814 0.4000000060
37991  36.424  -27.611  23.141 0.4000000060
37999  40.651  -27.327  22.415 0.3000000119
38000  39.818  -27.499  22.637 0.4000000060
38001  38.619  -27.461  21.959 0.4000000060
37990  37.235  -27.534  22.659 0.4000000060
38007  41.061  -27.100  21.783 0.4000000060
38009  38.297  -27.457  21.042 0.4000000060
113224  36.798  -27.535  21.570 0.4000000060
42195  25.597  -22.805  24.173 0.6000000238
43187  26.731  -21.723  22.882 0.5000000000
42194  26.227  -22.178  23.656 0.5000000000
46169  28.090  -18.748  21.520 0.5000000000
47036  29.020  -17.671  20.620 0.4000000060
120444  32.199  -9.309  20.458 0.3000000119
54070  31.878  -9.254  19.489 0.3000000119
53152  31.166  -10.378  19.107 0.3000000119
55850  32.775  -7.799  21.393 0.3000000119
124455  32.476  -9.047  21.272 0.3000000119
54979  32.409  -8.560  19.726 0.3000000119
54980  31.835  -8.883  18.767 0.3000000119
54064  31.428  -9.629  18.857 0.3000000119
54077  31.139  -9.105  18.248 0.3000000119
56743  33.011  -6.364  21.614 0.3000000119
56756  32.942  -7.074  21.045 0.3000000119
55859  32.857  -7.807  20.440 0.3000000119
54987  32.421  -8.203  18.725 0.3000000119
55872  31.822  -8.026  17.622 0.3000000119
54995  30.134  -7.955  17.605 0.3000000119
117766  33.192  -5.745  22.094 0.3000000119
56755  33.138  -6.341  20.729 0.3000000119
56769  33.195  -7.086  20.116 0.3000000119
55866  32.889  -7.728  19.481 0.3000000119
56777  33.180  -7.042  19.212 0.3000000119
127394  32.854  -7.594  18.701 0.3000000119
118162  32.467  -7.774  17.937 0.3000000119
58549  33.362  -4.990  22.064 0.3000000119
121641  33.266  -4.819  21.096 0.3000000119
56768  33.399  -6.338  19.812 0.3000000119
56782  33.040  -7.070  18.308 0.3000000119
128870  32.618  -7.053  17.670 0.3000000119
56781  33.099  -6.337  17.795 0.3000000119
57693  33.319  -5.533  20.430 0.3000000119
57702  33.481  -5.505  19.452 0.3000000119
120780  33.317  -4.109  20.881 0.3000000119
130040  33.395  -4.588  20.078 0.3000000119
58583  33.553  -3.869  19.355 0.3000000119
117470  33.550  -4.723  18.960 0.3000000119
59508  33.386  -3.652  20.272 0.3000000119
59519  33.500  -3.190  19.672 0.3000000119
60389  33.446  -2.855  20.391 0.3000000119
35601  40.564  -30.016  21.866 0.4000000060
35577  37.067  -29.901  24.799 0.4000000060
36408  38.419  -29.512  24.405 0.4000000060
36420  40.238  -29.597  22.804 0.4000000060
36421  39.554  -29.498  23.333 0.4000000060
35616  42.916  -30.803  20.552 0.4000000060
35607  41.657  -30.638  21.098 0.4000000060
38799  47.527  -26.796  18.893 0.3000000119
38035  47.677  -27.702  18.563 0.3000000119
114860  46.212  -27.820  19.299 0.3000000119
133003  45.786  -28.989  19.430 0.3000000119
36458  44.370  -28.881  19.540 0.3000000119
118967  43.796  -29.345  19.698 0.3000000119
39547  47.445  -25.912  19.377 0.3000000119
39542  45.009  -25.029  19.619 0.3000000119
38788  43.311  -25.820  20.148 0.3000000119
40370  45.420  -24.654  20.226 0.3000000119
111076  39.310  -27.438  24.722 0.4000000060
37988  39.589  -27.507  23.900 0.4000000060
124878  40.694  -27.347  23.113 0.4000000060
38784  41.689  -26.706  22.258 0.3000000119
38783  42.384  -26.280  21.734 0.3000000119
37964  38.784  -27.479  25.211 0.4000000060
58559  33.437  -4.193  21.666 0.3000000119
59500  33.443  -3.375  21.247 0.3000000119
60379  33.529  -2.441  21.244 0.3000000119
39540  46.869  -25.266  19.983 0.3000000119
35590  36.204  -29.974  23.528 0.4000000060
36445  34.901  -29.226  21.395 0.5000000000
36452  38.222  -29.076  20.680 0.4000000060
39550  44.565  -25.600  19.269 0.3000000119
132252  38.087  -27.534  22.618 0.4000000060
124955  33.162  -5.618  21.351 0.3000000119
56776  33.386  -6.330  18.846 0.3000000119
57707  33.479  -5.562  18.441 0.3000000119
61322  33.511  -1.962  20.396 0.3000000119
35567  37.539  -30.132  25.589 0.3000000119
36397  38.363  -29.642  25.410 0.3000000119
29285  27.291  -37.576  29.019 0.6999999881
36407  39.373  -29.461  24.208 0.3000000119
30266  34.866  -36.622  27.792 0.3000000119
30276  26.710  -36.248  26.321 0.6999999881
35554  37.840  -30.423  26.419 0.3000000119
123471  26.994  -36.371  27.472 0.6999999881
29298  26.833  -37.204  28.003 0.6999999881
35553  38.646  -30.124  26.709 0.3000000119
36396  39.185  -29.465  25.202 0.3000000119
36384  39.802  -29.670  25.856 0.3000000119
35575  41.590  -30.227  24.273 0.3000000119
35565  40.672  -29.979  25.431 0.3000000119
36395  40.052  -29.539  24.918 0.3000000119
35600  42.535  -30.846  22.861 0.3000000119
35589  41.770  -30.207  23.278 0.3000000119
35576  40.886  -29.776  24.576 0.3000000119
32044  35.963  -33.898  27.979 0.3000000119
33927  37.240  -31.813  27.812 0.4000000060
121799  27.265  -34.879  26.639 0.6999999881
35541  38.195  -30.708  27.177 0.3000000119
34768  37.176  -31.580  27.095 0.3000000119
31185  27.119  -35.619  26.970 0.6999999881
35552  39.455  -30.074  26.657 0.3000000119
35551  40.436  -30.411  26.282 0.3000000119
35564  41.212  -30.659  25.635 0.3000000119
36406  40.218  -29.530  23.930 0.3000000119
34813  42.740  -31.444  23.618 0.3000000119
33027  36.304  -33.360  27.467 0.4000000060
133168  26.955  -34.584  25.724 0.6999999881
34752  38.600  -31.590  28.347 0.3000000119
34767  37.734  -31.270  27.536 0.3000000119
35539  39.935  -30.740  27.124 0.3000000119
34766  38.470  -31.164  27.861 0.3000000119
35550  41.108  -31.056  26.241 0.3000000119
119374  27.444  -35.085  27.552 0.6999999881
124733  41.607  -30.377  22.033 0.3000000119
36419  41.084  -29.855  22.725 0.3000000119
34821  43.114  -31.271  22.283 0.3000000119
34827  42.513  -30.896  21.577 0.3000000119
32076  27.364  -34.048  26.552 0.6999999881
33926  39.774  -31.743  28.069 0.3000000119
33924  41.071  -32.484  27.426 0.3000000119
34764  40.452  -31.566  27.430 0.3000000119
130055  42.866  -31.170  20.963 0.3000000119
33925  40.383  -32.200  27.919 0.3000000119
112230  42.197  -30.773  20.765 0.3000000119
37973  40.791  -26.922  24.367 0.3000000119
29286  26.740  -38.041  28.454 0.6999999881
131765  27.840  -38.038  29.604 0.6000000238
28285  27.304  -38.395  29.224 0.6000000238
31197  26.870  -35.479  25.943 0.6999999881
32045  35.727  -34.414  28.547 0.3000000119
33016  36.411  -33.326  28.463 0.4000000060
132395  26.771  -34.099  25.427 0.6999999881
33897  37.776  -32.648  29.135 0.4000000060
33912  37.448  -32.200  28.572 0.4000000060
33054  26.557  -33.655  25.160 0.6999999881
34751  39.163  -31.945  28.521 0.3000000119
33910  39.178  -32.685  28.972 0.3000000119
33014  39.799  -33.314  28.920 0.3000000119
35566  38.271  -29.902  26.090 0.3000000119
124601  40.564  -32.759  28.026 0.3000000119
33896  38.483  -32.933  29.345 0.3000000119
116192  30.339  -39.276  28.814 0.5000000000
26419  29.995  -40.431  28.270 0.5000000000
27365  31.093  -39.524  27.517 0.4000000060
23761  25.647  -43.168  28.161 0.4000000060
23770  24.938  -43.323  27.112 0.5000000000
118785  30.498  -39.765  28.148 0.4000000060
28298  30.843  -39.238  28.175 0.5000000000
27335  29.588  -39.291  29.353 0.5000000000
117366  23.900  -44.725  26.079 0.4000000060
22164  23.222  -45.236  25.330 0.4000000060
111533  25.390  -43.774  27.859 0.5000000000
28267  28.836  -38.969  29.669 0.4000000060
22952  23.393  -44.247  25.331 0.4000000060
23778  24.466  -43.179  26.014 0.4000000060
23769  25.241  -42.530  27.329 0.5000000000
23777  24.761  -42.641  26.439 0.4000000060
24637  25.763  -42.406  28.242 0.5000000000
129834  26.419  -40.147  28.648 0.4000000060
28268  28.063  -38.698  29.600 0.5000000000
27354  27.442  -39.143  29.305 0.4000000060
118964  26.841  -39.621  29.021 0.4000000060
112641  22.866  -44.596  25.097 0.4000000060
24670  20.808  -41.847  25.824 0.4000000060
24658  24.439  -42.385  25.646 0.4000000060
27389  22.153  -40.149  25.463 0.4000000060
24649  24.929  -41.859  26.377 0.5000000000
112695  22.826  -41.066  25.302 0.4000000060
25540  25.365  -41.034  26.914 0.5000000000
133575  24.434  -39.654  24.963 0.4000000060
27388  23.534  -39.916  25.130 0.4000000060
25525  25.495  -41.799  27.658 0.5000000000
26435  25.804  -40.389  27.803 0.5000000000
112155  23.615  -38.294  25.230 0.4000000060
25539  25.781  -41.186  28.058 0.5000000000
27366  26.127  -39.366  27.948 0.6000000238
28286  26.725  -38.839  28.759 0.5000000000
127761  21.154  -42.483  25.631 0.4000000060
25563  21.824  -41.519  25.521 0.4000000060
23787  23.417  -43.435  25.258 0.4000000060
25550  24.994  -41.065  25.700 0.5000000000
128468  24.507  -41.599  25.430 0.4000000060
128960  23.623  -40.607  25.137 0.4000000060
26456  24.483  -40.355  25.074 0.4000000060
28299  26.102  -38.613  27.220 0.5000000000
29318  24.536  -37.543  25.184 0.4000000060
24669  22.238  -42.289  25.371 0.4000000060
24667  24.013  -42.140  25.196 0.4000000060
25562  23.278  -41.898  25.178 0.4000000060
25561  24.067  -41.269  25.143 0.4000000060
26446  25.449  -39.922  26.121 0.5000000000
27387  24.953  -39.644  24.914 0.4000000060
28320  24.713  -39.008  24.912 0.4000000060
27367  25.669  -39.820  27.074 0.5000000000
113503  24.879  -38.268  24.967 0.4000000060
132184  26.380  -38.532  27.982 0.6000000238
22959  22.740  -43.920  25.171 0.4000000060
24668  23.386  -42.663  25.204 0.4000000060
132606  25.276  -40.551  26.085 0.5000000000
26455  25.063  -40.279  25.290 0.5000000000
131568  25.104  -39.155  24.931 0.5000000000
27376  25.701  -39.106  26.505 0.5000000000
27386  25.315  -39.325  25.301 0.5000000000
29317  25.441  -37.692  25.144 0.5000000000
29299  26.362  -37.859  27.307 0.6000000238
28308  26.014  -38.242  26.282 0.6000000238
28309  25.629  -38.570  25.558 0.5000000000
28319  25.299  -38.554  25.076 0.5000000000
28318  25.877  -37.761  25.394 0.6000000238
29307  26.272  -37.565  26.186 0.6000000238
30268  26.537  -37.006  26.839 0.6000000238
32097  25.897  -34.152  25.046 0.5000000000
31219  25.876  -34.881  25.134 0.6000000238
31208  26.376  -35.256  25.386 0.6000000238
111476  25.801  -35.914  25.219 0.5000000000
30287  25.324  -36.817  25.194 0.5000000000
30286  25.964  -36.921  25.214 0.5000000000
31209  24.906  -35.981  25.266 0.5000000000
33068  26.127  -33.749  24.947 0.5000000000
33069  25.587  -33.424  24.836 0.5000000000
32086  26.361  -34.371  25.208 0.6000000238
31198  26.335  -36.142  25.523 0.6000000238
27353  29.374  -40.078  29.024 0.4000000060
30277  26.328  -36.949  25.707 0.6000000238
114599  30.699  -40.268  27.424 0.5000000000
27352  29.962  -39.796  28.775 0.5000000000
22951  24.030  -43.752  25.615 0.4000000060
23786  24.046  -42.932  25.306 0.4000000060
119103  23.531  -39.172  25.166 0.4000000060
25560  24.637  -40.915  25.247 0.4000000060
23788  22.278  -43.086  25.322 0.4000000060
26457  21.169  -40.710  25.723 0.3000000119
128177  22.138  -39.395  25.438 0.3000000119
29319  22.809  -37.327  25.401 0.3000000119
28321  22.062  -38.668  25.435 0.3000000119
26436  25.486  -40.348  26.807 0.5000000000
27383  35.298  -39.438  25.330 0.5000000000
27403  37.406  -39.400  21.979 0.6000000238
28328  35.947  -37.903  24.472 0.5000000000
28337  37.231  -38.125  22.070 0.6999999881
29295  34.986  -36.964  26.862 0.4000000060
29315  35.318  -37.814  25.523 0.5000000000
29325  36.867  -37.587  23.340 0.6000000238
29333  32.679  -37.515  23.034 0.6000000238
30253  35.139  -35.861  28.016 0.3000000119
31206  33.364  -35.218  25.505 0.8000000119
31217  33.279  -34.939  24.856 0.8000000119
32010  31.424  -34.760  30.509 0.8999999762
32060  35.683  -34.576  27.638 0.3000000119
32074  35.795  -34.730  26.673 0.4000000060
32981  32.920  -33.525  30.280 0.6999999881
33013  40.397  -33.311  28.396 0.3000000119
33015  37.037  -32.862  28.965 0.4000000060
33088  32.554  -32.613  21.831 0.6000000238
33898  33.799  -32.739  29.577 0.8000000119
33909  39.926  -32.529  28.468 0.3000000119
33911  38.364  -32.162  28.822 0.3000000119
33913  36.726  -32.588  27.964 0.4000000060
34725  31.814  -31.453  30.706 0.8999999762
34753  37.950  -31.588  28.272 0.3000000119
34765  39.099  -31.309  28.057 0.3000000119
34779  40.693  -31.087  26.764 0.3000000119
34780  37.429  -31.053  26.774 0.3000000119
34800  41.862  -30.947  24.932 0.3000000119
34812  43.113  -31.469  22.945 0.3000000119
34830  32.509  -32.082  21.772 0.6000000238
35540  39.067  -30.648  27.437 0.3000000119
35542  34.842  -30.437  27.841 0.6000000238
35605  32.538  -31.265  21.880 0.6000000238
35617  41.348  -30.384  20.502 0.4000000060
35624  42.569  -30.091  19.996 0.4000000060
36385  38.963  -29.630  26.084 0.3000000119
36398  37.773  -29.702  24.915 0.3000000119
36405  41.031  -29.721  23.610 0.3000000119
36409  37.586  -29.617  24.287 0.4000000060
36412  27.166  -29.520  23.996 1.0000000000
36433  38.340  -29.634  21.744 0.4000000060
36440  39.889  -29.951  21.109 0.4000000060
36441  39.145  -29.739  20.935 0.4000000060
36443  37.583  -29.497  21.361 0.4000000060
36463  39.270  -27.628  19.995 0.4000000060
37231  34.534  -28.608  22.992 0.6000000238
37234  25.881  -28.790  23.689 0.6999999881
37238  34.525  -28.403  22.020 0.5000000000
37242  34.534  -28.989  21.437 0.6000000238
37249  46.190  -28.571  19.300 0.3000000119
37252  42.634  -28.418  19.309 0.3000000119
37987  40.412  -27.341  23.774 0.4000000060
38002  37.704  -27.477  21.714 0.4000000060
38012  35.838  -27.644  21.449 0.4000000060
38013  34.811  -28.420  21.457 0.5000000000
38022  36.439  -28.045  20.839 0.4000000060
38698  34.719  -26.523  31.317 0.6999999881
38711  36.368  -26.060  30.513 0.6999999881
38754  38.897  -26.979  26.932 0.4000000060
38802  44.140  -26.144  18.926 0.3000000119
38803  43.170  -26.562  18.961 0.3000000119
39549  45.433  -25.727  19.615 0.3000000119
40261  33.053  -24.988  31.188 0.6999999881
40319  40.208  -24.881  26.181 0.3000000119
40350  26.712  -24.584  23.559 0.8000000119
42145  31.144  -22.082  27.979 0.6999999881
42155  38.522  -22.592  26.910 0.4000000060
43106  32.275  -21.724  29.612 0.5000000000
43156  30.009  -21.519  24.759 0.6999999881
43174  26.155  -20.895  23.290 0.5000000000
44056  32.052  -20.334  29.164 0.6000000238
44118  37.428  -20.499  23.161 0.3000000119
44138  29.584  -20.384  20.901 0.6999999881
44139  28.847  -20.374  20.856 0.8000000119
45063  36.204  -20.047  28.320 0.4000000060
45132  36.711  -20.114  21.745 0.3000000119
45148  30.092  -19.166  20.636 0.8000000119
45156  29.997  -19.316  20.493 0.6999999881
46094  33.344  -18.337  28.956 0.4000000060
46119  36.972  -18.090  25.473 0.4000000060
46178  29.668  -19.092  20.514 0.6999999881
46962  35.684  -17.801  27.777 0.5000000000
47034  30.056  -17.506  20.652 0.6000000238
47823  32.807  -17.022  28.141 0.4000000060
47835  36.317  -16.719  27.133 0.4000000060
47858  37.355  -16.610  25.145 0.4000000060
48701  31.294  -15.862  25.562 0.3000000119
49523  33.986  -14.220  27.374 0.3000000119
50405  33.800  -13.485  27.108 0.3000000119
51284  33.674  -12.700  26.708 0.3000000119
51285  32.995  -12.741  26.128 0.3000000119
51325  32.363  -12.157  24.007 0.3000000119
51334  31.598  -12.750  22.640 0.3000000119
53053  34.023  -10.744  26.429 0.3000000119
54963  32.662  -8.513  21.729 0.3000000119
54972  32.556  -8.507  20.850 0.3000000119
54988  31.967  -8.563  17.977 0.3000000119
55797  33.497  -7.509  24.439 0.3000000119
110611  40.545  -26.876  20.450 0.3000000119
110936  39.192  -27.311  21.081 0.4000000060
111074  38.053  -27.588  23.507 0.4000000060
114443  22.053  -38.003  25.432 0.3000000119
115024  33.578  -39.738  22.684 0.5000000000
115426  36.315  -27.724  25.867 0.5000000000
115518  41.320  -30.260  25.021 0.3000000119
115945  42.130  -27.603  19.199 0.4000000060
116656  34.191  -14.950  27.573 0.3000000119
116985  36.036  -24.812  31.036 0.6999999881
117376  28.825  -26.999  27.495 1.0000000000
117774  41.565  -27.055  19.434 0.4000000060
118084  38.909  -24.190  27.793 0.6000000238
119119  34.887  -15.049  27.584 0.3000000119
119762  46.794  -26.468  19.358 0.3000000119
119971  39.623  -31.173  27.656 0.3000000119
120195  45.556  -27.850  19.392 0.3000000119
124484  36.720  -17.038  26.519 0.4000000060
125555  39.759  -28.221  19.840 0.4000000060
126087  31.459  -28.472  30.944 0.8000000119
127537  31.514  -23.652  29.506 0.8000000119
128151  36.120  -28.635  20.885 0.4000000060
128169  34.714  -30.330  29.311 0.6999999881
128559  34.199  -22.834  30.797 0.6000000238
128806  37.056  -22.505  29.344 0.6000000238
128939  27.404  -25.877  24.130 0.8999999762
129060  43.365  -31.427  21.567 0.3000000119
129084  36.097  -29.479  21.515 0.5000000000
129599  44.377  -25.174  19.437 0.3000000119
129945  36.517  -32.191  25.693 0.4000000060
130729  32.776  -18.077  28.673 0.4000000060
131165  36.091  -33.874  28.765 0.3000000119
131647  40.028  -25.306  26.411 0.3000000119
131655  32.542  -31.598  21.804 0.6000000238
131834  32.619  -12.859  25.511 0.3000000119
131870  38.764  -27.521  24.667 0.5000000000
132384  29.681  -21.301  23.097 1.0000000000
132463  32.405  -32.965  22.193 0.6000000238
133159  28.585  -21.971  21.567 0.8000000119
