#!ascii label  , from subject sub-v2s12x28896_ses-1 vox2ras=TkReg
808
49851  -21.663  -16.622  70.684 0.0000000000
63052  -39.179  -3.282  66.094 0.0000000000
66001  -46.093  0.273  58.630 0.0000000000
62183  -55.925  -4.989  54.411 0.0000000000
116764  -40.441  -9.079  67.561 0.0000000000
65084  -51.754  -1.114  55.298 0.0000000000
64239  -55.728  -1.814  47.656 0.0000000000
67988  -58.815  2.563  47.016 0.0000000000
62064  -42.624  -4.114  64.821 0.0000000000
65949  -47.264  -0.130  63.386 0.0000000000
65006  -42.696  -1.734  63.280 0.0000000000
51833  -21.939  -14.337  75.097 0.0000000000
50809  -27.447  -15.630  74.456 0.0000000000
49813  -32.012  -17.009  72.666 0.0000000000
124203  -35.800  -17.614  71.180 0.0000000000
49871  -39.795  -16.013  69.837 0.0000000000
54020  -41.916  -12.627  67.795 0.0000000000
58914  -43.917  -7.900  67.570 0.0000000000
65056  -51.232  -1.100  59.123 0.0000000000
68930  -59.408  4.240  44.596 0.0000000000
63042  -41.784  -2.051  67.098 0.0000000000
64972  -42.944  -0.666  65.880 0.0000000000
64033  -41.105  -1.617  64.609 0.0000000000
52951  -22.961  -13.797  72.314 0.0000000000
52930  -24.749  -13.842  75.015 0.0000000000
116687  -39.590  -13.627  69.532 0.0000000000
134673  -41.467  -14.651  68.381 0.0000000000
54008  -40.104  -12.285  69.494 0.0000000000
59901  -40.473  -6.417  67.391 0.0000000000
57893  -40.769  -8.080  69.157 0.0000000000
62011  -41.278  -4.610  68.429 0.0000000000
60997  -42.613  -5.328  66.780 0.0000000000
67845  -46.831  1.894  61.825 0.0000000000
65979  -49.193  0.329  60.864 0.0000000000
67904  -49.315  2.661  59.475 0.0000000000
64174  -54.148  -2.242  54.458 0.0000000000
64136  -54.696  -2.159  56.362 0.0000000000
61088  -55.135  -5.860  56.440 0.0000000000
122835  -55.628  -8.005  54.737 0.0000000000
63247  -60.120  -3.259  48.389 0.0000000000
61224  -58.937  -5.316  49.964 0.0000000000
124698  -40.231  -10.878  68.025 0.0000000000
62190  -52.634  -4.646  53.404 0.0000000000
66109  -57.776  0.198  47.965 0.0000000000
65158  -60.416  -1.787  47.024 0.0000000000
66179  -57.664  -0.396  43.569 0.0000000000
61031  -45.294  -5.651  62.819 0.0000000000
64036  -45.333  -2.144  64.766 0.0000000000
130069  -45.009  0.609  64.308 0.0000000000
50832  -21.925  -16.150  73.831 0.0000000000
48766  -28.544  -17.933  72.929 0.0000000000
49810  -29.510  -16.404  73.605 0.0000000000
117547  -30.324  -18.867  72.277 0.0000000000
46722  -32.808  -20.211  72.347 0.0000000000
45725  -35.088  -20.645  71.807 0.0000000000
46746  -37.688  -20.532  70.991 0.0000000000
48796  -38.112  -17.099  70.432 0.0000000000
48826  -42.110  -17.471  68.152 0.0000000000
133151  -40.494  -10.605  69.286 0.0000000000
55963  -43.111  -10.177  67.942 0.0000000000
54991  -46.141  -11.159  66.471 0.0000000000
57927  -45.769  -8.561  65.798 0.0000000000
58946  -43.505  -7.368  63.993 0.0000000000
67918  -52.273  1.838  56.982 0.0000000000
60132  -57.345  -5.976  50.615 0.0000000000
60075  -57.571  -6.614  53.556 0.0000000000
122618  -21.215  -16.670  72.885 0.0000000000
64010  -40.483  -1.729  67.153 0.0000000000
64963  -41.195  -0.828  66.773 0.0000000000
64031  -39.228  -2.333  65.082 0.0000000000
52983  -39.657  -13.180  69.460 0.0000000000
52984  -39.922  -12.781  69.521 0.0000000000
54007  -39.836  -12.534  69.411 0.0000000000
60995  -39.915  -4.503  66.434 0.0000000000
60985  -40.446  -5.517  67.908 0.0000000000
62022  -40.203  -4.032  67.391 0.0000000000
62024  -41.351  -3.720  68.133 0.0000000000
67887  -47.913  2.248  60.188 0.0000000000
66964  -47.444  1.339  58.771 0.0000000000
62193  -55.345  -4.207  54.432 0.0000000000
63184  -55.641  -3.398  55.105 0.0000000000
61123  -56.166  -4.900  54.983 0.0000000000
60043  -55.762  -6.491  55.553 0.0000000000
60044  -56.604  -6.288  54.825 0.0000000000
60184  -60.969  -5.862  47.940 0.0000000000
61226  -60.710  -5.528  49.146 0.0000000000
58141  -59.822  -8.155  49.100 0.0000000000
67089  -56.509  1.082  46.207 0.0000000000
67077  -57.895  1.409  47.818 0.0000000000
136104  -58.835  -0.444  47.746 0.0000000000
66125  -59.372  0.198  47.225 0.0000000000
65172  -59.900  -1.055  46.360 0.0000000000
67091  -59.451  1.704  46.486 0.0000000000
67122  -58.432  1.717  44.141 0.0000000000
62078  -43.810  -4.774  63.723 0.0000000000
62080  -45.640  -3.789  63.941 0.0000000000
63065  -43.975  -2.873  64.778 0.0000000000
64996  -43.139  -0.544  64.280 0.0000000000
65934  -44.108  -0.431  64.857 0.0000000000
65956  -43.929  -0.308  63.432 0.0000000000
66921  -44.909  0.521  62.736 0.0000000000
65016  -43.837  -1.749  61.413 0.0000000000
50819  -23.400  -15.907  73.819 0.0000000000
50797  -22.642  -14.998  75.365 0.0000000000
51835  -26.340  -14.557  74.625 0.0000000000
49823  -30.914  -16.203  72.695 0.0000000000
49811  -30.433  -16.683  73.212 0.0000000000
47715  -30.215  -18.198  73.096 0.0000000000
47716  -31.020  -18.409  72.841 0.0000000000
46728  -31.511  -19.981  72.129 0.0000000000
123179  -32.356  -19.046  72.722 0.0000000000
47733  -35.268  -18.996  71.867 0.0000000000
46731  -36.218  -19.995  71.479 0.0000000000
47735  -36.774  -19.138  71.239 0.0000000000
50871  -38.747  -14.906  70.386 0.0000000000
139759  -37.569  -15.281  70.593 0.0000000000
129466  -38.884  -16.893  70.277 0.0000000000
48797  -39.144  -17.972  70.196 0.0000000000
124781  -39.832  -18.109  69.690 0.0000000000
47767  -41.128  -18.995  69.125 0.0000000000
48825  -41.315  -17.051  68.831 0.0000000000
121752  -41.954  -14.354  67.841 0.0000000000
50897  -42.044  -15.508  67.929 0.0000000000
51939  -42.669  -14.406  67.407 0.0000000000
54021  -42.842  -12.923  67.197 0.0000000000
55960  -40.218  -10.674  68.978 0.0000000000
56982  -40.297  -9.478  68.702 0.0000000000
58907  -41.798  -7.498  68.680 0.0000000000
56971  -42.593  -9.408  68.317 0.0000000000
56983  -43.782  -9.414  67.752 0.0000000000
55975  -44.559  -10.504  67.104 0.0000000000
128822  -45.196  -9.680  67.020 0.0000000000
57908  -44.845  -8.124  66.970 0.0000000000
61007  -42.374  -5.105  65.602 0.0000000000
122571  -42.999  -6.565  65.504 0.0000000000
137218  -42.939  -5.848  64.260 0.0000000000
59951  -44.253  -6.160  62.873 0.0000000000
51844  -21.657  -14.241  73.159 0.0000000000
51832  -21.089  -14.759  75.320 0.0000000000
50802  -20.622  -15.321  75.482 0.0000000000
64054  -48.164  -2.749  63.085 0.0000000000
65010  -48.436  -1.621  62.397 0.0000000000
65992  -50.290  0.505  60.070 0.0000000000
66047  -50.435  -0.544  55.948 0.0000000000
66998  -50.988  1.047  57.131 0.0000000000
66032  -52.329  0.569  56.351 0.0000000000
62153  -54.148  -4.929  57.610 0.0000000000
63166  -53.517  -3.555  57.908 0.0000000000
61198  -58.794  -5.658  50.708 0.0000000000
61223  -57.454  -5.651  49.808 0.0000000000
61177  -58.052  -5.924  51.292 0.0000000000
117653  -57.582  -6.107  52.135 0.0000000000
60097  -58.488  -6.713  52.615 0.0000000000
58069  -56.968  -8.584  53.300 0.0000000000
68915  -57.694  3.192  45.531 0.0000000000
68902  -59.304  3.610  45.856 0.0000000000
69844  -58.551  5.227  44.473 0.0000000000
68945  -59.165  5.720  43.662 0.0000000000
63063  -42.410  -3.077  65.609 0.0000000000
64034  -43.682  -1.727  65.577 0.0000000000
64023  -42.298  -0.816  66.475 0.0000000000
64982  -41.808  -0.870  65.351 0.0000000000
64995  -42.099  -1.360  64.275 0.0000000000
51845  -22.428  -13.922  73.169 0.0000000000
52928  -23.099  -13.905  75.081 0.0000000000
51856  -26.806  -14.271  73.647 0.0000000000
50884  -39.496  -15.092  70.136 0.0000000000
49873  -40.904  -15.973  68.968 0.0000000000
51897  -40.679  -14.259  69.029 0.0000000000
123884  -40.577  -13.378  69.237 0.0000000000
54015  -41.317  -12.346  68.955 0.0000000000
58920  -40.525  -7.505  67.122 0.0000000000
136605  -40.467  -7.980  68.745 0.0000000000
58905  -40.585  -6.909  68.966 0.0000000000
58897  -40.671  -6.285  69.053 0.0000000000
59876  -42.848  -6.835  68.318 0.0000000000
115382  -44.026  -6.588  67.056 0.0000000000
60986  -42.565  -5.510  67.566 0.0000000000
118296  -42.061  -4.461  67.220 0.0000000000
51864  -22.150  -14.141  71.311 0.0000000000
66912  -47.085  1.565  62.718 0.0000000000
65959  -48.333  0.404  62.247 0.0000000000
67847  -48.092  2.082  61.597 0.0000000000
66934  -49.342  1.943  60.631 0.0000000000
124460  -50.894  0.982  59.604 0.0000000000
65100  -53.081  -1.619  54.674 0.0000000000
66034  -54.134  -0.458  55.489 0.0000000000
64156  -54.994  -1.729  54.987 0.0000000000
63177  -54.670  -3.926  56.703 0.0000000000
64230  -58.573  -2.457  47.878 0.0000000000
62258  -57.685  -4.160  48.625 0.0000000000
62243  -59.855  -4.377  49.209 0.0000000000
61199  -60.268  -5.872  49.990 0.0000000000
62049  -39.079  -4.006  65.363 0.0000000000
59924  -39.997  -5.827  65.021 0.0000000000
66013  -47.063  0.109  57.506 0.0000000000
65098  -51.007  -1.785  54.735 0.0000000000
64190  -52.566  -2.986  53.962 0.0000000000
63204  -52.862  -3.781  53.751 0.0000000000
130663  -54.265  -5.097  53.498 0.0000000000
65147  -57.240  -0.670  47.811 0.0000000000
64242  -59.004  -1.492  47.631 0.0000000000
125815  -60.879  -3.199  47.390 0.0000000000
62273  -60.275  -4.901  47.308 0.0000000000
68002  -59.430  2.069  45.513 0.0000000000
66164  -58.665  -0.075  44.977 0.0000000000
61025  -47.601  -4.991  62.964 0.0000000000
64038  -46.805  -2.846  63.868 0.0000000000
64986  -46.341  -1.303  64.286 0.0000000000
64025  -43.934  -1.104  65.454 0.0000000000
65936  -45.595  -0.367  64.481 0.0000000000
65948  -46.354  0.349  63.825 0.0000000000
66910  -45.609  1.050  63.068 0.0000000000
66932  -45.754  0.925  61.337 0.0000000000
63079  -39.564  -2.861  63.361 0.0000000000
63080  -40.546  -2.857  63.132 0.0000000000
64076  -43.465  -2.703  61.328 0.0000000000
49820  -21.890  -16.351  72.590 0.0000000000
50846  -22.744  -16.290  71.964 0.0000000000
47744  -28.740  -18.434  70.717 0.0000000000
124366  -26.785  -14.307  72.500 0.0000000000
51857  -27.485  -14.614  73.125 0.0000000000
50811  -28.788  -15.889  73.872 0.0000000000
47731  -29.686  -18.661  72.094 0.0000000000
46743  -33.277  -20.366  71.309 0.0000000000
45734  -34.310  -20.908  71.482 0.0000000000
49856  -35.719  -16.061  70.615 0.0000000000
127784  -36.929  -15.490  70.582 0.0000000000
48782  -36.553  -17.789  70.922 0.0000000000
48783  -37.435  -18.416  70.781 0.0000000000
46747  -38.525  -20.289  70.587 0.0000000000
49884  -41.743  -16.330  68.370 0.0000000000
54978  -39.990  -11.829  69.204 0.0000000000
54972  -40.407  -11.319  69.283 0.0000000000
134357  -41.300  -11.592  69.148 0.0000000000
126320  -40.806  -8.841  69.219 0.0000000000
55962  -41.906  -10.182  68.376 0.0000000000
54987  -42.572  -11.976  67.416 0.0000000000
54022  -43.548  -12.199  66.709 0.0000000000
54023  -44.766  -12.026  66.528 0.0000000000
57012  -46.060  -9.152  65.266 0.0000000000
58921  -44.280  -7.078  66.688 0.0000000000
57926  -44.723  -8.326  65.448 0.0000000000
57024  -44.660  -9.176  64.067 0.0000000000
57959  -44.453  -8.245  62.811 0.0000000000
49819  -21.264  -16.392  73.973 0.0000000000
66984  -49.768  1.616  57.913 0.0000000000
133672  -51.325  2.435  58.229 0.0000000000
66002  -52.052  0.438  58.615 0.0000000000
134579  -53.551  0.195  56.536 0.0000000000
66004  -53.102  -0.510  57.832 0.0000000000
121946  -51.670  -1.727  58.753 0.0000000000
61156  -53.791  -5.795  52.797 0.0000000000
61158  -55.593  -5.993  53.101 0.0000000000
62257  -56.631  -4.443  48.580 0.0000000000
61222  -56.631  -5.461  49.291 0.0000000000
60115  -55.824  -6.486  51.535 0.0000000000
60094  -56.184  -6.227  52.500 0.0000000000
60074  -57.097  -6.019  53.809 0.0000000000
59067  -57.185  -7.305  53.947 0.0000000000
64009  -39.702  -2.488  66.643 0.0000000000
136017  -40.005  -1.811  66.516 0.0000000000
64020  -39.332  -2.376  65.879 0.0000000000
53006  -39.688  -13.873  68.374 0.0000000000
52993  -39.693  -13.065  68.910 0.0000000000
131094  -39.433  -4.084  66.062 0.0000000000
62036  -39.704  -3.945  66.630 0.0000000000
63040  -39.791  -3.312  66.872 0.0000000000
64001  -40.327  -2.624  67.311 0.0000000000
125457  -46.399  0.935  59.275 0.0000000000
66948  -47.162  1.581  59.545 0.0000000000
66963  -46.722  0.934  58.830 0.0000000000
62182  -55.740  -4.152  54.821 0.0000000000
61124  -56.493  -5.537  54.644 0.0000000000
60183  -60.526  -6.128  48.018 0.0000000000
60161  -60.642  -6.486  48.552 0.0000000000
68001  -58.041  2.847  46.578 0.0000000000
67978  -58.505  1.686  47.692 0.0000000000
67065  -58.905  0.979  47.902 0.0000000000
67979  -59.124  1.913  47.392 0.0000000000
67078  -59.329  1.096  47.257 0.0000000000
67989  -59.252  2.796  46.590 0.0000000000
62065  -43.511  -3.995  64.344 0.0000000000
62066  -44.527  -3.693  64.216 0.0000000000
115507  -43.317  -1.107  63.071 0.0000000000
65007  -43.791  -1.093  62.302 0.0000000000
50796  -21.787  -15.013  75.759 0.0000000000
124228  -22.345  -14.470  75.377 0.0000000000
51836  -27.086  -14.834  74.561 0.0000000000
50801  -26.782  -15.063  74.763 0.0000000000
49824  -31.717  -16.325  72.539 0.0000000000
49812  -31.242  -16.916  72.839 0.0000000000
48758  -30.721  -17.575  73.091 0.0000000000
48759  -31.516  -17.708  72.814 0.0000000000
47717  -31.732  -18.465  72.728 0.0000000000
48767  -32.252  -17.812  72.726 0.0000000000
48781  -35.272  -17.995  71.603 0.0000000000
47734  -35.912  -18.740  71.431 0.0000000000
49860  -39.197  -15.947  70.235 0.0000000000
48806  -39.680  -17.031  69.796 0.0000000000
48807  -40.630  -17.802  69.302 0.0000000000
49872  -40.428  -16.553  69.385 0.0000000000
52996  -41.556  -13.284  68.253 0.0000000000
53008  -42.349  -13.594  67.570 0.0000000000
126361  -43.130  -13.905  67.028 0.0000000000
58908  -43.092  -7.696  68.371 0.0000000000
57895  -43.358  -8.583  68.189 0.0000000000
128709  -44.464  -9.772  67.377 0.0000000000
57907  -44.151  -8.605  67.562 0.0000000000
56984  -44.761  -9.022  67.299 0.0000000000
135520  -42.438  -4.912  64.925 0.0000000000
61015  -42.927  -5.056  64.261 0.0000000000
136922  -21.977  -14.190  74.005 0.0000000000
123393  -21.244  -14.478  74.383 0.0000000000
51825  -21.488  -14.890  75.672 0.0000000000
123720  -47.862  -2.181  63.387 0.0000000000
64998  -48.265  -1.938  63.009 0.0000000000
65046  -50.838  -0.218  59.555 0.0000000000
65045  -49.690  -0.550  59.611 0.0000000000
65055  -50.226  -1.165  59.053 0.0000000000
64118  -50.795  -1.839  58.587 0.0000000000
66048  -51.507  -0.443  55.921 0.0000000000
66031  -51.254  0.321  56.506 0.0000000000
66049  -52.619  -0.238  55.760 0.0000000000
64228  -56.036  -2.376  47.784 0.0000000000
60118  -59.655  -6.688  51.263 0.0000000000
60117  -58.851  -5.991  51.425 0.0000000000
116180  -58.273  -6.121  52.078 0.0000000000
63053  -42.244  -1.751  66.627 0.0000000000
64012  -41.815  -1.037  67.158 0.0000000000
64970  -41.045  -1.109  65.729 0.0000000000
52955  -26.174  -13.948  73.064 0.0000000000
124327  -39.222  -13.710  69.494 0.0000000000
51895  -39.090  -14.217  70.150 0.0000000000
51896  -39.904  -14.355  69.818 0.0000000000
52985  -40.254  -12.790  69.518 0.0000000000
52995  -40.982  -12.962  69.155 0.0000000000
54014  -40.643  -12.421  69.383 0.0000000000
58913  -40.488  -7.308  68.537 0.0000000000
128296  -40.690  -4.781  68.513 0.0000000000
60962  -40.630  -6.002  68.944 0.0000000000
60971  -40.815  -5.509  68.804 0.0000000000
59875  -41.665  -6.628  68.690 0.0000000000
129268  -41.504  -5.930  68.678 0.0000000000
59890  -42.479  -6.048  68.256 0.0000000000
60972  -41.867  -5.289  68.364 0.0000000000
63031  -41.558  -3.184  67.443 0.0000000000
62037  -41.910  -3.289  66.452 0.0000000000
52961  -22.755  -13.932  71.581 0.0000000000
51855  -22.244  -14.058  72.211 0.0000000000
67830  -46.959  1.794  62.382 0.0000000000
66913  -47.862  1.462  62.275 0.0000000000
67846  -47.407  2.013  61.730 0.0000000000
67888  -48.755  2.535  60.207 0.0000000000
67867  -49.156  2.437  60.391 0.0000000000
67889  -49.643  2.693  59.677 0.0000000000
66949  -50.450  1.797  59.844 0.0000000000
67890  -50.288  2.767  59.328 0.0000000000
65101  -53.995  -1.500  54.650 0.0000000000
65087  -54.423  -1.142  55.028 0.0000000000
64175  -54.913  -2.243  54.668 0.0000000000
62178  -55.708  -4.292  55.387 0.0000000000
63178  -55.416  -3.651  55.858 0.0000000000
62169  -55.129  -4.792  56.412 0.0000000000
61087  -54.481  -5.908  57.388 0.0000000000
60028  -55.081  -6.673  56.349 0.0000000000
63246  -59.139  -3.253  48.340 0.0000000000
62260  -59.543  -3.916  48.800 0.0000000000
124773  -60.368  -6.728  50.384 0.0000000000
61014  -39.387  -4.901  64.720 0.0000000000
64171  -51.304  -2.400  54.197 0.0000000000
126974  -52.067  -4.168  53.498 0.0000000000
62191  -53.493  -4.496  53.624 0.0000000000
136566  -54.078  -4.420  53.787 0.0000000000
67076  -56.991  0.834  47.340 0.0000000000
66124  -56.564  -0.111  47.468 0.0000000000
66108  -56.961  -0.309  47.793 0.0000000000
64241  -57.837  -1.548  47.724 0.0000000000
65148  -58.187  -0.456  47.802 0.0000000000
65149  -59.516  -1.144  47.325 0.0000000000
64243  -60.143  -2.052  47.510 0.0000000000
64244  -60.634  -2.542  47.287 0.0000000000
62274  -60.823  -4.594  47.375 0.0000000000
62289  -60.897  -3.638  47.025 0.0000000000
62288  -60.262  -4.096  46.870 0.0000000000
63269  -60.497  -3.318  46.688 0.0000000000
65171  -59.259  -1.461  45.754 0.0000000000
69839  -59.306  4.291  45.240 0.0000000000
68021  -59.445  3.377  45.317 0.0000000000
68020  -59.304  2.742  44.698 0.0000000000
67106  -58.243  0.283  44.173 0.0000000000
138529  -46.259  -6.003  62.583 0.0000000000
133642  -47.466  -5.917  62.680 0.0000000000
61032  -46.500  -5.258  63.002 0.0000000000
63067  -46.016  -2.929  64.296 0.0000000000
63081  -46.662  -3.561  63.665 0.0000000000
139148  -46.847  -2.239  64.002 0.0000000000
64037  -46.169  -2.168  64.411 0.0000000000
64024  -43.253  -0.869  65.934 0.0000000000
64973  -43.591  -0.674  65.434 0.0000000000
119045  -44.634  0.077  64.571 0.0000000000
65935  -44.789  0.030  64.658 0.0000000000
65947  -45.521  0.534  64.188 0.0000000000
66901  -45.575  0.842  63.795 0.0000000000
66900  -45.070  0.789  63.783 0.0000000000
65967  -44.771  -0.043  61.698 0.0000000000
66922  -45.403  0.750  62.022 0.0000000000
50833  -22.640  -16.135  73.197 0.0000000000
52929  -23.922  -13.858  74.894 0.0000000000
51827  -24.386  -14.382  74.981 0.0000000000
48779  -27.611  -17.809  71.615 0.0000000000
47730  -28.408  -18.017  72.049 0.0000000000
47729  -28.185  -18.231  71.094 0.0000000000
120191  -28.936  -18.430  71.653 0.0000000000
51866  -27.521  -14.574  72.006 0.0000000000
49803  -28.828  -16.550  73.933 0.0000000000
48756  -29.124  -17.220  73.769 0.0000000000
47722  -29.780  -18.448  72.714 0.0000000000
46740  -30.396  -19.008  71.728 0.0000000000
121771  -31.986  -20.008  72.366 0.0000000000
46741  -31.641  -20.002  71.748 0.0000000000
46729  -32.173  -20.369  72.081 0.0000000000
46742  -32.440  -20.235  71.573 0.0000000000
45715  -32.991  -20.601  71.932 0.0000000000
45718  -34.876  -19.714  72.137 0.0000000000
47725  -34.131  -19.328  72.330 0.0000000000
45717  -34.283  -20.360  72.173 0.0000000000
45724  -34.298  -20.792  71.737 0.0000000000
115378  -35.610  -21.257  71.202 0.0000000000
46732  -36.963  -20.415  71.302 0.0000000000
45726  -36.337  -21.119  71.323 0.0000000000
45737  -37.147  -21.505  71.026 0.0000000000
134007  -37.613  -21.634  70.478 0.0000000000
49858  -37.506  -16.254  70.538 0.0000000000
48794  -36.755  -16.576  70.624 0.0000000000
48795  -37.339  -17.310  70.611 0.0000000000
137980  -37.782  -17.748  70.542 0.0000000000
47765  -39.596  -19.004  70.000 0.0000000000
47751  -38.864  -19.139  70.414 0.0000000000
46748  -39.404  -20.115  70.275 0.0000000000
48808  -41.537  -18.134  68.661 0.0000000000
47783  -41.560  -19.092  68.443 0.0000000000
128015  -42.029  -18.410  68.143 0.0000000000
50896  -41.271  -15.302  68.619 0.0000000000
54986  -40.163  -11.714  68.286 0.0000000000
124016  -40.115  -11.064  68.885 0.0000000000
123797  -40.182  -11.266  69.099 0.0000000000
129560  -41.003  -11.121  69.364 0.0000000000
57892  -40.585  -7.924  68.984 0.0000000000
118040  -40.589  -8.928  69.072 0.0000000000
54981  -42.380  -10.995  67.745 0.0000000000
54988  -43.196  -11.400  67.143 0.0000000000
54990  -45.164  -11.265  66.756 0.0000000000
54024  -45.829  -11.899  66.442 0.0000000000
56998  -46.083  -8.824  66.023 0.0000000000
59902  -43.270  -6.174  67.007 0.0000000000
59914  -43.719  -6.527  66.695 0.0000000000
58938  -43.390  -7.266  65.123 0.0000000000
57939  -43.841  -7.986  64.776 0.0000000000
128891  -44.313  -8.595  64.450 0.0000000000
131126  -44.364  -8.667  63.610 0.0000000000
57948  -43.945  -8.086  63.691 0.0000000000
59952  -45.366  -6.661  62.395 0.0000000000
50803  -21.210  -15.319  75.507 0.0000000000
50817  -21.430  -15.959  75.128 0.0000000000
65969  -48.748  0.366  61.536 0.0000000000
115522  -48.561  -0.605  62.039 0.0000000000
124181  -48.690  -0.406  61.222 0.0000000000
66014  -47.973  0.348  57.326 0.0000000000
66983  -48.714  1.260  57.977 0.0000000000
67917  -51.983  2.227  57.294 0.0000000000
66985  -50.805  2.000  57.699 0.0000000000
67907  -51.747  2.214  57.452 0.0000000000
66967  -51.784  1.683  58.370 0.0000000000
66968  -52.474  1.343  57.558 0.0000000000
65072  -54.657  -1.233  55.627 0.0000000000
66033  -53.678  0.176  56.006 0.0000000000
65065  -54.356  -1.415  56.524 0.0000000000
132373  -53.416  -2.040  57.840 0.0000000000
64120  -52.859  -2.165  58.316 0.0000000000
65057  -52.553  -1.319  58.449 0.0000000000
64119  -52.165  -2.331  58.528 0.0000000000
61157  -54.693  -5.899  52.942 0.0000000000
62242  -58.222  -4.602  49.084 0.0000000000
62241  -57.501  -4.956  49.133 0.0000000000
60146  -56.584  -6.164  49.974 0.0000000000
61221  -55.693  -5.922  49.433 0.0000000000
129928  -55.857  -6.415  50.119 0.0000000000
60130  -55.435  -6.517  50.661 0.0000000000
60131  -56.418  -6.386  50.825 0.0000000000
60096  -57.921  -6.229  52.832 0.0000000000
60116  -56.727  -6.197  51.887 0.0000000000
60095  -57.144  -6.197  52.945 0.0000000000
60073  -56.468  -5.956  53.403 0.0000000000
59054  -57.123  -6.478  54.236 0.0000000000
63041  -41.390  -1.852  67.467 0.0000000000
64011  -41.223  -1.065  67.280 0.0000000000
135147  -40.657  -1.226  66.840 0.0000000000
64021  -40.096  -1.530  66.015 0.0000000000
64032  -40.094  -1.882  64.909 0.0000000000
134572  -39.996  -12.235  69.486 0.0000000000
60996  -40.249  -5.312  66.799 0.0000000000
60984  -40.214  -4.668  67.205 0.0000000000
62023  -40.522  -4.731  68.157 0.0000000000
62010  -40.932  -4.085  68.379 0.0000000000
63019  -40.968  -3.476  68.166 0.0000000000
63030  -41.149  -2.793  67.853 0.0000000000
66933  -46.323  1.422  61.156 0.0000000000
67864  -47.056  1.912  61.063 0.0000000000
67886  -47.294  1.927  60.362 0.0000000000
67903  -48.191  2.139  59.533 0.0000000000
63189  -54.436  -2.925  54.370 0.0000000000
63190  -55.091  -2.849  54.605 0.0000000000
63191  -55.381  -3.377  54.731 0.0000000000
126350  -55.722  -5.200  55.658 0.0000000000
61108  -55.645  -5.936  55.811 0.0000000000
61109  -56.221  -5.662  55.202 0.0000000000
59034  -55.794  -7.208  55.213 0.0000000000
59053  -56.651  -7.117  54.585 0.0000000000
62262  -61.124  -4.848  48.199 0.0000000000
62245  -60.857  -4.935  48.661 0.0000000000
61227  -61.019  -5.518  48.377 0.0000000000
67064  -58.204  0.940  48.087 0.0000000000
66110  -58.505  0.334  48.016 0.0000000000
66111  -59.104  -0.073  47.652 0.0000000000
120529  -59.769  -0.857  46.980 0.0000000000
138196  -60.179  -1.360  46.705 0.0000000000
127649  -59.632  -0.387  46.551 0.0000000000
66143  -59.517  0.434  46.453 0.0000000000
66142  -59.284  -0.462  45.833 0.0000000000
68034  -59.141  3.592  43.966 0.0000000000
68033  -58.143  2.307  43.443 0.0000000000
61022  -44.456  -5.238  63.258 0.0000000000
61023  -45.542  -4.742  63.340 0.0000000000
62079  -44.670  -4.414  63.697 0.0000000000
63066  -45.056  -2.930  64.599 0.0000000000
64984  -43.495  -0.530  65.204 0.0000000000
65945  -44.036  -0.218  64.513 0.0000000000
65946  -44.586  0.351  64.139 0.0000000000
65957  -44.542  0.303  63.331 0.0000000000
65008  -44.333  -0.260  62.445 0.0000000000
65017  -44.292  -0.891  61.509 0.0000000000
50804  -22.098  -15.384  75.380 0.0000000000
50818  -22.485  -15.855  74.512 0.0000000000
50805  -23.267  -15.415  74.723 0.0000000000
134185  -24.063  -15.790  74.079 0.0000000000
48754  -27.992  -17.457  73.371 0.0000000000
48757  -29.906  -17.371  73.434 0.0000000000
47723  -30.612  -18.806  72.563 0.0000000000
46721  -30.913  -19.378  72.179 0.0000000000
47724  -31.426  -19.275  72.510 0.0000000000
46730  -35.489  -19.867  71.766 0.0000000000
128715  -35.719  -20.657  71.531 0.0000000000
50870  -37.939  -14.645  70.530 0.0000000000
49859  -38.310  -15.844  70.474 0.0000000000
139206  -38.640  -17.515  70.349 0.0000000000
50905  -42.606  -15.177  67.464 0.0000000000
54030  -43.521  -13.128  66.675 0.0000000000
115530  -40.200  -10.334  68.739 0.0000000000
56957  -40.362  -9.962  69.036 0.0000000000
57894  -41.919  -8.520  68.614 0.0000000000
129181  -43.524  -10.705  67.331 0.0000000000
55974  -43.905  -10.143  67.508 0.0000000000
55976  -45.580  -10.445  66.703 0.0000000000
56985  -45.410  -8.854  66.619 0.0000000000
135568  -45.360  -8.350  66.258 0.0000000000
59913  -42.803  -5.916  66.079 0.0000000000
59926  -42.595  -5.772  64.938 0.0000000000
59938  -43.071  -6.528  64.378 0.0000000000
59939  -43.588  -6.621  63.426 0.0000000000
61021  -43.475  -5.751  63.588 0.0000000000
51853  -20.726  -14.554  73.334 0.0000000000
51843  -20.429  -14.884  74.883 0.0000000000
50795  -21.279  -15.047  75.658 0.0000000000
65991  -49.415  -0.100  60.263 0.0000000000
65032  -48.525  -0.594  60.142 0.0000000000
135150  -48.852  -0.778  59.570 0.0000000000
66029  -49.166  -0.009  56.531 0.0000000000
66997  -49.925  0.833  57.172 0.0000000000
66030  -50.148  0.118  56.520 0.0000000000
66999  -52.090  1.658  56.839 0.0000000000
67000  -52.725  1.236  56.751 0.0000000000
63167  -54.354  -3.168  57.018 0.0000000000
64135  -53.931  -2.366  57.332 0.0000000000
130389  -58.240  -5.164  49.606 0.0000000000
133623  -57.245  -6.064  51.397 0.0000000000
60076  -58.130  -6.802  53.172 0.0000000000
59068  -57.797  -7.424  53.417 0.0000000000
68900  -58.623  3.063  46.623 0.0000000000
68901  -59.106  3.604  46.142 0.0000000000
68916  -58.706  3.962  45.834 0.0000000000
69838  -59.139  4.474  45.344 0.0000000000
69846  -59.228  5.056  44.693 0.0000000000
69854  -59.128  5.584  44.237 0.0000000000
68938  -59.385  5.261  44.023 0.0000000000
63064  -43.033  -3.010  65.125 0.0000000000
63054  -42.808  -1.738  66.011 0.0000000000
64022  -41.741  -0.720  66.966 0.0000000000
64971  -42.037  -0.622  66.340 0.0000000000
64983  -42.668  -0.586  65.409 0.0000000000
131800  -22.613  -13.813  74.293 0.0000000000
51834  -22.844  -13.854  75.058 0.0000000000
52934  -23.646  -13.701  74.810 0.0000000000
52936  -25.193  -13.718  74.893 0.0000000000
52937  -25.932  -13.997  74.728 0.0000000000
51846  -26.615  -14.366  74.423 0.0000000000
49843  -35.221  -16.919  71.190 0.0000000000
50885  -40.175  -15.496  69.598 0.0000000000
50886  -40.565  -15.077  69.211 0.0000000000
121856  -40.087  -13.388  69.653 0.0000000000
51918  -41.214  -13.799  68.630 0.0000000000
57906  -40.422  -8.138  67.964 0.0000000000
134838  -40.415  -8.557  68.728 0.0000000000
59889  -40.499  -6.376  68.662 0.0000000000
137910  -40.665  -6.659  69.013 0.0000000000
58906  -40.671  -7.092  69.094 0.0000000000
131503  -43.616  -7.105  67.586 0.0000000000
60987  -43.188  -6.394  67.504 0.0000000000
126356  -41.953  -4.406  67.978 0.0000000000
123137  -42.088  -4.491  66.209 0.0000000000
62050  -42.270  -4.221  65.441 0.0000000000
51854  -21.450  -14.274  72.104 0.0000000000
65009  -48.168  -0.709  62.792 0.0000000000
65958  -47.598  0.659  62.824 0.0000000000
66924  -48.481  1.296  61.655 0.0000000000
67865  -47.925  2.305  60.919 0.0000000000
67848  -48.824  2.011  61.093 0.0000000000
65970  -49.098  1.248  61.094 0.0000000000
65980  -49.749  1.273  60.488 0.0000000000
65085  -52.835  -1.001  55.222 0.0000000000
65086  -53.859  -0.830  55.006 0.0000000000
64145  -55.420  -2.902  55.477 0.0000000000
121286  -55.119  -2.934  56.169 0.0000000000
64229  -57.462  -2.538  47.870 0.0000000000
131047  -56.633  -2.679  47.847 0.0000000000
63245  -58.078  -3.325  48.265 0.0000000000
62259  -58.624  -4.015  48.703 0.0000000000
127650  -59.040  -4.633  49.321 0.0000000000
62244  -60.414  -4.618  49.061 0.0000000000
61225  -59.866  -5.030  49.695 0.0000000000
119002  -59.462  -5.528  50.251 0.0000000000
60133  -59.562  -5.979  50.747 0.0000000000
63062  -38.884  -3.068  65.033 0.0000000000
62063  -38.917  -3.970  64.405 0.0000000000
57918  -40.664  -8.382  66.715 0.0000000000
118676  -40.630  -6.950  66.103 0.0000000000
59912  -40.348  -5.989  66.018 0.0000000000
61006  -39.819  -4.910  65.717 0.0000000000
66012  -46.180  -0.231  57.726 0.0000000000
66981  -46.814  0.532  58.218 0.0000000000
66027  -47.372  -0.347  56.830 0.0000000000
66028  -48.267  -0.189  56.644 0.0000000000
65082  -49.782  -1.157  55.383 0.0000000000
65083  -50.727  -1.183  55.370 0.0000000000
65099  -52.024  -1.740  54.695 0.0000000000
64172  -52.303  -2.361  54.265 0.0000000000
64173  -53.272  -2.277  54.345 0.0000000000
64191  -53.526  -2.994  54.149 0.0000000000
121906  -53.973  -3.767  54.026 0.0000000000
62192  -54.632  -4.326  54.012 0.0000000000
125697  -55.254  -4.880  53.897 0.0000000000
66107  -56.057  -0.858  47.562 0.0000000000
64240  -56.691  -1.741  47.747 0.0000000000
64231  -59.696  -2.525  47.956 0.0000000000
64232  -60.547  -2.814  47.813 0.0000000000
63248  -60.878  -3.581  48.103 0.0000000000
63259  -61.120  -3.969  47.550 0.0000000000
61265  -60.692  -5.443  47.651 0.0000000000
127063  -59.746  -6.341  48.014 0.0000000000
64252  -60.022  -2.728  46.316 0.0000000000
68003  -59.455  2.792  46.017 0.0000000000
67090  -59.257  0.753  45.684 0.0000000000
67107  -58.785  1.177  44.891 0.0000000000
61024  -46.598  -4.384  63.396 0.0000000000
62081  -47.342  -4.118  63.276 0.0000000000
63082  -47.449  -3.470  63.373 0.0000000000
64053  -47.533  -2.717  63.517 0.0000000000
64987  -47.230  -1.839  63.775 0.0000000000
65937  -46.845  -0.785  63.840 0.0000000000
64035  -44.490  -1.969  65.092 0.0000000000
64026  -44.657  -1.428  65.042 0.0000000000
64974  -44.257  -0.718  65.018 0.0000000000
64985  -45.322  -1.140  64.768 0.0000000000
134809  -46.143  -0.261  64.211 0.0000000000
66903  -46.676  0.982  63.304 0.0000000000
66911  -46.336  1.256  63.093 0.0000000000
66923  -46.220  1.432  62.213 0.0000000000
66000  -45.425  -0.357  58.972 0.0000000000
133534  -38.972  -2.876  64.447 0.0000000000
64050  -40.278  -2.303  63.918 0.0000000000
64051  -41.324  -2.286  63.631 0.0000000000
64052  -42.075  -2.374  63.274 0.0000000000
64064  -42.475  -3.009  62.560 0.0000000000
64065  -43.236  -2.135  62.259 0.0000000000
66011  -45.621  -0.452  58.233 0.0000000000
49837  -22.121  -16.391  71.292 0.0000000000
51826  -23.315  -14.402  75.049 0.0000000000
50798  -23.805  -14.974  74.747 0.0000000000
51847  -27.360  -14.657  74.097 0.0000000000
51837  -27.784  -15.124  74.154 0.0000000000
50810  -28.151  -15.615  74.079 0.0000000000
48755  -28.691  -17.592  73.531 0.0000000000
47714  -29.424  -17.941  73.336 0.0000000000
116594  -29.091  -18.367  72.509 0.0000000000
135178  -31.108  -19.664  71.886 0.0000000000
45716  -33.614  -20.635  72.031 0.0000000000
45736  -36.399  -21.710  70.942 0.0000000000
49844  -36.031  -16.814  70.765 0.0000000000
49857  -36.332  -15.923  70.557 0.0000000000
47749  -37.400  -19.570  71.075 0.0000000000
126523  -38.289  -18.169  70.468 0.0000000000
47750  -38.038  -19.335  70.722 0.0000000000
49885  -42.360  -16.591  67.757 0.0000000000
52994  -39.939  -12.493  68.653 0.0000000000
54971  -40.141  -11.850  69.274 0.0000000000
54979  -40.677  -11.827  69.386 0.0000000000
54980  -41.707  -11.722  68.203 0.0000000000
56969  -40.748  -9.696  69.275 0.0000000000
56970  -41.416  -9.504  69.043 0.0000000000
55961  -41.167  -10.348  69.265 0.0000000000
122343  -41.564  -10.991  68.896 0.0000000000
54989  -44.022  -11.310  66.733 0.0000000000
123254  -44.416  -7.268  67.026 0.0000000000
58922  -44.739  -7.773  66.525 0.0000000000
134934  -45.121  -8.126  66.090 0.0000000000
58929  -43.795  -6.994  66.156 0.0000000000
58930  -44.352  -7.609  65.944 0.0000000000
57960  -45.236  -8.612  62.021 0.0000000000
58947  -44.116  -7.267  62.850 0.0000000000
58956  -45.147  -7.689  62.198 0.0000000000
66982  -47.685  0.891  58.041 0.0000000000
66965  -48.482  1.808  58.759 0.0000000000
66966  -49.624  2.501  58.745 0.0000000000
67915  -50.575  2.626  58.510 0.0000000000
67905  -50.142  2.995  59.107 0.0000000000
67891  -51.120  2.186  59.066 0.0000000000
65993  -51.476  0.763  59.192 0.0000000000
65047  -51.522  -0.307  59.159 0.0000000000
67010  -53.196  0.541  56.164 0.0000000000
67001  -53.185  0.791  56.488 0.0000000000
66015  -53.202  0.581  57.186 0.0000000000
65058  -53.276  -1.326  57.887 0.0000000000
66003  -52.647  -0.024  58.156 0.0000000000
116585  -51.959  -0.774  58.827 0.0000000000
61141  -53.250  -5.228  53.211 0.0000000000
129991  -55.136  -5.475  53.432 0.0000000000
61142  -55.851  -5.488  53.766 0.0000000000
63244  -57.076  -3.442  48.161 0.0000000000
120647  -55.569  -4.349  48.372 0.0000000000
61247  -55.922  -5.147  48.867 0.0000000000
60129  -54.485  -6.474  50.502 0.0000000000
60114  -54.863  -6.475  51.361 0.0000000000
60093  -55.249  -6.304  52.263 0.0000000000
61143  -56.557  -5.600  54.082 0.0000000000
120038  -56.918  -5.917  54.338 0.0000000000
58058  -56.220  -8.151  54.110 0.0000000000
57157  -56.076  -9.222  53.885 0.0000000000
51848  -28.084  -14.968  73.602 0.0000000000
59079  -58.381  -7.478  52.940 0.0000000000
59127  -60.330  -7.502  48.896 0.0000000000
59874  -40.645  -6.334  68.971 0.0000000000
60147  -60.873  -6.085  48.566 0.0000000000
60160  -60.145  -6.817  48.423 0.0000000000
60162  -60.992  -5.949  48.133 0.0000000000
60970  -40.679  -5.672  68.727 0.0000000000
61197  -58.192  -5.650  50.333 0.0000000000
61248  -61.130  -5.445  47.949 0.0000000000
61266  -60.988  -5.280  47.710 0.0000000000
62009  -40.659  -3.937  68.127 0.0000000000
62261  -60.837  -4.311  48.471 0.0000000000
62275  -61.156  -4.747  47.756 0.0000000000
63028  -40.365  -3.405  67.504 0.0000000000
63029  -40.811  -2.995  67.847 0.0000000000
63154  -52.136  -3.128  58.198 0.0000000000
63205  -54.857  -3.538  54.370 0.0000000000
63232  -60.307  -3.949  48.734 0.0000000000
63249  -61.172  -4.222  48.045 0.0000000000
64002  -40.918  -1.971  67.714 0.0000000000
64066  -48.390  -2.577  62.593 0.0000000000
64144  -55.190  -2.154  55.475 0.0000000000
64157  -55.348  -2.570  54.928 0.0000000000
64253  -60.789  -2.712  46.904 0.0000000000
64267  -60.101  -1.775  46.372 0.0000000000
64997  -47.687  -1.322  63.396 0.0000000000
65071  -54.122  -0.448  56.255 0.0000000000
65102  -54.591  -1.687  54.765 0.0000000000
65146  -56.342  -1.083  47.675 0.0000000000
66016  -53.591  -0.422  57.157 0.0000000000
66050  -53.593  -0.215  55.638 0.0000000000
66902  -45.992  1.012  63.710 0.0000000000
66986  -51.619  2.068  57.412 0.0000000000
66987  -52.791  1.312  56.878 0.0000000000
67063  -57.512  0.512  47.850 0.0000000000
67866  -48.529  2.284  60.784 0.0000000000
67868  -49.845  2.442  60.129 0.0000000000
67906  -50.709  2.656  58.629 0.0000000000
67916  -51.345  2.429  57.923 0.0000000000
67987  -58.276  2.278  47.310 0.0000000000
69829  -59.265  4.075  45.617 0.0000000000
69845  -59.003  5.117  44.936 0.0000000000
126741  -23.418  -13.552  74.380 0.0000000000
129902  -54.035  -4.009  57.510 0.0000000000
130448  -52.583  -2.869  58.337 0.0000000000
134272  -44.123  -4.213  63.948 0.0000000000
134627  -24.898  -13.487  74.633 0.0000000000
134949  -40.607  -8.437  69.145 0.0000000000
135148  -47.455  1.855  62.148 0.0000000000
139659  -60.422  -2.224  46.650 0.0000000000
