#!ascii label  , from subject sub-v2s12x28896_ses-1 vox2ras=TkReg
1128
95225  40.830  36.524  20.257 0.0000000000
96554  48.157  39.399  16.017 0.0000000000
92054  48.455  31.087  26.743 0.0000000000
95169  36.728  36.535  23.585 0.0000000000
117457  40.153  33.017  24.668 0.0000000000
97195  41.602  39.610  13.620 0.0000000000
100057  45.996  46.218  21.220 0.0000000000
98960  41.359  41.963  17.190 0.0000000000
90809  48.042  30.615  34.066 0.0000000000
89018  44.188  26.382  32.537 0.0000000000
93949  45.587  32.935  15.347 0.0000000000
94520  45.750  35.033  23.418 0.0000000000
95878  49.612  37.631  22.410 0.0000000000
93280  47.013  33.903  27.828 0.0000000000
134409  41.575  48.151  15.773 0.0000000000
97813  44.311  40.217  12.225 0.0000000000
90285  42.538  28.696  26.424 0.0000000000
114796  38.707  36.594  21.030 0.0000000000
94510  38.691  35.509  24.705 0.0000000000
95166  40.961  36.232  23.509 0.0000000000
95277  40.525  36.110  16.806 0.0000000000
95899  38.159  36.744  18.902 0.0000000000
125908  41.967  44.332  21.592 0.0000000000
89584  48.445  28.519  36.731 0.0000000000
88986  49.201  27.386  35.066 0.0000000000
88960  51.398  26.307  37.935 0.0000000000
103318  44.268  51.388  16.212 0.0000000000
95281  47.224  35.862  15.154 0.0000000000
94551  48.387  35.207  17.848 0.0000000000
96547  48.667  37.806  18.098 0.0000000000
95828  44.235  38.050  27.074 0.0000000000
95841  46.382  38.091  26.789 0.0000000000
93282  44.380  33.818  27.637 0.0000000000
92020  45.256  31.903  30.818 0.0000000000
97164  44.203  39.948  17.921 0.0000000000
97801  42.506  40.653  15.653 0.0000000000
95924  44.375  37.747  15.413 0.0000000000
95294  44.210  35.451  12.457 0.0000000000
92092  48.797  31.050  23.096 0.0000000000
92080  45.341  30.806  24.265 0.0000000000
90881  45.590  29.356  25.963 0.0000000000
92086  38.271  31.486  24.330 0.0000000000
136672  38.976  30.084  22.028 0.0000000000
117237  43.204  42.910  11.298 0.0000000000
99574  39.930  43.035  13.956 0.0000000000
98951  47.675  43.620  18.395 0.0000000000
97768  47.430  40.322  19.576 0.0000000000
100638  36.889  45.243  20.140 0.0000000000
100659  38.933  45.275  17.987 0.0000000000
98342  43.061  42.336  19.918 0.0000000000
91439  48.758  31.770  31.405 0.0000000000
90857  45.344  29.844  30.037 0.0000000000
90212  46.255  28.245  33.470 0.0000000000
87757  47.760  25.315  33.330 0.0000000000
94547  42.771  35.577  17.934 0.0000000000
95206  43.416  36.422  21.497 0.0000000000
95240  46.031  36.288  19.600 0.0000000000
94527  47.571  35.721  22.641 0.0000000000
93309  49.688  33.389  24.310 0.0000000000
96514  47.796  38.455  22.557 0.0000000000
95114  48.657  36.504  26.231 0.0000000000
93278  48.757  33.154  27.926 0.0000000000
121570  48.296  32.637  31.659 0.0000000000
91399  46.536  30.602  34.096 0.0000000000
103826  43.003  52.001  19.286 0.0000000000
101841  44.311  47.746  14.615 0.0000000000
100124  43.479  44.616  13.810 0.0000000000
99592  45.468  43.481  10.993 0.0000000000
134456  43.951  38.659  10.862 0.0000000000
94580  42.564  35.055  13.976 0.0000000000
93312  43.251  33.785  24.935 0.0000000000
90912  42.197  29.892  22.877 0.0000000000
90288  39.647  28.230  26.576 0.0000000000
89649  42.351  28.259  29.912 0.0000000000
95226  39.874  36.589  20.300 0.0000000000
95189  39.675  36.553  22.779 0.0000000000
95208  40.955  36.574  21.961 0.0000000000
132506  40.512  35.890  17.999 0.0000000000
95269  39.888  36.664  17.879 0.0000000000
115376  39.294  36.525  18.775 0.0000000000
95228  38.045  36.421  19.829 0.0000000000
88962  48.329  26.902  37.997 0.0000000000
89574  50.097  28.177  37.559 0.0000000000
88953  50.286  26.724  39.320 0.0000000000
89694  37.045  28.638  21.538 0.0000000000
95921  47.686  37.477  15.867 0.0000000000
95919  48.569  36.480  16.950 0.0000000000
96552  48.497  38.775  16.807 0.0000000000
116194  42.827  36.297  27.258 0.0000000000
132376  44.423  35.947  27.175 0.0000000000
97173  46.045  39.467  17.412 0.0000000000
96557  44.192  38.776  17.001 0.0000000000
96563  46.071  38.124  16.290 0.0000000000
95931  45.854  36.963  15.054 0.0000000000
131564  48.693  30.629  25.223 0.0000000000
90889  47.279  29.304  24.542 0.0000000000
91470  47.008  30.231  27.055 0.0000000000
95154  36.099  36.397  24.307 0.0000000000
128143  36.963  35.632  24.973 0.0000000000
93906  39.679  34.347  24.864 0.0000000000
135794  38.585  33.284  24.911 0.0000000000
136066  39.155  32.274  24.539 0.0000000000
91502  38.719  30.666  23.125 0.0000000000
92096  39.809  31.262  23.705 0.0000000000
118362  42.131  41.823  12.276 0.0000000000
99594  41.584  43.716  12.515 0.0000000000
98415  40.764  41.493  13.809 0.0000000000
95211  36.412  36.351  21.540 0.0000000000
95193  34.976  36.408  22.328 0.0000000000
99513  46.776  45.055  19.910 0.0000000000
98922  47.547  43.745  20.171 0.0000000000
98907  46.577  43.963  21.825 0.0000000000
99477  44.014  45.748  21.901 0.0000000000
98926  42.534  42.918  20.499 0.0000000000
98924  44.401  44.066  20.374 0.0000000000
130601  45.314  43.088  19.441 0.0000000000
91411  48.107  30.861  32.640 0.0000000000
90833  46.873  30.039  32.088 0.0000000000
90810  47.810  30.109  33.692 0.0000000000
88370  50.120  26.364  34.721 0.0000000000
88371  48.949  26.398  34.559 0.0000000000
87755  49.762  25.492  33.082 0.0000000000
94565  43.889  34.428  16.646 0.0000000000
94545  45.091  35.583  18.132 0.0000000000
94554  45.898  34.843  17.517 0.0000000000
95237  49.138  36.886  19.797 0.0000000000
95220  48.661  36.679  20.188 0.0000000000
95180  49.337  36.552  22.450 0.0000000000
93913  49.161  34.469  23.607 0.0000000000
135517  49.638  36.348  24.001 0.0000000000
97145  46.065  39.257  20.918 0.0000000000
96531  46.953  38.864  20.548 0.0000000000
115191  46.726  38.491  22.970 0.0000000000
94459  46.395  35.408  27.150 0.0000000000
95115  47.821  37.119  26.525 0.0000000000
94458  47.315  35.161  27.024 0.0000000000
93292  48.454  33.803  27.001 0.0000000000
93279  48.102  33.704  27.857 0.0000000000
126027  48.658  33.007  30.396 0.0000000000
93246  47.831  33.370  29.469 0.0000000000
91424  44.252  30.845  31.738 0.0000000000
91999  45.474  31.307  32.231 0.0000000000
102803  41.988  49.873  16.482 0.0000000000
102802  43.361  50.463  16.587 0.0000000000
101828  43.283  47.837  15.168 0.0000000000
99538  40.224  43.554  17.446 0.0000000000
121864  40.280  44.771  16.505 0.0000000000
98969  41.261  42.666  16.454 0.0000000000
97814  43.272  40.881  13.735 0.0000000000
98986  42.568  42.595  14.387 0.0000000000
98997  44.225  42.234  12.466 0.0000000000
100134  44.658  44.415  12.718 0.0000000000
98429  45.158  41.654  11.165 0.0000000000
98443  44.910  41.743  10.601 0.0000000000
97207  44.409  38.982  11.107 0.0000000000
93959  45.003  33.195  13.820 0.0000000000
94585  43.931  34.802  12.568 0.0000000000
93349  43.608  32.699  14.237 0.0000000000
93943  42.467  33.732  15.420 0.0000000000
94530  44.841  35.611  22.695 0.0000000000
94522  43.524  35.591  23.398 0.0000000000
93901  44.640  34.081  24.468 0.0000000000
90294  44.050  28.916  23.969 0.0000000000
91498  43.579  29.981  23.473 0.0000000000
90306  42.348  28.863  24.183 0.0000000000
90308  40.469  29.055  24.491 0.0000000000
90286  41.040  28.525  26.461 0.0000000000
90243  44.426  28.504  31.712 0.0000000000
90850  43.922  29.100  30.132 0.0000000000
89640  43.305  27.217  31.756 0.0000000000
95191  38.007  36.613  22.703 0.0000000000
129686  37.623  36.355  24.072 0.0000000000
122361  39.206  36.426  23.541 0.0000000000
95150  40.246  35.827  24.271 0.0000000000
122381  41.022  34.597  24.771 0.0000000000
95935  41.037  37.847  15.831 0.0000000000
95229  36.993  36.099  19.726 0.0000000000
90796  48.609  29.869  35.435 0.0000000000
90201  48.600  29.504  35.035 0.0000000000
89588  49.830  28.885  36.048 0.0000000000
88978  50.549  28.027  36.049 0.0000000000
93956  47.418  33.627  15.275 0.0000000000
93932  47.602  33.957  16.679 0.0000000000
94564  48.360  34.609  16.605 0.0000000000
95906  48.799  36.813  18.401 0.0000000000
96530  49.321  37.935  19.932 0.0000000000
130885  44.948  38.631  25.678 0.0000000000
96490  46.523  38.496  25.130 0.0000000000
95842  45.682  38.070  26.964 0.0000000000
94460  45.653  35.643  27.175 0.0000000000
93281  45.230  34.010  27.586 0.0000000000
92641  45.734  32.708  29.676 0.0000000000
92642  44.404  32.508  29.299 0.0000000000
92036  43.552  31.504  30.142 0.0000000000
91425  43.482  30.563  31.501 0.0000000000
102316  40.585  48.341  16.600 0.0000000000
97784  42.860  40.534  18.015 0.0000000000
98378  42.035  41.401  16.205 0.0000000000
97182  42.774  39.869  16.291 0.0000000000
97181  43.356  39.072  15.742 0.0000000000
97186  43.603  38.805  14.431 0.0000000000
95938  44.300  36.870  12.408 0.0000000000
131282  44.686  36.554  13.057 0.0000000000
95287  46.592  35.269  14.453 0.0000000000
116377  47.635  32.443  23.401 0.0000000000
92695  45.953  32.659  24.334 0.0000000000
92079  47.169  30.137  23.509 0.0000000000
90890  45.686  29.007  24.650 0.0000000000
90883  44.027  28.986  26.127 0.0000000000
87775  45.486  24.635  31.734 0.0000000000
87777  43.743  24.715  31.486 0.0000000000
92071  36.146  31.907  25.379 0.0000000000
130813  37.600  34.458  25.301 0.0000000000
92687  37.198  32.883  25.284 0.0000000000
92087  37.465  31.430  24.633 0.0000000000
91512  37.578  30.192  23.061 0.0000000000
90915  38.441  29.938  22.003 0.0000000000
118678  38.148  28.564  23.865 0.0000000000
100709  42.533  45.512  11.738 0.0000000000
100701  40.939  45.044  12.830 0.0000000000
98372  48.097  42.144  16.757 0.0000000000
119215  48.534  41.395  16.682 0.0000000000
98347  48.192  43.085  18.728 0.0000000000
98340  47.241  42.332  20.270 0.0000000000
97752  44.897  39.821  21.576 0.0000000000
96517  43.872  38.939  22.781 0.0000000000
96475  43.437  38.789  26.080 0.0000000000
100650  37.931  45.271  19.058 0.0000000000
100070  39.361  43.755  18.934 0.0000000000
98353  41.134  41.939  19.011 0.0000000000
98363  42.312  41.350  18.912 0.0000000000
97769  44.113  41.158  18.889 0.0000000000
128692  46.142  41.642  18.257 0.0000000000
91461  48.160  31.290  29.469 0.0000000000
132860  46.787  30.600  28.822 0.0000000000
91441  46.438  30.295  30.580 0.0000000000
90834  45.776  29.501  31.652 0.0000000000
89624  45.291  27.504  33.120 0.0000000000
89598  47.237  27.544  34.258 0.0000000000
89001  46.248  26.192  33.581 0.0000000000
88397  46.178  25.245  32.910 0.0000000000
95259  42.209  35.882  18.555 0.0000000000
95224  42.565  36.455  20.297 0.0000000000
95258  43.318  36.083  18.853 0.0000000000
95241  44.901  36.312  19.508 0.0000000000
94534  46.148  35.855  21.856 0.0000000000
95255  46.882  35.878  18.753 0.0000000000
117207  46.780  36.426  20.179 0.0000000000
131573  47.063  35.344  22.993 0.0000000000
93914  48.289  34.726  23.379 0.0000000000
92694  49.608  32.471  23.755 0.0000000000
92686  49.401  31.788  25.349 0.0000000000
96539  48.218  39.014  18.761 0.0000000000
122328  49.006  38.397  20.559 0.0000000000
96502  49.349  38.145  23.057 0.0000000000
137618  47.673  38.478  25.181 0.0000000000
96489  48.775  38.362  24.499 0.0000000000
95865  49.556  37.667  24.322 0.0000000000
94492  49.511  35.339  25.229 0.0000000000
115560  49.125  33.629  26.250 0.0000000000
133419  48.856  31.751  27.473 0.0000000000
92033  49.219  32.237  29.690 0.0000000000
92005  48.908  32.203  31.441 0.0000000000
91991  48.323  31.630  33.108 0.0000000000
92622  46.979  32.399  31.573 0.0000000000
91998  46.777  31.504  33.046 0.0000000000
91404  47.677  31.014  34.067 0.0000000000
90195  47.618  29.597  35.710 0.0000000000
103838  43.451  51.818  18.335 0.0000000000
119306  44.811  50.410  15.269 0.0000000000
101850  45.746  48.155  13.161 0.0000000000
99562  41.993  43.120  14.975 0.0000000000
101268  42.182  46.303  15.036 0.0000000000
126939  44.019  45.937  14.158 0.0000000000
100700  45.184  46.124  13.123 0.0000000000
138374  45.440  45.678  11.008 0.0000000000
99601  44.832  43.378  10.437 0.0000000000
98430  43.031  41.367  11.426 0.0000000000
97200  42.227  39.405  12.616 0.0000000000
95948  44.101  37.890  11.394 0.0000000000
95939  42.920  36.928  12.873 0.0000000000
95940  42.116  37.648  14.025 0.0000000000
94574  41.450  35.045  15.568 0.0000000000
94558  41.104  34.902  16.903 0.0000000000
95186  42.642  36.383  22.184 0.0000000000
126389  41.912  35.410  24.263 0.0000000000
117046  41.965  33.101  24.867 0.0000000000
92697  43.957  32.418  24.825 0.0000000000
92699  42.506  32.258  24.750 0.0000000000
92083  41.243  31.281  23.987 0.0000000000
90914  40.833  30.038  22.810 0.0000000000
90309  39.569  29.265  23.912 0.0000000000
90874  45.227  29.817  28.242 0.0000000000
90867  43.859  29.255  28.286 0.0000000000
133691  42.694  28.719  28.384 0.0000000000
89022  42.199  26.226  31.098 0.0000000000
130484  40.756  28.104  27.989 0.0000000000
87700  51.354  24.573  38.907 0.0000000000
87720  51.750  24.445  36.507 0.0000000000
114798  40.400  36.579  21.180 0.0000000000
131677  40.719  36.247  18.966 0.0000000000
95260  40.076  36.291  18.116 0.0000000000
95244  39.987  36.488  19.403 0.0000000000
88961  49.674  27.297  38.653 0.0000000000
96561  48.009  38.398  15.912 0.0000000000
96553  48.152  39.038  15.947 0.0000000000
126189  48.286  40.055  16.080 0.0000000000
97172  47.461  39.948  16.598 0.0000000000
96555  46.835  38.913  16.681 0.0000000000
96562  47.473  38.286  16.137 0.0000000000
91478  48.319  30.466  25.645 0.0000000000
118997  47.744  30.337  26.228 0.0000000000
94512  36.328  35.893  24.938 0.0000000000
95153  36.910  36.151  24.475 0.0000000000
93316  39.710  33.635  24.790 0.0000000000
92702  39.257  32.970  24.687 0.0000000000
117268  39.781  32.085  24.423 0.0000000000
97815  41.724  40.275  12.903 0.0000000000
98414  41.334  41.345  13.082 0.0000000000
97816  41.101  40.721  13.803 0.0000000000
122248  36.111  36.554  22.568 0.0000000000
131191  35.593  36.190  21.503 0.0000000000
95170  35.646  36.608  23.509 0.0000000000
100056  46.565  45.698  20.736 0.0000000000
99475  46.866  45.284  20.937 0.0000000000
100040  46.359  45.909  21.714 0.0000000000
100058  45.117  46.063  21.705 0.0000000000
99496  44.082  44.857  20.935 0.0000000000
99495  45.134  45.379  20.710 0.0000000000
99514  45.479  44.412  19.964 0.0000000000
90819  48.109  30.759  33.359 0.0000000000
90210  48.192  29.962  34.384 0.0000000000
88386  50.335  25.974  33.864 0.0000000000
93941  44.800  33.647  16.068 0.0000000000
93934  45.431  34.331  16.803 0.0000000000
93940  46.147  33.504  16.047 0.0000000000
95218  49.555  37.009  21.269 0.0000000000
95202  49.275  36.705  21.567 0.0000000000
95201  49.639  37.036  21.927 0.0000000000
132679  49.440  36.326  23.343 0.0000000000
95179  49.663  37.071  22.830 0.0000000000
96516  45.663  38.586  22.366 0.0000000000
96524  46.012  38.764  21.459 0.0000000000
93873  46.605  34.583  27.341 0.0000000000
93872  47.594  34.328  27.325 0.0000000000
93262  47.966  33.515  28.671 0.0000000000
93263  47.089  33.589  28.651 0.0000000000
90822  43.988  29.878  32.789 0.0000000000
115842  40.904  49.505  16.860 0.0000000000
102804  41.777  50.694  17.944 0.0000000000
102315  41.317  48.714  16.223 0.0000000000
102326  42.091  48.881  15.790 0.0000000000
118450  42.232  48.060  15.449 0.0000000000
98961  40.780  42.682  17.438 0.0000000000
99551  40.670  43.461  16.694 0.0000000000
97806  43.682  39.609  13.214 0.0000000000
98412  44.209  41.258  12.409 0.0000000000
119041  44.956  40.653  11.163 0.0000000000
136097  44.395  39.373  11.851 0.0000000000
93354  45.266  32.838  14.378 0.0000000000
93355  44.179  32.883  13.910 0.0000000000
93950  44.379  32.847  14.952 0.0000000000
93942  43.497  33.635  15.684 0.0000000000
94529  45.743  35.500  22.715 0.0000000000
133242  45.145  35.257  23.239 0.0000000000
135231  45.356  34.101  24.201 0.0000000000
90284  43.306  28.779  25.655 0.0000000000
90305  43.304  28.821  24.251 0.0000000000
90295  42.532  28.694  25.273 0.0000000000
123943  41.851  28.675  25.060 0.0000000000
118183  41.816  28.613  25.993 0.0000000000
89639  44.036  27.745  32.080 0.0000000000
90244  43.669  28.161  31.413 0.0000000000
89019  43.544  26.312  32.136 0.0000000000
95209  38.418  36.610  21.932 0.0000000000
95190  38.825  36.569  22.759 0.0000000000
95188  40.581  36.500  22.784 0.0000000000
95167  40.108  36.319  23.631 0.0000000000
136808  40.607  36.090  23.941 0.0000000000
94508  40.615  35.250  24.596 0.0000000000
95149  41.060  35.748  24.161 0.0000000000
95925  40.975  36.686  16.055 0.0000000000
95926  40.602  37.299  16.636 0.0000000000
95907  39.230  36.981  18.167 0.0000000000
95915  39.727  37.395  17.728 0.0000000000
131099  37.876  36.540  20.948 0.0000000000
137232  37.726  36.603  21.921 0.0000000000
90194  48.519  29.816  35.823 0.0000000000
90193  49.035  29.626  35.833 0.0000000000
90185  49.512  29.298  36.075 0.0000000000
132170  50.688  27.281  38.042 0.0000000000
88970  50.750  27.977  36.812 0.0000000000
116778  51.262  27.225  37.062 0.0000000000
88977  51.289  27.130  35.977 0.0000000000
88969  51.593  26.362  36.580 0.0000000000
136096  43.098  52.939  16.894 0.0000000000
104854  42.711  53.740  15.949 0.0000000000
94572  47.524  34.689  15.044 0.0000000000
94571  47.971  34.015  15.793 0.0000000000
95280  48.082  35.223  15.673 0.0000000000
95912  48.593  37.329  17.417 0.0000000000
95898  49.116  37.305  19.277 0.0000000000
96538  48.693  38.151  18.876 0.0000000000
96474  44.313  38.668  26.268 0.0000000000
96460  45.122  38.581  26.437 0.0000000000
95843  45.089  38.304  26.857 0.0000000000
115900  43.990  35.104  27.239 0.0000000000
94461  44.909  35.366  27.219 0.0000000000
93874  45.609  34.751  27.312 0.0000000000
93265  44.955  33.499  27.998 0.0000000000
92643  43.487  32.005  29.529 0.0000000000
92010  43.688  31.111  30.957 0.0000000000
117655  42.893  31.116  30.437 0.0000000000
97165  43.395  39.934  17.657 0.0000000000
97792  42.752  40.109  17.236 0.0000000000
125221  43.894  39.387  17.444 0.0000000000
96564  44.739  38.159  16.331 0.0000000000
96565  43.814  38.458  16.162 0.0000000000
96570  43.920  38.199  14.874 0.0000000000
95933  44.471  37.345  13.943 0.0000000000
95932  44.842  37.035  14.718 0.0000000000
95282  46.249  36.212  14.661 0.0000000000
94577  46.779  34.127  14.537 0.0000000000
92709  48.426  31.535  23.049 0.0000000000
92094  47.427  31.328  23.431 0.0000000000
92093  48.144  30.519  23.208 0.0000000000
90880  46.451  29.204  25.140 0.0000000000
116146  46.499  29.141  24.405 0.0000000000
115162  44.814  28.909  25.373 0.0000000000
90882  44.693  29.258  26.612 0.0000000000
92688  36.415  32.695  25.455 0.0000000000
95152  38.435  36.142  24.267 0.0000000000
94511  37.715  35.725  24.719 0.0000000000
93908  38.087  34.982  25.142 0.0000000000
92703  38.560  32.423  24.706 0.0000000000
93318  37.946  33.102  25.064 0.0000000000
92704  37.734  32.237  24.936 0.0000000000
92705  36.953  32.030  25.212 0.0000000000
122316  37.274  30.747  24.211 0.0000000000
91503  37.992  30.754  23.619 0.0000000000
131020  38.923  30.069  22.143 0.0000000000
119519  38.324  30.158  22.290 0.0000000000
90310  38.296  29.401  22.292 0.0000000000
100716  43.919  44.965  10.835 0.0000000000
100143  42.722  44.573  11.592 0.0000000000
99000  40.562  42.715  13.508 0.0000000000
138253  40.908  43.871  12.977 0.0000000000
99585  40.374  43.631  13.483 0.0000000000
99586  39.762  43.778  13.966 0.0000000000
98959  48.085  42.898  17.522 0.0000000000
98949  48.266  42.536  17.163 0.0000000000
98950  48.101  43.376  18.013 0.0000000000
97751  45.521  40.363  21.171 0.0000000000
136113  43.821  39.843  22.218 0.0000000000
123326  44.009  38.729  24.135 0.0000000000
100651  37.320  45.643  19.502 0.0000000000
100072  37.531  44.877  19.714 0.0000000000
99527  39.953  43.092  18.908 0.0000000000
98352  41.890  41.678  19.377 0.0000000000
98351  42.706  41.558  19.338 0.0000000000
97770  43.376  41.179  18.930 0.0000000000
98350  43.651  41.753  19.399 0.0000000000
98361  46.068  42.551  18.768 0.0000000000
98360  47.309  42.554  17.679 0.0000000000
97780  46.914  41.405  17.499 0.0000000000
91451  48.527  31.513  30.541 0.0000000000
91452  47.219  30.807  29.964 0.0000000000
91440  47.787  31.025  31.002 0.0000000000
90224  46.770  29.183  33.228 0.0000000000
90821  46.259  29.330  32.442 0.0000000000
90225  45.686  28.525  32.790 0.0000000000
90242  45.233  28.868  32.056 0.0000000000
89596  49.030  28.613  35.236 0.0000000000
89597  48.108  28.197  34.718 0.0000000000
88987  48.081  27.054  34.633 0.0000000000
88372  47.813  25.915  34.043 0.0000000000
88388  46.805  25.559  33.422 0.0000000000
88389  45.914  25.671  33.196 0.0000000000
87766  46.905  24.991  32.693 0.0000000000
87774  46.547  24.640  31.751 0.0000000000
131751  47.450  24.775  31.969 0.0000000000
95257  44.440  36.065  18.804 0.0000000000
117164  45.169  36.417  20.125 0.0000000000
95222  45.810  36.380  20.513 0.0000000000
94552  48.107  34.497  17.164 0.0000000000
94543  47.808  35.045  18.063 0.0000000000
95254  48.120  35.750  18.578 0.0000000000
95203  48.478  36.507  21.194 0.0000000000
95221  47.566  36.422  20.716 0.0000000000
95182  47.268  36.036  21.742 0.0000000000
94528  46.653  35.591  22.523 0.0000000000
93915  47.124  34.780  23.330 0.0000000000
94518  47.872  35.396  23.174 0.0000000000
93912  49.507  34.209  23.948 0.0000000000
93320  49.395  33.287  23.560 0.0000000000
92069  49.566  31.618  24.141 0.0000000000
92685  49.675  32.563  24.809 0.0000000000
97767  48.208  41.061  18.668 0.0000000000
97779  48.547  40.671  17.672 0.0000000000
97153  48.043  39.889  18.801 0.0000000000
96522  48.020  38.520  21.387 0.0000000000
132652  47.697  38.646  20.431 0.0000000000
96521  49.159  38.308  21.376 0.0000000000
96513  48.922  38.377  22.276 0.0000000000
96458  46.699  38.521  26.322 0.0000000000
96457  47.588  38.517  26.036 0.0000000000
95854  48.170  38.087  26.112 0.0000000000
131580  48.896  37.809  25.610 0.0000000000
95866  49.189  38.069  24.892 0.0000000000
130570  49.446  37.419  25.099 0.0000000000
95132  49.530  36.459  25.204 0.0000000000
95113  49.200  36.012  25.797 0.0000000000
117310  48.975  32.929  26.940 0.0000000000
92678  49.121  31.993  26.644 0.0000000000
92672  49.048  32.399  27.819 0.0000000000
92048  49.081  32.008  28.618 0.0000000000
92659  48.998  32.714  29.006 0.0000000000
92630  48.721  32.545  31.277 0.0000000000
92018  49.041  32.386  30.646 0.0000000000
92620  48.722  32.288  31.974 0.0000000000
91996  48.545  32.033  32.577 0.0000000000
92621  48.177  32.356  32.386 0.0000000000
92632  46.174  32.442  30.619 0.0000000000
137310  45.978  32.163  31.123 0.0000000000
91412  45.643  30.890  33.064 0.0000000000
91993  46.712  31.089  33.647 0.0000000000
91398  47.472  30.586  34.571 0.0000000000
103827  41.755  51.539  19.555 0.0000000000
104312  40.898  52.305  18.389 0.0000000000
102324  44.338  48.619  15.007 0.0000000000
102809  43.873  49.942  15.800 0.0000000000
102808  44.623  49.538  15.240 0.0000000000
102338  45.232  49.344  14.547 0.0000000000
101840  45.298  47.897  13.974 0.0000000000
98387  42.242  41.576  15.425 0.0000000000
98388  41.763  42.144  15.877 0.0000000000
99573  42.609  43.422  14.301 0.0000000000
100125  42.616  44.253  14.342 0.0000000000
101279  42.833  45.796  14.589 0.0000000000
101842  43.335  46.780  14.783 0.0000000000
138570  43.409  45.280  14.147 0.0000000000
100142  45.413  44.308  11.468 0.0000000000
100133  45.287  45.181  12.219 0.0000000000
101297  45.504  45.979  11.779 0.0000000000
100707  45.472  45.113  11.182 0.0000000000
100714  45.132  45.331  10.616 0.0000000000
99600  45.173  43.453  10.588 0.0000000000
97849  44.155  39.813  10.640 0.0000000000
98444  44.080  41.455  10.699 0.0000000000
97832  43.596  40.516  11.050 0.0000000000
97833  42.494  39.808  12.005 0.0000000000
97199  43.205  38.816  11.689 0.0000000000
95937  44.064  36.315  12.211 0.0000000000
95944  43.951  37.180  11.907 0.0000000000
93967  43.160  34.278  13.486 0.0000000000
94586  43.544  35.406  12.844 0.0000000000
95290  42.818  36.087  13.460 0.0000000000
95291  42.141  36.717  14.326 0.0000000000
95284  41.480  36.170  15.387 0.0000000000
133626  41.895  34.660  14.854 0.0000000000
94566  42.695  34.305  16.385 0.0000000000
94567  41.745  34.455  16.216 0.0000000000
94557  42.097  34.912  17.078 0.0000000000
94548  41.656  35.448  17.693 0.0000000000
95223  43.388  36.471  20.690 0.0000000000
95207  42.603  36.518  21.204 0.0000000000
132583  43.363  34.567  24.574 0.0000000000
94523  42.691  35.639  23.697 0.0000000000
93903  42.704  34.380  24.789 0.0000000000
93904  41.920  34.630  24.733 0.0000000000
93313  42.344  33.827  24.956 0.0000000000
92696  45.023  32.218  24.610 0.0000000000
123835  42.900  29.799  23.202 0.0000000000
92082  43.266  31.260  24.387 0.0000000000
91499  42.632  30.258  23.250 0.0000000000
131424  42.182  31.255  24.101 0.0000000000
91500  41.818  30.381  23.048 0.0000000000
91501  40.846  30.379  23.052 0.0000000000
91509  41.492  30.007  22.780 0.0000000000
90297  40.318  28.606  25.935 0.0000000000
90298  39.361  28.615  25.337 0.0000000000
90299  38.392  28.228  25.169 0.0000000000
89673  38.744  27.924  26.253 0.0000000000
91453  46.061  30.262  29.526 0.0000000000
132927  45.825  30.158  28.717 0.0000000000
90865  45.208  29.854  29.152 0.0000000000
118349  43.152  28.718  29.767 0.0000000000
90859  43.832  29.225  29.239 0.0000000000
129446  43.216  28.928  28.796 0.0000000000
90266  43.246  28.923  27.871 0.0000000000
90258  42.533  28.565  29.154 0.0000000000
87788  43.346  24.310  30.837 0.0000000000
88404  42.592  25.514  31.284 0.0000000000
88407  42.290  25.013  30.814 0.0000000000
114797  39.550  36.598  21.148 0.0000000000
115712  39.216  36.590  21.960 0.0000000000
115713  40.061  36.591  21.982 0.0000000000
95187  41.588  36.406  22.705 0.0000000000
95268  40.358  36.018  17.451 0.0000000000
95914  40.216  36.799  17.320 0.0000000000
95261  39.498  36.647  18.306 0.0000000000
95262  38.875  36.738  18.565 0.0000000000
95245  38.524  36.500  19.039 0.0000000000
114997  39.334  36.541  19.485 0.0000000000
95227  39.005  36.603  20.172 0.0000000000
89575  49.086  27.973  37.450 0.0000000000
89583  49.497  28.866  36.695 0.0000000000
135972  50.176  27.525  38.453 0.0000000000
88952  50.927  26.324  39.006 0.0000000000
95275  47.796  36.489  15.706 0.0000000000
95274  48.329  35.902  16.313 0.0000000000
95920  48.118  37.235  16.078 0.0000000000
95913  48.312  37.920  16.396 0.0000000000
95094  43.469  37.201  27.201 0.0000000000
95093  44.358  36.905  27.153 0.0000000000
118386  43.691  36.098  27.190 0.0000000000
131264  43.952  34.294  27.414 0.0000000000
97163  45.243  40.071  17.862 0.0000000000
97174  44.777  39.382  17.486 0.0000000000
96556  45.400  38.700  16.943 0.0000000000
95923  45.256  37.533  15.694 0.0000000000
95922  46.527  37.500  15.846 0.0000000000
95930  46.849  36.794  15.458 0.0000000000
136723  48.688  30.218  23.903 0.0000000000
91493  48.151  29.598  23.775 0.0000000000
90888  47.906  29.379  24.237 0.0000000000
91480  47.135  29.686  25.671 0.0000000000
134002  46.413  29.709  26.148 0.0000000000
93907  38.897  34.696  24.993 0.0000000000
93317  39.041  33.838  24.922 0.0000000000
92085  39.115  31.491  24.125 0.0000000000
91511  39.500  30.524  22.882 0.0000000000
99009  42.104  42.838  12.246 0.0000000000
118913  40.787  42.005  13.520 0.0000000000
98987  40.286  42.139  14.101 0.0000000000
115647  35.748  35.785  20.232 0.0000000000
95212  34.711  35.845  20.398 0.0000000000
95171  34.589  36.608  23.608 0.0000000000
95155  35.264  36.472  24.348 0.0000000000
98939  47.548  44.445  19.220 0.0000000000
99511  47.948  44.286  18.863 0.0000000000
99493  47.470  44.656  19.913 0.0000000000
98906  47.107  44.474  21.038 0.0000000000
99478  42.859  44.933  21.763 0.0000000000
98909  42.151  43.668  21.032 0.0000000000
99497  43.128  44.172  21.042 0.0000000000
98925  43.513  43.433  20.419 0.0000000000
98941  44.228  42.871  19.863 0.0000000000
98349  44.663  42.018  19.221 0.0000000000
98940  46.521  44.012  19.217 0.0000000000
91421  48.462  31.415  32.005 0.0000000000
91422  47.382  30.551  31.594 0.0000000000
90820  47.500  30.067  32.955 0.0000000000
88985  49.923  26.971  35.350 0.0000000000
134518  49.453  26.059  34.265 0.0000000000
88387  48.851  25.709  33.800 0.0000000000
87756  48.653  25.269  33.054 0.0000000000
94556  43.309  35.043  17.292 0.0000000000
94546  43.901  35.626  18.093 0.0000000000
94555  44.563  34.995  17.372 0.0000000000
94544  46.445  35.348  18.153 0.0000000000
116424  48.772  36.741  19.046 0.0000000000
95238  48.484  36.490  19.244 0.0000000000
94526  48.664  35.896  22.846 0.0000000000
94517  49.019  35.427  23.298 0.0000000000
94516  49.410  35.426  23.900 0.0000000000
94503  49.594  35.027  24.471 0.0000000000
97144  46.676  39.533  20.386 0.0000000000
96532  46.468  38.881  20.900 0.0000000000
96515  46.732  38.536  21.897 0.0000000000
136963  47.612  38.447  23.453 0.0000000000
95116  46.796  37.277  26.884 0.0000000000
95840  47.279  38.136  26.503 0.0000000000
94482  47.095  36.206  26.940 0.0000000000
94481  47.980  35.851  26.637 0.0000000000
94480  48.689  35.461  26.268 0.0000000000
93887  48.154  34.806  26.787 0.0000000000
133538  48.557  33.248  28.657 0.0000000000
93245  48.652  33.178  29.482 0.0000000000
92631  48.279  32.910  30.979 0.0000000000
92009  44.742  31.416  31.273 0.0000000000
92008  45.832  31.829  31.535 0.0000000000
91413  44.624  30.536  32.502 0.0000000000
125701  41.355  50.683  19.439 0.0000000000
103314  42.039  51.466  19.335 0.0000000000
119955  42.955  50.905  17.504 0.0000000000
102325  43.271  48.912  15.467 0.0000000000
100095  39.734  44.282  17.517 0.0000000000
100106  39.840  44.894  17.040 0.0000000000
100094  40.210  44.195  16.877 0.0000000000
100105  40.696  44.211  16.236 0.0000000000
97807  42.946  40.248  14.575 0.0000000000
98397  42.569  41.741  14.566 0.0000000000
98413  43.276  41.953  13.598 0.0000000000
100135  43.627  43.722  13.360 0.0000000000
99583  44.303  42.987  12.561 0.0000000000
99593  45.119  43.569  12.012 0.0000000000
99007  45.253  42.697  11.339 0.0000000000
99015  45.281  42.858  10.773 0.0000000000
98428  45.030  41.223  10.802 0.0000000000
97830  44.754  40.145  10.955 0.0000000000
96593  44.084  38.645  10.799 0.0000000000
94579  44.904  35.071  13.010 0.0000000000
93965  44.425  33.591  13.398 0.0000000000
93966  43.680  33.585  13.367 0.0000000000
93960  42.832  33.031  13.871 0.0000000000
93951  43.092  32.925  14.674 0.0000000000
134365  44.117  36.302  21.650 0.0000000000
95185  43.625  36.210  22.180 0.0000000000
94531  44.013  35.791  22.772 0.0000000000
94504  44.130  34.715  24.264 0.0000000000
93902  43.920  34.117  24.686 0.0000000000
90900  44.414  29.446  23.872 0.0000000000
91497  44.517  30.104  23.840 0.0000000000
90901  43.543  29.357  23.592 0.0000000000
90902  42.757  29.362  23.442 0.0000000000
90903  41.993  29.412  23.302 0.0000000000
90307  41.493  28.977  24.307 0.0000000000
90296  41.153  28.675  25.421 0.0000000000
90849  44.687  29.377  30.480 0.0000000000
90858  44.550  29.503  29.636 0.0000000000
90253  44.136  28.847  30.954 0.0000000000
90254  43.424  28.524  30.636 0.0000000000
89644  42.955  27.853  31.064 0.0000000000
95192  37.111  36.602  22.474 0.0000000000
122360  37.569  36.547  23.321 0.0000000000
95168  38.365  36.465  23.585 0.0000000000
136150  38.843  36.332  23.990 0.0000000000
95151  39.330  36.054  24.255 0.0000000000
94509  39.689  35.245  24.712 0.0000000000
93905  40.304  34.688  24.791 0.0000000000
93315  40.490  33.912  24.817 0.0000000000
96571  41.468  38.286  14.889 0.0000000000
97188  41.252  39.238  14.669 0.0000000000
97183  40.392  39.325  16.069 0.0000000000
95927  40.142  37.871  17.110 0.0000000000
95246  37.178  36.513  19.129 0.0000000000
115195  36.508  36.005  20.364 0.0000000000
100042  42.613  45.190  22.482 0.0000000000
90803  48.280  30.318  34.847 0.0000000000
90200  48.926  29.441  35.554 0.0000000000
89589  49.432  29.213  35.797 0.0000000000
117007  49.781  28.210  35.662 0.0000000000
89582  50.006  28.669  36.427 0.0000000000
88354  51.291  26.721  35.220 0.0000000000
88353  51.709  26.239  35.059 0.0000000000
93342  46.603  33.096  15.398 0.0000000000
93939  47.255  33.397  16.141 0.0000000000
93341  47.355  33.373  15.775 0.0000000000
94563  48.491  34.946  17.317 0.0000000000
95266  48.632  35.526  17.655 0.0000000000
95253  48.567  36.027  18.366 0.0000000000
95891  49.431  37.325  20.280 0.0000000000
95883  49.607  37.475  21.519 0.0000000000
116858  45.293  38.516  23.965 0.0000000000
114960  46.032  38.447  24.334 0.0000000000
96491  45.574  38.472  24.965 0.0000000000
96473  45.995  38.638  25.989 0.0000000000
95827  45.092  37.594  27.082 0.0000000000
95092  45.216  36.435  27.139 0.0000000000
95091  46.181  36.374  27.079 0.0000000000
124628  46.029  34.147  27.573 0.0000000000
93247  46.525  33.301  29.179 0.0000000000
93264  45.983  33.632  28.136 0.0000000000
93248  45.239  33.175  28.820 0.0000000000
92633  44.943  32.159  30.111 0.0000000000
92021  44.342  31.609  30.475 0.0000000000
120965  43.726  30.276  32.112 0.0000000000
90823  43.301  29.742  32.358 0.0000000000
101815  41.033  47.776  16.119 0.0000000000
98373  41.797  41.438  17.791 0.0000000000
129149  41.835  41.347  16.978 0.0000000000
97793  42.317  40.875  17.522 0.0000000000
97798  42.334  40.705  16.676 0.0000000000
97175  43.333  39.259  16.894 0.0000000000
97187  43.004  39.703  15.237 0.0000000000
97194  43.397  39.460  14.241 0.0000000000
97193  43.877  38.589  13.051 0.0000000000
97198  44.324  38.623  11.806 0.0000000000
96576  44.267  37.566  12.757 0.0000000000
95289  44.736  35.872  12.839 0.0000000000
95283  45.241  36.344  14.092 0.0000000000
94578  45.847  34.585  13.826 0.0000000000
93958  45.974  33.323  14.181 0.0000000000
127133  46.573  34.108  23.644 0.0000000000
93324  45.937  33.666  24.100 0.0000000000
93323  46.747  33.170  23.799 0.0000000000
116713  46.258  31.421  24.201 0.0000000000
118456  46.143  30.099  23.696 0.0000000000
90911  47.325  29.505  23.781 0.0000000000
91495  46.507  29.537  23.841 0.0000000000
91496  45.490  29.606  23.897 0.0000000000
90891  44.715  28.993  24.428 0.0000000000
90283  44.069  28.792  24.873 0.0000000000
90275  43.263  28.891  26.860 0.0000000000
87768  45.033  24.961  32.259 0.0000000000
88400  43.996  25.681  32.266 0.0000000000
87776  44.592  24.639  31.645 0.0000000000
94493  37.317  35.105  25.225 0.0000000000
93894  36.930  34.412  25.414 0.0000000000
93893  38.226  34.025  25.163 0.0000000000
93302  37.428  33.735  25.325 0.0000000000
92088  36.605  31.172  24.905 0.0000000000
91504  36.743  30.292  24.105 0.0000000000
90316  37.602  29.473  21.870 0.0000000000
100144  41.950  44.267  12.264 0.0000000000
124933  41.729  44.890  12.306 0.0000000000
134348  40.818  40.255  14.676 0.0000000000
98398  40.496  41.242  14.409 0.0000000000
97171  48.340  40.650  16.229 0.0000000000
97180  48.481  41.109  16.195 0.0000000000
98377  48.403  41.734  16.380 0.0000000000
97778  48.529  41.790  17.576 0.0000000000
98348  47.747  41.816  19.394 0.0000000000
134215  47.797  43.064  19.543 0.0000000000
97760  46.851  40.883  20.206 0.0000000000
97761  46.028  40.100  20.736 0.0000000000
97137  45.544  39.456  21.269 0.0000000000
116605  44.672  38.765  22.514 0.0000000000
96492  44.688  38.566  24.569 0.0000000000
114929  43.946  38.709  25.177 0.0000000000
96461  43.779  38.542  26.722 0.0000000000
100084  38.542  44.913  18.617 0.0000000000
100071  38.250  44.568  19.331 0.0000000000
137467  38.832  44.315  18.945 0.0000000000
100083  39.203  44.456  18.221 0.0000000000
99539  39.751  43.673  18.155 0.0000000000
99526  40.300  42.962  18.166 0.0000000000
98952  41.231  41.934  18.064 0.0000000000
123336  41.546  42.665  20.555 0.0000000000
98364  41.778  41.522  18.625 0.0000000000
97771  42.852  41.022  18.663 0.0000000000
97783  43.604  40.571  18.383 0.0000000000
97782  44.588  40.612  18.343 0.0000000000
98362  45.091  41.385  18.633 0.0000000000
97781  45.679  40.817  18.132 0.0000000000
97162  46.473  40.380  17.468 0.0000000000
97791  47.844  41.164  16.431 0.0000000000
92055  48.585  31.456  27.933 0.0000000000
91469  47.769  30.961  28.241 0.0000000000
90848  45.507  29.695  30.876 0.0000000000
91423  46.313  30.000  31.328 0.0000000000
90835  44.902  29.162  31.286 0.0000000000
90226  44.786  28.100  32.434 0.0000000000
89002  44.835  26.494  32.955 0.0000000000
90202  47.713  28.673  34.412 0.0000000000
134297  46.848  28.113  33.969 0.0000000000
88988  46.994  26.497  33.975 0.0000000000
89605  46.225  27.207  33.750 0.0000000000
89606  45.567  26.429  33.345 0.0000000000
88390  45.277  25.825  33.010 0.0000000000
88399  44.702  25.599  32.592 0.0000000000
87767  45.904  24.959  32.376 0.0000000000
126870  41.691  36.118  19.044 0.0000000000
117162  41.710  36.408  19.816 0.0000000000
95243  42.492  36.248  19.411 0.0000000000
95242  43.340  36.369  19.822 0.0000000000
132429  44.030  36.308  19.437 0.0000000000
117163  44.275  36.449  20.209 0.0000000000
95205  44.780  36.254  21.471 0.0000000000
95183  45.273  35.883  21.998 0.0000000000
93933  46.654  34.092  16.793 0.0000000000
133633  47.761  36.529  19.917 0.0000000000
95239  47.334  36.291  19.365 0.0000000000
115037  46.495  36.241  21.057 0.0000000000
94519  46.411  35.201  23.141 0.0000000000
93322  47.736  33.687  23.415 0.0000000000
120065  48.686  32.526  23.057 0.0000000000
93321  49.014  33.528  23.214 0.0000000000
133819  49.197  32.484  23.176 0.0000000000
92077  49.267  31.665  23.289 0.0000000000
92062  48.911  31.149  25.877 0.0000000000
97161  48.540  40.176  16.803 0.0000000000
96548  48.480  39.697  17.915 0.0000000000
131230  48.483  38.890  17.776 0.0000000000
96540  47.541  39.186  19.767 0.0000000000
123805  48.431  38.500  19.618 0.0000000000
96520  49.499  37.896  20.909 0.0000000000
117477  46.903  38.460  24.116 0.0000000000
96504  47.960  38.432  24.165 0.0000000000
134951  48.432  38.261  25.474 0.0000000000
96503  48.622  38.409  23.417 0.0000000000
135296  49.155  38.306  23.787 0.0000000000
95873  49.609  37.707  23.408 0.0000000000
95148  49.684  36.866  24.517 0.0000000000
128937  49.648  35.909  24.563 0.0000000000
93900  49.626  34.313  24.817 0.0000000000
93886  48.795  34.501  26.303 0.0000000000
93291  49.330  34.407  25.668 0.0000000000
93300  49.566  33.510  25.345 0.0000000000
93301  49.414  32.738  25.948 0.0000000000
92049  48.865  31.722  29.075 0.0000000000
92034  49.086  31.925  30.173 0.0000000000
92639  49.107  32.813  29.979 0.0000000000
92019  49.013  32.073  31.113 0.0000000000
92006  48.876  31.980  31.997 0.0000000000
91410  48.315  31.246  33.091 0.0000000000
91403  48.083  31.056  33.634 0.0000000000
92640  47.350  33.037  30.214 0.0000000000
136302  47.481  32.776  31.041 0.0000000000
92007  46.902  31.975  32.374 0.0000000000
91997  47.990  32.033  33.059 0.0000000000
91992  47.784  31.438  33.487 0.0000000000
91397  48.073  30.694  34.387 0.0000000000
91391  48.121  30.572  34.920 0.0000000000
90797  48.264  30.216  35.325 0.0000000000
90187  47.991  29.195  36.295 0.0000000000
103837  43.889  51.665  17.145 0.0000000000
103319  43.725  51.348  17.449 0.0000000000
103324  44.236  50.795  16.219 0.0000000000
132873  45.235  50.121  14.632 0.0000000000
102337  45.550  49.018  13.626 0.0000000000
101858  45.804  48.316  12.400 0.0000000000
101260  40.908  46.937  15.980 0.0000000000
132069  41.511  47.451  15.587 0.0000000000
117855  41.618  41.905  16.527 0.0000000000
98978  41.557  42.882  15.595 0.0000000000
101829  42.259  47.172  15.226 0.0000000000
101278  44.695  46.885  14.109 0.0000000000
100692  44.394  45.223  13.392 0.0000000000
101287  45.488  47.189  13.315 0.0000000000
101286  45.737  47.473  12.600 0.0000000000
101306  45.233  47.492  11.233 0.0000000000
101307  45.223  46.395  10.903 0.0000000000
99602  43.881  43.300  10.837 0.0000000000
99016  45.097  42.641  10.563 0.0000000000
99017  44.347  42.500  10.653 0.0000000000
99008  43.150  42.164  11.358 0.0000000000
96581  44.087  37.799  11.508 0.0000000000
96588  44.029  38.328  10.970 0.0000000000
95296  43.888  36.386  12.172 0.0000000000
95945  43.795  37.275  11.910 0.0000000000
96582  43.538  37.925  11.646 0.0000000000
96577  42.775  37.780  12.693 0.0000000000
96578  41.925  38.566  13.784 0.0000000000
95934  41.568  37.298  15.157 0.0000000000
95276  40.903  35.518  16.242 0.0000000000
94573  41.918  34.196  15.397 0.0000000000
94568  41.220  34.836  16.285 0.0000000000
95267  40.702  35.329  16.870 0.0000000000
120509  40.755  35.474  17.451 0.0000000000
115418  41.213  35.824  18.287 0.0000000000
114799  41.796  36.557  20.761 0.0000000000
115778  41.801  36.549  21.697 0.0000000000
95164  43.134  35.970  22.868 0.0000000000
95165  42.359  36.137  23.024 0.0000000000
132526  41.762  35.967  23.589 0.0000000000
94507  41.312  35.166  24.564 0.0000000000
93314  41.469  33.872  24.881 0.0000000000
117045  41.065  33.090  24.754 0.0000000000
93310  45.164  33.344  24.484 0.0000000000
93311  44.186  33.300  24.786 0.0000000000
129899  43.473  33.032  24.968 0.0000000000
136942  43.931  30.605  24.107 0.0000000000
136262  43.682  31.914  24.747 0.0000000000
117047  42.793  33.099  25.002 0.0000000000
92700  41.603  32.228  24.582 0.0000000000
92701  40.695  32.188  24.493 0.0000000000
92084  40.406  31.322  23.882 0.0000000000
91510  40.150  30.176  22.709 0.0000000000
135851  40.192  30.139  22.719 0.0000000000
90904  41.135  29.585  23.405 0.0000000000
90905  40.223  29.860  22.939 0.0000000000
90906  39.151  29.889  22.458 0.0000000000
114610  38.797  28.940  23.983 0.0000000000
135393  46.879  30.489  28.010 0.0000000000
91462  46.119  30.152  27.857 0.0000000000
114457  45.344  29.682  27.225 0.0000000000
90866  44.506  29.543  28.727 0.0000000000
90875  44.565  29.483  27.741 0.0000000000
90876  43.939  29.192  27.276 0.0000000000
90276  42.440  28.664  27.576 0.0000000000
89021  42.854  26.250  31.647 0.0000000000
89641  42.517  27.047  31.253 0.0000000000
89645  42.241  27.640  30.576 0.0000000000
88408  41.663  25.255  30.468 0.0000000000
89646  41.526  27.155  30.287 0.0000000000
134748  41.798  27.808  29.984 0.0000000000
90259  41.797  28.154  29.343 0.0000000000
90267  41.992  28.450  28.531 0.0000000000
117158  41.717  28.557  26.976 0.0000000000
114801  40.899  28.363  27.304 0.0000000000
89665  40.064  28.000  27.509 0.0000000000
88315  50.654  25.807  39.900 0.0000000000
88336  51.598  25.178  38.055 0.0000000000
87710  51.548  24.419  37.763 0.0000000000
88959  51.681  25.620  37.121 0.0000000000
87778  42.946  24.828  31.227 0.0000000000
88327  51.250  25.493  39.132 0.0000000000
88398  45.495  25.333  32.724 0.0000000000
88402  44.234  25.100  32.042 0.0000000000
88403  43.388  25.427  31.782 0.0000000000
88405  42.036  25.622  30.837 0.0000000000
89024  41.941  26.874  30.811 0.0000000000
89025  41.440  26.169  30.486 0.0000000000
89625  44.448  27.243  32.610 0.0000000000
89626  43.845  27.005  32.302 0.0000000000
90186  48.939  29.429  36.216 0.0000000000
90211  47.261  29.046  33.900 0.0000000000
90255  42.803  28.247  30.419 0.0000000000
90277  41.483  28.385  27.881 0.0000000000
90287  40.387  28.368  26.801 0.0000000000
90897  47.719  29.335  23.934 0.0000000000
90898  46.939  29.259  24.106 0.0000000000
90899  46.110  29.142  24.054 0.0000000000
90913  41.600  29.904  22.830 0.0000000000
91405  45.783  30.561  33.597 0.0000000000
91442  42.873  30.650  31.097 0.0000000000
91471  46.047  29.888  26.866 0.0000000000
91479  47.906  30.838  27.250 0.0000000000
91486  48.408  30.026  24.621 0.0000000000
91487  47.846  29.674  25.092 0.0000000000
91494  47.933  29.681  23.478 0.0000000000
91508  48.426  30.265  23.443 0.0000000000
92035  44.123  31.902  29.877 0.0000000000
92070  49.101  30.838  24.610 0.0000000000
92078  49.099  30.858  23.598 0.0000000000
92081  44.261  31.367  24.506 0.0000000000
92095  40.127  30.688  23.086 0.0000000000
92698  43.269  32.381  24.873 0.0000000000
93346  47.072  33.266  15.392 0.0000000000
93347  46.294  32.943  14.863 0.0000000000
93348  45.522  32.738  14.834 0.0000000000
93350  42.933  32.729  14.094 0.0000000000
93356  43.237  32.773  13.899 0.0000000000
93875  44.653  34.526  27.364 0.0000000000
93916  45.828  34.432  23.801 0.0000000000
93917  45.039  34.727  23.842 0.0000000000
93938  47.799  33.783  16.243 0.0000000000
93948  47.568  33.523  15.744 0.0000000000
93952  42.566  33.278  14.594 0.0000000000
93957  46.797  33.255  14.885 0.0000000000
93964  45.076  34.061  13.442 0.0000000000
94479  49.134  35.152  25.865 0.0000000000
94505  43.464  35.195  24.051 0.0000000000
94506  42.686  35.022  24.419 0.0000000000
94521  44.312  35.303  23.504 0.0000000000
94553  47.248  34.573  17.434 0.0000000000
94581  41.988  35.669  14.641 0.0000000000
94584  44.325  34.459  12.806 0.0000000000
95117  45.905  37.353  27.058 0.0000000000
95133  49.176  37.007  25.751 0.0000000000
95181  48.407  36.217  22.147 0.0000000000
95184  44.470  36.013  22.110 0.0000000000
95204  45.574  36.224  21.283 0.0000000000
95210  37.135  36.461  21.242 0.0000000000
95219  49.319  36.880  20.704 0.0000000000
95256  45.600  35.979  18.825 0.0000000000
95273  48.661  35.268  17.096 0.0000000000
95288  45.549  35.594  13.816 0.0000000000
95295  44.054  35.691  12.280 0.0000000000
95839  48.618  37.409  26.094 0.0000000000
95890  49.556  37.265  20.913 0.0000000000
95916  39.109  37.752  18.072 0.0000000000
96459  45.842  38.451  26.590 0.0000000000
96472  46.970  38.627  25.913 0.0000000000
96488  49.348  38.129  24.023 0.0000000000
96505  45.931  38.485  23.460 0.0000000000
96506  44.439  38.655  23.428 0.0000000000
96512  49.445  38.049  21.897 0.0000000000
96523  46.852  38.635  21.054 0.0000000000
96566  40.552  38.388  16.386 0.0000000000
96583  42.476  38.634  12.641 0.0000000000
96586  44.150  38.731  10.784 0.0000000000
96587  44.073  38.465  10.879 0.0000000000
96594  44.223  39.024  10.781 0.0000000000
97206  44.347  39.032  10.914 0.0000000000
97208  43.557  39.513  11.185 0.0000000000
97785  42.351  41.115  18.293 0.0000000000
97790  48.519  41.579  16.222 0.0000000000
97831  44.628  39.703  11.199 0.0000000000
97848  44.265  39.677  10.663 0.0000000000
98358  48.381  42.128  16.789 0.0000000000
98359  48.282  42.845  17.724 0.0000000000
98371  48.430  41.947  16.592 0.0000000000
98431  42.346  40.787  12.106 0.0000000000
98921  47.995  43.985  19.177 0.0000000000
98938  48.021  43.706  18.397 0.0000000000
98953  40.506  42.498  18.924 0.0000000000
98977  42.087  42.362  15.153 0.0000000000
98998  43.340  42.840  13.510 0.0000000000
98999  41.210  42.313  12.951 0.0000000000
99006  45.186  42.153  10.783 0.0000000000
99476  46.687  45.179  21.982 0.0000000000
99494  46.095  45.661  20.502 0.0000000000
99512  47.424  44.655  19.639 0.0000000000
99584  41.044  43.182  12.966 0.0000000000
100069  47.082  45.170  20.223 0.0000000000
100136  41.213  44.381  12.694 0.0000000000
100137  40.589  44.425  13.200 0.0000000000
100151  45.292  44.292  10.706 0.0000000000
100153  43.943  44.046  10.811 0.0000000000
100693  42.607  45.039  14.456 0.0000000000
101296  45.599  46.925  11.816 0.0000000000
102810  42.825  49.588  15.961 0.0000000000
103315  41.209  50.949  20.125 0.0000000000
103320  43.191  51.544  18.689 0.0000000000
104325  43.585  52.424  16.756 0.0000000000
114779  44.170  36.459  21.048 0.0000000000
115194  44.956  36.424  20.775 0.0000000000
117091  45.095  48.515  14.489 0.0000000000
117106  46.291  34.742  23.461 0.0000000000
120812  48.509  31.632  32.622 0.0000000000
121175  42.699  43.681  11.662 0.0000000000
123839  42.362  33.895  14.376 0.0000000000
123957  39.378  44.902  17.571 0.0000000000
124701  45.582  46.716  12.575 0.0000000000
125585  44.540  40.644  10.674 0.0000000000
126842  44.516  38.486  26.734 0.0000000000
129050  51.733  24.899  37.075 0.0000000000
129244  49.722  37.047  23.763 0.0000000000
130065  40.761  42.367  18.308 0.0000000000
130670  42.585  41.019  14.845 0.0000000000
131917  45.685  47.698  11.919 0.0000000000
132390  48.988  31.789  22.930 0.0000000000
132420  48.730  36.283  17.847 0.0000000000
133081  39.478  30.115  22.530 0.0000000000
133219  46.781  32.229  23.934 0.0000000000
133461  48.344  42.180  18.414 0.0000000000
134008  45.335  29.298  24.184 0.0000000000
134117  51.134  24.292  39.283 0.0000000000
134168  44.571  32.742  14.427 0.0000000000
135192  49.266  33.805  23.544 0.0000000000
136013  41.165  36.563  21.202 0.0000000000
136344  44.634  34.430  16.792 0.0000000000
136448  48.808  31.484  26.723 0.0000000000
137459  39.851  36.411  18.636 0.0000000000
137794  42.880  40.147  11.562 0.0000000000
