#!ascii label  , from subject sub-v2s12x28903_ses-1 vox2ras=TkReg
1647
59839  -49.237  -10.869  44.534 0.0000000000
46162  -37.300  -24.593  49.030 0.0000000000
63149  -55.892  -8.121  36.406 0.0000000000
61090  -42.680  -10.378  32.321 0.0000000000
68097  -48.381  -3.389  37.720 0.0000000000
51623  -44.091  -19.619  48.640 0.0000000000
48385  -32.786  -22.697  36.153 0.0000000000
54994  -37.899  -16.963  33.749 0.0000000000
46147  -31.106  -24.715  50.923 0.0000000000
71083  -58.000  -0.612  32.395 0.0000000000
49462  -26.802  -22.016  39.936 0.0000000000
58851  -46.096  -11.807  38.013 0.0000000000
63148  -46.948  -7.922  36.004 0.0000000000
66103  -49.250  -6.298  41.857 0.0000000000
54843  -47.050  -15.729  45.949 0.0000000000
52794  -41.744  -18.820  40.637 0.0000000000
123921  -44.450  -16.131  38.116 0.0000000000
57957  -40.822  -13.653  33.379 0.0000000000
71125  -57.526  -0.088  28.000 0.0000000000
50493  -33.557  -21.169  47.632 0.0000000000
49382  -28.447  -21.741  45.746 0.0000000000
47229  -32.940  -23.532  44.651 0.0000000000
68121  -52.322  -4.062  36.030 0.0000000000
46164  -40.764  -24.281  49.560 0.0000000000
45193  -35.815  -25.497  42.288 0.0000000000
129565  -38.342  -21.157  42.937 0.0000000000
51773  -34.891  -19.647  35.721 0.0000000000
146714  -26.786  -25.107  53.748 0.0000000000
71956  -51.403  0.597  41.282 0.0000000000
69068  -55.083  -3.577  39.824 0.0000000000
72040  -57.160  1.183  36.065 0.0000000000
148491  -53.764  -3.726  34.839 0.0000000000
67215  -53.147  -4.566  30.409 0.0000000000
47181  -24.756  -23.569  47.133 0.0000000000
49478  -30.273  -21.535  38.351 0.0000000000
59891  -47.790  -11.837  41.102 0.0000000000
147987  -48.061  -9.718  39.335 0.0000000000
62014  -49.976  -8.908  42.601 0.0000000000
135189  -48.537  -13.182  45.081 0.0000000000
55933  -45.768  -15.741  41.802 0.0000000000
57887  -46.659  -13.918  40.790 0.0000000000
130816  -45.504  -13.958  38.641 0.0000000000
123642  -56.096  -8.699  33.926 0.0000000000
63151  -58.371  -7.904  36.043 0.0000000000
128223  -35.666  -22.287  47.820 0.0000000000
46189  -34.080  -24.347  46.653 0.0000000000
131992  -35.231  -25.035  46.455 0.0000000000
63196  -44.225  -8.966  31.265 0.0000000000
66139  -47.957  -5.742  36.952 0.0000000000
65192  -47.002  -6.597  34.264 0.0000000000
67146  -48.827  -4.760  35.920 0.0000000000
66177  -50.930  -5.470  34.306 0.0000000000
68109  -50.209  -3.228  36.402 0.0000000000
48231  -42.120  -22.153  49.208 0.0000000000
48272  -39.686  -22.492  46.025 0.0000000000
50518  -41.063  -20.405  45.746 0.0000000000
52860  -39.548  -18.337  36.531 0.0000000000
123234  -38.046  -19.268  38.207 0.0000000000
52879  -36.424  -18.310  34.675 0.0000000000
58901  -41.557  -12.473  32.594 0.0000000000
70005  -53.771  -1.199  40.860 0.0000000000
143319  -54.947  -1.245  35.187 0.0000000000
70104  -54.618  -1.725  33.492 0.0000000000
67197  -53.360  -4.516  32.825 0.0000000000
69148  -55.078  -2.112  31.178 0.0000000000
70160  -54.744  -1.933  27.021 0.0000000000
123625  -30.066  -24.507  52.500 0.0000000000
47132  -25.667  -23.842  50.283 0.0000000000
48209  -27.510  -22.975  48.971 0.0000000000
49409  -27.687  -21.175  43.099 0.0000000000
48290  -25.529  -22.618  43.384 0.0000000000
48330  -25.690  -22.946  40.835 0.0000000000
46277  -35.959  -24.295  39.455 0.0000000000
46274  -32.782  -24.308  40.375 0.0000000000
47308  -30.865  -23.179  36.972 0.0000000000
60000  -44.050  -10.916  34.989 0.0000000000
62089  -45.414  -9.438  34.065 0.0000000000
61065  -46.578  -9.932  36.606 0.0000000000
64160  -48.164  -7.503  38.614 0.0000000000
127458  -48.252  -4.803  39.652 0.0000000000
53762  -45.707  -17.598  47.905 0.0000000000
52758  -42.393  -18.537  44.550 0.0000000000
53815  -44.179  -17.123  43.219 0.0000000000
144070  -43.495  -17.492  39.175 0.0000000000
54985  -41.253  -16.588  35.775 0.0000000000
56051  -39.284  -15.110  33.782 0.0000000000
56031  -42.518  -14.951  35.290 0.0000000000
57938  -43.380  -13.553  35.175 0.0000000000
144098  -57.129  -0.841  29.893 0.0000000000
72116  -59.685  0.775  29.450 0.0000000000
48226  -32.157  -22.380  48.621 0.0000000000
47169  -29.867  -23.780  48.821 0.0000000000
47186  -31.651  -24.179  47.693 0.0000000000
49385  -31.103  -21.602  45.233 0.0000000000
50553  -29.929  -20.383  42.337 0.0000000000
63186  -46.447  -8.204  32.552 0.0000000000
65209  -52.322  -7.093  33.821 0.0000000000
65182  -53.883  -6.501  37.040 0.0000000000
44138  -38.987  -26.479  49.827 0.0000000000
43261  -37.339  -27.361  46.130 0.0000000000
45158  -38.491  -25.925  45.574 0.0000000000
47249  -37.255  -23.941  42.195 0.0000000000
47284  -36.343  -23.403  38.904 0.0000000000
50579  -40.101  -19.858  42.420 0.0000000000
50606  -36.623  -20.748  39.421 0.0000000000
49518  -34.562  -21.736  35.707 0.0000000000
125032  -49.055  -7.471  46.344 0.0000000000
47108  -37.829  -23.620  52.993 0.0000000000
48188  -42.995  -22.632  52.017 0.0000000000
49325  -44.633  -21.130  51.058 0.0000000000
67036  -49.288  -5.414  45.364 0.0000000000
68022  -47.420  -3.286  43.639 0.0000000000
133704  -47.462  -1.598  41.161 0.0000000000
71943  -49.936  1.146  42.012 0.0000000000
70025  -49.770  -0.795  39.619 0.0000000000
124355  -52.205  -2.164  38.757 0.0000000000
67124  -53.716  -4.564  38.321 0.0000000000
66141  -55.592  -5.678  39.111 0.0000000000
71007  -55.512  -0.233  37.968 0.0000000000
140838  -54.944  -3.520  37.556 0.0000000000
66168  -56.358  -6.007  36.911 0.0000000000
65210  -55.435  -6.117  34.435 0.0000000000
69177  -54.503  -2.654  28.971 0.0000000000
45109  -24.172  -26.113  50.735 0.0000000000
45162  -23.054  -24.980  44.761 0.0000000000
48255  -26.555  -22.530  46.441 0.0000000000
47227  -24.349  -23.529  44.216 0.0000000000
45178  -33.808  -25.110  43.048 0.0000000000
140064  -32.047  -22.393  41.493 0.0000000000
50619  -28.554  -20.664  38.710 0.0000000000
47326  -27.072  -22.645  36.599 0.0000000000
59876  -48.767  -11.454  42.439 0.0000000000
143921  -49.124  -10.363  41.775 0.0000000000
60979  -49.818  -10.006  43.400 0.0000000000
58791  -48.706  -12.421  44.870 0.0000000000
57869  -47.617  -13.681  43.009 0.0000000000
58803  -48.053  -12.687  42.502 0.0000000000
139131  -47.311  -12.592  40.948 0.0000000000
63161  -54.921  -8.148  35.390 0.0000000000
125300  -55.691  -8.370  35.307 0.0000000000
63162  -58.008  -8.219  36.065 0.0000000000
133298  -57.009  -8.254  36.331 0.0000000000
48228  -36.434  -22.932  48.407 0.0000000000
47190  -35.988  -23.644  47.168 0.0000000000
46190  -36.624  -24.388  47.593 0.0000000000
61098  -42.012  -10.039  30.308 0.0000000000
62108  -43.416  -9.324  31.492 0.0000000000
66140  -48.365  -5.111  37.259 0.0000000000
66152  -48.357  -5.194  36.450 0.0000000000
67135  -48.581  -4.506  36.654 0.0000000000
67147  -49.518  -4.398  35.621 0.0000000000
68098  -48.827  -2.992  37.150 0.0000000000
50484  -42.747  -20.479  48.243 0.0000000000
50496  -41.456  -20.803  46.991 0.0000000000
50497  -42.116  -20.283  47.253 0.0000000000
53914  -38.663  -17.763  35.140 0.0000000000
52872  -38.608  -18.341  35.947 0.0000000000
53921  -36.947  -17.836  34.020 0.0000000000
53929  -35.758  -17.863  33.175 0.0000000000
60010  -42.340  -11.293  32.690 0.0000000000
132241  -41.155  -11.796  31.042 0.0000000000
61093  -41.614  -10.897  30.909 0.0000000000
70105  -56.437  -1.018  33.561 0.0000000000
133179  -56.257  -1.274  32.828 0.0000000000
70118  -54.908  -2.043  31.962 0.0000000000
70119  -55.962  -1.490  31.930 0.0000000000
46130  -30.778  -24.808  51.732 0.0000000000
47133  -27.871  -23.681  50.623 0.0000000000
46145  -30.031  -24.456  50.671 0.0000000000
49427  -27.603  -21.089  41.969 0.0000000000
48318  -26.207  -22.214  42.076 0.0000000000
127682  -26.324  -22.512  40.422 0.0000000000
47278  -25.786  -23.886  39.826 0.0000000000
47279  -26.174  -23.354  39.372 0.0000000000
47294  -34.975  -23.504  38.338 0.0000000000
47292  -32.549  -23.531  38.448 0.0000000000
47330  -32.253  -23.075  36.942 0.0000000000
59978  -45.342  -11.474  36.821 0.0000000000
61064  -45.882  -10.315  36.182 0.0000000000
61053  -46.683  -10.387  37.425 0.0000000000
143488  -49.452  -8.106  40.858 0.0000000000
62045  -48.221  -8.810  39.011 0.0000000000
65136  -48.799  -6.941  40.189 0.0000000000
65143  -48.513  -6.250  39.553 0.0000000000
66115  -48.809  -5.926  40.963 0.0000000000
54828  -46.570  -16.412  46.819 0.0000000000
53792  -44.703  -16.985  45.638 0.0000000000
54854  -45.436  -16.377  44.388 0.0000000000
55951  -45.159  -16.039  39.589 0.0000000000
139475  -44.432  -16.854  40.758 0.0000000000
54944  -44.300  -16.615  38.778 0.0000000000
53907  -42.227  -17.306  37.072 0.0000000000
54975  -42.588  -16.635  36.714 0.0000000000
56030  -41.718  -15.644  35.369 0.0000000000
56009  -43.636  -15.600  36.602 0.0000000000
58850  -45.591  -12.510  37.933 0.0000000000
130156  -44.569  -13.682  37.040 0.0000000000
141273  -44.583  -12.816  36.806 0.0000000000
145245  -43.444  -12.168  34.811 0.0000000000
49358  -32.913  -21.931  47.697 0.0000000000
46174  -32.130  -24.406  48.622 0.0000000000
48243  -33.198  -23.009  47.669 0.0000000000
46210  -33.273  -24.356  46.151 0.0000000000
47217  -32.122  -23.155  45.965 0.0000000000
48282  -31.911  -22.097  44.807 0.0000000000
50524  -31.022  -20.869  43.947 0.0000000000
49412  -31.597  -21.388  43.732 0.0000000000
62081  -46.396  -9.158  35.171 0.0000000000
62096  -45.570  -9.028  33.373 0.0000000000
145875  -46.445  -8.268  33.931 0.0000000000
65205  -48.173  -5.989  33.498 0.0000000000
64214  -47.215  -6.759  32.784 0.0000000000
65220  -47.924  -6.490  32.106 0.0000000000
67160  -51.449  -5.170  34.681 0.0000000000
66190  -51.190  -6.044  33.899 0.0000000000
66165  -52.151  -5.385  35.019 0.0000000000
65181  -53.231  -6.768  35.530 0.0000000000
66166  -52.884  -5.921  35.770 0.0000000000
45136  -40.075  -25.290  49.415 0.0000000000
45142  -38.879  -26.655  47.408 0.0000000000
46191  -39.531  -24.754  47.517 0.0000000000
49399  -39.079  -21.757  44.482 0.0000000000
141283  -38.072  -23.167  44.058 0.0000000000
48308  -37.344  -22.736  42.655 0.0000000000
129668  -37.017  -23.860  40.311 0.0000000000
49443  -36.683  -21.897  41.074 0.0000000000
52770  -42.189  -18.594  43.255 0.0000000000
51681  -41.237  -19.393  43.766 0.0000000000
130806  -40.720  -19.377  41.240 0.0000000000
129066  -36.134  -19.323  36.741 0.0000000000
51734  -37.824  -19.668  38.948 0.0000000000
50631  -35.828  -20.280  37.796 0.0000000000
49479  -35.571  -21.450  37.697 0.0000000000
135591  -39.654  -14.409  33.519 0.0000000000
48201  -43.661  -21.988  51.243 0.0000000000
54776  -47.074  -16.988  49.795 0.0000000000
65063  -49.564  -6.389  45.993 0.0000000000
67997  -47.674  -2.769  45.825 0.0000000000
69960  -47.448  -0.850  44.442 0.0000000000
136063  -47.241  -2.007  42.848 0.0000000000
70944  -47.778  -0.525  42.523 0.0000000000
71944  -50.786  1.232  41.804 0.0000000000
70965  -49.597  0.039  40.927 0.0000000000
70026  -50.776  -0.651  39.992 0.0000000000
70044  -50.492  -1.259  39.062 0.0000000000
70984  -51.808  -0.643  40.347 0.0000000000
69050  -54.699  -2.762  40.052 0.0000000000
69066  -53.537  -2.735  39.711 0.0000000000
68087  -54.886  -4.035  39.857 0.0000000000
67125  -54.954  -4.965  39.408 0.0000000000
67115  -55.101  -4.337  39.585 0.0000000000
71025  -56.233  0.203  37.035 0.0000000000
69124  -53.743  -2.461  34.814 0.0000000000
70073  -54.340  -1.926  36.404 0.0000000000
67151  -54.322  -3.961  35.695 0.0000000000
67152  -55.255  -4.681  36.871 0.0000000000
67161  -54.625  -4.810  35.458 0.0000000000
65197  -56.389  -6.315  35.570 0.0000000000
66180  -54.101  -5.009  34.354 0.0000000000
140190  -53.261  -4.598  32.019 0.0000000000
66214  -54.001  -5.875  32.822 0.0000000000
65240  -53.652  -6.048  31.037 0.0000000000
71113  -56.980  -0.729  29.183 0.0000000000
70137  -56.428  -1.262  29.485 0.0000000000
70146  -56.239  -1.166  28.678 0.0000000000
47167  -25.183  -23.603  48.425 0.0000000000
47147  -24.629  -24.324  48.785 0.0000000000
46184  -24.161  -24.281  47.409 0.0000000000
148865  -23.450  -25.004  46.319 0.0000000000
129757  -23.651  -24.501  46.058 0.0000000000
48241  -29.384  -22.784  47.539 0.0000000000
48240  -28.500  -22.609  47.825 0.0000000000
48269  -27.124  -22.196  45.983 0.0000000000
47228  -24.939  -23.096  43.816 0.0000000000
44219  -23.739  -25.739  41.372 0.0000000000
44200  -36.671  -26.565  43.857 0.0000000000
44186  -35.028  -26.234  44.033 0.0000000000
45192  -34.642  -25.418  42.685 0.0000000000
143945  -31.602  -23.243  39.479 0.0000000000
48333  -32.089  -23.092  40.762 0.0000000000
49464  -30.771  -21.489  39.539 0.0000000000
131916  -30.662  -20.952  40.141 0.0000000000
49476  -28.925  -20.834  38.012 0.0000000000
46305  -26.087  -24.409  36.796 0.0000000000
59930  -46.957  -11.618  39.251 0.0000000000
59951  -47.208  -10.884  38.846 0.0000000000
61007  -48.044  -10.594  40.030 0.0000000000
62022  -49.267  -9.372  40.968 0.0000000000
64128  -49.822  -7.589  42.455 0.0000000000
55903  -48.207  -14.603  46.080 0.0000000000
54855  -46.081  -15.960  44.160 0.0000000000
55920  -47.113  -14.842  43.600 0.0000000000
137363  -46.633  -14.720  41.874 0.0000000000
56987  -45.872  -14.774  39.795 0.0000000000
55987  -44.642  -15.310  37.674 0.0000000000
56988  -46.336  -13.895  40.033 0.0000000000
57904  -46.329  -13.072  39.554 0.0000000000
64195  -58.451  -7.553  35.758 0.0000000000
49346  -34.333  -21.332  47.696 0.0000000000
48244  -33.886  -22.856  47.257 0.0000000000
48246  -35.264  -22.669  47.132 0.0000000000
134513  -34.732  -24.389  46.523 0.0000000000
146689  -34.201  -25.362  45.571 0.0000000000
64176  -47.162  -7.133  36.333 0.0000000000
64186  -46.838  -6.903  35.002 0.0000000000
65180  -47.262  -6.459  35.693 0.0000000000
66162  -47.710  -5.780  35.267 0.0000000000
66175  -48.661  -5.681  34.089 0.0000000000
66188  -49.549  -5.680  33.976 0.0000000000
67158  -50.110  -4.674  35.118 0.0000000000
148527  -50.163  -4.093  35.507 0.0000000000
68120  -51.500  -3.735  35.733 0.0000000000
47174  -41.183  -23.365  49.201 0.0000000000
47193  -40.122  -23.217  47.307 0.0000000000
48248  -40.970  -22.349  47.927 0.0000000000
48273  -40.343  -21.728  46.204 0.0000000000
49400  -39.799  -20.944  44.456 0.0000000000
52834  -40.884  -18.907  38.877 0.0000000000
51753  -40.040  -19.107  39.125 0.0000000000
52845  -39.226  -18.682  37.354 0.0000000000
52858  -37.878  -18.714  36.657 0.0000000000
51788  -35.420  -19.135  35.532 0.0000000000
51799  -34.334  -19.488  34.380 0.0000000000
51810  -34.365  -18.860  33.531 0.0000000000
57967  -41.221  -13.068  33.020 0.0000000000
146845  -40.748  -12.571  31.854 0.0000000000
71946  -52.502  1.382  41.500 0.0000000000
70968  -53.132  -0.405  41.048 0.0000000000
135829  -53.735  -0.576  41.009 0.0000000000
70970  -54.426  -0.188  40.346 0.0000000000
141364  -54.716  -1.871  39.841 0.0000000000
71045  -57.856  0.638  35.002 0.0000000000
71043  -56.550  -0.064  36.145 0.0000000000
71053  -56.581  -0.389  35.259 0.0000000000
70096  -54.707  -1.483  34.477 0.0000000000
136615  -53.480  -2.838  34.047 0.0000000000
67173  -53.517  -4.337  33.673 0.0000000000
124475  -53.527  -2.967  32.655 0.0000000000
131830  -53.445  -3.508  31.884 0.0000000000
68192  -53.482  -3.620  30.555 0.0000000000
72137  -57.284  0.090  27.127 0.0000000000
70161  -55.372  -1.468  27.398 0.0000000000
70190  -55.388  -0.836  26.024 0.0000000000
145050  -27.892  -24.656  53.098 0.0000000000
46127  -26.514  -24.324  51.998 0.0000000000
47117  -27.158  -23.817  51.320 0.0000000000
139312  -25.983  -23.377  49.608 0.0000000000
47183  -25.761  -23.120  47.908 0.0000000000
141054  -28.201  -21.559  45.073 0.0000000000
49380  -26.924  -21.969  45.156 0.0000000000
49408  -26.809  -21.668  43.466 0.0000000000
48304  -25.521  -22.646  42.485 0.0000000000
47267  -24.691  -23.927  41.081 0.0000000000
45205  -24.310  -25.076  41.110 0.0000000000
46261  -25.486  -24.454  40.266 0.0000000000
46252  -36.665  -24.860  40.828 0.0000000000
129923  -33.893  -24.768  41.306 0.0000000000
46275  -33.492  -24.257  40.093 0.0000000000
127293  -31.867  -23.635  39.056 0.0000000000
48350  -30.680  -22.505  38.091 0.0000000000
61079  -43.658  -10.807  34.368 0.0000000000
62094  -43.862  -9.784  33.161 0.0000000000
61080  -44.290  -10.270  34.410 0.0000000000
146392  -46.077  -9.581  35.267 0.0000000000
63138  -47.088  -8.717  36.393 0.0000000000
127704  -47.442  -9.526  38.002 0.0000000000
63129  -47.406  -8.892  37.302 0.0000000000
125348  -47.299  -7.959  36.834 0.0000000000
64167  -47.893  -6.872  37.935 0.0000000000
134662  -48.406  -5.708  38.746 0.0000000000
67101  -48.114  -4.116  39.091 0.0000000000
52721  -44.238  -18.342  47.561 0.0000000000
51651  -42.874  -18.958  46.849 0.0000000000
148707  -43.587  -17.904  46.205 0.0000000000
53801  -43.484  -17.626  44.558 0.0000000000
52781  -43.022  -17.983  42.018 0.0000000000
54882  -44.895  -16.587  42.802 0.0000000000
53836  -43.652  -17.519  41.710 0.0000000000
52820  -42.521  -18.367  39.816 0.0000000000
52848  -41.767  -18.237  37.922 0.0000000000
53905  -40.827  -17.775  36.502 0.0000000000
54983  -39.832  -16.808  35.071 0.0000000000
55007  -38.203  -16.249  33.625 0.0000000000
54996  -40.105  -16.188  34.835 0.0000000000
148899  -41.146  -15.351  34.788 0.0000000000
57951  -41.714  -14.256  34.252 0.0000000000
57016  -43.791  -14.884  36.197 0.0000000000
57047  -42.899  -14.153  34.992 0.0000000000
57952  -42.399  -13.764  34.318 0.0000000000
58887  -42.761  -12.598  33.938 0.0000000000
60004  -42.650  -11.756  33.507 0.0000000000
70127  -57.151  -1.052  31.066 0.0000000000
71102  -58.938  -0.058  30.612 0.0000000000
72101  -58.798  0.161  29.661 0.0000000000
72115  -58.525  0.305  28.658 0.0000000000
72138  -58.205  0.426  27.667 0.0000000000
72173  -58.550  1.038  26.456 0.0000000000
47153  -31.745  -24.222  49.792 0.0000000000
46159  -30.905  -24.591  50.029 0.0000000000
46161  -31.740  -24.405  49.232 0.0000000000
47185  -30.891  -23.934  47.842 0.0000000000
48242  -30.220  -23.080  47.336 0.0000000000
46201  -32.395  -24.281  47.556 0.0000000000
48259  -31.298  -22.826  46.383 0.0000000000
145756  -29.975  -22.027  46.134 0.0000000000
49396  -29.611  -21.103  44.512 0.0000000000
49410  -28.722  -20.815  43.089 0.0000000000
50571  -28.088  -20.700  41.151 0.0000000000
62101  -44.314  -9.380  32.625 0.0000000000
63197  -45.126  -8.704  31.332 0.0000000000
64203  -46.616  -7.753  33.288 0.0000000000
65196  -53.526  -7.477  35.077 0.0000000000
130713  -54.757  -7.285  37.264 0.0000000000
138874  -37.883  -25.651  49.907 0.0000000000
45141  -37.482  -26.561  48.009 0.0000000000
43239  -38.006  -27.403  47.805 0.0000000000
44178  -38.007  -27.230  45.520 0.0000000000
44201  -37.372  -26.387  43.855 0.0000000000
46213  -38.784  -24.297  45.774 0.0000000000
46217  -37.808  -24.867  43.773 0.0000000000
46239  -37.142  -25.292  41.697 0.0000000000
46266  -36.953  -24.377  40.299 0.0000000000
47283  -36.249  -23.899  38.936 0.0000000000
47313  -35.521  -23.095  37.736 0.0000000000
51661  -41.432  -19.741  45.421 0.0000000000
50539  -40.230  -20.274  43.960 0.0000000000
50556  -38.915  -20.570  42.483 0.0000000000
51720  -39.012  -19.767  39.977 0.0000000000
50595  -38.717  -20.156  40.714 0.0000000000
49456  -37.167  -21.020  40.833 0.0000000000
49465  -36.274  -21.663  39.189 0.0000000000
48373  -35.372  -22.458  37.154 0.0000000000
56056  -37.307  -15.206  32.522 0.0000000000
60933  -48.640  -10.679  45.584 0.0000000000
61993  -49.524  -9.225  44.931 0.0000000000
46098  -30.084  -24.515  53.725 0.0000000000
48197  -31.071  -22.584  50.436 0.0000000000
49334  -31.462  -22.149  48.987 0.0000000000
49345  -32.258  -21.414  48.078 0.0000000000
49335  -34.674  -20.969  48.703 0.0000000000
48213  -35.942  -21.998  49.942 0.0000000000
127180  -36.297  -22.548  50.521 0.0000000000
47137  -37.310  -24.237  51.252 0.0000000000
45095  -38.400  -25.518  50.961 0.0000000000
45113  -39.977  -25.451  51.062 0.0000000000
46149  -40.594  -24.995  50.935 0.0000000000
47123  -41.780  -23.811  51.950 0.0000000000
47157  -41.481  -23.687  50.115 0.0000000000
48216  -42.515  -22.475  50.136 0.0000000000
49338  -43.671  -21.382  50.147 0.0000000000
50486  -44.484  -20.120  49.430 0.0000000000
51625  -45.847  -19.396  49.614 0.0000000000
53750  -45.839  -18.256  48.614 0.0000000000
53764  -47.173  -16.990  48.159 0.0000000000
59803  -48.309  -11.731  46.218 0.0000000000
63061  -49.897  -7.896  44.732 0.0000000000
65102  -49.955  -7.340  44.429 0.0000000000
66075  -49.347  -5.849  43.835 0.0000000000
67998  -48.028  -3.590  46.084 0.0000000000
134034  -48.442  -4.680  44.323 0.0000000000
67062  -48.235  -4.969  42.775 0.0000000000
67061  -47.750  -4.426  42.135 0.0000000000
68057  -47.503  -3.409  40.627 0.0000000000
69048  -47.736  -2.010  39.292 0.0000000000
70954  -48.550  0.100  42.087 0.0000000000
70024  -48.201  -1.239  39.717 0.0000000000
69063  -48.717  -2.039  38.251 0.0000000000
69064  -49.819  -1.792  38.181 0.0000000000
69098  -50.788  -2.690  36.839 0.0000000000
134951  -52.007  -3.374  36.409 0.0000000000
70046  -52.685  -1.935  39.647 0.0000000000
124503  -52.846  -2.892  38.424 0.0000000000
68111  -52.701  -3.855  37.073 0.0000000000
67138  -54.147  -5.512  38.134 0.0000000000
142491  -54.817  -6.244  38.428 0.0000000000
146973  -55.964  -6.810  38.842 0.0000000000
70998  -55.327  0.147  38.702 0.0000000000
137094  -54.878  -2.049  38.750 0.0000000000
71042  -55.597  -0.603  36.487 0.0000000000
69100  -54.706  -2.220  37.790 0.0000000000
126519  -55.139  -3.317  38.448 0.0000000000
67139  -55.644  -4.923  38.580 0.0000000000
66143  -56.321  -6.178  39.010 0.0000000000
64178  -57.038  -7.396  38.087 0.0000000000
65184  -57.568  -7.168  37.119 0.0000000000
65198  -57.718  -6.961  36.045 0.0000000000
65212  -57.811  -6.899  34.846 0.0000000000
66192  -54.502  -5.673  33.896 0.0000000000
65225  -55.615  -6.538  33.059 0.0000000000
64220  -57.605  -6.861  33.509 0.0000000000
70126  -56.157  -1.549  30.893 0.0000000000
69161  -54.495  -2.673  29.736 0.0000000000
132947  -53.400  -3.838  29.823 0.0000000000
69192  -54.408  -2.614  28.195 0.0000000000
68201  -53.412  -3.933  29.032 0.0000000000
66300  -53.032  -5.138  29.327 0.0000000000
46142  -24.573  -25.350  50.496 0.0000000000
143877  -29.175  -23.658  49.238 0.0000000000
48238  -26.527  -22.744  47.740 0.0000000000
129026  -25.335  -23.132  46.628 0.0000000000
48281  -26.243  -22.289  44.760 0.0000000000
144295  -25.186  -23.091  45.386 0.0000000000
46209  -24.106  -23.833  45.610 0.0000000000
46215  -23.453  -24.420  44.441 0.0000000000
45149  -36.413  -26.568  46.411 0.0000000000
45156  -34.488  -25.918  45.179 0.0000000000
46225  -33.308  -24.180  44.082 0.0000000000
46250  -33.202  -24.819  41.515 0.0000000000
148252  -32.518  -23.398  41.969 0.0000000000
48293  -32.477  -22.711  43.317 0.0000000000
50575  -30.921  -20.754  41.889 0.0000000000
50591  -29.394  -20.345  40.657 0.0000000000
49463  -27.280  -21.513  39.213 0.0000000000
47328  -30.093  -23.023  36.592 0.0000000000
49504  -28.907  -22.007  36.715 0.0000000000
49503  -28.385  -21.671  36.927 0.0000000000
126070  -27.225  -22.123  37.080 0.0000000000
48348  -26.570  -22.670  38.126 0.0000000000
129320  -26.502  -22.737  38.949 0.0000000000
59857  -48.942  -11.689  43.373 0.0000000000
59877  -49.378  -10.837  43.004 0.0000000000
59858  -49.405  -10.977  43.888 0.0000000000
58799  -48.994  -11.637  44.306 0.0000000000
58798  -48.718  -12.383  43.919 0.0000000000
145704  -48.505  -12.386  43.147 0.0000000000
58804  -48.514  -12.066  42.671 0.0000000000
63139  -57.045  -7.778  37.196 0.0000000000
47155  -36.935  -23.788  49.449 0.0000000000
47172  -36.851  -23.951  48.418 0.0000000000
46175  -37.249  -24.955  48.399 0.0000000000
61094  -42.284  -10.201  31.325 0.0000000000
62099  -42.861  -9.754  31.668 0.0000000000
67123  -48.437  -4.311  37.432 0.0000000000
68107  -48.669  -3.707  36.901 0.0000000000
50485  -43.652  -20.308  48.898 0.0000000000
50498  -42.789  -19.675  47.513 0.0000000000
53923  -38.554  -17.020  34.345 0.0000000000
53913  -38.099  -17.741  34.669 0.0000000000
60015  -41.997  -10.966  31.869 0.0000000000
71074  -57.912  -0.548  33.084 0.0000000000
70106  -57.079  -0.867  33.152 0.0000000000
70112  -57.097  -0.991  32.524 0.0000000000
70120  -57.089  -1.084  31.742 0.0000000000
133453  -31.062  -24.810  51.701 0.0000000000
46146  -31.027  -24.779  50.894 0.0000000000
49452  -26.797  -21.829  40.742 0.0000000000
49439  -26.809  -21.679  41.608 0.0000000000
47269  -25.943  -23.193  40.107 0.0000000000
48340  -26.411  -22.675  39.690 0.0000000000
47331  -33.149  -22.883  36.948 0.0000000000
47311  -33.420  -23.173  37.678 0.0000000000
59964  -45.738  -11.647  37.470 0.0000000000
59979  -46.015  -10.808  36.968 0.0000000000
59965  -46.359  -11.141  37.740 0.0000000000
124672  -49.367  -7.413  40.846 0.0000000000
64143  -48.928  -7.902  40.101 0.0000000000
134547  -49.201  -6.610  40.943 0.0000000000
147050  -48.694  -6.237  40.366 0.0000000000
125974  -46.650  -16.154  46.274 0.0000000000
54827  -46.027  -16.444  46.259 0.0000000000
54842  -46.323  -16.122  45.580 0.0000000000
55968  -44.907  -16.079  38.904 0.0000000000
54928  -44.630  -16.505  39.495 0.0000000000
54943  -43.903  -16.717  38.269 0.0000000000
54963  -43.697  -16.530  37.690 0.0000000000
54976  -43.355  -16.288  36.988 0.0000000000
124863  -44.067  -15.869  37.302 0.0000000000
138435  -46.114  -12.231  38.443 0.0000000000
58862  -45.133  -12.250  37.197 0.0000000000
59977  -44.708  -11.992  36.554 0.0000000000
49359  -33.438  -21.916  47.494 0.0000000000
48271  -32.470  -22.900  45.130 0.0000000000
48283  -32.526  -22.728  44.273 0.0000000000
147256  -31.763  -21.696  44.249 0.0000000000
139659  -32.129  -22.018  43.931 0.0000000000
63147  -46.750  -8.596  35.580 0.0000000000
63160  -46.520  -8.414  34.706 0.0000000000
125516  -47.805  -6.328  32.937 0.0000000000
67149  -51.683  -4.547  35.233 0.0000000000
67150  -52.579  -4.976  35.843 0.0000000000
46177  -39.785  -25.091  48.412 0.0000000000
46178  -40.307  -24.482  48.776 0.0000000000
49414  -38.632  -21.511  43.685 0.0000000000
48295  -38.359  -22.354  44.043 0.0000000000
49413  -37.891  -21.959  43.296 0.0000000000
48322  -37.014  -22.241  41.869 0.0000000000
49430  -37.616  -21.606  42.485 0.0000000000
51708  -41.932  -18.711  41.908 0.0000000000
124817  -41.425  -19.062  42.179 0.0000000000
51707  -41.390  -19.042  41.388 0.0000000000
134071  -35.607  -19.374  36.208 0.0000000000
51762  -36.306  -19.536  37.360 0.0000000000
51761  -35.613  -19.838  36.991 0.0000000000
50640  -35.332  -20.707  37.063 0.0000000000
51774  -35.044  -20.150  36.411 0.0000000000
57956  -40.009  -13.776  33.196 0.0000000000
57965  -39.651  -13.431  32.522 0.0000000000
69972  -47.362  -1.373  43.508 0.0000000000
71945  -51.626  1.274  41.675 0.0000000000
70955  -50.365  0.489  41.246 0.0000000000
70966  -51.114  -0.062  40.718 0.0000000000
68073  -54.920  -3.681  39.914 0.0000000000
68088  -55.058  -4.058  39.818 0.0000000000
73054  -56.303  1.693  35.985 0.0000000000
73038  -56.545  1.582  36.349 0.0000000000
72026  -56.546  1.112  36.875 0.0000000000
71026  -56.905  0.665  36.377 0.0000000000
68135  -53.703  -3.156  35.023 0.0000000000
139609  -53.883  -4.276  34.686 0.0000000000
66239  -53.192  -5.091  31.193 0.0000000000
133545  -53.515  -5.535  31.924 0.0000000000
66265  -53.267  -5.486  30.366 0.0000000000
128579  -56.802  -0.580  28.338 0.0000000000
46110  -25.799  -24.958  52.542 0.0000000000
138897  -25.135  -23.444  47.738 0.0000000000
47166  -24.632  -23.915  47.957 0.0000000000
46200  -24.142  -24.007  46.572 0.0000000000
49372  -28.746  -21.947  46.374 0.0000000000
48257  -28.672  -22.238  47.014 0.0000000000
49371  -27.962  -21.999  46.381 0.0000000000
45180  -36.385  -26.041  43.010 0.0000000000
146268  -35.809  -26.315  43.691 0.0000000000
48341  -30.779  -22.072  38.856 0.0000000000
48342  -31.200  -22.512  39.538 0.0000000000
145713  -30.413  -21.255  38.953 0.0000000000
50621  -29.997  -20.922  38.703 0.0000000000
49477  -29.602  -21.063  38.110 0.0000000000
58829  -47.246  -11.705  39.827 0.0000000000
59931  -47.487  -11.068  39.570 0.0000000000
59911  -48.241  -10.950  40.817 0.0000000000
62007  -49.862  -9.518  42.765 0.0000000000
61009  -49.184  -9.984  41.457 0.0000000000
62013  -49.609  -9.430  41.899 0.0000000000
63090  -49.640  -8.665  41.512 0.0000000000
63091  -49.931  -8.247  42.452 0.0000000000
126066  -48.421  -13.787  45.690 0.0000000000
56934  -47.831  -14.465  45.142 0.0000000000
56944  -47.584  -14.460  44.321 0.0000000000
56972  -46.911  -14.054  41.571 0.0000000000
56964  -47.117  -14.199  42.362 0.0000000000
56971  -46.473  -14.618  41.097 0.0000000000
56979  -46.040  -15.100  40.604 0.0000000000
56980  -46.294  -14.486  40.451 0.0000000000
57896  -46.784  -13.016  40.401 0.0000000000
58820  -47.259  -12.138  40.375 0.0000000000
58828  -46.813  -12.298  39.745 0.0000000000
63176  -55.531  -8.520  34.375 0.0000000000
49347  -35.200  -21.592  48.147 0.0000000000
49361  -34.836  -22.033  47.356 0.0000000000
46205  -36.017  -24.525  46.871 0.0000000000
47207  -35.332  -23.859  46.725 0.0000000000
46204  -34.318  -24.946  46.202 0.0000000000
135648  -43.203  -8.947  30.099 0.0000000000
65169  -47.526  -6.366  36.606 0.0000000000
66163  -48.392  -5.320  35.655 0.0000000000
133731  -48.410  -5.501  34.857 0.0000000000
144521  -49.169  -5.435  34.533 0.0000000000
66164  -49.214  -5.070  35.177 0.0000000000
68118  -49.779  -3.743  35.955 0.0000000000
68119  -50.607  -3.622  35.788 0.0000000000
48230  -41.436  -22.587  48.796 0.0000000000
49348  -41.641  -21.802  48.335 0.0000000000
50509  -41.151  -20.729  46.345 0.0000000000
49373  -40.922  -21.284  46.678 0.0000000000
50508  -40.718  -20.998  45.997 0.0000000000
49386  -40.345  -21.225  45.583 0.0000000000
133854  -40.198  -21.006  45.077 0.0000000000
52847  -41.010  -18.625  38.056 0.0000000000
52833  -40.185  -18.819  38.342 0.0000000000
52846  -40.157  -18.525  37.443 0.0000000000
137606  -37.759  -18.458  35.902 0.0000000000
52870  -36.941  -18.440  35.483 0.0000000000
51775  -36.498  -18.902  36.197 0.0000000000
148451  -36.286  -18.552  35.213 0.0000000000
52877  -34.812  -18.826  34.255 0.0000000000
52878  -35.506  -18.557  34.447 0.0000000000
145008  -40.925  -12.760  32.332 0.0000000000
72953  -52.979  2.018  41.381 0.0000000000
71957  -53.300  0.404  41.202 0.0000000000
72981  -54.753  1.636  39.818 0.0000000000
71959  -54.449  0.827  40.466 0.0000000000
70030  -54.479  -1.348  40.269 0.0000000000
70986  -54.825  -0.082  39.590 0.0000000000
72061  -58.524  0.749  33.940 0.0000000000
72053  -58.323  1.218  34.142 0.0000000000
72052  -58.135  1.079  34.639 0.0000000000
71054  -57.519  -0.048  34.848 0.0000000000
135162  -55.602  -1.383  33.269 0.0000000000
124478  -55.555  -1.217  33.962 0.0000000000
70095  -53.915  -2.061  34.254 0.0000000000
69132  -53.757  -2.440  33.393 0.0000000000
146287  -53.471  -2.919  33.339 0.0000000000
141116  -53.956  -2.682  31.706 0.0000000000
68179  -53.597  -3.324  31.205 0.0000000000
69147  -54.203  -2.778  30.611 0.0000000000
72156  -56.951  0.230  26.204 0.0000000000
142061  -56.552  -0.267  26.756 0.0000000000
123364  -28.863  -24.828  52.549 0.0000000000
46128  -27.575  -24.350  52.262 0.0000000000
47118  -28.261  -24.187  51.541 0.0000000000
47149  -27.636  -23.317  49.687 0.0000000000
48208  -26.709  -23.099  49.153 0.0000000000
142033  -25.844  -23.293  48.798 0.0000000000
140586  -26.358  -22.971  48.386 0.0000000000
49395  -28.427  -21.209  44.178 0.0000000000
146645  -27.408  -21.446  43.955 0.0000000000
48317  -25.570  -22.757  41.631 0.0000000000
47246  -24.911  -23.176  42.042 0.0000000000
47258  -25.053  -23.365  41.273 0.0000000000
47268  -25.306  -23.726  40.567 0.0000000000
46272  -25.923  -24.595  39.622 0.0000000000
136187  -35.308  -24.451  40.156 0.0000000000
46264  -34.223  -24.481  40.566 0.0000000000
46276  -34.753  -24.185  39.740 0.0000000000
47291  -31.704  -23.381  38.223 0.0000000000
48351  -31.236  -23.059  38.742 0.0000000000
48370  -31.069  -23.122  37.812 0.0000000000
61071  -44.786  -10.428  35.188 0.0000000000
61072  -45.629  -9.993  35.390 0.0000000000
61073  -46.261  -9.698  35.765 0.0000000000
128317  -46.738  -9.252  36.026 0.0000000000
62070  -47.041  -9.332  36.698 0.0000000000
61024  -47.750  -10.239  39.269 0.0000000000
61041  -47.409  -10.159  38.470 0.0000000000
62044  -47.843  -9.501  38.839 0.0000000000
63120  -48.045  -8.255  38.603 0.0000000000
63119  -47.771  -8.831  38.272 0.0000000000
64159  -47.660  -7.898  37.839 0.0000000000
66125  -48.421  -5.453  39.405 0.0000000000
139313  -48.388  -4.921  38.866 0.0000000000
52722  -45.079  -18.261  48.146 0.0000000000
52736  -44.071  -17.776  46.779 0.0000000000
53802  -44.133  -17.169  44.151 0.0000000000
53791  -44.087  -17.265  45.055 0.0000000000
53814  -43.497  -17.592  43.651 0.0000000000
52771  -42.850  -18.086  43.222 0.0000000000
53826  -43.471  -17.611  42.671 0.0000000000
145302  -46.118  -15.771  43.463 0.0000000000
54866  -45.518  -16.214  43.439 0.0000000000
132760  -45.362  -16.229  42.211 0.0000000000
53853  -44.268  -16.938  40.078 0.0000000000
53837  -44.301  -17.037  41.429 0.0000000000
53852  -43.788  -17.404  40.740 0.0000000000
52808  -43.100  -17.977  40.269 0.0000000000
53868  -43.052  -17.943  39.458 0.0000000000
127060  -42.467  -18.319  39.061 0.0000000000
52836  -42.322  -18.166  38.422 0.0000000000
54974  -41.812  -16.934  36.462 0.0000000000
53906  -41.509  -17.585  36.802 0.0000000000
53916  -40.650  -17.319  35.899 0.0000000000
53915  -39.962  -17.358  35.505 0.0000000000
54984  -40.430  -16.703  35.364 0.0000000000
54995  -39.400  -16.494  34.608 0.0000000000
141901  -42.507  -15.624  35.776 0.0000000000
56043  -41.731  -14.901  34.757 0.0000000000
57045  -40.955  -14.741  34.285 0.0000000000
57006  -45.117  -14.525  38.086 0.0000000000
55986  -44.253  -15.139  36.893 0.0000000000
57005  -44.630  -14.507  37.314 0.0000000000
57929  -44.216  -13.483  36.296 0.0000000000
57928  -43.772  -14.068  35.792 0.0000000000
57953  -42.968  -13.541  34.629 0.0000000000
57959  -42.358  -13.109  33.777 0.0000000000
58888  -43.201  -12.869  34.562 0.0000000000
59989  -43.869  -11.768  35.380 0.0000000000
59998  -43.137  -12.024  34.206 0.0000000000
59999  -43.534  -11.461  34.619 0.0000000000
60005  -43.167  -11.157  33.970 0.0000000000
71103  -59.703  0.725  30.425 0.0000000000
72139  -59.256  0.819  28.327 0.0000000000
72158  -58.798  0.896  27.324 0.0000000000
73159  -59.182  1.304  27.042 0.0000000000
48211  -32.082  -23.348  49.424 0.0000000000
47154  -32.177  -24.251  49.067 0.0000000000
46186  -32.109  -24.476  48.260 0.0000000000
46185  -31.541  -24.393  48.289 0.0000000000
47204  -31.043  -23.408  47.134 0.0000000000
47188  -33.997  -23.801  47.014 0.0000000000
46188  -33.342  -24.268  47.124 0.0000000000
143490  -31.537  -22.351  45.624 0.0000000000
47205  -31.855  -23.720  46.914 0.0000000000
48270  -30.744  -22.092  45.922 0.0000000000
49384  -30.050  -21.549  45.397 0.0000000000
49397  -30.612  -21.127  44.619 0.0000000000
50535  -30.657  -20.642  43.254 0.0000000000
50534  -30.048  -20.574  43.346 0.0000000000
50533  -29.556  -20.559  42.924 0.0000000000
50551  -28.353  -20.640  41.820 0.0000000000
50552  -29.050  -20.472  42.209 0.0000000000
142736  -44.738  -9.761  34.050 0.0000000000
62095  -44.731  -9.496  33.394 0.0000000000
63185  -45.726  -8.725  32.551 0.0000000000
142727  -45.568  -8.696  31.851 0.0000000000
64192  -46.636  -7.490  34.258 0.0000000000
65203  -46.825  -6.921  33.507 0.0000000000
64215  -47.265  -7.046  31.911 0.0000000000
66189  -50.408  -5.769  33.901 0.0000000000
65194  -51.951  -6.487  34.113 0.0000000000
64193  -52.965  -7.454  34.140 0.0000000000
136493  -53.932  -7.270  36.213 0.0000000000
64187  -54.692  -7.765  36.119 0.0000000000
45126  -38.640  -26.345  49.817 0.0000000000
44145  -38.138  -26.930  48.751 0.0000000000
44146  -38.610  -26.769  49.160 0.0000000000
45150  -38.690  -26.280  46.496 0.0000000000
44170  -38.410  -27.178  46.808 0.0000000000
44190  -38.216  -26.703  45.227 0.0000000000
44189  -37.808  -26.756  44.718 0.0000000000
45166  -38.227  -26.025  44.783 0.0000000000
47208  -39.656  -23.262  46.658 0.0000000000
47192  -39.669  -23.861  47.220 0.0000000000
47220  -39.167  -23.387  45.923 0.0000000000
47237  -37.744  -23.815  43.624 0.0000000000
47230  -38.186  -23.969  44.416 0.0000000000
46227  -37.488  -24.697  42.791 0.0000000000
46240  -37.275  -24.909  41.731 0.0000000000
46253  -37.139  -24.916  41.118 0.0000000000
47260  -37.116  -24.246  41.098 0.0000000000
48334  -36.601  -22.730  40.305 0.0000000000
132873  -36.666  -23.767  39.602 0.0000000000
140288  -35.882  -23.590  38.356 0.0000000000
47295  -36.089  -23.375  38.312 0.0000000000
52747  -42.406  -18.714  45.408 0.0000000000
51662  -41.973  -19.339  45.828 0.0000000000
51673  -41.870  -19.093  44.969 0.0000000000
51690  -40.546  -19.665  42.823 0.0000000000
51680  -40.656  -19.747  43.492 0.0000000000
50558  -40.134  -20.082  43.187 0.0000000000
50557  -39.592  -20.331  42.827 0.0000000000
50578  -39.509  -20.094  42.018 0.0000000000
51752  -39.444  -19.106  38.566 0.0000000000
51736  -39.791  -19.455  39.874 0.0000000000
124196  -39.246  -19.440  39.275 0.0000000000
50624  -37.096  -20.097  39.033 0.0000000000
50608  -38.299  -20.005  40.078 0.0000000000
50594  -37.765  -20.407  40.481 0.0000000000
50576  -37.937  -20.602  41.284 0.0000000000
50593  -37.068  -20.700  40.161 0.0000000000
49455  -36.567  -21.546  40.121 0.0000000000
131892  -36.140  -20.997  38.861 0.0000000000
49505  -35.315  -21.727  36.832 0.0000000000
48387  -35.039  -22.266  36.334 0.0000000000
137171  -34.740  -22.479  36.369 0.0000000000
48399  -34.433  -22.243  35.838 0.0000000000
56050  -38.452  -15.217  33.386 0.0000000000
56049  -37.725  -15.674  33.094 0.0000000000
146916  -37.861  -14.923  32.849 0.0000000000
46097  -29.316  -25.011  54.094 0.0000000000
131979  -30.757  -21.410  48.794 0.0000000000
47122  -37.570  -23.971  52.188 0.0000000000
46132  -38.094  -24.800  51.654 0.0000000000
46135  -40.424  -24.747  51.720 0.0000000000
48175  -42.772  -22.589  52.543 0.0000000000
47124  -42.346  -23.222  52.285 0.0000000000
47138  -41.716  -23.814  51.080 0.0000000000
47139  -42.472  -23.186  51.531 0.0000000000
47158  -42.163  -23.173  50.590 0.0000000000
127889  -42.783  -22.732  50.908 0.0000000000
49324  -44.088  -21.611  50.905 0.0000000000
49339  -44.453  -21.049  50.493 0.0000000000
50465  -44.022  -20.721  49.724 0.0000000000
50447  -44.996  -20.584  50.550 0.0000000000
51608  -45.895  -19.687  50.010 0.0000000000
51626  -46.185  -19.254  49.837 0.0000000000
52707  -46.285  -18.657  49.351 0.0000000000
53752  -47.430  -17.279  48.860 0.0000000000
54791  -47.848  -16.323  49.019 0.0000000000
54802  -47.766  -16.510  48.457 0.0000000000
59820  -48.579  -11.629  45.555 0.0000000000
63048  -49.255  -8.172  45.689 0.0000000000
61987  -49.692  -8.384  44.963 0.0000000000
134285  -49.552  -7.648  45.457 0.0000000000
65071  -49.596  -6.290  45.697 0.0000000000
65072  -49.700  -6.836  45.341 0.0000000000
66052  -49.615  -6.186  45.381 0.0000000000
65101  -49.764  -6.651  44.144 0.0000000000
65086  -49.591  -6.048  44.802 0.0000000000
68010  -47.539  -2.977  44.905 0.0000000000
68011  -48.081  -3.710  45.585 0.0000000000
68023  -47.967  -3.957  44.586 0.0000000000
67048  -48.627  -5.164  43.626 0.0000000000
67047  -47.858  -4.370  43.404 0.0000000000
138611  -48.275  -5.127  42.103 0.0000000000
68038  -47.457  -3.717  42.678 0.0000000000
69025  -47.240  -2.307  41.844 0.0000000000
69036  -47.331  -2.562  40.846 0.0000000000
68071  -47.544  -2.850  39.823 0.0000000000
70003  -47.562  -1.827  40.182 0.0000000000
71932  -50.263  1.775  42.471 0.0000000000
71942  -49.154  0.815  42.545 0.0000000000
70964  -49.061  -0.502  40.208 0.0000000000
132573  -48.919  -1.038  39.407 0.0000000000
70042  -48.389  -1.588  38.964 0.0000000000
70043  -49.313  -1.362  38.852 0.0000000000
69065  -50.987  -1.821  38.279 0.0000000000
69083  -51.594  -2.446  37.595 0.0000000000
145463  -51.602  -2.870  36.784 0.0000000000
70985  -52.926  -0.978  40.763 0.0000000000
70028  -53.635  -1.888  40.479 0.0000000000
68086  -53.969  -3.669  39.555 0.0000000000
68099  -53.279  -3.693  38.277 0.0000000000
67137  -53.032  -4.716  36.919 0.0000000000
65161  -55.670  -6.456  38.878 0.0000000000
65171  -55.613  -7.060  38.315 0.0000000000
71008  -56.133  0.685  37.788 0.0000000000
70999  -55.844  1.323  38.291 0.0000000000
139150  -54.842  -1.207  38.960 0.0000000000
70058  -54.856  -1.236  37.967 0.0000000000
70087  -55.652  -0.747  35.598 0.0000000000
139087  -54.864  -1.252  35.957 0.0000000000
69099  -54.533  -2.742  36.932 0.0000000000
68112  -55.415  -4.254  38.966 0.0000000000
66154  -56.041  -5.415  37.964 0.0000000000
66155  -56.535  -6.115  38.423 0.0000000000
65172  -56.726  -6.713  38.480 0.0000000000
65183  -57.132  -6.682  37.734 0.0000000000
65173  -57.253  -7.157  37.844 0.0000000000
65211  -56.342  -6.492  34.397 0.0000000000
148758  -53.323  -4.046  33.047 0.0000000000
66191  -53.683  -5.151  33.340 0.0000000000
65224  -54.711  -6.361  32.648 0.0000000000
65226  -56.683  -6.694  33.638 0.0000000000
71101  -57.803  -0.620  30.694 0.0000000000
132502  -56.733  -1.198  30.311 0.0000000000
69178  -55.150  -2.159  29.422 0.0000000000
70136  -55.870  -1.668  29.896 0.0000000000
68193  -53.889  -3.178  29.981 0.0000000000
68202  -53.911  -3.209  29.328 0.0000000000
69204  -54.886  -2.012  27.828 0.0000000000
69203  -54.312  -2.547  27.375 0.0000000000
68210  -53.328  -4.076  28.126 0.0000000000
46144  -26.141  -23.986  51.122 0.0000000000
46143  -25.195  -24.774  51.019 0.0000000000
46158  -24.989  -24.435  50.180 0.0000000000
46172  -24.139  -24.726  48.219 0.0000000000
45132  -24.153  -25.340  49.070 0.0000000000
44167  -23.040  -26.279  47.114 0.0000000000
45154  -23.215  -25.175  45.762 0.0000000000
45153  -22.672  -25.731  45.213 0.0000000000
45161  -22.632  -25.578  44.081 0.0000000000
47152  -30.654  -24.339  49.322 0.0000000000
48224  -28.843  -23.193  48.612 0.0000000000
48256  -27.270  -22.337  46.765 0.0000000000
48239  -27.410  -22.497  47.642 0.0000000000
138012  -26.732  -22.565  47.108 0.0000000000
48237  -26.012  -22.847  47.034 0.0000000000
132309  -25.863  -22.789  46.155 0.0000000000
48291  -26.190  -22.200  43.868 0.0000000000
47216  -25.003  -23.161  44.784 0.0000000000
47215  -24.409  -23.546  44.963 0.0000000000
137800  -24.793  -23.354  45.503 0.0000000000
47226  -23.866  -23.913  44.696 0.0000000000
45221  -25.123  -25.084  40.630 0.0000000000
44236  -24.666  -25.803  41.007 0.0000000000
44160  -37.055  -26.993  46.985 0.0000000000
45140  -36.886  -26.304  47.191 0.0000000000
44169  -36.812  -27.156  46.266 0.0000000000
45179  -34.442  -25.671  43.585 0.0000000000
44175  -35.029  -26.428  44.809 0.0000000000
45163  -33.875  -25.303  44.030 0.0000000000
46216  -33.594  -24.801  44.372 0.0000000000
46226  -33.566  -24.746  43.705 0.0000000000
46263  -33.165  -24.738  40.847 0.0000000000
46262  -32.837  -24.632  41.113 0.0000000000
48319  -31.712  -22.328  40.825 0.0000000000
48320  -32.369  -23.252  41.476 0.0000000000
48307  -32.336  -22.683  42.305 0.0000000000
48306  -31.852  -21.779  42.256 0.0000000000
49442  -31.476  -21.534  41.437 0.0000000000
143795  -29.452  -20.405  39.818 0.0000000000
50592  -30.142  -20.511  40.509 0.0000000000
50604  -28.807  -20.424  39.406 0.0000000000
50590  -28.606  -20.423  40.318 0.0000000000
50603  -28.000  -20.731  39.551 0.0000000000
48395  -28.539  -22.999  35.722 0.0000000000
48383  -29.245  -22.756  36.237 0.0000000000
124984  -26.918  -23.228  36.117 0.0000000000
48381  -27.710  -22.076  36.641 0.0000000000
49493  -27.766  -21.544  37.376 0.0000000000
46292  -26.133  -24.023  37.566 0.0000000000
47307  -26.389  -23.318  37.715 0.0000000000
135849  -26.218  -23.784  38.053 0.0000000000
48349  -26.873  -22.054  38.587 0.0000000000
47290  -26.290  -23.475  38.539 0.0000000000
59892  -48.472  -11.272  41.609 0.0000000000
60994  -49.009  -10.778  42.065 0.0000000000
138570  -49.481  -10.148  42.307 0.0000000000
62008  -50.078  -9.125  43.592 0.0000000000
56945  -48.143  -13.796  44.594 0.0000000000
57861  -48.493  -13.064  44.291 0.0000000000
145941  -47.822  -13.197  42.725 0.0000000000
57878  -47.481  -13.417  42.129 0.0000000000
57888  -47.133  -13.293  41.238 0.0000000000
58812  -47.645  -12.641  41.647 0.0000000000
58813  -48.224  -12.014  41.974 0.0000000000
64194  -54.124  -7.937  34.815 0.0000000000
63175  -54.659  -8.326  34.316 0.0000000000
125851  -56.627  -8.517  35.125 0.0000000000
63150  -57.863  -7.874  36.733 0.0000000000
128332  -35.931  -22.090  48.812 0.0000000000
48247  -35.940  -22.952  47.477 0.0000000000
47191  -36.415  -23.482  47.760 0.0000000000
62119  -43.461  -9.035  30.826 0.0000000000
67136  -49.045  -4.034  36.206 0.0000000000
68108  -49.309  -3.397  36.561 0.0000000000
49349  -42.411  -21.369  48.737 0.0000000000
49364  -41.904  -21.026  47.836 0.0000000000
50510  -41.608  -20.111  46.328 0.0000000000
128852  -39.402  -17.920  35.674 0.0000000000
52871  -37.937  -18.147  35.291 0.0000000000
52880  -37.380  -18.006  34.699 0.0000000000
52886  -36.089  -18.102  33.885 0.0000000000
60009  -41.817  -11.788  32.235 0.0000000000
58908  -41.234  -12.239  31.819 0.0000000000
60014  -41.551  -11.545  31.579 0.0000000000
71064  -57.522  -0.481  33.880 0.0000000000
70111  -55.239  -1.655  32.643 0.0000000000
69139  -54.284  -2.237  32.609 0.0000000000
46129  -29.521  -24.538  51.615 0.0000000000
47134  -28.899  -24.291  50.808 0.0000000000
47150  -28.845  -23.892  49.948 0.0000000000
49426  -26.835  -21.610  42.537 0.0000000000
48331  -26.250  -22.337  41.220 0.0000000000
46273  -26.068  -24.058  39.112 0.0000000000
47282  -35.493  -23.908  38.927 0.0000000000
47281  -34.167  -23.833  39.187 0.0000000000
47293  -33.732  -23.513  38.457 0.0000000000
47310  -32.373  -23.274  37.635 0.0000000000
47309  -31.580  -23.235  37.398 0.0000000000
124401  -44.945  -11.286  36.234 0.0000000000
59991  -45.212  -10.645  35.864 0.0000000000
144379  -45.486  -10.891  36.432 0.0000000000
63101  -49.189  -8.684  40.522 0.0000000000
62032  -48.339  -9.329  39.459 0.0000000000
63111  -48.665  -8.710  39.734 0.0000000000
64151  -48.435  -8.095  39.236 0.0000000000
65144  -48.511  -7.220  39.389 0.0000000000
66114  -48.447  -5.526  40.185 0.0000000000
53779  -46.001  -16.823  47.192 0.0000000000
53777  -44.663  -17.295  46.530 0.0000000000
53778  -45.316  -16.833  46.349 0.0000000000
54841  -45.487  -16.503  45.388 0.0000000000
54865  -44.805  -16.688  43.786 0.0000000000
55942  -45.649  -15.717  40.933 0.0000000000
54896  -45.271  -16.239  41.383 0.0000000000
54910  -45.016  -16.342  40.411 0.0000000000
53870  -44.020  -17.038  39.324 0.0000000000
53884  -43.011  -17.753  38.654 0.0000000000
53897  -43.324  -17.159  38.078 0.0000000000
54962  -42.973  -16.955  37.388 0.0000000000
54986  -42.132  -16.233  36.079 0.0000000000
56008  -42.928  -15.968  36.335 0.0000000000
56032  -43.171  -15.309  35.929 0.0000000000
57919  -45.317  -13.521  38.094 0.0000000000
149075  -44.908  -13.884  37.622 0.0000000000
141247  -44.970  -13.100  37.484 0.0000000000
58875  -44.180  -12.544  36.000 0.0000000000
58874  -43.604  -12.689  35.293 0.0000000000
138690  -44.434  -11.722  35.973 0.0000000000
48227  -32.690  -22.727  48.088 0.0000000000
48212  -32.445  -23.518  48.745 0.0000000000
47171  -32.656  -24.045  48.307 0.0000000000
46187  -32.598  -24.246  47.876 0.0000000000
46203  -33.673  -24.426  46.479 0.0000000000
47206  -32.636  -24.087  46.623 0.0000000000
47218  -32.844  -23.761  45.615 0.0000000000
146183  -32.034  -22.597  45.371 0.0000000000
49398  -31.353  -21.385  44.478 0.0000000000
50536  -31.215  -20.905  43.337 0.0000000000
62091  -46.132  -8.936  34.176 0.0000000000
63173  -46.212  -8.517  33.310 0.0000000000
65204  -47.419  -6.398  33.553 0.0000000000
67159  -50.851  -4.812  34.743 0.0000000000
66178  -51.663  -5.795  34.411 0.0000000000
66179  -52.432  -6.239  34.832 0.0000000000
65195  -52.701  -6.999  34.573 0.0000000000
45127  -39.461  -26.152  49.709 0.0000000000
44153  -39.018  -26.884  49.079 0.0000000000
45135  -39.434  -26.212  48.875 0.0000000000
45143  -39.340  -25.922  47.932 0.0000000000
45151  -39.138  -25.582  47.024 0.0000000000
48284  -39.098  -22.583  45.171 0.0000000000
137097  -38.499  -22.981  44.597 0.0000000000
146247  -38.749  -22.405  44.587 0.0000000000
48294  -37.754  -22.881  43.484 0.0000000000
129035  -37.478  -23.583  42.985 0.0000000000
47248  -36.928  -23.178  41.863 0.0000000000
48321  -36.700  -22.933  41.175 0.0000000000
149205  -42.437  -18.419  43.835 0.0000000000
51682  -41.834  -18.876  44.043 0.0000000000
124780  -41.647  -18.983  43.324 0.0000000000
51691  -41.161  -19.299  42.904 0.0000000000
51706  -40.125  -19.679  41.594 0.0000000000
51763  -37.314  -19.215  37.570 0.0000000000
51750  -37.164  -19.650  38.436 0.0000000000
51749  -36.509  -19.745  38.001 0.0000000000
50623  -36.411  -20.339  38.572 0.0000000000
50622  -35.863  -20.881  38.357 0.0000000000
50639  -34.924  -21.169  36.365 0.0000000000
141944  -38.969  -14.559  33.321 0.0000000000
46115  -38.265  -24.253  52.541 0.0000000000
47109  -38.500  -23.843  53.163 0.0000000000
48176  -43.355  -22.068  52.280 0.0000000000
48200  -43.180  -22.469  51.415 0.0000000000
48189  -43.513  -22.021  51.723 0.0000000000
52698  -46.651  -18.169  49.782 0.0000000000
65053  -48.923  -6.299  46.760 0.0000000000
64075  -49.351  -6.872  46.269 0.0000000000
65054  -49.265  -6.109  46.407 0.0000000000
67002  -48.881  -5.073  46.327 0.0000000000
67025  -49.060  -5.017  45.964 0.0000000000
68987  -47.462  -1.810  45.268 0.0000000000
69000  -47.319  -2.155  43.989 0.0000000000
146867  -47.268  -2.628  43.250 0.0000000000
148371  -47.405  -1.178  42.863 0.0000000000
137388  -47.406  -1.376  42.099 0.0000000000
72950  -51.055  1.980  42.190 0.0000000000
127486  -49.448  0.459  41.628 0.0000000000
70983  -50.123  -0.243  40.470 0.0000000000
144094  -51.400  -1.057  39.675 0.0000000000
70045  -51.658  -1.556  39.174 0.0000000000
70029  -54.244  -1.908  40.501 0.0000000000
69049  -54.492  -2.835  40.137 0.0000000000
69067  -54.557  -3.513  39.929 0.0000000000
68100  -54.532  -4.285  39.443 0.0000000000
67126  -55.377  -5.019  39.184 0.0000000000
72007  -56.205  1.694  36.941 0.0000000000
70086  -54.196  -1.813  35.240 0.0000000000
69111  -54.024  -2.514  35.710 0.0000000000
68122  -54.376  -3.277  36.263 0.0000000000
68123  -55.059  -4.065  37.315 0.0000000000
66167  -55.443  -5.296  36.397 0.0000000000
66181  -55.203  -5.598  35.208 0.0000000000
146326  -53.459  -5.160  32.570 0.0000000000
65223  -54.139  -6.269  31.973 0.0000000000
70145  -55.702  -1.659  29.051 0.0000000000
69193  -55.038  -2.102  28.632 0.0000000000
69202  -53.761  -3.122  26.846 0.0000000000
46125  -24.570  -25.691  51.278 0.0000000000
47148  -25.229  -23.872  49.392 0.0000000000
149250  -23.760  -25.012  47.671 0.0000000000
45146  -23.302  -25.574  46.617 0.0000000000
46199  -23.653  -24.827  46.878 0.0000000000
48225  -29.327  -23.193  48.166 0.0000000000
127468  -27.946  -22.253  47.138 0.0000000000
47235  -24.870  -23.072  42.896 0.0000000000
48280  -25.578  -22.662  44.315 0.0000000000
47234  -24.284  -23.522  43.311 0.0000000000
47233  -23.705  -24.048  43.741 0.0000000000
45203  -23.078  -25.721  41.784 0.0000000000
148668  -23.978  -26.346  41.248 0.0000000000
44220  -24.702  -26.583  41.167 0.0000000000
44188  -36.611  -27.022  44.819 0.0000000000
44176  -35.845  -26.877  45.171 0.0000000000
44187  -35.796  -26.640  44.401 0.0000000000
47270  -32.128  -23.689  39.949 0.0000000000
47271  -32.478  -23.959  40.800 0.0000000000
48332  -31.602  -22.874  40.144 0.0000000000
49454  -31.220  -21.770  40.373 0.0000000000
49441  -30.851  -20.934  40.951 0.0000000000
50620  -29.390  -20.614  38.825 0.0000000000
124060  -26.154  -24.876  36.059 0.0000000000
47325  -26.474  -23.403  36.819 0.0000000000
59950  -46.580  -11.510  38.497 0.0000000000
61025  -48.317  -9.884  39.777 0.0000000000
60993  -48.766  -10.558  41.378 0.0000000000
61008  -48.678  -10.090  40.624 0.0000000000
62021  -48.760  -9.336  40.162 0.0000000000
64137  -49.670  -7.865  41.588 0.0000000000
65129  -49.563  -7.101  41.639 0.0000000000
55894  -47.888  -15.322  46.552 0.0000000000
55910  -46.681  -15.649  44.929 0.0000000000
55902  -47.498  -15.143  45.533 0.0000000000
55919  -46.635  -15.451  43.950 0.0000000000
54867  -46.492  -15.351  43.090 0.0000000000
56954  -47.638  -14.128  43.715 0.0000000000
56963  -46.809  -14.810  42.685 0.0000000000
55926  -46.319  -15.302  42.235 0.0000000000
55934  -46.186  -15.227  41.398 0.0000000000
128871  -45.558  -15.608  40.078 0.0000000000
126793  -45.375  -15.481  39.262 0.0000000000
55969  -45.066  -15.433  38.454 0.0000000000
56997  -45.500  -14.721  38.903 0.0000000000
57912  -45.822  -13.049  38.752 0.0000000000
63177  -57.563  -8.573  34.688 0.0000000000
49360  -34.104  -21.935  47.319 0.0000000000
48245  -34.639  -22.799  47.004 0.0000000000
47189  -34.746  -23.677  46.719 0.0000000000
131958  -35.491  -23.189  46.999 0.0000000000
48260  -35.094  -23.160  46.824 0.0000000000
46211  -33.786  -24.825  45.750 0.0000000000
131857  -33.394  -24.394  45.085 0.0000000000
64185  -46.736  -7.781  35.193 0.0000000000
143704  -46.901  -7.197  35.642 0.0000000000
132977  -47.268  -6.310  34.915 0.0000000000
66151  -47.784  -5.749  36.120 0.0000000000
65193  -47.728  -5.920  34.331 0.0000000000
65206  -49.076  -5.911  33.403 0.0000000000
66176  -50.025  -5.277  34.512 0.0000000000
67148  -50.829  -4.159  35.257 0.0000000000
47173  -40.617  -23.683  48.646 0.0000000000
48229  -40.506  -23.107  47.960 0.0000000000
140801  -40.492  -22.616  47.398 0.0000000000
48261  -40.192  -22.536  46.765 0.0000000000
49363  -41.249  -21.527  47.462 0.0000000000
49362  -40.654  -21.964  47.090 0.0000000000
48285  -39.790  -21.655  45.301 0.0000000000
49415  -39.255  -21.088  43.923 0.0000000000
51723  -41.496  -18.909  39.961 0.0000000000
51722  -40.729  -19.171  39.754 0.0000000000
51764  -38.906  -19.035  38.030 0.0000000000
52859  -38.747  -18.587  36.768 0.0000000000
52844  -38.369  -18.884  37.432 0.0000000000
51776  -36.912  -19.030  36.798 0.0000000000
126956  -34.414  -19.882  35.141 0.0000000000
51800  -34.929  -19.131  34.989 0.0000000000
51820  -33.723  -19.207  32.857 0.0000000000
52885  -35.216  -18.354  33.732 0.0000000000
57966  -40.459  -13.253  32.758 0.0000000000
58900  -40.154  -12.867  32.000 0.0000000000
131961  -39.531  -12.699  31.217 0.0000000000
58907  -40.547  -12.387  31.293 0.0000000000
128363  -40.090  -12.387  30.657 0.0000000000
135244  -51.781  1.892  41.865 0.0000000000
70956  -52.362  0.534  41.270 0.0000000000
70967  -52.150  -0.101  40.883 0.0000000000
71958  -53.903  1.059  40.986 0.0000000000
70969  -54.020  -0.004  40.904 0.0000000000
70006  -54.114  -1.003  40.826 0.0000000000
72041  -57.590  1.156  35.327 0.0000000000
71044  -57.336  0.508  35.661 0.0000000000
70097  -55.622  -0.976  34.776 0.0000000000
71063  -56.531  -0.695  34.366 0.0000000000
68149  -53.527  -3.643  34.241 0.0000000000
131277  -53.391  -3.495  33.316 0.0000000000
68165  -53.324  -3.865  32.503 0.0000000000
148123  -53.267  -4.019  31.923 0.0000000000
67208  -53.245  -4.110  31.320 0.0000000000
71124  -56.637  -0.430  27.478 0.0000000000
70162  -56.028  -0.980  27.844 0.0000000000
71142  -55.846  -0.796  26.896 0.0000000000
70177  -55.115  -1.382  26.580 0.0000000000
126783  -26.875  -24.771  53.023 0.0000000000
127576  -26.710  -23.423  50.287 0.0000000000
49381  -27.690  -21.830  45.518 0.0000000000
49394  -27.553  -21.618  44.705 0.0000000000
49393  -26.812  -21.792  44.326 0.0000000000
48305  -26.181  -22.158  42.969 0.0000000000
46260  -24.814  -24.434  40.807 0.0000000000
45222  -25.870  -25.180  40.138 0.0000000000
45207  -35.839  -25.057  41.534 0.0000000000
45206  -34.889  -25.129  41.895 0.0000000000
46251  -35.152  -24.783  40.999 0.0000000000
47280  -32.823  -23.907  39.393 0.0000000000
49495  -29.969  -21.891  37.631 0.0000000000
61086  -42.843  -10.795  33.262 0.0000000000
61091  -43.258  -10.199  32.966 0.0000000000
61087  -43.563  -10.383  33.718 0.0000000000
140760  -44.200  -9.895  33.750 0.0000000000
61081  -45.123  -9.866  34.666 0.0000000000
62090  -45.854  -9.485  34.786 0.0000000000
61040  -46.880  -10.672  38.144 0.0000000000
61054  -47.133  -10.095  37.840 0.0000000000
62056  -47.098  -9.714  37.284 0.0000000000
64166  -47.480  -7.045  37.162 0.0000000000
65159  -47.778  -6.340  37.318 0.0000000000
130298  -48.322  -6.570  38.685 0.0000000000
65160  -48.227  -5.883  37.895 0.0000000000
66133  -48.429  -5.061  38.078 0.0000000000
67114  -48.319  -4.209  38.270 0.0000000000
68085  -48.064  -3.420  38.577 0.0000000000
51638  -44.563  -18.932  48.376 0.0000000000
51637  -43.596  -19.084  47.736 0.0000000000
52720  -43.512  -18.372  46.871 0.0000000000
52748  -42.898  -18.118  45.000 0.0000000000
137489  -44.056  -17.441  45.939 0.0000000000
53790  -43.484  -17.744  45.445 0.0000000000
52780  -42.481  -18.381  42.458 0.0000000000
52795  -42.510  -18.383  41.565 0.0000000000
126113  -46.016  -16.148  44.867 0.0000000000
54895  -44.817  -16.638  41.880 0.0000000000
53827  -44.241  -17.105  42.284 0.0000000000
52796  -43.094  -17.981  41.152 0.0000000000
126318  -42.041  -18.663  40.094 0.0000000000
52819  -41.954  -18.659  39.478 0.0000000000
52835  -41.711  -18.590  38.715 0.0000000000
52861  -41.093  -18.195  37.227 0.0000000000
53895  -41.829  -17.824  37.368 0.0000000000
137950  -40.363  -18.183  36.735 0.0000000000
53904  -40.154  -17.921  36.087 0.0000000000
53924  -39.309  -17.264  35.036 0.0000000000
56040  -38.931  -15.956  34.019 0.0000000000
56041  -39.689  -15.661  34.345 0.0000000000
56029  -40.835  -15.972  35.121 0.0000000000
56042  -40.462  -15.463  34.568 0.0000000000
57044  -40.051  -14.898  34.083 0.0000000000
57051  -40.443  -14.257  33.714 0.0000000000
57052  -41.140  -14.097  33.852 0.0000000000
57017  -44.252  -14.344  36.551 0.0000000000
57033  -43.279  -14.600  35.567 0.0000000000
57046  -42.270  -14.418  34.707 0.0000000000
57958  -41.682  -13.558  33.670 0.0000000000
58894  -41.910  -12.817  33.232 0.0000000000
58895  -42.372  -12.495  33.465 0.0000000000
58902  -42.145  -12.131  32.924 0.0000000000
71092  -57.972  -0.641  31.625 0.0000000000
135513  -57.875  -0.399  29.816 0.0000000000
71114  -57.739  -0.263  28.912 0.0000000000
73132  -60.277  1.481  29.093 0.0000000000
72157  -57.915  0.565  26.731 0.0000000000
72172  -57.753  0.776  25.762 0.0000000000
47135  -31.472  -24.242  50.620 0.0000000000
126756  -31.282  -24.473  50.093 0.0000000000
46160  -31.350  -24.474  49.386 0.0000000000
47170  -30.907  -24.256  48.638 0.0000000000
46173  -31.783  -24.514  48.783 0.0000000000
47184  -30.076  -23.560  48.039 0.0000000000
148592  -29.513  -22.303  46.718 0.0000000000
47187  -33.290  -23.950  47.563 0.0000000000
48258  -30.446  -22.593  46.608 0.0000000000
49383  -29.258  -21.779  45.945 0.0000000000
126880  -28.975  -21.461  45.160 0.0000000000
49411  -29.432  -20.816  43.662 0.0000000000
49428  -28.258  -20.777  42.448 0.0000000000
49440  -27.403  -21.233  41.040 0.0000000000
148831  -32.185  -22.701  35.845 0.0000000000
62100  -43.455  -9.693  32.331 0.0000000000
62109  -44.031  -9.260  31.964 0.0000000000
62102  -45.055  -9.145  32.788 0.0000000000
63184  -44.866  -9.009  32.050 0.0000000000
63211  -44.738  -8.676  30.716 0.0000000000
145757  -46.808  -7.177  33.014 0.0000000000
140693  -46.819  -7.487  32.522 0.0000000000
64177  -56.003  -7.584  37.576 0.0000000000
46163  -37.426  -24.916  49.850 0.0000000000
144543  -37.470  -25.935  48.477 0.0000000000
45134  -37.813  -26.631  48.746 0.0000000000
44152  -37.863  -27.193  48.130 0.0000000000
43253  -37.783  -27.493  46.721 0.0000000000
44162  -38.528  -27.175  47.669 0.0000000000
43254  -38.059  -27.528  46.627 0.0000000000
43262  -37.911  -27.416  46.007 0.0000000000
138575  -37.195  -26.882  44.527 0.0000000000
45181  -37.090  -26.096  42.981 0.0000000000
46192  -40.046  -23.989  47.981 0.0000000000
46207  -39.239  -24.313  46.625 0.0000000000
46212  -38.573  -25.012  45.543 0.0000000000
47219  -38.663  -23.581  45.183 0.0000000000
123868  -38.470  -24.503  45.077 0.0000000000
145333  -38.404  -25.298  45.072 0.0000000000
45165  -37.861  -25.882  44.085 0.0000000000
45182  -37.445  -25.662  43.244 0.0000000000
45194  -36.890  -25.655  42.233 0.0000000000
46265  -36.298  -24.507  40.123 0.0000000000
47272  -36.516  -24.184  39.618 0.0000000000
47312  -34.640  -23.162  37.583 0.0000000000
48371  -34.245  -22.824  36.903 0.0000000000
51650  -42.289  -19.555  46.651 0.0000000000
51672  -41.337  -19.518  44.578 0.0000000000
51671  -40.777  -19.913  44.258 0.0000000000
50525  -40.414  -20.493  44.688 0.0000000000
50538  -39.679  -20.557  43.618 0.0000000000
50537  -39.079  -20.833  43.265 0.0000000000
123498  -41.065  -19.170  40.581 0.0000000000
51705  -40.201  -19.502  40.659 0.0000000000
50596  -39.488  -19.935  41.170 0.0000000000
51735  -38.441  -19.709  39.461 0.0000000000
50577  -38.808  -20.363  41.627 0.0000000000
49431  -38.087  -20.829  42.138 0.0000000000
49444  -37.371  -21.314  41.645 0.0000000000
48353  -36.214  -22.645  38.629 0.0000000000
49480  -35.966  -21.648  38.472 0.0000000000
48352  -35.826  -22.593  37.940 0.0000000000
48372  -35.098  -22.756  36.904 0.0000000000
48386  -33.926  -22.577  36.217 0.0000000000
57964  -38.802  -13.570  32.291 0.0000000000
59821  -49.013  -10.819  45.058 0.0000000000
60948  -49.426  -10.078  44.717 0.0000000000
60934  -49.210  -10.067  45.099 0.0000000000
61979  -48.956  -8.959  45.663 0.0000000000
63035  -48.846  -8.031  46.237 0.0000000000
143435  -28.689  -25.052  53.621 0.0000000000
46112  -29.602  -24.741  53.273 0.0000000000
46114  -30.746  -24.300  53.363 0.0000000000
46131  -31.031  -24.732  52.612 0.0000000000
47120  -31.392  -24.240  51.435 0.0000000000
48186  -31.465  -23.400  51.083 0.0000000000
48210  -31.510  -22.665  49.739 0.0000000000
49344  -31.365  -21.367  48.516 0.0000000000
50492  -32.899  -21.139  47.705 0.0000000000
50477  -33.077  -20.393  47.947 0.0000000000
50478  -33.862  -20.573  48.137 0.0000000000
49336  -35.402  -21.429  49.309 0.0000000000
48214  -36.429  -22.749  49.581 0.0000000000
47136  -36.736  -23.420  50.645 0.0000000000
47156  -37.195  -24.329  50.397 0.0000000000
46148  -37.760  -25.130  50.661 0.0000000000
45110  -38.329  -25.882  50.211 0.0000000000
45111  -38.871  -26.054  50.615 0.0000000000
46133  -38.713  -24.698  52.151 0.0000000000
45096  -38.911  -25.329  51.516 0.0000000000
45112  -39.406  -25.982  50.489 0.0000000000
45128  -40.031  -25.545  50.328 0.0000000000
143570  -40.533  -24.949  50.181 0.0000000000
46165  -41.097  -24.434  50.594 0.0000000000
46150  -41.155  -24.395  51.489 0.0000000000
48215  -41.808  -22.899  49.675 0.0000000000
48217  -43.322  -22.113  50.685 0.0000000000
49337  -42.851  -21.720  49.707 0.0000000000
49350  -43.203  -20.982  49.248 0.0000000000
51589  -45.367  -20.132  51.020 0.0000000000
51607  -45.361  -20.061  49.934 0.0000000000
51624  -44.950  -19.465  49.180 0.0000000000
52708  -46.887  -17.983  49.258 0.0000000000
124368  -47.096  -17.531  48.678 0.0000000000
53763  -46.622  -17.244  48.057 0.0000000000
54814  -46.940  -16.644  47.487 0.0000000000
54815  -47.695  -16.305  47.743 0.0000000000
55885  -47.939  -15.712  47.306 0.0000000000
55877  -48.334  -15.253  48.008 0.0000000000
137389  -48.399  -14.978  47.572 0.0000000000
55886  -48.318  -15.157  47.248 0.0000000000
55895  -48.362  -14.734  46.759 0.0000000000
56924  -48.474  -14.116  46.586 0.0000000000
57855  -48.537  -12.935  45.669 0.0000000000
58785  -48.588  -12.236  45.476 0.0000000000
58792  -48.852  -11.596  44.981 0.0000000000
60949  -49.691  -9.437  44.523 0.0000000000
62001  -49.895  -8.926  44.389 0.0000000000
63072  -50.085  -8.424  44.188 0.0000000000
64094  -49.664  -7.401  45.280 0.0000000000
64107  -49.939  -7.857  44.621 0.0000000000
64117  -50.171  -7.888  43.929 0.0000000000
64129  -50.097  -7.905  43.148 0.0000000000
65117  -49.946  -7.282  43.405 0.0000000000
66088  -49.514  -6.437  43.050 0.0000000000
67983  -47.909  -3.608  46.417 0.0000000000
67024  -48.456  -4.273  45.980 0.0000000000
144387  -48.453  -4.224  45.876 0.0000000000
67035  -48.645  -4.596  45.269 0.0000000000
67049  -49.071  -5.292  44.602 0.0000000000
66087  -48.864  -5.636  42.670 0.0000000000
66102  -48.623  -5.554  41.624 0.0000000000
67074  -48.125  -4.900  41.367 0.0000000000
132853  -48.131  -4.765  40.494 0.0000000000
68045  -47.372  -3.389  41.658 0.0000000000
67073  -47.699  -4.159  41.011 0.0000000000
67087  -47.760  -3.950  39.961 0.0000000000
68072  -47.801  -3.412  39.259 0.0000000000
68084  -47.808  -2.749  38.948 0.0000000000
70945  -48.259  0.328  43.180 0.0000000000
69987  -47.913  -0.683  41.573 0.0000000000
127116  -48.796  -0.195  41.158 0.0000000000
70004  -48.065  -0.904  40.625 0.0000000000
144385  -48.048  -2.192  38.701 0.0000000000
69062  -48.161  -2.744  38.278 0.0000000000
69080  -48.568  -2.685  37.737 0.0000000000
69081  -49.273  -2.411  37.587 0.0000000000
69097  -49.735  -2.785  36.960 0.0000000000
69082  -50.342  -2.292  37.535 0.0000000000
68110  -51.129  -3.193  36.282 0.0000000000
70027  -52.362  -1.338  40.026 0.0000000000
69084  -52.353  -3.098  37.271 0.0000000000
66153  -53.264  -5.506  36.663 0.0000000000
123681  -54.743  -0.872  39.485 0.0000000000
134527  -54.918  -2.608  39.633 0.0000000000
71024  -55.424  -0.607  37.292 0.0000000000
70074  -54.856  -1.276  36.969 0.0000000000
69085  -55.152  -3.072  39.207 0.0000000000
68101  -55.237  -3.909  39.557 0.0000000000
67127  -56.065  -5.717  39.058 0.0000000000
66142  -56.130  -6.071  39.163 0.0000000000
65162  -56.205  -6.510  38.982 0.0000000000
64168  -56.309  -7.037  38.546 0.0000000000
64179  -57.439  -7.461  37.233 0.0000000000
64188  -58.002  -7.641  36.576 0.0000000000
130561  -57.209  -6.679  36.773 0.0000000000
137371  -55.040  -6.244  33.469 0.0000000000
69162  -55.177  -2.157  30.265 0.0000000000
126233  -55.538  -1.570  28.237 0.0000000000
68220  -53.827  -3.227  27.733 0.0000000000
68211  -53.879  -3.255  28.566 0.0000000000
67224  -53.126  -4.581  29.572 0.0000000000
66264  -53.063  -5.118  29.871 0.0000000000
144333  -25.687  -24.608  51.750 0.0000000000
46126  -25.067  -25.532  51.914 0.0000000000
46157  -24.579  -24.821  49.657 0.0000000000
44174  -22.326  -26.485  45.707 0.0000000000
45145  -22.849  -26.002  46.185 0.0000000000
47151  -29.949  -24.235  49.660 0.0000000000
47168  -28.315  -23.266  49.148 0.0000000000
48223  -27.929  -22.735  48.471 0.0000000000
48222  -27.063  -22.769  48.400 0.0000000000
47182  -25.398  -23.200  47.283 0.0000000000
48268  -26.382  -22.420  45.637 0.0000000000
48267  -25.634  -22.753  45.274 0.0000000000
47203  -25.266  -23.091  45.883 0.0000000000
47202  -24.726  -23.469  46.239 0.0000000000
130358  -23.522  -24.430  45.215 0.0000000000
131097  -23.173  -24.794  43.832 0.0000000000
45133  -37.071  -25.531  47.791 0.0000000000
144353  -36.539  -25.218  47.168 0.0000000000
45148  -35.520  -26.151  46.122 0.0000000000
44168  -36.058  -26.825  45.808 0.0000000000
45157  -35.237  -26.377  45.468 0.0000000000
45147  -34.749  -25.710  45.847 0.0000000000
45155  -33.864  -25.306  44.930 0.0000000000
47236  -32.890  -23.507  43.652 0.0000000000
46238  -33.909  -24.994  42.075 0.0000000000
46237  -33.398  -24.792  42.245 0.0000000000
46249  -32.921  -24.574  41.940 0.0000000000
46236  -33.258  -24.367  43.021 0.0000000000
47247  -32.700  -23.666  42.547 0.0000000000
48292  -32.036  -21.927  43.085 0.0000000000
49429  -31.557  -21.263  42.913 0.0000000000
132412  -30.344  -20.464  41.916 0.0000000000
50574  -30.411  -20.563  41.333 0.0000000000
50573  -29.772  -20.336  41.469 0.0000000000
50572  -28.855  -20.406  41.278 0.0000000000
50589  -27.852  -20.782  40.449 0.0000000000
49453  -27.335  -21.331  40.167 0.0000000000
47329  -31.653  -22.992  36.462 0.0000000000
47327  -29.899  -23.195  35.967 0.0000000000
48369  -30.409  -22.790  37.301 0.0000000000
48368  -29.605  -22.352  36.951 0.0000000000
48382  -28.368  -22.306  36.327 0.0000000000
49494  -29.112  -21.440  37.358 0.0000000000
142503  -28.500  -21.246  37.524 0.0000000000
142294  -28.220  -21.006  38.027 0.0000000000
48366  -26.731  -22.644  37.305 0.0000000000
48367  -27.035  -22.016  37.754 0.0000000000
143833  -27.483  -21.469  38.253 0.0000000000
144789  -26.743  -22.188  39.285 0.0000000000
43245  -37.356  -27.329  46.698 0.0000000000
43246  -37.704  -27.359  47.347 0.0000000000
43247  -38.105  -27.490  47.362 0.0000000000
43263  -38.106  -27.354  46.168 0.0000000000
43271  -37.410  -27.233  45.337 0.0000000000
44161  -37.441  -27.008  47.540 0.0000000000
44163  -38.976  -26.925  48.282 0.0000000000
44177  -36.669  -27.178  45.603 0.0000000000
44179  -38.360  -26.881  45.916 0.0000000000
45097  -39.693  -25.154  51.638 0.0000000000
45125  -38.154  -26.385  49.426 0.0000000000
45164  -34.386  -25.858  44.452 0.0000000000
45195  -37.201  -25.471  42.343 0.0000000000
45208  -36.856  -25.292  41.508 0.0000000000
46113  -30.446  -24.496  53.169 0.0000000000
46176  -37.637  -25.668  49.200 0.0000000000
46202  -33.019  -24.389  47.098 0.0000000000
46206  -36.122  -25.599  46.647 0.0000000000
46218  -38.166  -25.090  44.514 0.0000000000
47097  -38.723  -23.346  53.637 0.0000000000
47259  -32.622  -24.022  41.609 0.0000000000
48177  -43.758  -21.519  51.842 0.0000000000
48190  -44.002  -21.546  51.381 0.0000000000
48343  -36.431  -22.662  39.422 0.0000000000
48394  -27.646  -22.823  36.001 0.0000000000
50466  -44.748  -20.550  50.064 0.0000000000
50523  -30.281  -20.754  43.917 0.0000000000
50526  -40.908  -20.114  45.018 0.0000000000
50554  -30.540  -20.550  42.508 0.0000000000
50555  -31.101  -20.778  42.709 0.0000000000
50605  -30.155  -20.743  39.456 0.0000000000
50607  -37.571  -20.158  39.676 0.0000000000
51692  -41.809  -18.822  42.667 0.0000000000
51721  -39.459  -19.761  40.484 0.0000000000
51737  -41.371  -18.864  39.344 0.0000000000
51751  -38.670  -19.388  38.736 0.0000000000
51789  -36.057  -18.807  35.636 0.0000000000
52706  -45.460  -18.835  48.910 0.0000000000
52734  -42.454  -18.948  46.157 0.0000000000
52735  -42.984  -18.357  45.989 0.0000000000
52759  -42.922  -18.053  44.123 0.0000000000
52807  -42.448  -18.444  40.667 0.0000000000
52857  -37.234  -18.681  36.208 0.0000000000
52869  -35.738  -18.723  35.091 0.0000000000
53726  -46.843  -17.611  49.748 0.0000000000
53738  -47.196  -17.508  49.272 0.0000000000
53739  -47.695  -16.845  48.923 0.0000000000
53751  -46.552  -17.926  48.707 0.0000000000
53761  -44.776  -17.688  47.374 0.0000000000
53869  -43.626  -17.474  39.832 0.0000000000
53885  -43.688  -17.142  38.700 0.0000000000
53896  -42.518  -17.672  37.830 0.0000000000
53917  -41.212  -17.262  36.279 0.0000000000
54829  -47.285  -16.044  46.885 0.0000000000
54840  -44.743  -16.781  44.723 0.0000000000
54883  -45.848  -15.824  42.711 0.0000000000
55911  -47.239  -15.036  44.559 0.0000000000
56955  -48.053  -13.536  43.793 0.0000000000
57870  -48.209  -13.007  43.325 0.0000000000
57903  -45.877  -13.918  39.295 0.0000000000
57939  -43.806  -13.274  35.708 0.0000000000
58841  -46.438  -12.293  39.039 0.0000000000
59910  -47.665  -11.372  40.282 0.0000000000
59990  -44.544  -11.102  35.619 0.0000000000
60922  -49.095  -9.540  45.377 0.0000000000
60963  -49.667  -10.212  44.173 0.0000000000
60964  -49.916  -9.556  44.078 0.0000000000
61986  -49.460  -8.540  45.268 0.0000000000
61994  -49.728  -8.819  44.718 0.0000000000
63036  -49.162  -7.672  46.234 0.0000000000
63060  -49.651  -7.911  45.190 0.0000000000
63068  -49.838  -8.341  44.704 0.0000000000
63080  -50.142  -8.421  43.373 0.0000000000
64084  -49.597  -7.139  45.687 0.0000000000
64085  -49.657  -6.917  45.531 0.0000000000
64095  -49.922  -7.255  44.764 0.0000000000
65087  -49.786  -6.781  44.933 0.0000000000
65170  -54.892  -6.768  38.045 0.0000000000
66034  -48.729  -5.373  46.699 0.0000000000
66042  -49.233  -5.687  46.284 0.0000000000
66051  -49.364  -5.634  46.047 0.0000000000
67013  -48.403  -4.428  46.358 0.0000000000
69014  -47.230  -2.921  42.635 0.0000000000
71947  -53.301  1.361  41.284 0.0000000000
123433  -40.790  -19.433  42.072 0.0000000000
124805  -45.247  -17.202  47.096 0.0000000000
127178  -47.579  -0.542  43.457 0.0000000000
127223  -48.423  -5.318  40.896 0.0000000000
127951  -39.369  -25.694  51.085 0.0000000000
128351  -38.785  -25.222  46.202 0.0000000000
129865  -49.367  -5.543  45.780 0.0000000000
131183  -40.592  -20.699  45.358 0.0000000000
134293  -31.413  -21.144  42.256 0.0000000000
134652  -44.769  -16.608  41.169 0.0000000000
137308  -48.930  -4.826  45.821 0.0000000000
137588  -38.373  -27.169  48.292 0.0000000000
139129  -47.246  -14.349  43.056 0.0000000000
139204  -48.397  -12.570  46.174 0.0000000000
141215  -49.665  -6.937  42.457 0.0000000000
141509  -42.761  -13.206  34.230 0.0000000000
141621  -27.886  -21.002  38.723 0.0000000000
141958  -40.913  -22.988  48.508 0.0000000000
142481  -35.304  -25.905  43.206 0.0000000000
144211  -43.344  -19.824  48.211 0.0000000000
144292  -42.013  -18.694  41.221 0.0000000000
144475  -42.950  -18.008  42.590 0.0000000000
145425  -39.584  -18.819  37.946 0.0000000000
145522  -30.163  -20.492  42.888 0.0000000000
146207  -49.858  -6.899  44.997 0.0000000000
147200  -43.345  -14.109  35.367 0.0000000000
147388  -49.617  -10.515  43.652 0.0000000000
147645  -34.382  -24.910  41.596 0.0000000000
147678  -45.411  -16.220  42.786 0.0000000000
148190  -49.496  -8.139  45.349 0.0000000000
