#!ascii label  , from subject sub-v2s12x28903_ses-1 vox2ras=TkReg
2021
93144  -39.736  23.311  20.116 0.0000000000
90570  -52.244  21.364  -0.980 0.0000000000
99925  -44.859  31.922  19.267 0.0000000000
89575  -48.370  19.358  10.244 0.0000000000
88576  -44.333  18.460  21.463 0.0000000000
94740  -44.555  25.254  5.959 0.0000000000
124361  -52.046  33.993  7.821 0.0000000000
104162  -47.138  39.346  11.252 0.0000000000
87564  -36.232  18.333  26.943 0.0000000000
89529  -40.185  19.907  13.877 0.0000000000
90472  -44.949  20.189  6.844 0.0000000000
128630  -40.092  25.242  12.768 0.0000000000
101209  -46.910  34.058  24.880 0.0000000000
99245  -50.429  31.711  15.465 0.0000000000
101970  -48.516  35.759  17.575 0.0000000000
102024  -50.874  36.533  12.024 0.0000000000
130218  -42.727  37.384  14.239 0.0000000000
89706  -48.220  19.580  -2.660 0.0000000000
124867  -37.569  27.083  17.913 0.0000000000
94627  -44.158  26.380  20.694 0.0000000000
123402  -53.466  22.987  12.883 0.0000000000
88647  -46.020  18.640  16.450 0.0000000000
88599  -37.503  18.359  19.626 0.0000000000
144172  -36.727  20.564  26.619 0.0000000000
91485  -48.209  21.021  0.789 0.0000000000
94785  -46.189  25.192  0.015 0.0000000000
96932  -45.343  28.688  12.820 0.0000000000
97019  -49.990  28.079  6.703 0.0000000000
97849  -50.614  29.373  -0.962 0.0000000000
97823  -48.832  29.613  4.603 0.0000000000
98584  -45.561  30.523  8.301 0.0000000000
92267  -37.736  21.943  16.534 0.0000000000
92304  -39.490  22.556  12.622 0.0000000000
93189  -39.053  23.846  15.751 0.0000000000
101930  -44.253  35.956  22.248 0.0000000000
101246  -47.721  34.636  20.591 0.0000000000
101270  -43.975  34.768  18.930 0.0000000000
102000  -45.079  36.102  15.899 0.0000000000
89700  -50.172  20.252  -1.768 0.0000000000
97703  -35.951  29.402  15.958 0.0000000000
97689  -38.781  29.463  17.126 0.0000000000
124104  -44.885  18.434  19.129 0.0000000000
144882  -41.687  17.927  17.556 0.0000000000
123967  -40.842  17.407  20.111 0.0000000000
147060  -35.845  20.387  29.112 0.0000000000
93111  -34.068  22.955  22.170 0.0000000000
93143  -34.976  24.044  19.951 0.0000000000
92233  -32.220  22.750  19.384 0.0000000000
90487  -50.890  20.727  6.840 0.0000000000
92370  -44.059  22.231  5.964 0.0000000000
141141  -47.001  20.611  3.720 0.0000000000
92401  -45.471  22.839  2.920 0.0000000000
92445  -46.676  22.621  0.277 0.0000000000
94763  -45.499  25.539  3.457 0.0000000000
97685  -44.410  29.358  19.066 0.0000000000
95409  -44.636  26.616  16.322 0.0000000000
97708  -47.081  28.531  16.262 0.0000000000
100644  -50.877  33.511  11.037 0.0000000000
98560  -49.185  30.777  10.196 0.0000000000
143792  -52.343  30.397  7.153 0.0000000000
97062  -51.647  28.909  2.194 0.0000000000
98620  -54.095  31.231  2.598 0.0000000000
97832  -49.927  30.207  2.376 0.0000000000
100045  -51.591  32.932  5.683 0.0000000000
104143  -48.630  38.042  13.175 0.0000000000
100676  -47.206  34.124  8.743 0.0000000000
129246  -45.998  34.260  10.675 0.0000000000
98571  -43.639  30.448  9.738 0.0000000000
101332  -44.065  35.009  11.598 0.0000000000
143073  -43.903  19.368  12.483 0.0000000000
89603  -46.251  19.111  8.615 0.0000000000
90432  -42.613  20.166  10.452 0.0000000000
92334  -42.141  22.239  9.195 0.0000000000
93992  -43.272  24.896  9.302 0.0000000000
99887  -47.175  32.432  22.922 0.0000000000
99928  -47.638  32.641  18.454 0.0000000000
99891  -50.515  32.867  21.597 0.0000000000
101291  -51.057  33.902  17.552 0.0000000000
102013  -51.993  35.973  13.322 0.0000000000
102061  -52.244  36.839  9.433 0.0000000000
104110  -50.450  38.873  14.535 0.0000000000
104857  -48.214  39.744  13.938 0.0000000000
104152  -44.530  39.283  12.771 0.0000000000
90575  -46.802  20.633  -2.072 0.0000000000
94625  -39.859  26.032  21.859 0.0000000000
93900  -42.063  24.708  21.012 0.0000000000
96093  -41.550  27.158  20.629 0.0000000000
97682  -41.665  29.412  18.477 0.0000000000
99203  -42.395  31.829  19.131 0.0000000000
101945  -40.069  35.340  20.100 0.0000000000
100580  -42.466  33.333  21.900 0.0000000000
90422  -51.177  21.068  11.275 0.0000000000
91326  -50.002  21.240  14.146 0.0000000000
89536  -47.081  19.603  13.658 0.0000000000
88670  -43.042  18.857  14.807 0.0000000000
88639  -38.694  18.664  16.708 0.0000000000
89396  -44.410  19.044  24.164 0.0000000000
89331  -40.262  19.608  28.641 0.0000000000
88501  -40.540  18.607  25.677 0.0000000000
87620  -40.621  17.592  23.131 0.0000000000
88532  -36.903  19.190  22.908 0.0000000000
93867  -39.354  24.816  24.514 0.0000000000
92448  -52.756  23.683  -0.994 0.0000000000
90499  -48.553  20.283  5.049 0.0000000000
145292  -50.430  21.660  2.181 0.0000000000
92471  -51.520  22.414  -2.048 0.0000000000
91524  -48.975  21.636  -2.911 0.0000000000
92481  -47.928  22.710  -4.152 0.0000000000
123273  -46.980  24.606  -4.442 0.0000000000
94673  -41.599  25.324  16.643 0.0000000000
96164  -42.743  27.211  12.275 0.0000000000
95443  -45.406  26.435  9.526 0.0000000000
98528  -47.861  30.040  14.304 0.0000000000
96965  -47.835  27.906  9.650 0.0000000000
95479  -47.094  26.713  6.412 0.0000000000
96261  -48.408  27.474  3.664 0.0000000000
95524  -48.635  27.875  -1.847 0.0000000000
95540  -46.505  26.726  -4.370 0.0000000000
100039  -49.357  33.405  6.615 0.0000000000
97807  -47.441  29.510  6.474 0.0000000000
96230  -43.483  27.594  5.511 0.0000000000
96205  -42.217  27.700  7.299 0.0000000000
96978  -40.758  28.236  8.899 0.0000000000
92252  -39.172  22.844  19.393 0.0000000000
93188  -38.667  23.220  16.369 0.0000000000
124859  -39.751  23.516  18.165 0.0000000000
101244  -44.507  34.791  20.894 0.0000000000
101966  -42.582  35.622  17.766 0.0000000000
90569  -51.622  21.008  -1.326 0.0000000000
88590  -44.607  18.438  20.609 0.0000000000
87678  -43.086  17.995  19.865 0.0000000000
87658  -42.761  17.948  21.249 0.0000000000
92189  -33.382  22.689  22.833 0.0000000000
93123  -33.847  22.869  21.192 0.0000000000
90447  -50.578  20.351  9.304 0.0000000000
89605  -49.191  19.627  8.620 0.0000000000
93297  -43.754  23.938  6.229 0.0000000000
127124  -44.607  22.564  4.731 0.0000000000
94049  -44.462  24.333  4.620 0.0000000000
144003  -45.037  24.262  3.239 0.0000000000
94755  -45.352  25.686  5.042 0.0000000000
98483  -44.582  30.862  18.503 0.0000000000
97693  -45.415  29.307  17.091 0.0000000000
98491  -45.696  30.923  17.118 0.0000000000
100014  -51.498  33.447  8.810 0.0000000000
100021  -50.853  32.462  9.125 0.0000000000
99308  -52.046  32.030  7.483 0.0000000000
97818  -53.805  30.365  4.259 0.0000000000
138868  -53.488  31.739  5.172 0.0000000000
98613  -53.420  31.806  3.752 0.0000000000
100041  -52.385  33.250  6.111 0.0000000000
127988  -47.568  38.838  12.083 0.0000000000
102010  -47.223  35.564  13.250 0.0000000000
102707  -46.421  36.552  13.011 0.0000000000
131980  -44.774  34.588  11.349 0.0000000000
103407  -44.969  36.807  12.350 0.0000000000
89542  -41.951  19.809  12.973 0.0000000000
89553  -42.777  19.756  11.875 0.0000000000
130007  -41.197  20.326  12.724 0.0000000000
93220  -39.716  23.915  12.396 0.0000000000
92312  -40.833  22.230  11.399 0.0000000000
93232  -41.403  23.615  10.586 0.0000000000
131673  -42.262  23.622  9.468 0.0000000000
94709  -42.046  25.060  10.691 0.0000000000
99864  -47.761  32.705  24.680 0.0000000000
99889  -49.425  32.559  22.470 0.0000000000
100573  -49.581  32.985  23.161 0.0000000000
101274  -47.851  35.025  19.024 0.0000000000
101260  -49.961  34.655  19.493 0.0000000000
101300  -50.216  35.004  17.046 0.0000000000
101305  -51.126  34.833  14.844 0.0000000000
102001  -50.068  36.404  15.910 0.0000000000
102692  -51.208  37.129  14.353 0.0000000000
102665  -48.955  37.245  16.350 0.0000000000
102689  -43.614  36.610  15.032 0.0000000000
103367  -45.911  37.224  15.208 0.0000000000
104120  -45.191  37.962  14.229 0.0000000000
104141  -46.154  39.104  13.543 0.0000000000
134593  -43.947  38.656  13.233 0.0000000000
89711  -47.799  19.958  -3.040 0.0000000000
95358  -38.252  26.194  19.665 0.0000000000
95343  -40.550  26.347  21.708 0.0000000000
95360  -39.650  26.774  19.531 0.0000000000
129975  -39.144  30.883  17.210 0.0000000000
97691  -40.319  29.793  17.714 0.0000000000
99218  -40.376  31.195  17.887 0.0000000000
137333  -41.988  30.892  18.553 0.0000000000
148128  -40.504  32.366  18.575 0.0000000000
102636  -39.155  36.839  20.040 0.0000000000
125689  -41.343  34.317  21.097 0.0000000000
130144  -41.378  35.842  21.770 0.0000000000
101217  -42.642  34.732  22.879 0.0000000000
102607  -41.841  36.344  22.517 0.0000000000
91356  -52.935  21.719  10.893 0.0000000000
91355  -52.544  21.759  11.688 0.0000000000
131311  -49.423  20.481  16.116 0.0000000000
89502  -48.191  19.890  15.325 0.0000000000
90397  -48.691  20.420  13.987 0.0000000000
89500  -46.327  19.111  15.142 0.0000000000
89515  -45.128  19.095  14.051 0.0000000000
88659  -44.436  18.645  15.424 0.0000000000
126363  -39.531  17.692  18.188 0.0000000000
88627  -40.207  18.131  16.759 0.0000000000
88624  -37.731  18.759  17.871 0.0000000000
87551  -37.985  18.422  28.105 0.0000000000
89365  -38.445  19.891  28.787 0.0000000000
131249  -38.499  18.961  25.657 0.0000000000
88517  -39.958  18.264  24.906 0.0000000000
88516  -38.470  18.371  24.383 0.0000000000
87618  -38.279  17.851  22.936 0.0000000000
89405  -36.933  19.371  24.204 0.0000000000
94608  -38.182  25.415  23.492 0.0000000000
93888  -36.821  24.702  21.846 0.0000000000
93332  -53.225  23.968  0.885 0.0000000000
89602  -45.508  19.465  8.116 0.0000000000
130952  -47.871  19.497  6.961 0.0000000000
89627  -46.687  19.860  6.062 0.0000000000
90541  -47.234  20.811  2.443 0.0000000000
90543  -49.077  20.781  2.679 0.0000000000
91486  -49.598  21.297  1.323 0.0000000000
92447  -51.044  22.380  0.225 0.0000000000
91501  -49.711  21.577  -0.386 0.0000000000
91513  -49.820  21.549  -2.411 0.0000000000
91512  -48.755  21.505  -1.474 0.0000000000
94092  -46.331  23.941  -0.072 0.0000000000
92459  -47.635  22.453  -1.665 0.0000000000
93361  -46.638  23.843  -1.668 0.0000000000
93368  -47.285  24.148  -4.189 0.0000000000
94100  -46.617  24.897  -2.902 0.0000000000
133259  -43.652  25.780  20.783 0.0000000000
93928  -41.761  24.810  18.372 0.0000000000
94662  -42.964  25.637  17.919 0.0000000000
96151  -44.682  27.739  14.692 0.0000000000
95415  -43.153  27.194  14.888 0.0000000000
96926  -44.090  28.154  12.985 0.0000000000
95431  -44.104  26.913  10.906 0.0000000000
96167  -45.232  27.744  11.276 0.0000000000
99956  -50.038  31.791  16.991 0.0000000000
98508  -49.152  30.041  16.143 0.0000000000
98529  -49.341  30.928  14.922 0.0000000000
97792  -50.116  28.877  8.622 0.0000000000
97756  -48.394  29.589  10.168 0.0000000000
96983  -48.998  27.905  8.863 0.0000000000
96196  -48.114  27.251  8.280 0.0000000000
96221  -48.474  27.427  6.369 0.0000000000
96246  -48.011  27.308  4.761 0.0000000000
96235  -49.396  27.800  5.225 0.0000000000
97077  -51.902  29.175  0.734 0.0000000000
134406  -50.495  28.389  0.510 0.0000000000
140873  -49.779  28.664  -1.389 0.0000000000
96296  -48.082  27.978  -3.709 0.0000000000
97114  -48.706  28.797  -2.789 0.0000000000
97119  -46.505  27.978  -3.370 0.0000000000
131276  -48.178  29.116  -2.163 0.0000000000
139194  -49.272  29.794  3.547 0.0000000000
97075  -47.334  29.145  1.789 0.0000000000
102036  -51.986  37.175  10.466 0.0000000000
102073  -50.726  35.745  7.810 0.0000000000
101380  -49.998  35.328  8.503 0.0000000000
145668  -46.578  32.949  8.315 0.0000000000
100029  -47.551  32.408  7.515 0.0000000000
98593  -46.615  30.424  7.518 0.0000000000
97032  -45.502  28.248  5.564 0.0000000000
97015  -44.650  28.257  6.640 0.0000000000
96218  -43.239  27.685  6.285 0.0000000000
96982  -44.137  28.739  8.172 0.0000000000
98558  -42.966  30.926  10.282 0.0000000000
97775  -42.587  29.345  9.709 0.0000000000
97754  -42.083  29.812  10.289 0.0000000000
96944  -40.526  28.996  10.145 0.0000000000
90381  -37.960  20.997  14.852 0.0000000000
90407  -39.781  21.045  13.049 0.0000000000
92293  -38.253  22.453  14.399 0.0000000000
93204  -38.482  23.201  14.273 0.0000000000
93964  -39.356  24.705  14.179 0.0000000000
140849  -48.480  34.154  22.678 0.0000000000
123724  -46.213  34.530  21.454 0.0000000000
101257  -46.368  34.556  19.450 0.0000000000
101289  -46.186  34.894  18.023 0.0000000000
101986  -47.085  36.021  16.916 0.0000000000
129752  -44.768  35.169  17.212 0.0000000000
101997  -42.933  35.820  16.199 0.0000000000
134943  -49.507  20.009  -2.300 0.0000000000
149009  -36.860  28.416  16.656 0.0000000000
96885  -37.886  28.333  17.146 0.0000000000
97705  -37.407  29.432  16.525 0.0000000000
124612  -45.814  18.510  17.832 0.0000000000
123752  -43.689  18.450  16.978 0.0000000000
133489  -43.651  18.338  18.302 0.0000000000
87683  -41.239  17.578  18.705 0.0000000000
124633  -39.066  17.455  19.849 0.0000000000
88464  -36.126  19.448  28.490 0.0000000000
90257  -34.637  20.982  27.921 0.0000000000
93086  -35.466  24.053  23.670 0.0000000000
93125  -35.216  23.862  20.886 0.0000000000
93112  -34.654  23.391  21.503 0.0000000000
93141  -33.624  23.301  19.695 0.0000000000
91412  -43.984  21.525  6.503 0.0000000000
129156  -45.461  20.615  5.443 0.0000000000
90496  -45.150  21.156  4.963 0.0000000000
91450  -45.928  21.478  3.245 0.0000000000
91483  -46.587  21.730  1.559 0.0000000000
91498  -46.847  21.890  0.762 0.0000000000
92430  -45.885  22.943  1.657 0.0000000000
94083  -45.611  24.258  1.752 0.0000000000
94777  -46.050  25.748  1.672 0.0000000000
96104  -44.413  27.679  20.161 0.0000000000
95375  -44.174  26.414  18.533 0.0000000000
96125  -44.778  27.563  17.917 0.0000000000
96135  -45.882  27.069  16.518 0.0000000000
96921  -46.828  28.086  15.347 0.0000000000
142706  -50.261  32.613  13.766 0.0000000000
99259  -49.285  31.998  13.134 0.0000000000
100006  -49.899  32.354  10.729 0.0000000000
98575  -50.381  30.687  9.004 0.0000000000
97004  -51.615  28.866  6.774 0.0000000000
97035  -50.914  28.546  5.244 0.0000000000
97817  -52.742  29.588  5.066 0.0000000000
97833  -53.567  29.920  2.386 0.0000000000
98633  -52.177  30.182  0.556 0.0000000000
98631  -50.293  29.972  -0.639 0.0000000000
98625  -51.943  30.610  1.069 0.0000000000
142363  -51.096  30.787  3.997 0.0000000000
98606  -49.996  30.571  5.297 0.0000000000
102699  -49.747  37.315  13.239 0.0000000000
101336  -48.962  34.840  11.485 0.0000000000
101320  -48.223  34.737  12.337 0.0000000000
101360  -46.743  34.315  10.553 0.0000000000
100011  -45.609  32.531  8.982 0.0000000000
98583  -44.916  30.257  8.728 0.0000000000
100010  -44.968  32.634  9.481 0.0000000000
124188  -43.993  33.368  10.278 0.0000000000
100662  -43.259  33.423  10.469 0.0000000000
123849  -46.136  18.858  11.210 0.0000000000
123966  -47.108  18.871  9.667 0.0000000000
127454  -45.364  18.894  9.936 0.0000000000
89586  -44.489  19.326  9.440 0.0000000000
89600  -43.890  19.789  8.762 0.0000000000
91351  -41.137  21.451  11.469 0.0000000000
91366  -42.318  20.836  9.810 0.0000000000
91392  -43.394  20.982  7.809 0.0000000000
92359  -42.927  22.383  7.893 0.0000000000
135210  -43.414  23.799  7.294 0.0000000000
141418  -44.125  25.117  7.887 0.0000000000
99900  -45.211  32.544  20.800 0.0000000000
99927  -46.668  32.484  18.610 0.0000000000
99901  -47.010  32.662  20.514 0.0000000000
99916  -49.589  32.587  20.110 0.0000000000
99929  -50.586  32.471  18.399 0.0000000000
101237  -49.969  33.806  21.784 0.0000000000
100597  -51.202  33.240  19.286 0.0000000000
99957  -51.143  32.519  16.414 0.0000000000
100623  -51.006  33.274  14.643 0.0000000000
100642  -51.574  34.185  12.118 0.0000000000
101364  -52.326  35.063  9.794 0.0000000000
101388  -52.315  35.944  7.900 0.0000000000
102037  -52.594  36.650  10.834 0.0000000000
103411  -52.067  37.974  12.238 0.0000000000
104127  -51.303  38.910  12.989 0.0000000000
102679  -47.196  37.097  15.962 0.0000000000
104124  -49.719  39.653  14.379 0.0000000000
104860  -49.931  39.621  13.542 0.0000000000
105559  -49.066  40.616  12.909 0.0000000000
105569  -48.168  40.858  12.176 0.0000000000
124358  -47.087  41.078  11.308 0.0000000000
93881  -41.157  24.927  23.746 0.0000000000
93899  -41.187  24.225  21.021 0.0000000000
94612  -41.818  25.546  23.287 0.0000000000
95345  -42.485  26.361  22.719 0.0000000000
96089  -43.655  26.888  21.873 0.0000000000
139523  -39.868  27.698  18.435 0.0000000000
96873  -41.345  28.473  18.629 0.0000000000
96102  -43.254  28.012  20.336 0.0000000000
97677  -43.482  29.179  19.413 0.0000000000
99211  -43.056  31.389  19.043 0.0000000000
99204  -43.243  31.875  19.451 0.0000000000
100596  -39.769  33.575  18.718 0.0000000000
132974  -41.016  33.092  19.861 0.0000000000
99910  -41.999  32.624  20.306 0.0000000000
99899  -44.248  32.611  21.008 0.0000000000
123947  -44.730  32.629  23.030 0.0000000000
99861  -45.451  32.810  24.530 0.0000000000
100548  -45.597  34.041  25.270 0.0000000000
91381  -52.046  21.125  9.983 0.0000000000
148860  -49.240  20.091  11.266 0.0000000000
137331  -51.211  21.931  14.986 0.0000000000
91337  -51.856  22.072  13.141 0.0000000000
91346  -50.695  21.429  13.032 0.0000000000
90412  -49.419  20.549  12.407 0.0000000000
89558  -47.547  19.485  12.009 0.0000000000
89547  -45.985  19.203  12.666 0.0000000000
89513  -43.425  19.137  14.058 0.0000000000
89511  -41.621  19.274  14.223 0.0000000000
88643  -42.310  18.404  16.334 0.0000000000
88655  -40.620  18.680  15.576 0.0000000000
89497  -39.239  19.381  15.111 0.0000000000
90367  -37.610  20.432  16.051 0.0000000000
89348  -41.480  20.215  28.763 0.0000000000
88453  -38.371  19.906  28.664 0.0000000000
89368  -40.049  19.460  27.874 0.0000000000
89384  -42.577  19.291  26.143 0.0000000000
88503  -42.192  18.734  25.435 0.0000000000
88535  -42.657  18.248  23.538 0.0000000000
87640  -42.292  17.813  22.018 0.0000000000
87639  -40.690  17.460  22.203 0.0000000000
87655  -38.659  17.542  21.487 0.0000000000
88574  -37.333  18.415  20.982 0.0000000000
93114  -39.541  23.488  22.381 0.0000000000
94609  -39.260  25.512  23.590 0.0000000000
131676  -38.354  25.609  21.069 0.0000000000
94649  -37.346  26.122  18.997 0.0000000000
95386  -36.289  26.564  17.555 0.0000000000
94094  -54.527  24.330  -0.261 0.0000000000
93364  -53.784  24.022  -1.102 0.0000000000
92462  -52.546  23.241  -1.891 0.0000000000
89617  -48.174  19.402  7.800 0.0000000000
89630  -49.202  20.114  6.432 0.0000000000
90498  -47.872  20.193  4.804 0.0000000000
90527  -49.256  20.662  3.974 0.0000000000
91473  -50.828  21.893  2.789 0.0000000000
92433  -51.584  22.768  0.706 0.0000000000
137718  -51.825  23.137  -0.820 0.0000000000
92473  -52.088  22.822  -2.183 0.0000000000
90577  -51.345  21.608  -1.992 0.0000000000
90586  -49.810  21.260  -2.799 0.0000000000
90585  -49.214  21.158  -3.414 0.0000000000
91511  -47.959  21.779  -1.097 0.0000000000
92470  -48.431  22.193  -3.588 0.0000000000
90591  -48.149  21.416  -4.209 0.0000000000
91533  -47.159  21.939  -3.856 0.0000000000
92468  -46.656  22.496  -3.714 0.0000000000
92479  -46.245  23.149  -3.361 0.0000000000
93167  -40.460  24.037  18.177 0.0000000000
93953  -40.727  24.809  16.527 0.0000000000
94690  -40.547  25.937  14.244 0.0000000000
95396  -43.110  26.153  16.382 0.0000000000
95413  -41.363  26.563  14.270 0.0000000000
95422  -41.123  26.318  12.761 0.0000000000
95437  -42.891  26.246  10.997 0.0000000000
95442  -44.095  25.913  9.848 0.0000000000
146585  -45.287  26.047  7.985 0.0000000000
98492  -46.552  30.917  16.678 0.0000000000
97725  -48.085  28.826  15.998 0.0000000000
97734  -46.307  29.117  13.721 0.0000000000
98537  -47.999  30.997  12.389 0.0000000000
97742  -47.221  29.680  11.458 0.0000000000
96937  -46.141  28.631  11.533 0.0000000000
96176  -46.276  27.213  10.116 0.0000000000
95459  -46.539  26.529  7.762 0.0000000000
95467  -45.740  26.159  6.415 0.0000000000
140119  -46.590  26.488  5.025 0.0000000000
95514  -46.713  26.506  0.979 0.0000000000
96262  -49.404  27.902  3.578 0.0000000000
128110  -48.269  27.353  1.470 0.0000000000
95523  -47.103  26.792  -0.396 0.0000000000
125539  -47.547  27.048  -2.967 0.0000000000
94802  -46.933  25.817  -4.648 0.0000000000
97089  -47.982  29.328  -0.098 0.0000000000
101395  -51.460  35.543  7.011 0.0000000000
99314  -50.556  32.449  5.891 0.0000000000
98601  -49.465  30.933  6.140 0.0000000000
100683  -48.329  34.102  7.612 0.0000000000
99307  -48.272  31.971  7.053 0.0000000000
97814  -47.728  29.252  5.795 0.0000000000
97043  -45.782  28.211  4.842 0.0000000000
129403  -43.775  27.576  3.991 0.0000000000
96257  -42.139  27.665  3.625 0.0000000000
97789  -43.821  29.120  8.856 0.0000000000
96996  -42.010  27.954  8.034 0.0000000000
124970  -46.055  41.286  10.024 0.0000000000
104171  -46.224  39.442  10.270 0.0000000000
103414  -44.403  37.398  11.764 0.0000000000
126590  -42.979  35.544  11.435 0.0000000000
101356  -42.169  34.235  10.695 0.0000000000
92260  -39.155  22.967  18.445 0.0000000000
93166  -39.845  23.445  19.088 0.0000000000
88578  -45.831  18.791  21.303 0.0000000000
88591  -45.501  18.583  20.419 0.0000000000
88577  -45.075  18.584  21.150 0.0000000000
88589  -43.960  18.319  20.809 0.0000000000
87659  -43.523  18.242  21.333 0.0000000000
92188  -32.615  22.298  22.677 0.0000000000
89576  -49.094  19.689  10.283 0.0000000000
90446  -49.810  19.899  8.967 0.0000000000
89590  -48.958  19.536  9.443 0.0000000000
94031  -44.087  24.640  6.176 0.0000000000
93298  -44.058  23.895  5.478 0.0000000000
94041  -44.377  24.815  5.359 0.0000000000
94754  -44.746  25.149  4.703 0.0000000000
94747  -44.780  25.346  5.355 0.0000000000
98484  -45.134  31.105  17.818 0.0000000000
99213  -45.013  31.558  18.461 0.0000000000
100022  -51.493  32.600  8.254 0.0000000000
100031  -52.149  33.316  7.326 0.0000000000
99315  -53.166  31.973  5.921 0.0000000000
100042  -52.699  32.849  6.139 0.0000000000
100047  -52.944  32.464  5.401 0.0000000000
100693  -52.221  33.569  6.585 0.0000000000
103408  -46.866  37.620  12.647 0.0000000000
104153  -46.508  38.304  11.893 0.0000000000
135506  -45.896  37.217  12.472 0.0000000000
89530  -41.155  19.760  13.532 0.0000000000
90396  -40.433  20.408  13.201 0.0000000000
93974  -40.075  24.520  12.250 0.0000000000
93221  -40.215  23.852  11.849 0.0000000000
93980  -40.645  24.514  11.604 0.0000000000
93981  -41.342  24.426  10.945 0.0000000000
94705  -41.219  25.290  11.497 0.0000000000
100551  -47.558  32.998  25.168 0.0000000000
99865  -48.696  32.867  23.867 0.0000000000
100563  -48.680  33.164  23.958 0.0000000000
101955  -48.388  35.342  18.345 0.0000000000
101971  -49.345  35.608  17.350 0.0000000000
147516  -49.794  35.624  16.862 0.0000000000
101988  -49.464  36.315  16.617 0.0000000000
101987  -48.748  36.298  16.970 0.0000000000
130220  -42.721  36.732  14.872 0.0000000000
103384  -44.544  37.504  14.399 0.0000000000
103383  -43.634  37.289  14.406 0.0000000000
103399  -44.385  38.099  13.804 0.0000000000
103398  -43.207  37.980  13.659 0.0000000000
88792  -48.559  18.860  -1.075 0.0000000000
88797  -48.058  18.922  -1.746 0.0000000000
89705  -47.700  19.315  -2.067 0.0000000000
95373  -37.969  26.748  18.580 0.0000000000
95359  -39.104  26.359  19.907 0.0000000000
96109  -38.078  27.317  17.966 0.0000000000
99217  -39.549  31.415  17.538 0.0000000000
98489  -39.800  30.517  17.508 0.0000000000
99936  -40.022  32.123  18.107 0.0000000000
99924  -40.890  31.822  18.509 0.0000000000
101917  -41.955  35.275  22.317 0.0000000000
147246  -53.624  22.752  12.180 0.0000000000
92314  -53.355  22.199  11.585 0.0000000000
92306  -52.974  22.289  12.346 0.0000000000
143125  -47.621  19.672  14.991 0.0000000000
88661  -45.842  18.762  15.605 0.0000000000
88660  -45.156  18.705  15.314 0.0000000000
88646  -45.071  18.555  16.136 0.0000000000
88600  -37.996  18.089  19.052 0.0000000000
87691  -38.823  17.967  18.024 0.0000000000
88610  -37.480  18.633  18.771 0.0000000000
89462  -36.977  19.203  19.094 0.0000000000
89461  -36.798  19.595  19.784 0.0000000000
88484  -37.060  18.576  27.817 0.0000000000
135593  -37.447  20.200  27.489 0.0000000000
88500  -37.609  19.544  25.848 0.0000000000
89382  -36.893  20.035  25.742 0.0000000000
88515  -37.608  18.888  24.587 0.0000000000
89394  -37.071  19.506  24.922 0.0000000000
128015  -37.071  25.085  24.696 0.0000000000
93880  -37.154  24.986  23.272 0.0000000000
92418  -52.231  22.810  2.496 0.0000000000
89615  -45.526  19.754  7.250 0.0000000000
89626  -46.136  19.743  6.731 0.0000000000
90483  -45.500  20.059  6.592 0.0000000000
90553  -47.775  20.813  1.735 0.0000000000
91470  -48.860  20.881  1.719 0.0000000000
141271  -49.184  21.220  0.698 0.0000000000
91500  -48.898  21.298  -0.239 0.0000000000
147643  -46.200  24.469  0.083 0.0000000000
142567  -46.340  24.642  -0.884 0.0000000000
94791  -46.519  25.735  -1.797 0.0000000000
94651  -43.032  25.544  18.995 0.0000000000
94635  -43.677  25.906  19.803 0.0000000000
96919  -44.933  28.284  14.033 0.0000000000
96156  -44.205  28.130  13.793 0.0000000000
96927  -44.781  28.418  13.313 0.0000000000
96160  -44.207  27.786  12.112 0.0000000000
96931  -44.751  28.283  12.512 0.0000000000
99232  -50.206  31.304  16.390 0.0000000000
98509  -49.683  30.438  15.959 0.0000000000
138149  -49.943  31.122  15.449 0.0000000000
96984  -50.517  28.524  7.990 0.0000000000
96967  -49.342  28.534  8.993 0.0000000000
97002  -49.929  28.037  7.583 0.0000000000
96209  -49.312  27.656  7.864 0.0000000000
126667  -49.180  27.619  7.092 0.0000000000
96222  -49.287  27.719  6.116 0.0000000000
142135  -50.042  28.161  5.766 0.0000000000
97105  -51.244  29.498  -0.536 0.0000000000
97090  -51.026  28.914  -0.771 0.0000000000
97104  -50.137  28.939  -1.315 0.0000000000
96287  -49.110  28.682  -2.510 0.0000000000
96288  -49.407  28.793  -1.657 0.0000000000
97103  -48.809  29.112  -2.040 0.0000000000
128544  -48.243  29.383  3.605 0.0000000000
97060  -47.409  28.981  3.144 0.0000000000
97045  -47.389  28.834  4.254 0.0000000000
102035  -51.257  36.491  11.209 0.0000000000
102044  -51.076  36.136  10.290 0.0000000000
101337  -50.160  35.551  11.587 0.0000000000
99296  -46.245  31.673  8.217 0.0000000000
99305  -46.871  31.447  7.687 0.0000000000
98592  -45.922  30.042  7.790 0.0000000000
97001  -45.840  28.846  7.040 0.0000000000
97798  -45.587  29.247  7.569 0.0000000000
96999  -44.398  28.474  7.431 0.0000000000
97797  -44.889  28.973  7.888 0.0000000000
99278  -42.163  31.280  10.515 0.0000000000
142070  -42.338  30.487  10.390 0.0000000000
91325  -38.100  21.678  14.538 0.0000000000
92277  -37.688  21.771  15.710 0.0000000000
127980  -39.300  23.659  16.652 0.0000000000
93197  -38.505  23.249  15.572 0.0000000000
93963  -38.855  23.977  14.094 0.0000000000
93959  -39.557  24.447  15.506 0.0000000000
123908  -46.075  34.600  22.600 0.0000000000
101218  -45.074  34.871  22.029 0.0000000000
101255  -44.672  34.568  19.721 0.0000000000
126290  -45.413  34.517  20.422 0.0000000000
101256  -45.516  34.475  19.493 0.0000000000
101272  -45.828  34.584  18.690 0.0000000000
101288  -45.256  34.755  17.912 0.0000000000
101968  -45.689  35.268  17.303 0.0000000000
101287  -44.278  34.902  17.913 0.0000000000
102652  -42.047  36.012  17.194 0.0000000000
101981  -42.746  35.653  16.931 0.0000000000
102676  -42.384  36.322  15.668 0.0000000000
89690  -50.566  19.857  -0.599 0.0000000000
96901  -36.641  28.912  16.391 0.0000000000
97704  -36.750  29.803  16.192 0.0000000000
88614  -46.217  18.578  18.621 0.0000000000
88613  -45.294  18.471  18.552 0.0000000000
123754  -44.912  18.465  17.779 0.0000000000
88612  -44.394  18.420  18.557 0.0000000000
87668  -41.650  17.577  20.301 0.0000000000
87685  -42.784  17.936  19.219 0.0000000000
87676  -41.434  17.542  19.515 0.0000000000
125925  -40.591  17.462  19.306 0.0000000000
123761  -39.977  17.354  19.999 0.0000000000
93085  -34.242  23.304  24.197 0.0000000000
140742  -34.766  23.592  23.645 0.0000000000
93097  -34.879  23.559  22.648 0.0000000000
144485  -33.554  22.927  20.403 0.0000000000
93140  -32.905  23.238  19.158 0.0000000000
91413  -44.424  21.490  5.855 0.0000000000
136140  -44.479  22.062  5.326 0.0000000000
92400  -45.088  22.943  3.582 0.0000000000
92388  -44.988  22.311  4.105 0.0000000000
92389  -45.438  22.190  3.450 0.0000000000
91468  -46.391  21.475  2.396 0.0000000000
91467  -45.773  22.132  2.705 0.0000000000
92416  -46.068  22.237  1.969 0.0000000000
92415  -45.715  22.713  2.311 0.0000000000
130125  -45.244  24.922  2.951 0.0000000000
94072  -45.339  24.234  2.577 0.0000000000
125671  -45.514  24.981  2.121 0.0000000000
94776  -45.791  25.071  1.186 0.0000000000
94770  -45.750  25.641  2.602 0.0000000000
96875  -44.328  28.433  19.617 0.0000000000
96113  -44.567  27.726  19.082 0.0000000000
96889  -44.630  28.475  18.592 0.0000000000
130342  -46.133  28.364  16.594 0.0000000000
96136  -46.046  27.511  16.539 0.0000000000
96153  -46.374  27.509  15.763 0.0000000000
96916  -47.018  27.854  16.014 0.0000000000
99983  -50.368  32.926  12.977 0.0000000000
99985  -49.788  32.513  12.522 0.0000000000
99988  -50.282  32.926  11.159 0.0000000000
99298  -51.461  31.457  8.122 0.0000000000
99297  -50.906  31.523  8.718 0.0000000000
98586  -51.113  30.451  8.364 0.0000000000
97793  -50.909  29.327  8.232 0.0000000000
97801  -52.143  29.556  7.054 0.0000000000
97021  -51.759  28.941  5.767 0.0000000000
97809  -52.477  29.512  6.178 0.0000000000
146390  -54.320  30.894  3.994 0.0000000000
97834  -54.030  30.507  2.529 0.0000000000
97841  -53.616  30.076  1.668 0.0000000000
98627  -53.587  30.576  1.876 0.0000000000
98626  -52.896  30.694  1.324 0.0000000000
98619  -53.450  31.321  2.500 0.0000000000
98607  -52.219  31.856  4.598 0.0000000000
98612  -52.551  31.486  3.374 0.0000000000
143645  -50.952  31.251  5.110 0.0000000000
103402  -49.274  37.857  13.317 0.0000000000
102022  -48.673  35.286  12.967 0.0000000000
102011  -48.135  35.745  13.331 0.0000000000
102020  -46.746  34.967  12.779 0.0000000000
101319  -47.184  34.561  12.165 0.0000000000
101334  -46.492  34.437  11.430 0.0000000000
100675  -46.358  33.849  9.192 0.0000000000
100664  -45.686  33.895  9.910 0.0000000000
100674  -45.612  33.302  9.369 0.0000000000
101359  -45.198  34.198  10.604 0.0000000000
101316  -44.790  35.171  12.037 0.0000000000
140018  -44.364  34.040  10.544 0.0000000000
101358  -43.862  34.439  10.998 0.0000000000
143866  -43.703  33.898  10.573 0.0000000000
89556  -45.000  19.052  11.688 0.0000000000
89572  -45.331  18.882  10.927 0.0000000000
89555  -44.450  19.127  11.220 0.0000000000
89569  -43.027  19.664  11.038 0.0000000000
137555  -43.781  19.337  10.759 0.0000000000
89570  -43.291  19.660  10.252 0.0000000000
89585  -43.612  19.685  9.529 0.0000000000
90445  -42.946  20.140  9.679 0.0000000000
91334  -39.207  21.789  13.090 0.0000000000
91344  -39.941  21.738  12.528 0.0000000000
91345  -40.610  21.616  11.975 0.0000000000
92333  -41.688  22.192  9.875 0.0000000000
92321  -41.338  22.132  10.687 0.0000000000
91379  -42.038  21.606  9.575 0.0000000000
91380  -42.492  21.396  8.964 0.0000000000
91391  -42.882  21.575  8.187 0.0000000000
91402  -43.190  21.775  7.646 0.0000000000
92347  -42.540  22.286  8.520 0.0000000000
93991  -42.700  24.324  9.408 0.0000000000
94006  -42.717  23.768  8.816 0.0000000000
94007  -43.118  24.384  8.830 0.0000000000
94019  -43.688  24.520  7.610 0.0000000000
94722  -43.660  24.856  8.501 0.0000000000
99886  -46.072  32.569  21.790 0.0000000000
125926  -46.151  32.598  20.627 0.0000000000
123978  -47.118  32.572  21.609 0.0000000000
126261  -50.179  32.612  21.908 0.0000000000
99903  -49.481  32.550  21.218 0.0000000000
127744  -49.818  32.540  19.001 0.0000000000
99917  -50.642  32.679  19.932 0.0000000000
101235  -48.095  34.437  21.677 0.0000000000
101236  -49.224  34.052  22.254 0.0000000000
143871  -48.971  34.476  21.042 0.0000000000
147502  -50.990  34.091  18.159 0.0000000000
101261  -50.890  33.925  19.818 0.0000000000
134466  -51.259  33.402  18.374 0.0000000000
100607  -51.340  33.013  17.814 0.0000000000
100619  -51.233  33.171  17.007 0.0000000000
100621  -51.112  33.225  15.440 0.0000000000
126905  -51.123  33.541  16.058 0.0000000000
101306  -51.528  34.863  13.995 0.0000000000
101322  -52.140  34.971  12.327 0.0000000000
101338  -52.126  34.830  11.466 0.0000000000
101323  -52.502  35.753  11.533 0.0000000000
101339  -52.556  35.744  10.563 0.0000000000
148163  -52.467  35.777  12.066 0.0000000000
103387  -50.825  38.125  14.461 0.0000000000
102701  -52.033  38.025  12.682 0.0000000000
103388  -51.556  38.267  13.361 0.0000000000
103405  -51.817  38.367  12.739 0.0000000000
104126  -50.987  38.795  13.937 0.0000000000
102661  -45.727  36.083  16.250 0.0000000000
102662  -46.539  36.431  16.268 0.0000000000
145881  -46.447  36.925  15.701 0.0000000000
103386  -46.498  38.015  14.772 0.0000000000
104106  -47.421  38.321  15.033 0.0000000000
104123  -48.953  39.470  14.631 0.0000000000
104858  -49.289  40.194  13.860 0.0000000000
104873  -49.394  40.250  13.257 0.0000000000
104871  -48.825  40.561  13.218 0.0000000000
104870  -45.548  39.436  12.974 0.0000000000
104885  -47.379  40.356  12.727 0.0000000000
104884  -46.504  40.450  12.221 0.0000000000
105580  -47.932  40.958  11.885 0.0000000000
127614  -45.239  40.040  12.202 0.0000000000
89704  -47.240  19.793  -2.016 0.0000000000
91510  -46.310  21.146  -1.453 0.0000000000
94611  -40.913  25.617  23.601 0.0000000000
93882  -41.749  25.093  23.340 0.0000000000
94618  -40.799  26.110  22.826 0.0000000000
95352  -40.958  26.648  21.128 0.0000000000
95344  -41.459  26.422  22.363 0.0000000000
95353  -42.031  26.816  21.804 0.0000000000
96088  -43.015  26.917  22.118 0.0000000000
96094  -42.496  27.259  21.308 0.0000000000
96886  -38.628  28.723  17.298 0.0000000000
96124  -39.272  27.794  18.104 0.0000000000
136104  -39.247  29.064  17.421 0.0000000000
97681  -40.811  29.203  18.086 0.0000000000
96872  -40.504  28.577  18.164 0.0000000000
96101  -42.262  28.166  19.450 0.0000000000
96874  -42.404  28.883  18.980 0.0000000000
96867  -43.907  28.389  20.088 0.0000000000
97683  -42.656  29.742  18.828 0.0000000000
99209  -41.739  31.478  18.693 0.0000000000
98481  -42.779  30.677  18.805 0.0000000000
145513  -43.705  31.472  19.301 0.0000000000
135403  -42.662  32.303  19.792 0.0000000000
101944  -39.287  35.828  19.685 0.0000000000
127900  -39.341  34.297  18.802 0.0000000000
101269  -39.909  34.131  19.205 0.0000000000
100590  -40.432  33.501  19.366 0.0000000000
101253  -40.291  34.413  19.802 0.0000000000
100579  -41.847  33.697  21.483 0.0000000000
100585  -41.538  33.510  20.936 0.0000000000
99897  -42.020  32.963  21.168 0.0000000000
128170  -42.669  32.622  20.756 0.0000000000
99883  -42.788  32.871  21.644 0.0000000000
99885  -44.002  32.732  22.082 0.0000000000
99884  -43.212  33.073  22.416 0.0000000000
101205  -43.407  34.255  23.594 0.0000000000
100572  -43.824  33.285  23.500 0.0000000000
100560  -44.149  33.943  24.347 0.0000000000
100549  -46.059  33.218  25.232 0.0000000000
101207  -44.890  34.441  25.030 0.0000000000
92322  -54.013  22.206  9.905 0.0000000000
139988  -52.044  21.339  10.920 0.0000000000
91367  -52.589  21.470  10.285 0.0000000000
90435  -51.365  20.874  10.456 0.0000000000
125486  -50.163  20.392  10.769 0.0000000000
90421  -50.459  20.738  11.437 0.0000000000
91318  -50.017  21.172  14.962 0.0000000000
91319  -50.654  21.494  15.396 0.0000000000
91327  -50.622  21.564  14.564 0.0000000000
91328  -51.233  21.957  14.186 0.0000000000
91335  -50.638  21.552  13.789 0.0000000000
90399  -50.062  21.184  13.414 0.0000000000
89537  -47.889  19.907  13.825 0.0000000000
124301  -48.980  20.536  13.175 0.0000000000
89549  -47.693  19.786  13.024 0.0000000000
90411  -48.477  20.081  12.497 0.0000000000
89548  -46.841  19.457  12.797 0.0000000000
89535  -46.272  19.371  13.494 0.0000000000
88671  -43.935  18.820  14.743 0.0000000000
89514  -44.313  19.070  14.040 0.0000000000
89512  -42.520  19.202  14.157 0.0000000000
88669  -42.097  18.885  14.884 0.0000000000
87694  -42.425  18.121  17.649 0.0000000000
123753  -42.834  18.336  16.990 0.0000000000
88628  -41.984  18.159  17.007 0.0000000000
88640  -39.528  18.498  16.385 0.0000000000
143198  -40.199  18.470  16.119 0.0000000000
88654  -39.776  18.819  15.641 0.0000000000
88653  -38.953  18.951  15.896 0.0000000000
89496  -38.483  19.568  15.549 0.0000000000
89486  -37.650  19.740  16.680 0.0000000000
88537  -44.247  18.691  23.254 0.0000000000
87544  -40.201  19.516  28.562 0.0000000000
88456  -40.656  19.995  29.012 0.0000000000
126921  -41.147  20.033  29.195 0.0000000000
89347  -40.690  19.958  28.870 0.0000000000
88465  -36.857  19.555  28.936 0.0000000000
89344  -37.045  20.292  29.195 0.0000000000
88485  -39.082  19.363  26.988 0.0000000000
89366  -38.921  19.581  28.007 0.0000000000
88487  -40.338  19.093  26.770 0.0000000000
89369  -41.026  19.571  27.591 0.0000000000
88488  -41.033  18.947  26.351 0.0000000000
88502  -41.422  18.584  25.436 0.0000000000
87604  -40.272  17.838  24.030 0.0000000000
88534  -41.875  18.017  23.779 0.0000000000
148442  -41.407  17.744  23.267 0.0000000000
87622  -42.072  17.817  22.888 0.0000000000
87621  -41.344  17.613  22.632 0.0000000000
124460  -41.476  17.573  21.969 0.0000000000
87617  -37.479  18.444  22.747 0.0000000000
87638  -38.850  17.539  22.321 0.0000000000
87637  -38.047  17.813  22.100 0.0000000000
87654  -37.918  17.875  21.241 0.0000000000
88551  -36.892  19.042  22.205 0.0000000000
93078  -38.981  24.470  24.639 0.0000000000
92191  -38.371  23.023  23.168 0.0000000000
93099  -39.125  23.527  23.320 0.0000000000
93100  -39.822  24.084  23.543 0.0000000000
93873  -40.220  24.760  24.054 0.0000000000
94605  -39.767  25.097  24.332 0.0000000000
93898  -37.288  25.092  21.223 0.0000000000
141929  -38.381  25.490  22.580 0.0000000000
93887  -35.990  24.312  21.337 0.0000000000
94660  -35.756  25.834  17.892 0.0000000000
94648  -36.514  25.982  18.438 0.0000000000
141671  -35.547  26.272  17.323 0.0000000000
96132  -35.557  27.637  16.476 0.0000000000
93354  -55.196  24.418  0.456 0.0000000000
94085  -55.003  24.425  0.365 0.0000000000
146536  -53.190  24.040  -0.241 0.0000000000
94093  -54.111  24.364  -0.694 0.0000000000
93352  -53.609  24.107  -0.993 0.0000000000
92463  -53.305  23.433  -1.381 0.0000000000
93363  -52.975  23.573  -1.594 0.0000000000
123965  -47.008  18.939  8.995 0.0000000000
89604  -48.465  19.385  8.619 0.0000000000
124994  -47.622  19.163  8.475 0.0000000000
89629  -48.419  19.787  6.261 0.0000000000
90508  -45.834  20.767  4.674 0.0000000000
123189  -46.861  20.449  4.542 0.0000000000
90509  -47.744  20.414  4.000 0.0000000000
145570  -49.306  20.784  3.321 0.0000000000
129684  -49.618  21.083  2.960 0.0000000000
91451  -49.888  21.119  3.637 0.0000000000
92432  -51.042  22.229  1.699 0.0000000000
92460  -51.237  22.543  -1.211 0.0000000000
92461  -51.840  23.078  -2.014 0.0000000000
92472  -51.897  22.887  -2.172 0.0000000000
91527  -51.485  22.306  -2.079 0.0000000000
91526  -50.504  21.663  -2.140 0.0000000000
91525  -49.422  21.340  -2.959 0.0000000000
92446  -47.348  22.074  -0.240 0.0000000000
92469  -47.914  22.695  -3.215 0.0000000000
91542  -48.337  21.719  -4.172 0.0000000000
91541  -48.037  22.008  -4.369 0.0000000000
91534  -47.775  21.524  -4.132 0.0000000000
92489  -47.882  22.554  -4.225 0.0000000000
93375  -47.139  23.825  -4.357 0.0000000000
92480  -46.961  23.314  -4.487 0.0000000000
93374  -46.761  23.956  -4.469 0.0000000000
126612  -40.565  23.992  19.069 0.0000000000
93909  -41.298  24.390  19.841 0.0000000000
94661  -42.106  25.221  17.597 0.0000000000
93941  -41.326  24.795  17.405 0.0000000000
94672  -40.903  25.356  15.772 0.0000000000
94684  -40.344  25.416  14.949 0.0000000000
94691  -41.065  25.932  15.039 0.0000000000
95387  -44.398  26.427  17.577 0.0000000000
94675  -43.331  25.855  17.137 0.0000000000
95397  -44.055  26.185  16.819 0.0000000000
96149  -42.750  27.483  13.950 0.0000000000
95414  -42.269  26.916  14.603 0.0000000000
141117  -41.969  27.123  13.894 0.0000000000
95419  -41.530  26.798  13.372 0.0000000000
95423  -41.868  26.800  12.507 0.0000000000
123412  -42.143  25.813  11.211 0.0000000000
95429  -42.338  26.549  11.699 0.0000000000
96174  -44.697  26.842  10.568 0.0000000000
95439  -44.126  26.438  10.409 0.0000000000
94713  -44.721  25.962  9.223 0.0000000000
94714  -45.410  26.215  8.950 0.0000000000
126035  -47.011  32.364  17.656 0.0000000000
99220  -46.483  31.724  17.156 0.0000000000
99221  -47.510  32.035  16.988 0.0000000000
97730  -48.712  29.689  15.513 0.0000000000
97710  -48.632  29.384  16.055 0.0000000000
97729  -48.066  29.044  15.483 0.0000000000
97728  -47.160  28.823  14.718 0.0000000000
97735  -46.990  29.702  13.672 0.0000000000
99262  -48.667  31.460  11.631 0.0000000000
99258  -48.617  31.517  12.758 0.0000000000
98559  -48.613  30.872  10.871 0.0000000000
96946  -48.080  28.749  9.901 0.0000000000
97743  -47.996  30.156  10.974 0.0000000000
97755  -47.600  29.290  10.632 0.0000000000
97741  -46.503  29.325  11.919 0.0000000000
96938  -46.831  28.945  11.076 0.0000000000
123622  -46.435  28.056  10.681 0.0000000000
96177  -47.052  27.586  9.928 0.0000000000
96207  -47.902  27.172  7.527 0.0000000000
95460  -47.367  26.844  8.062 0.0000000000
95469  -47.212  26.763  7.243 0.0000000000
95468  -46.436  26.482  6.901 0.0000000000
139844  -46.425  26.463  6.180 0.0000000000
95477  -46.005  26.238  5.531 0.0000000000
95478  -46.856  26.626  5.643 0.0000000000
95496  -47.518  26.988  4.095 0.0000000000
129906  -47.769  27.123  3.038 0.0000000000
97047  -51.004  28.621  3.899 0.0000000000
97046  -50.012  28.200  4.017 0.0000000000
97061  -50.396  28.384  2.980 0.0000000000
96281  -49.420  28.021  -0.498 0.0000000000
96273  -49.405  27.898  1.138 0.0000000000
96280  -48.499  27.509  -0.223 0.0000000000
95515  -47.642  27.063  -0.034 0.0000000000
129890  -47.686  27.253  -1.812 0.0000000000
95541  -47.309  27.087  -4.279 0.0000000000
131267  -47.102  26.454  -4.486 0.0000000000
94807  -46.943  26.239  -4.630 0.0000000000
94801  -46.459  25.617  -4.524 0.0000000000
94800  -45.468  26.105  -3.908 0.0000000000
97839  -49.939  30.188  0.940 0.0000000000
97844  -49.549  29.707  -0.701 0.0000000000
97837  -48.494  29.549  0.458 0.0000000000
97087  -45.270  28.500  1.025 0.0000000000
125253  -46.222  28.717  0.512 0.0000000000
101389  -52.242  36.506  8.674 0.0000000000
101396  -51.993  35.381  7.294 0.0000000000
102082  -51.790  36.003  7.486 0.0000000000
101394  -50.185  35.064  6.959 0.0000000000
148797  -50.217  33.740  6.289 0.0000000000
142303  -49.928  32.908  6.277 0.0000000000
99313  -49.669  31.907  6.268 0.0000000000
149010  -48.286  34.515  9.963 0.0000000000
101362  -49.105  34.827  9.532 0.0000000000
101385  -48.073  34.308  8.310 0.0000000000
98594  -47.333  30.756  7.251 0.0000000000
98599  -47.764  30.209  6.755 0.0000000000
98600  -48.599  30.403  6.395 0.0000000000
97034  -47.212  28.770  5.264 0.0000000000
97018  -47.047  28.887  6.112 0.0000000000
97031  -44.852  28.066  5.843 0.0000000000
126560  -43.668  27.551  4.765 0.0000000000
96243  -42.979  27.514  4.231 0.0000000000
96242  -42.266  27.517  4.628 0.0000000000
96217  -42.378  27.579  6.487 0.0000000000
131638  -41.791  27.523  5.924 0.0000000000
96216  -41.449  27.592  6.669 0.0000000000
98572  -44.516  30.939  9.356 0.0000000000
97777  -44.221  29.898  9.205 0.0000000000
96963  -42.173  28.753  9.336 0.0000000000
96979  -41.662  28.308  8.782 0.0000000000
124051  -40.365  27.982  8.029 0.0000000000
104901  -45.839  39.596  9.490 0.0000000000
127394  -45.557  38.705  10.969 0.0000000000
125315  -44.284  38.549  10.619 0.0000000000
104158  -42.976  37.630  11.175 0.0000000000
101330  -42.554  34.911  11.049 0.0000000000
92259  -38.489  22.527  17.891 0.0000000000
92268  -38.309  22.589  16.924 0.0000000000
93179  -39.058  23.198  17.401 0.0000000000
93180  -39.835  23.824  17.344 0.0000000000
101243  -43.940  35.427  21.380 0.0000000000
101254  -43.992  34.791  19.934 0.0000000000
101286  -43.696  35.052  18.201 0.0000000000
101952  -42.431  35.745  18.497 0.0000000000
102651  -41.959  36.075  18.038 0.0000000000
144463  -41.167  37.260  17.850 0.0000000000
90568  -50.987  20.740  -1.579 0.0000000000
140977  -35.510  30.646  15.701 0.0000000000
97724  -36.103  30.254  15.852 0.0000000000
128345  -46.236  18.698  19.996 0.0000000000
88602  -44.817  18.430  19.816 0.0000000000
143225  -44.334  18.384  19.323 0.0000000000
88601  -43.966  18.300  20.019 0.0000000000
87669  -42.489  17.805  20.495 0.0000000000
92200  -33.197  22.555  21.916 0.0000000000
90463  -51.278  20.633  8.722 0.0000000000
90462  -50.466  20.310  8.418 0.0000000000
90461  -49.713  19.927  8.105 0.0000000000
92379  -43.728  23.150  6.150 0.0000000000
143715  -44.214  22.876  5.382 0.0000000000
93307  -44.448  23.403  4.698 0.0000000000
93318  -44.732  23.771  3.848 0.0000000000
93319  -45.215  23.580  3.080 0.0000000000
94060  -44.867  24.820  3.811 0.0000000000
134984  -44.539  30.089  18.491 0.0000000000
97692  -44.781  29.309  17.948 0.0000000000
98490  -45.051  30.291  17.629 0.0000000000
130618  -45.613  30.072  16.911 0.0000000000
100666  -51.090  33.524  10.180 0.0000000000
100007  -50.548  32.999  10.427 0.0000000000
100013  -50.925  33.144  9.628 0.0000000000
148550  -52.364  31.219  7.160 0.0000000000
97802  -52.826  30.281  6.383 0.0000000000
98596  -52.828  31.104  6.500 0.0000000000
98608  -53.956  31.109  4.749 0.0000000000
98609  -54.207  31.361  3.933 0.0000000000
99329  -53.910  31.631  3.105 0.0000000000
99321  -53.585  31.814  4.421 0.0000000000
99320  -52.984  32.358  4.885 0.0000000000
100046  -52.494  32.918  5.681 0.0000000000
103409  -47.808  37.871  12.897 0.0000000000
102697  -47.694  36.268  13.403 0.0000000000
103400  -47.287  36.872  13.258 0.0000000000
102696  -46.950  36.115  13.335 0.0000000000
143517  -46.049  34.993  12.559 0.0000000000
101333  -45.703  34.497  11.457 0.0000000000
102019  -45.505  35.354  12.485 0.0000000000
124160  -44.798  35.845  12.414 0.0000000000
89544  -43.257  19.524  12.554 0.0000000000
89554  -43.637  19.411  11.703 0.0000000000
89543  -42.550  19.737  12.573 0.0000000000
90409  -41.947  20.205  12.121 0.0000000000
90410  -42.321  20.213  11.270 0.0000000000
93212  -39.245  23.451  12.871 0.0000000000
92305  -40.202  22.439  12.059 0.0000000000
136346  -40.457  23.093  11.593 0.0000000000
92320  -41.054  22.951  10.970 0.0000000000
93238  -41.498  22.862  10.276 0.0000000000
93250  -42.354  23.019  8.931 0.0000000000
142287  -41.770  23.446  9.985 0.0000000000
141722  -42.062  24.215  10.150 0.0000000000
93986  -42.732  24.927  9.983 0.0000000000
99877  -47.092  32.357  24.006 0.0000000000
99888  -48.276  32.446  22.707 0.0000000000
99878  -48.115  32.449  23.757 0.0000000000
99879  -49.445  32.807  23.127 0.0000000000
99890  -50.097  32.858  22.543 0.0000000000
101259  -48.322  34.791  19.933 0.0000000000
129958  -49.344  34.622  20.119 0.0000000000
101275  -48.853  35.009  19.279 0.0000000000
101276  -49.517  35.074  18.662 0.0000000000
101290  -50.158  34.834  17.897 0.0000000000
101301  -50.795  34.251  16.548 0.0000000000
101989  -50.220  35.442  16.269 0.0000000000
102007  -51.418  35.935  14.218 0.0000000000
102681  -50.462  37.204  15.276 0.0000000000
103372  -50.190  38.274  15.281 0.0000000000
102677  -44.224  36.250  15.552 0.0000000000
126091  -45.079  36.663  15.329 0.0000000000
102690  -44.367  36.882  14.888 0.0000000000
103385  -45.747  37.764  14.606 0.0000000000
104121  -46.055  38.467  14.157 0.0000000000
104142  -47.103  39.587  13.549 0.0000000000
104140  -45.338  38.624  13.651 0.0000000000
148963  -44.747  38.817  13.291 0.0000000000
89697  -47.339  19.138  -1.395 0.0000000000
95350  -38.934  25.950  20.764 0.0000000000
95351  -39.905  26.401  20.645 0.0000000000
95361  -40.549  26.939  19.997 0.0000000000
98488  -39.004  30.216  17.116 0.0000000000
97690  -39.529  29.674  17.419 0.0000000000
98479  -41.080  29.985  18.083 0.0000000000
98480  -41.877  30.244  18.459 0.0000000000
141191  -41.218  30.854  18.243 0.0000000000
125430  -41.565  32.130  19.056 0.0000000000
101242  -40.693  34.810  20.540 0.0000000000
101938  -40.492  35.659  20.685 0.0000000000
101929  -41.560  34.856  21.666 0.0000000000
101231  -42.125  34.223  22.063 0.0000000000
100571  -42.924  33.738  22.679 0.0000000000
92315  -53.765  22.183  10.786 0.0000000000
91354  -51.686  21.477  11.874 0.0000000000
90374  -48.844  20.218  15.681 0.0000000000
90384  -48.772  20.360  14.877 0.0000000000
90398  -49.461  20.838  13.718 0.0000000000
89518  -48.098  19.960  14.552 0.0000000000
89517  -47.354  19.643  14.405 0.0000000000
89516  -46.480  19.370  14.367 0.0000000000
128853  -45.797  19.249  14.019 0.0000000000
89499  -45.656  18.982  14.746 0.0000000000
88672  -44.777  18.833  14.707 0.0000000000
88658  -43.569  18.630  15.490 0.0000000000
87693  -41.083  17.689  17.897 0.0000000000
139396  -41.081  18.011  17.070 0.0000000000
87692  -40.265  17.769  17.572 0.0000000000
88626  -39.354  18.121  17.289 0.0000000000
88638  -37.947  18.960  17.053 0.0000000000
133909  -37.519  19.381  17.516 0.0000000000
89478  -37.290  19.218  18.276 0.0000000000
89329  -36.255  20.803  29.347 0.0000000000
90241  -37.458  20.316  29.017 0.0000000000
89383  -38.312  19.657  27.200 0.0000000000
140686  -39.590  18.789  25.985 0.0000000000
125402  -39.154  18.426  24.957 0.0000000000
87603  -39.321  17.946  24.054 0.0000000000
125469  -39.086  17.641  23.132 0.0000000000
87602  -38.587  17.971  23.619 0.0000000000
123216  -37.884  18.317  23.650 0.0000000000
88533  -37.179  18.934  23.595 0.0000000000
93077  -38.456  24.498  25.027 0.0000000000
93866  -38.767  24.884  24.930 0.0000000000
94604  -38.828  25.240  24.475 0.0000000000
93889  -37.623  25.180  22.299 0.0000000000
93897  -36.529  24.739  20.778 0.0000000000
93333  -54.275  24.468  0.660 0.0000000000
92434  -52.349  23.424  0.454 0.0000000000
140444  -47.321  19.294  7.682 0.0000000000
89616  -46.370  19.403  7.664 0.0000000000
89628  -47.588  19.688  6.144 0.0000000000
89641  -48.134  19.924  5.514 0.0000000000
90524  -46.672  20.913  3.109 0.0000000000
90525  -47.582  20.590  3.184 0.0000000000
90542  -48.214  20.638  2.518 0.0000000000
91471  -49.732  21.263  2.174 0.0000000000
91487  -50.324  21.691  1.163 0.0000000000
147541  -49.856  21.510  0.551 0.0000000000
91502  -50.461  21.966  -0.307 0.0000000000
91514  -50.585  22.071  -1.842 0.0000000000
148172  -49.527  21.564  -1.325 0.0000000000
133437  -46.555  23.296  -0.227 0.0000000000
146587  -46.946  22.906  -0.963 0.0000000000
93369  -47.412  23.259  -2.822 0.0000000000
93376  -47.583  23.278  -4.168 0.0000000000
94106  -46.889  25.100  -4.578 0.0000000000
93901  -42.841  25.253  20.723 0.0000000000
137199  -41.721  24.693  19.236 0.0000000000
93911  -42.404  25.110  19.346 0.0000000000
94650  -42.437  25.257  18.425 0.0000000000
96144  -44.912  27.023  15.690 0.0000000000
95408  -43.809  26.670  15.800 0.0000000000
96143  -43.991  27.332  15.082 0.0000000000
96155  -43.487  27.831  13.474 0.0000000000
124144  -42.899  27.582  13.103 0.0000000000
134682  -43.041  26.772  11.478 0.0000000000
96165  -43.649  27.225  11.603 0.0000000000
96166  -44.539  27.385  11.266 0.0000000000
95440  -45.460  26.846  10.212 0.0000000000
99955  -48.623  31.996  16.961 0.0000000000
144519  -48.151  31.491  16.654 0.0000000000
99231  -49.252  31.066  16.456 0.0000000000
98524  -49.149  29.814  16.023 0.0000000000
131883  -48.676  30.529  14.552 0.0000000000
141579  -49.876  30.092  9.256 0.0000000000
145281  -48.665  30.280  10.369 0.0000000000
97779  -49.652  29.355  9.163 0.0000000000
97778  -48.863  29.069  9.516 0.0000000000
96966  -48.609  28.198  9.343 0.0000000000
96197  -48.878  27.581  8.389 0.0000000000
96208  -48.658  27.413  7.728 0.0000000000
96220  -47.772  27.137  6.729 0.0000000000
96233  -47.700  27.105  5.749 0.0000000000
96234  -48.608  27.496  5.471 0.0000000000
96247  -48.871  27.620  4.565 0.0000000000
97076  -50.970  28.527  1.481 0.0000000000
96282  -50.181  28.489  -0.758 0.0000000000
124485  -49.375  28.371  -1.678 0.0000000000
95531  -48.434  28.091  -2.949 0.0000000000
141450  -48.789  28.611  -2.847 0.0000000000
96297  -48.351  28.424  -3.294 0.0000000000
96311  -47.460  27.842  -4.071 0.0000000000
96310  -46.620  27.448  -4.003 0.0000000000
97120  -47.683  28.302  -3.608 0.0000000000
97113  -47.802  28.932  -2.739 0.0000000000
97831  -49.063  29.744  2.336 0.0000000000
97830  -48.199  29.469  2.118 0.0000000000
102045  -52.004  37.015  9.555 0.0000000000
102074  -51.582  36.208  7.838 0.0000000000
125802  -51.463  36.402  9.144 0.0000000000
101393  -49.241  34.562  7.215 0.0000000000
100681  -46.801  33.540  8.463 0.0000000000
100682  -47.516  33.805  8.036 0.0000000000
100028  -46.741  32.358  8.021 0.0000000000
97799  -47.081  29.919  7.029 0.0000000000
97017  -46.363  28.823  6.557 0.0000000000
97016  -45.537  28.461  6.377 0.0000000000
97014  -43.837  28.056  6.868 0.0000000000
96998  -43.594  28.294  7.640 0.0000000000
99285  -43.751  31.381  9.918 0.0000000000
97776  -43.403  29.586  9.468 0.0000000000
98557  -42.861  30.067  10.056 0.0000000000
96962  -41.203  28.726  9.687 0.0000000000
96961  -40.261  28.590  9.645 0.0000000000
97753  -41.106  29.575  10.386 0.0000000000
97752  -40.231  29.433  10.397 0.0000000000
89510  -38.941  20.278  14.335 0.0000000000
90395  -39.787  20.497  13.530 0.0000000000
90382  -38.453  21.023  14.265 0.0000000000
91333  -38.530  21.870  13.771 0.0000000000
149126  -38.503  22.717  13.817 0.0000000000
92278  -38.081  22.586  15.881 0.0000000000
93211  -38.750  23.342  13.585 0.0000000000
140135  -39.088  23.934  13.414 0.0000000000
93967  -39.264  24.427  13.630 0.0000000000
94693  -39.617  25.042  13.526 0.0000000000
101221  -48.229  33.850  23.569 0.0000000000
101220  -47.189  34.273  23.819 0.0000000000
101234  -47.273  34.436  22.427 0.0000000000
101245  -46.991  34.543  21.150 0.0000000000
123723  -46.170  34.497  20.678 0.0000000000
123690  -46.737  34.559  20.237 0.0000000000
101258  -47.303  34.708  19.639 0.0000000000
101273  -46.820  34.798  18.725 0.0000000000
101969  -47.674  35.671  17.573 0.0000000000
102653  -47.984  36.228  17.061 0.0000000000
129426  -46.705  35.422  17.524 0.0000000000
101985  -46.148  35.761  16.751 0.0000000000
101984  -45.163  35.617  16.557 0.0000000000
101967  -43.413  35.308  17.581 0.0000000000
101982  -43.509  35.518  16.750 0.0000000000
101998  -43.754  35.777  16.116 0.0000000000
135468  -43.243  36.191  15.556 0.0000000000
102688  -41.777  36.837  15.156 0.0000000000
89698  -48.773  19.417  -2.062 0.0000000000
96134  -37.077  27.957  16.971 0.0000000000
96122  -37.687  27.634  17.501 0.0000000000
96902  -37.335  28.682  16.725 0.0000000000
96903  -38.061  29.097  16.857 0.0000000000
97706  -38.171  29.971  16.702 0.0000000000
98502  -36.919  30.693  16.184 0.0000000000
137051  -37.416  30.125  16.402 0.0000000000
88648  -46.799  18.808  16.864 0.0000000000
88631  -45.404  18.507  17.054 0.0000000000
123751  -44.540  18.481  16.978 0.0000000000
88630  -44.085  18.444  17.715 0.0000000000
142679  -41.889  17.808  18.192 0.0000000000
143881  -43.593  18.233  19.104 0.0000000000
87684  -42.074  17.741  18.961 0.0000000000
87682  -40.394  17.565  18.441 0.0000000000
87675  -39.705  17.501  19.099 0.0000000000
87674  -38.238  17.792  19.728 0.0000000000
88483  -36.375  18.939  28.009 0.0000000000
88482  -35.539  18.900  27.286 0.0000000000
89364  -35.417  19.801  28.267 0.0000000000
89342  -35.340  20.577  28.576 0.0000000000
90239  -35.538  21.197  28.895 0.0000000000
91188  -35.973  21.543  29.271 0.0000000000
93098  -35.629  24.071  22.788 0.0000000000
128502  -36.208  24.387  22.402 0.0000000000
93113  -35.451  23.870  21.883 0.0000000000
93124  -34.335  23.418  20.411 0.0000000000
93142  -34.288  23.795  19.494 0.0000000000
90482  -44.492  20.799  6.438 0.0000000000
134201  -45.135  20.450  6.142 0.0000000000
90495  -44.833  20.947  5.645 0.0000000000
91437  -46.244  20.927  3.876 0.0000000000
91435  -44.853  21.807  4.729 0.0000000000
91436  -45.461  21.497  4.136 0.0000000000
91469  -46.950  21.144  1.840 0.0000000000
91484  -47.210  21.278  1.186 0.0000000000
91499  -47.480  21.485  0.498 0.0000000000
92431  -46.386  22.466  1.203 0.0000000000
93331  -45.572  23.443  2.268 0.0000000000
93341  -45.791  23.612  1.451 0.0000000000
93350  -46.238  23.304  0.776 0.0000000000
93349  -45.934  24.244  0.774 0.0000000000
95354  -44.470  27.042  20.532 0.0000000000
132848  -44.186  26.418  19.630 0.0000000000
95362  -44.523  27.021  19.424 0.0000000000
95376  -44.568  26.940  18.318 0.0000000000
95398  -44.880  26.570  16.898 0.0000000000
96890  -45.246  28.152  17.360 0.0000000000
96126  -45.488  27.186  17.101 0.0000000000
95399  -45.392  26.827  16.429 0.0000000000
96145  -45.939  27.008  16.031 0.0000000000
96920  -45.759  28.046  14.754 0.0000000000
96928  -45.559  28.659  13.726 0.0000000000
99253  -49.761  31.883  14.282 0.0000000000
99982  -49.828  32.423  13.348 0.0000000000
144449  -49.344  31.995  11.342 0.0000000000
99280  -49.287  31.537  10.675 0.0000000000
99281  -50.380  32.413  9.898 0.0000000000
99289  -50.263  31.563  9.470 0.0000000000
98574  -49.751  30.729  9.590 0.0000000000
97780  -50.368  29.783  8.781 0.0000000000
97003  -50.769  28.399  7.223 0.0000000000
97020  -50.873  28.431  6.317 0.0000000000
97036  -51.934  29.110  4.520 0.0000000000
97825  -53.078  29.747  3.755 0.0000000000
97048  -52.398  29.348  2.986 0.0000000000
97063  -52.963  29.614  1.313 0.0000000000
97078  -52.196  29.565  0.531 0.0000000000
141698  -51.569  29.917  -0.087 0.0000000000
97848  -49.979  29.289  -1.310 0.0000000000
98632  -51.445  30.258  0.119 0.0000000000
98624  -50.819  30.451  1.105 0.0000000000
98618  -52.343  31.088  2.222 0.0000000000
98617  -51.012  30.606  2.442 0.0000000000
145263  -50.099  30.300  3.436 0.0000000000
97824  -49.698  30.123  4.416 0.0000000000
102708  -50.372  36.912  12.770 0.0000000000
101321  -49.149  35.130  12.254 0.0000000000
101361  -47.635  34.413  10.384 0.0000000000
102021  -47.668  34.987  13.003 0.0000000000
132544  -47.167  34.422  11.212 0.0000000000
100665  -46.987  34.259  9.644 0.0000000000
100019  -46.166  32.413  8.494 0.0000000000
99295  -45.688  31.786  8.658 0.0000000000
98573  -45.269  31.082  8.768 0.0000000000
99287  -45.101  31.800  9.175 0.0000000000
99286  -44.412  31.933  9.615 0.0000000000
99279  -44.256  32.721  9.886 0.0000000000
144266  -43.817  32.144  9.998 0.0000000000
100005  -43.530  32.742  10.244 0.0000000000
124972  -43.039  31.928  10.353 0.0000000000
125908  -42.786  32.809  10.441 0.0000000000
89574  -46.970  18.952  11.015 0.0000000000
126475  -47.525  19.023  10.257 0.0000000000
142367  -46.818  18.813  10.182 0.0000000000
89573  -46.149  18.773  10.453 0.0000000000
89588  -46.295  18.841  9.540 0.0000000000
89571  -44.559  19.102  10.372 0.0000000000
89587  -45.434  19.172  9.023 0.0000000000
89601  -44.682  19.586  8.465 0.0000000000
90460  -44.074  20.220  7.895 0.0000000000
90408  -40.498  20.982  12.553 0.0000000000
90418  -41.164  20.876  12.028 0.0000000000
90419  -41.611  20.775  11.387 0.0000000000
91352  -41.456  21.380  10.923 0.0000000000
90431  -41.944  20.754  10.656 0.0000000000
90444  -42.779  20.648  9.179 0.0000000000
90459  -43.524  20.368  8.404 0.0000000000
90471  -44.447  20.387  7.181 0.0000000000
90470  -43.940  20.876  7.128 0.0000000000
91403  -43.543  21.617  7.150 0.0000000000
92369  -43.618  22.330  6.645 0.0000000000
93266  -42.762  23.129  8.277 0.0000000000
93276  -43.143  23.140  7.638 0.0000000000
93287  -43.417  23.083  6.935 0.0000000000
147108  -43.570  23.660  6.671 0.0000000000
94030  -43.707  24.283  6.809 0.0000000000
94020  -44.171  25.030  7.041 0.0000000000
99913  -45.436  32.337  19.788 0.0000000000
99926  -45.688  32.154  18.689 0.0000000000
99914  -46.354  32.557  19.611 0.0000000000
99915  -47.507  32.683  19.684 0.0000000000
99902  -48.181  32.592  21.211 0.0000000000
123664  -48.602  32.657  20.279 0.0000000000
124329  -48.548  32.689  19.285 0.0000000000
99939  -49.500  32.349  17.817 0.0000000000
128546  -50.755  31.940  16.877 0.0000000000
101222  -49.143  33.525  23.143 0.0000000000
101223  -49.910  33.323  22.628 0.0000000000
100581  -50.386  33.149  22.060 0.0000000000
147936  -50.232  34.299  20.193 0.0000000000
101248  -50.690  33.709  20.613 0.0000000000
99905  -50.881  32.908  20.619 0.0000000000
139916  -51.107  32.787  18.480 0.0000000000
99941  -51.090  32.585  17.400 0.0000000000
99233  -50.709  31.681  16.235 0.0000000000
99966  -50.892  32.445  15.526 0.0000000000
100632  -50.914  33.309  13.661 0.0000000000
100641  -50.983  33.567  12.596 0.0000000000
129243  -51.237  33.960  14.657 0.0000000000
100633  -51.533  34.125  13.004 0.0000000000
128864  -51.048  33.699  11.813 0.0000000000
100667  -51.547  34.093  10.410 0.0000000000
100677  -51.692  34.072  9.435 0.0000000000
100684  -52.285  34.850  8.345 0.0000000000
143377  -52.189  35.036  7.597 0.0000000000
101381  -52.571  35.941  8.840 0.0000000000
102062  -52.526  36.636  9.429 0.0000000000
102739  -52.471  36.918  9.894 0.0000000000
102014  -52.335  37.210  12.453 0.0000000000
136155  -52.263  37.513  11.616 0.0000000000
102720  -52.183  37.266  10.947 0.0000000000
102710  -52.165  37.691  11.839 0.0000000000
102719  -51.911  37.405  11.357 0.0000000000
102709  -51.638  37.639  12.216 0.0000000000
102664  -48.303  36.726  16.641 0.0000000000
103357  -48.121  37.269  16.215 0.0000000000
103370  -48.783  38.059  15.814 0.0000000000
103368  -46.866  37.576  15.390 0.0000000000
104107  -48.423  38.613  15.226 0.0000000000
104109  -50.023  39.068  14.960 0.0000000000
104125  -50.289  39.513  14.096 0.0000000000
143959  -50.578  39.084  13.489 0.0000000000
102700  -51.068  38.145  12.730 0.0000000000
103403  -50.401  38.476  13.180 0.0000000000
138999  -49.860  39.070  13.308 0.0000000000
104144  -49.309  38.914  13.094 0.0000000000
129039  -48.023  40.302  13.196 0.0000000000
105558  -48.763  40.665  12.731 0.0000000000
104887  -48.891  39.872  12.207 0.0000000000
104886  -48.382  39.836  12.030 0.0000000000
104897  -48.067  40.530  11.719 0.0000000000
104896  -47.402  40.285  10.834 0.0000000000
93115  -40.211  23.747  21.932 0.0000000000
93127  -40.367  23.728  21.018 0.0000000000
93890  -40.956  24.164  22.080 0.0000000000
93891  -41.909  24.720  22.339 0.0000000000
93883  -42.436  25.479  22.934 0.0000000000
95338  -41.721  25.918  23.272 0.0000000000
95339  -42.565  25.954  23.023 0.0000000000
93892  -42.796  25.295  22.056 0.0000000000
94626  -43.513  25.764  21.761 0.0000000000
94620  -43.652  26.382  22.027 0.0000000000
139306  -44.152  26.913  21.437 0.0000000000
96110  -38.660  27.283  18.345 0.0000000000
96111  -39.402  27.231  18.741 0.0000000000
96100  -40.216  27.298  19.024 0.0000000000
96888  -39.973  28.989  17.707 0.0000000000
96112  -40.530  27.932  18.522 0.0000000000
136156  -41.236  27.596  19.404 0.0000000000
135654  -42.336  27.640  20.360 0.0000000000
96095  -43.412  27.412  21.297 0.0000000000
96096  -44.191  27.438  20.886 0.0000000000
96868  -44.139  28.054  20.314 0.0000000000
97678  -44.125  29.063  19.506 0.0000000000
97684  -43.707  30.085  19.164 0.0000000000
98475  -44.220  30.170  19.048 0.0000000000
98482  -43.808  30.928  19.104 0.0000000000
99212  -44.378  31.402  19.106 0.0000000000
99205  -44.052  31.800  19.618 0.0000000000
99923  -40.199  32.863  18.654 0.0000000000
99908  -40.865  32.639  19.097 0.0000000000
99909  -41.482  32.661  19.726 0.0000000000
140574  -40.963  33.787  20.326 0.0000000000
99896  -41.496  33.074  20.440 0.0000000000
99911  -43.542  32.319  20.210 0.0000000000
99912  -44.547  32.234  20.093 0.0000000000
124339  -44.995  32.671  21.928 0.0000000000
123979  -45.934  32.502  23.082 0.0000000000
99875  -44.648  32.770  23.808 0.0000000000
99876  -45.472  32.510  23.962 0.0000000000
99862  -46.111  32.589  24.727 0.0000000000
100550  -46.988  33.184  25.289 0.0000000000
101198  -46.346  34.162  25.202 0.0000000000
101902  -44.928  35.541  25.268 0.0000000000
91368  -53.255  21.753  10.099 0.0000000000
91382  -52.712  21.462  9.576 0.0000000000
90448  -51.371  20.712  9.608 0.0000000000
90434  -50.692  20.488  10.143 0.0000000000
90433  -49.837  20.004  9.940 0.0000000000
89560  -48.789  19.743  11.012 0.0000000000
91347  -51.413  21.644  12.699 0.0000000000
91353  -50.787  21.190  12.152 0.0000000000
137235  -49.602  20.832  13.090 0.0000000000
90413  -50.101  21.008  12.699 0.0000000000
123644  -50.097  20.768  12.050 0.0000000000
132031  -49.692  20.401  11.499 0.0000000000
89559  -48.363  19.726  11.679 0.0000000000
126346  -47.935  19.349  11.039 0.0000000000
132012  -46.525  19.140  11.910 0.0000000000
89557  -45.685  18.987  11.811 0.0000000000
89545  -44.401  19.311  12.762 0.0000000000
89534  -45.494  19.245  13.375 0.0000000000
89533  -44.719  19.226  13.360 0.0000000000
89532  -43.842  19.327  13.253 0.0000000000
89531  -42.809  19.476  13.324 0.0000000000
129864  -42.014  19.483  13.625 0.0000000000
143497  -40.168  19.538  14.362 0.0000000000
88645  -44.094  18.521  16.209 0.0000000000
88644  -43.206  18.485  16.262 0.0000000000
88657  -42.640  18.616  15.569 0.0000000000
88642  -41.558  18.301  16.483 0.0000000000
88641  -40.866  18.340  16.280 0.0000000000
88656  -41.597  18.564  15.706 0.0000000000
88668  -41.139  18.958  14.911 0.0000000000
89498  -40.178  19.185  14.890 0.0000000000
130354  -39.599  19.731  14.433 0.0000000000
89509  -38.657  19.918  14.899 0.0000000000
90373  -38.012  20.294  15.312 0.0000000000
91310  -37.519  21.203  16.254 0.0000000000
92258  -37.883  21.993  17.437 0.0000000000
92251  -38.565  22.430  18.822 0.0000000000
93126  -39.608  23.287  21.146 0.0000000000
88555  -44.337  18.582  22.363 0.0000000000
89332  -42.168  20.410  29.109 0.0000000000
89349  -42.539  20.523  28.419 0.0000000000
88467  -38.485  18.998  28.640 0.0000000000
89330  -39.646  19.461  28.405 0.0000000000
89346  -39.390  19.475  28.398 0.0000000000
133549  -39.745  19.553  28.525 0.0000000000
89370  -42.035  19.759  27.392 0.0000000000
125083  -42.863  19.853  26.931 0.0000000000
129950  -43.523  19.486  25.821 0.0000000000
88504  -42.974  18.856  25.164 0.0000000000
89395  -43.765  18.951  24.756 0.0000000000
88519  -41.587  18.253  24.570 0.0000000000
88520  -42.356  18.428  24.533 0.0000000000
88521  -43.192  18.583  24.225 0.0000000000
88536  -43.445  18.465  23.355 0.0000000000
144326  -43.739  18.452  22.701 0.0000000000
88554  -43.664  18.363  22.037 0.0000000000
88575  -43.044  18.160  21.837 0.0000000000
87657  -41.815  17.635  21.178 0.0000000000
87656  -40.913  17.466  21.420 0.0000000000
130721  -39.772  17.431  22.500 0.0000000000
137283  -39.351  17.404  21.758 0.0000000000
87666  -39.417  17.397  20.870 0.0000000000
87665  -38.488  17.611  20.597 0.0000000000
87664  -37.761  18.024  20.419 0.0000000000
88588  -37.234  18.506  20.308 0.0000000000
133514  -36.380  21.515  25.996 0.0000000000
90279  -36.437  21.209  24.800 0.0000000000
135071  -36.513  20.578  23.844 0.0000000000
90289  -36.562  20.496  23.021 0.0000000000
89416  -36.613  19.772  22.578 0.0000000000
89433  -36.642  19.666  21.793 0.0000000000
89449  -36.700  19.561  21.014 0.0000000000
135988  -36.743  19.404  20.354 0.0000000000
93101  -40.529  24.271  23.090 0.0000000000
93874  -40.810  25.205  23.947 0.0000000000
126533  -40.071  25.809  23.166 0.0000000000
94617  -38.971  25.684  22.072 0.0000000000
95372  -37.110  26.605  18.154 0.0000000000
94631  -36.740  25.541  19.340 0.0000000000
96121  -36.344  27.362  16.942 0.0000000000
96133  -36.386  28.123  16.578 0.0000000000
96900  -35.771  28.552  16.199 0.0000000000
96131  -34.669  27.470  16.242 0.0000000000
96899  -34.954  28.222  16.023 0.0000000000
97723  -35.206  29.911  15.669 0.0000000000
92436  -54.563  23.475  -0.038 0.0000000000
94084  -54.322  24.460  -0.175 0.0000000000
93365  -54.214  24.237  -0.724 0.0000000000
92450  -54.152  23.899  -0.955 0.0000000000
92449  -53.910  23.107  -0.794 0.0000000000
91517  -53.340  22.620  -1.072 0.0000000000
91516  -52.676  22.476  -1.612 0.0000000000
89589  -47.881  19.085  9.388 0.0000000000
89618  -48.971  19.621  7.919 0.0000000000
90473  -49.484  20.011  7.267 0.0000000000
138113  -48.703  19.706  7.093 0.0000000000
139985  -50.012  20.404  6.611 0.0000000000
90484  -45.844  20.158  6.039 0.0000000000
89640  -47.249  20.058  5.396 0.0000000000
90526  -48.560  20.560  3.422 0.0000000000
91438  -49.815  20.864  4.347 0.0000000000
91452  -50.604  21.581  3.566 0.0000000000
92417  -51.501  22.373  2.631 0.0000000000
137064  -51.832  22.776  1.674 0.0000000000
93351  -52.377  23.321  -1.730 0.0000000000
91515  -51.974  21.953  -1.880 0.0000000000
90576  -50.573  21.443  -2.264 0.0000000000
89707  -49.811  20.878  -2.854 0.0000000000
136013  -49.048  20.297  -3.060 0.0000000000
123447  -48.070  21.412  -0.226 0.0000000000
91523  -48.336  22.079  -2.272 0.0000000000
91535  -48.654  21.629  -3.659 0.0000000000
90584  -48.545  21.130  -3.908 0.0000000000
89712  -48.381  20.382  -3.462 0.0000000000
90583  -48.020  20.775  -3.867 0.0000000000
90582  -47.379  20.804  -3.199 0.0000000000
92488  -47.452  23.084  -4.287 0.0000000000
91522  -46.672  21.513  -2.722 0.0000000000
93145  -40.491  23.843  19.998 0.0000000000
146642  -40.153  23.727  18.610 0.0000000000
127016  -41.068  24.466  17.999 0.0000000000
93940  -40.535  24.360  17.302 0.0000000000
93952  -39.846  24.287  16.403 0.0000000000
128811  -39.695  24.883  14.878 0.0000000000
94689  -39.868  25.361  14.208 0.0000000000
94694  -40.207  25.667  13.539 0.0000000000
94652  -43.653  25.969  18.742 0.0000000000
94686  -42.287  26.042  16.042 0.0000000000
95407  -42.723  26.569  15.482 0.0000000000
95406  -41.848  26.340  15.215 0.0000000000
94685  -41.618  25.775  15.852 0.0000000000
95418  -40.817  26.275  13.528 0.0000000000
94698  -40.785  25.690  12.317 0.0000000000
94710  -42.800  25.584  10.513 0.0000000000
95430  -43.552  26.612  10.924 0.0000000000
95438  -43.499  26.021  10.413 0.0000000000
94712  -43.912  25.438  9.208 0.0000000000
94723  -44.366  25.499  8.514 0.0000000000
94732  -44.760  25.652  7.716 0.0000000000
94741  -44.889  25.607  6.690 0.0000000000
99219  -45.641  31.647  17.795 0.0000000000
142026  -46.965  29.377  16.400 0.0000000000
99230  -47.337  31.255  16.620 0.0000000000
98506  -47.447  30.038  16.388 0.0000000000
96905  -47.518  28.306  16.017 0.0000000000
96922  -47.559  28.380  15.825 0.0000000000
96929  -46.291  28.605  14.422 0.0000000000
97733  -45.852  29.024  13.115 0.0000000000
99255  -48.905  31.339  13.813 0.0000000000
98532  -48.166  30.883  13.449 0.0000000000
98541  -48.130  30.807  11.551 0.0000000000
98540  -47.537  30.401  11.945 0.0000000000
98536  -47.469  30.433  13.044 0.0000000000
97739  -46.929  29.913  12.461 0.0000000000
97738  -46.353  29.418  12.865 0.0000000000
96933  -45.925  28.925  12.358 0.0000000000
96168  -45.781  28.069  11.209 0.0000000000
128774  -45.720  27.519  10.701 0.0000000000
135487  -46.023  26.738  9.695 0.0000000000
96186  -47.524  27.336  9.363 0.0000000000
95444  -46.797  26.906  9.414 0.0000000000
124433  -46.052  26.498  9.106 0.0000000000
95452  -45.798  26.310  8.329 0.0000000000
95458  -45.610  26.162  7.399 0.0000000000
94748  -45.211  25.710  5.829 0.0000000000
95484  -46.022  26.163  4.598 0.0000000000
139390  -45.881  25.966  3.907 0.0000000000
95486  -47.262  26.815  4.946 0.0000000000
95503  -46.472  26.315  2.111 0.0000000000
94786  -46.351  26.005  0.590 0.0000000000
141487  -50.090  28.203  4.811 0.0000000000
96248  -49.531  27.903  4.478 0.0000000000
142085  -49.071  27.750  2.693 0.0000000000
96274  -49.836  28.217  2.153 0.0000000000
128798  -48.536  27.507  2.499 0.0000000000
128667  -47.383  26.865  1.242 0.0000000000
126193  -46.702  26.385  -0.875 0.0000000000
94797  -47.152  26.054  -4.067 0.0000000000
94112  -46.931  25.175  -4.621 0.0000000000
94105  -46.353  24.714  -4.335 0.0000000000
97843  -49.282  29.392  -1.274 0.0000000000
133878  -47.479  29.130  -0.592 0.0000000000
97088  -46.794  28.930  1.045 0.0000000000
100692  -52.022  34.416  7.096 0.0000000000
100702  -51.890  34.008  6.584 0.0000000000
101402  -50.898  35.142  6.682 0.0000000000
100701  -51.094  34.277  6.336 0.0000000000
99319  -51.293  32.058  5.441 0.0000000000
99318  -50.270  31.500  5.743 0.0000000000
97816  -49.273  29.941  5.227 0.0000000000
101363  -49.738  35.127  10.518 0.0000000000
101379  -48.893  34.773  8.480 0.0000000000
100690  -48.817  33.831  7.020 0.0000000000
100689  -47.927  33.388  7.500 0.0000000000
100030  -48.470  32.939  7.042 0.0000000000
100038  -49.057  32.436  6.645 0.0000000000
99312  -48.853  31.436  6.617 0.0000000000
97815  -48.554  29.684  5.628 0.0000000000
97822  -47.981  29.224  4.867 0.0000000000
132319  -46.595  28.501  4.632 0.0000000000
96245  -45.210  27.811  4.234 0.0000000000
97033  -46.311  28.515  5.654 0.0000000000
96259  -44.549  27.655  3.754 0.0000000000
96258  -43.083  27.630  3.415 0.0000000000
96229  -42.537  27.513  5.572 0.0000000000
128422  -41.607  27.549  5.131 0.0000000000
97790  -44.563  29.424  8.527 0.0000000000
96997  -42.798  28.111  7.847 0.0000000000
96964  -43.029  28.866  9.116 0.0000000000
96980  -42.526  28.400  8.590 0.0000000000
96977  -39.857  28.251  8.848 0.0000000000
103395  -40.700  38.009  14.283 0.0000000000
104151  -43.584  39.108  12.699 0.0000000000
129040  -44.140  39.727  12.156 0.0000000000
105568  -46.004  40.769  11.379 0.0000000000
105578  -46.555  41.147  10.618 0.0000000000
104903  -46.996  40.802  10.486 0.0000000000
147357  -45.757  41.247  9.501 0.0000000000
104913  -46.477  40.517  9.817 0.0000000000
104895  -46.900  39.679  10.573 0.0000000000
103415  -45.453  37.955  11.698 0.0000000000
102705  -44.154  36.385  12.124 0.0000000000
104159  -43.817  37.900  11.271 0.0000000000
102718  -43.439  36.914  11.668 0.0000000000
142469  -43.605  35.417  11.640 0.0000000000
101331  -43.336  34.918  11.270 0.0000000000
100661  -42.510  33.521  10.553 0.0000000000
87605  -41.103  17.882  23.924 0.0000000000
87619  -39.806  17.615  23.366 0.0000000000
87667  -40.380  17.396  20.796 0.0000000000
87670  -43.313  18.108  20.628 0.0000000000
87677  -42.255  17.740  19.726 0.0000000000
87681  -38.178  18.239  18.343 0.0000000000
88454  -39.049  19.333  28.527 0.0000000000
88466  -37.723  19.386  28.756 0.0000000000
88486  -39.704  19.266  27.129 0.0000000000
88489  -41.733  19.137  26.361 0.0000000000
88518  -40.823  18.210  24.760 0.0000000000
88522  -43.839  18.692  23.963 0.0000000000
88552  -37.408  18.380  21.792 0.0000000000
88553  -42.982  18.222  22.598 0.0000000000
88573  -36.868  18.956  21.413 0.0000000000
88587  -36.860  18.913  20.651 0.0000000000
88592  -46.397  18.870  20.675 0.0000000000
88598  -36.903  18.910  19.853 0.0000000000
88603  -45.639  18.527  19.413 0.0000000000
88611  -42.828  18.084  18.444 0.0000000000
88625  -38.417  18.423  17.527 0.0000000000
88629  -43.270  18.333  17.685 0.0000000000
89343  -36.016  20.909  29.432 0.0000000000
89345  -39.044  19.438  28.420 0.0000000000
89367  -39.466  19.497  27.933 0.0000000000
89393  -36.601  20.124  24.567 0.0000000000
89404  -36.640  19.778  23.492 0.0000000000
89487  -38.247  19.252  16.284 0.0000000000
89495  -37.919  19.820  15.942 0.0000000000
89528  -39.510  20.256  13.953 0.0000000000
89546  -45.101  19.185  12.540 0.0000000000
89614  -44.831  19.873  7.608 0.0000000000
90226  -36.097  21.224  29.384 0.0000000000
90270  -36.526  20.719  25.626 0.0000000000
90383  -39.101  20.942  13.654 0.0000000000
90385  -49.410  20.782  14.489 0.0000000000
90420  -48.988  20.134  11.737 0.0000000000
90458  -43.006  20.820  8.552 0.0000000000
90474  -50.272  20.341  7.508 0.0000000000
90497  -46.293  20.316  5.350 0.0000000000
90500  -49.679  20.477  5.744 0.0000000000
91303  -37.565  21.345  17.061 0.0000000000
91324  -37.807  21.543  15.117 0.0000000000
91336  -51.294  21.821  13.447 0.0000000000
91365  -41.729  21.456  10.229 0.0000000000
91424  -44.732  21.468  5.291 0.0000000000
91472  -50.185  21.430  2.911 0.0000000000
91540  -47.571  22.399  -4.299 0.0000000000
92236  -39.085  22.774  20.323 0.0000000000
92250  -38.005  21.960  18.331 0.0000000000
92284  -37.922  22.198  15.084 0.0000000000
92294  -38.861  22.624  13.234 0.0000000000
92313  -41.197  21.817  11.130 0.0000000000
92360  -43.298  22.390  7.317 0.0000000000
92482  -48.250  22.220  -4.161 0.0000000000
93088  -39.432  24.257  24.161 0.0000000000
93231  -40.817  23.756  11.236 0.0000000000
93249  -41.872  22.897  9.556 0.0000000000
93267  -43.208  23.972  8.141 0.0000000000
93342  -53.874  24.466  -0.249 0.0000000000
93353  -54.603  24.215  -0.283 0.0000000000
93362  -52.260  23.174  -2.055 0.0000000000
93875  -41.349  25.251  23.615 0.0000000000
93910  -42.064  24.796  20.002 0.0000000000
93927  -41.136  24.421  18.773 0.0000000000
93958  -39.150  24.267  14.862 0.0000000000
93960  -40.164  24.868  15.665 0.0000000000
93973  -39.506  24.403  12.948 0.0000000000
94601  -39.080  25.030  24.768 0.0000000000
94610  -40.276  25.414  23.889 0.0000000000
94619  -43.166  25.897  22.594 0.0000000000
94634  -43.128  25.486  19.907 0.0000000000
94663  -43.806  25.983  17.733 0.0000000000
94674  -42.509  25.635  16.861 0.0000000000
94704  -40.498  25.091  12.046 0.0000000000
94724  -45.046  25.963  8.467 0.0000000000
95346  -43.139  26.377  22.471 0.0000000000
95374  -38.831  26.724  19.114 0.0000000000
95385  -35.647  26.833  16.906 0.0000000000
95388  -44.948  26.868  17.439 0.0000000000
95421  -40.546  25.895  12.974 0.0000000000
95428  -41.504  26.145  11.951 0.0000000000
95453  -46.717  26.636  8.601 0.0000000000
95454  -47.520  27.008  8.826 0.0000000000
95536  -47.470  27.235  -4.119 0.0000000000
95539  -45.731  26.539  -3.991 0.0000000000
96103  -43.960  27.726  20.814 0.0000000000
96123  -38.510  27.912  17.660 0.0000000000
96146  -46.380  27.402  16.157 0.0000000000
96150  -43.663  27.692  14.327 0.0000000000
96152  -45.561  27.437  15.402 0.0000000000
96158  -42.238  27.285  13.201 0.0000000000
96159  -43.490  27.665  12.574 0.0000000000
96175  -45.125  27.255  10.777 0.0000000000
96187  -48.280  27.503  9.015 0.0000000000
96198  -49.637  28.083  8.363 0.0000000000
96206  -43.021  27.870  7.079 0.0000000000
96231  -44.281  27.720  5.312 0.0000000000
96240  -40.740  27.767  4.726 0.0000000000
96244  -44.439  27.654  4.524 0.0000000000
96303  -45.682  27.598  -3.239 0.0000000000
96304  -47.857  27.918  -3.972 0.0000000000
96866  -43.108  28.554  19.631 0.0000000000
96871  -39.913  28.245  18.049 0.0000000000
96887  -39.264  28.456  17.673 0.0000000000
96904  -46.837  27.856  16.139 0.0000000000
96914  -34.481  28.668  15.719 0.0000000000
96915  -35.138  29.019  15.803 0.0000000000
96936  -45.399  28.386  11.928 0.0000000000
96945  -47.300  28.416  10.306 0.0000000000
96981  -43.346  28.549  8.400 0.0000000000
97000  -45.186  28.648  7.205 0.0000000000
97091  -51.615  29.228  -0.072 0.0000000000
97092  -51.721  29.552  0.038 0.0000000000
97707  -46.127  29.362  16.580 0.0000000000
97709  -47.813  28.873  16.137 0.0000000000
97726  -48.612  29.291  16.002 0.0000000000
97757  -49.190  29.979  9.730 0.0000000000
97774  -41.860  29.183  9.940 0.0000000000
97791  -45.264  29.708  8.163 0.0000000000
97794  -51.662  29.853  7.728 0.0000000000
97800  -51.338  28.971  7.567 0.0000000000
97806  -46.869  29.289  6.698 0.0000000000
97808  -48.057  29.739  6.273 0.0000000000
97810  -53.342  30.313  5.469 0.0000000000
97826  -53.874  30.246  3.220 0.0000000000
97827  -54.266  30.673  3.412 0.0000000000
97838  -49.181  29.844  0.751 0.0000000000
97840  -52.946  29.985  0.989 0.0000000000
97845  -52.112  29.811  0.387 0.0000000000
98503  -37.752  30.714  16.556 0.0000000000
98505  -46.286  30.186  16.614 0.0000000000
98507  -48.429  30.472  16.367 0.0000000000
98525  -49.716  30.379  15.972 0.0000000000
98585  -46.156  30.893  7.968 0.0000000000
98595  -48.073  31.046  6.944 0.0000000000
98602  -53.401  31.089  5.705 0.0000000000
98605  -49.203  30.251  5.823 0.0000000000
98614  -54.423  31.014  3.537 0.0000000000
98621  -54.422  30.967  3.020 0.0000000000
99210  -42.393  31.269  18.774 0.0000000000
99244  -50.210  30.965  16.089 0.0000000000
99288  -49.652  31.299  9.983 0.0000000000
99306  -47.613  31.520  7.330 0.0000000000
99309  -52.629  32.028  6.682 0.0000000000
99325  -53.933  31.749  3.623 0.0000000000
99330  -54.235  31.391  3.263 0.0000000000
99850  -46.656  32.807  25.160 0.0000000000
99851  -47.226  32.817  25.151 0.0000000000
99863  -46.870  32.506  24.727 0.0000000000
99874  -43.883  32.774  22.878 0.0000000000
99898  -43.355  32.692  21.308 0.0000000000
99904  -50.391  32.678  20.973 0.0000000000
99918  -51.053  32.897  19.651 0.0000000000
99937  -46.235  32.148  17.907 0.0000000000
99938  -48.019  32.432  17.562 0.0000000000
99940  -50.667  32.276  17.649 0.0000000000
99974  -50.534  32.582  14.580 0.0000000000
99987  -49.800  32.504  11.636 0.0000000000
100012  -46.160  33.150  8.762 0.0000000000
100020  -47.112  33.139  7.903 0.0000000000
100032  -52.411  32.850  6.816 0.0000000000
100040  -50.893  33.399  5.996 0.0000000000
100561  -44.915  33.404  24.666 0.0000000000
100562  -48.038  33.053  24.740 0.0000000000
100586  -50.773  33.165  21.107 0.0000000000
100591  -51.083  33.209  20.213 0.0000000000
100624  -51.413  34.020  13.857 0.0000000000
100645  -51.505  34.132  11.275 0.0000000000
100663  -44.830  33.500  9.945 0.0000000000
100691  -49.935  34.381  6.614 0.0000000000
100708  -51.864  33.583  6.032 0.0000000000
101199  -47.338  33.388  25.069 0.0000000000
101210  -47.830  33.551  24.539 0.0000000000
101232  -44.420  35.218  21.823 0.0000000000
101233  -45.449  34.620  21.325 0.0000000000
101238  -50.459  33.579  21.331 0.0000000000
101247  -50.043  34.214  20.888 0.0000000000
101252  -39.642  34.845  19.434 0.0000000000
101268  -38.934  35.073  19.036 0.0000000000
101271  -44.898  34.533  18.736 0.0000000000
101277  -50.759  34.255  18.816 0.0000000000
101303  -50.826  34.649  15.692 0.0000000000
101308  -51.863  34.891  13.169 0.0000000000
101317  -45.511  34.816  12.095 0.0000000000
101318  -46.253  34.644  12.175 0.0000000000
101335  -47.920  34.526  11.406 0.0000000000
101357  -43.045  34.201  10.761 0.0000000000
101365  -52.698  36.147  9.657 0.0000000000
101378  -48.002  34.399  9.308 0.0000000000
101386  -48.792  34.613  7.816 0.0000000000
101387  -49.807  35.148  7.625 0.0000000000
101403  -51.618  34.891  6.769 0.0000000000
101903  -45.461  34.986  25.169 0.0000000000
101947  -43.347  35.219  19.587 0.0000000000
101953  -43.129  35.286  18.544 0.0000000000
101954  -47.380  35.210  18.216 0.0000000000
101956  -49.138  35.400  17.994 0.0000000000
101983  -44.280  35.504  16.642 0.0000000000
101999  -44.494  35.805  16.135 0.0000000000
102006  -50.694  35.877  15.228 0.0000000000
102009  -46.310  35.594  12.978 0.0000000000
102012  -49.137  36.197  13.223 0.0000000000
102017  -43.487  35.995  11.829 0.0000000000
102018  -44.127  35.603  12.011 0.0000000000
102023  -49.720  35.816  12.577 0.0000000000
102025  -52.343  35.888  12.531 0.0000000000
102026  -52.546  36.697  11.697 0.0000000000
102046  -52.257  37.073  10.108 0.0000000000
102047  -52.649  36.699  10.059 0.0000000000
102059  -51.122  36.110  8.415 0.0000000000
102060  -51.975  36.681  8.609 0.0000000000
102075  -52.057  36.400  8.052 0.0000000000
102081  -50.970  35.718  7.174 0.0000000000
102663  -47.521  36.625  16.506 0.0000000000
102678  -45.787  36.530  15.761 0.0000000000
102680  -49.698  37.298  15.875 0.0000000000
102691  -45.131  37.286  14.767 0.0000000000
102693  -51.895  37.181  13.388 0.0000000000
102698  -48.646  36.634  13.374 0.0000000000
102706  -45.582  36.161  12.732 0.0000000000
102721  -52.382  37.123  11.030 0.0000000000
102732  -52.432  37.023  10.411 0.0000000000
103325  -38.567  37.312  19.594 0.0000000000
103369  -47.804  37.822  15.623 0.0000000000
103371  -49.529  38.207  15.610 0.0000000000
103381  -41.171  37.419  14.742 0.0000000000
103382  -41.959  37.270  14.469 0.0000000000
103397  -42.202  37.770  13.814 0.0000000000
103401  -48.202  37.163  13.348 0.0000000000
103404  -51.443  38.704  12.985 0.0000000000
103410  -51.923  38.145  12.532 0.0000000000
104108  -49.354  38.915  15.177 0.0000000000
104122  -47.084  38.861  14.317 0.0000000000
104145  -49.711  39.754  13.283 0.0000000000
104154  -48.505  38.862  12.645 0.0000000000
104155  -49.082  39.858  12.584 0.0000000000
104156  -49.152  40.350  12.753 0.0000000000
104160  -44.727  38.298  11.197 0.0000000000
104161  -46.306  38.899  11.108 0.0000000000
104163  -47.807  39.846  11.439 0.0000000000
104170  -45.249  38.932  10.402 0.0000000000
104859  -49.661  40.074  13.737 0.0000000000
104872  -49.229  40.442  13.236 0.0000000000
104894  -44.847  40.457  11.476 0.0000000000
104902  -46.820  40.168  10.133 0.0000000000
104904  -47.448  40.914  11.246 0.0000000000
105557  -47.939  40.732  12.643 0.0000000000
105570  -48.577  40.828  12.451 0.0000000000
105579  -47.117  41.168  10.870 0.0000000000
105596  -46.104  40.925  9.586 0.0000000000
123181  -44.761  26.384  9.957 0.0000000000
123231  -40.737  19.415  14.287 0.0000000000
123271  -37.002  27.209  17.499 0.0000000000
123628  -43.413  25.439  9.883 0.0000000000
123672  -46.533  41.070  10.288 0.0000000000
123762  -41.111  17.476  20.765 0.0000000000
123954  -38.757  17.723  18.877 0.0000000000
124252  -50.584  39.084  13.444 0.0000000000
125749  -44.731  22.993  4.174 0.0000000000
125823  -47.578  40.944  11.550 0.0000000000
126354  -48.339  20.180  13.309 0.0000000000
126684  -38.268  22.905  15.003 0.0000000000
126723  -46.509  39.763  13.014 0.0000000000
127218  -48.014  38.975  14.642 0.0000000000
127845  -46.287  32.429  24.160 0.0000000000
128344  -54.208  22.915  11.576 0.0000000000
128348  -46.995  19.491  6.860 0.0000000000
128428  -43.296  20.221  9.019 0.0000000000
128726  -49.872  31.868  10.115 0.0000000000
129631  -49.478  20.045  10.781 0.0000000000
129808  -50.396  33.145  11.956 0.0000000000
129816  -44.410  19.241  12.066 0.0000000000
129847  -52.301  32.596  5.332 0.0000000000
129972  -45.367  25.562  4.249 0.0000000000
130364  -52.032  34.693  10.712 0.0000000000
130548  -46.982  19.412  15.073 0.0000000000
130871  -50.413  35.577  9.404 0.0000000000
132953  -37.473  20.607  16.805 0.0000000000
133034  -36.289  20.243  29.234 0.0000000000
133181  -50.776  20.706  10.817 0.0000000000
133846  -51.842  30.846  7.700 0.0000000000
134656  -44.039  35.264  17.194 0.0000000000
134845  -51.075  29.999  -0.626 0.0000000000
135402  -49.443  20.671  15.328 0.0000000000
136245  -46.180  18.591  17.198 0.0000000000
136834  -46.406  39.987  9.580 0.0000000000
137203  -45.638  41.077  10.582 0.0000000000
137673  -49.202  32.040  12.150 0.0000000000
138091  -47.677  40.934  11.977 0.0000000000
138130  -38.647  23.604  14.898 0.0000000000
138602  -39.853  23.238  12.211 0.0000000000
139637  -48.612  32.604  18.374 0.0000000000
140113  -48.895  32.613  23.295 0.0000000000
140157  -50.852  32.666  19.104 0.0000000000
140272  -41.524  36.578  17.517 0.0000000000
140685  -51.125  33.984  15.309 0.0000000000
140709  -47.125  22.765  -4.363 0.0000000000
140807  -46.910  19.115  8.296 0.0000000000
140956  -40.575  30.456  17.843 0.0000000000
141391  -42.987  27.499  4.956 0.0000000000
141405  -43.930  19.359  10.053 0.0000000000
142395  -46.351  29.456  7.216 0.0000000000
142864  -41.296  25.509  23.578 0.0000000000
142947  -43.382  32.833  22.106 0.0000000000
142964  -44.810  27.933  11.815 0.0000000000
143021  -48.561  34.643  10.564 0.0000000000
143361  -45.354  41.332  9.904 0.0000000000
144258  -46.319  34.144  9.951 0.0000000000
144294  -51.376  28.818  0.156 0.0000000000
144408  -41.348  24.622  23.053 0.0000000000
144497  -38.385  20.494  14.712 0.0000000000
144532  -36.793  17.883  26.742 0.0000000000
144570  -41.906  18.462  24.994 0.0000000000
144612  -45.783  31.190  8.375 0.0000000000
144825  -48.383  27.378  7.088 0.0000000000
145620  -40.075  17.355  21.597 0.0000000000
145892  -50.101  33.035  22.667 0.0000000000
146209  -41.800  17.671  22.374 0.0000000000
146253  -37.152  18.765  19.321 0.0000000000
146387  -46.787  25.958  -4.671 0.0000000000
146603  -41.707  34.253  21.581 0.0000000000
146647  -47.505  29.386  14.535 0.0000000000
146803  -41.997  25.698  16.369 0.0000000000
147029  -45.794  34.510  20.920 0.0000000000
147163  -43.943  26.239  21.449 0.0000000000
147171  -49.188  30.189  15.518 0.0000000000
147362  -48.866  20.781  -3.591 0.0000000000
147371  -39.090  19.794  14.666 0.0000000000
147518  -43.996  27.273  21.364 0.0000000000
147716  -44.380  25.155  6.461 0.0000000000
147935  -50.777  30.300  -0.053 0.0000000000
148170  -46.565  38.968  13.902 0.0000000000
148258  -46.030  34.485  20.043 0.0000000000
148324  -45.463  26.861  16.916 0.0000000000
148499  -52.333  35.018  9.026 0.0000000000
148778  -46.784  35.055  18.121 0.0000000000
149221  -42.009  32.310  19.556 0.0000000000
