#!ascii label  , from subject sub-v2s12x28903_ses-1 vox2ras=TkReg
1005
12858  28.293  -55.735  -16.832 0.3000000119
19261  25.372  -48.845  -11.619 0.6000000238
19330  25.083  -49.144  -17.494 0.6999999881
19329  25.305  -49.644  -18.462 0.6999999881
13564  27.662  -55.648  -16.236 0.4000000060
15851  27.881  -52.884  -12.186 0.4000000060
14290  29.282  -54.755  -16.923 0.5000000000
15066  30.086  -54.784  -17.693 0.5000000000
19260  26.236  -48.716  -11.580 0.6999999881
19293  24.347  -48.573  -13.479 0.6999999881
19292  25.309  -48.409  -13.171 0.5000000000
19320  25.328  -48.291  -16.621 0.6000000238
19321  24.866  -48.798  -16.585 0.6000000238
125228  25.430  -48.699  -17.820 0.6999999881
18465  25.601  -50.177  -19.258 0.6999999881
14283  28.195  -54.697  -15.667 0.5000000000
15850  28.524  -52.503  -12.637 0.4000000060
142148  28.804  -54.501  -16.155 0.6000000238
16682  27.819  -51.471  -11.061 0.4000000060
17505  27.561  -50.568  -10.815 0.5000000000
14282  29.311  -54.057  -16.204 0.6000000238
17484  26.790  -50.533  -10.505 0.6000000238
18393  26.736  -49.191  -11.077 0.6000000238
15058  29.875  -54.082  -16.898 0.6000000238
19275  26.645  -48.422  -12.289 0.6000000238
19304  25.611  -48.107  -14.392 0.6000000238
128591  25.790  -47.851  -15.846 0.6000000238
20281  25.501  -47.515  -17.708 0.6999999881
21280  25.670  -47.170  -18.595 0.6999999881
20308  26.311  -48.748  -19.481 0.6999999881
20307  26.941  -49.352  -20.550 0.6999999881
21291  26.675  -47.083  -19.992 0.6999999881
133209  26.990  -48.337  -20.300 0.6999999881
20320  27.673  -48.773  -21.179 0.6999999881
22261  27.096  -46.562  -20.367 0.6999999881
14274  27.088  -54.984  -14.825 0.5000000000
15042  27.717  -53.896  -13.986 0.5000000000
15026  27.449  -53.844  -13.308 0.5000000000
16681  28.486  -51.329  -11.589 0.4000000060
15051  28.734  -53.992  -15.466 0.5000000000
17504  28.270  -50.658  -11.307 0.5000000000
18392  27.499  -49.259  -11.311 0.6000000238
15057  30.315  -53.384  -16.741 0.6000000238
15049  30.161  -52.886  -15.822 0.5000000000
16754  30.656  -52.026  -15.467 0.5000000000
132576  25.804  -48.175  -13.751 0.6000000238
126901  26.176  -48.285  -13.047 0.6999999881
21260  25.800  -46.812  -16.903 0.6000000238
20254  25.894  -47.886  -15.107 0.6000000238
21271  25.591  -46.388  -17.673 0.6000000238
147312  25.517  -47.804  -16.960 0.6000000238
141588  26.022  -45.619  -18.909 0.6000000238
22243  26.006  -46.490  -19.158 0.6999999881
23272  26.361  -45.016  -19.212 0.6000000238
21300  27.668  -47.837  -20.825 0.6999999881
21299  28.409  -48.100  -21.841 0.6999999881
22241  27.044  -45.456  -20.250 0.6999999881
16701  28.876  -51.653  -12.196 0.4000000060
144205  28.523  -53.738  -14.882 0.5000000000
15868  28.767  -52.786  -13.540 0.4000000060
17521  28.990  -50.730  -11.906 0.5000000000
18391  28.207  -49.275  -11.630 0.6000000238
15883  29.134  -52.915  -14.319 0.4000000060
19274  27.521  -48.438  -12.299 0.6000000238
15040  29.557  -52.900  -15.038 0.4000000060
142272  29.378  -52.396  -13.740 0.4000000060
15882  29.787  -52.374  -14.345 0.4000000060
16739  30.424  -51.698  -14.455 0.4000000060
19290  27.121  -48.096  -13.130 0.6999999881
19291  26.472  -48.034  -13.640 0.6000000238
20253  26.503  -47.396  -15.710 0.6000000238
22208  25.916  -45.804  -17.119 0.6000000238
23252  25.887  -45.013  -18.193 0.6000000238
20332  28.386  -48.210  -22.177 0.6999999881
22273  28.739  -46.898  -21.808 0.6999999881
146170  28.378  -44.941  -20.990 0.6000000238
22259  28.937  -45.867  -21.631 0.6000000238
15849  29.213  -52.047  -12.989 0.4000000060
16700  29.484  -51.196  -12.650 0.4000000060
19273  28.376  -48.671  -12.252 0.6999999881
16723  29.905  -51.688  -13.524 0.4000000060
19289  28.096  -48.133  -12.955 0.8000000119
143136  30.879  -51.300  -14.986 0.5000000000
20217  27.021  -47.761  -14.055 0.6999999881
20237  26.782  -47.618  -14.916 0.6000000238
22217  26.090  -45.016  -17.305 0.5000000000
21259  26.428  -46.811  -16.322 0.6000000238
20345  28.369  -48.100  -22.449 0.6999999881
24223  28.000  -42.914  -19.123 0.6000000238
23271  26.935  -44.331  -19.514 0.6000000238
21308  28.977  -47.467  -22.399 0.8000000119
134520  29.261  -46.929  -23.022 0.8000000119
24229  27.724  -43.698  -19.707 0.6000000238
23285  27.668  -44.622  -20.349 0.6000000238
17520  29.548  -50.331  -12.517 0.5000000000
145520  29.144  -49.975  -12.067 0.6000000238
17536  30.481  -50.272  -13.595 0.5000000000
17551  31.130  -49.662  -14.917 0.6999999881
17552  30.845  -49.935  -14.215 0.4000000060
20216  27.864  -47.773  -13.812 0.6999999881
20252  27.281  -47.245  -15.414 0.6999999881
22207  26.465  -45.246  -16.762 0.6000000238
21258  26.902  -46.059  -16.433 0.6000000238
23240  26.535  -44.382  -16.932 0.6000000238
134028  29.156  -46.153  -23.178 0.6000000238
24224  27.063  -43.457  -18.661 0.6000000238
22271  29.877  -46.322  -22.673 0.6999999881
22282  29.861  -46.243  -22.957 0.6999999881
24228  28.581  -43.221  -19.972 0.6999999881
24240  28.425  -44.086  -20.554 0.6999999881
146586  29.649  -45.997  -22.153 0.6999999881
19287  30.145  -48.586  -13.832 0.5000000000
18420  29.818  -49.056  -13.085 0.6000000238
19272  29.174  -48.839  -12.614 0.6000000238
19311  30.836  -48.373  -15.472 0.6999999881
18426  30.731  -49.106  -14.330 0.6000000238
128730  28.793  -48.357  -12.901 0.6999999881
19310  31.251  -48.792  -16.013 0.6999999881
18433  31.297  -49.419  -15.554 0.6999999881
20235  28.488  -47.485  -14.580 0.6999999881
20251  28.154  -47.012  -15.556 0.6999999881
22206  27.266  -45.205  -16.362 0.5000000000
21246  27.343  -46.706  -15.990 0.6000000238
23304  27.210  -45.210  -22.521 0.5000000000
24215  26.911  -43.270  -17.533 0.6000000238
24207  27.045  -43.651  -16.698 0.6000000238
23302  28.895  -44.885  -23.243 0.6000000238
24252  28.931  -43.756  -23.160 0.5000000000
24225  26.537  -43.752  -17.853 0.6000000238
23301  30.308  -45.574  -22.831 0.6000000238
24257  29.832  -44.585  -23.421 0.5000000000
124699  30.029  -43.578  -23.530 0.5000000000
25144  28.839  -42.506  -19.453 0.6999999881
146274  29.745  -42.789  -20.614 0.6999999881
23283  29.898  -44.490  -21.676 0.6999999881
24251  31.348  -44.300  -23.016 0.5000000000
146828  29.240  -42.805  -20.155 0.6999999881
25159  30.881  -42.950  -21.746 0.6000000238
19288  29.409  -48.448  -13.285 0.6000000238
19302  30.542  -48.440  -14.731 0.6999999881
20214  29.564  -48.095  -13.901 0.6000000238
19319  30.928  -47.996  -16.155 0.6999999881
21257  27.789  -45.955  -16.325 0.6999999881
23225  27.745  -44.557  -15.964 0.6000000238
25165  28.298  -43.077  -22.658 0.4000000060
24194  27.562  -43.904  -16.073 0.5000000000
25163  29.796  -41.877  -23.307 0.4000000060
25137  28.424  -42.312  -18.620 0.6000000238
25138  27.655  -42.716  -18.152 0.6000000238
23299  31.256  -44.231  -23.419 0.5000000000
24256  30.902  -44.229  -23.563 0.5000000000
24246  30.902  -43.806  -22.158 0.5000000000
24255  31.605  -43.696  -23.675 0.4000000060
134259  29.617  -42.110  -19.943 0.6000000238
26063  30.245  -41.791  -20.684 0.6999999881
137310  30.682  -42.249  -21.403 0.6000000238
26069  30.777  -41.640  -21.523 0.5000000000
20249  30.394  -47.770  -15.479 0.6000000238
132869  29.764  -47.491  -15.171 0.6999999881
20234  29.319  -47.656  -14.474 0.6999999881
21255  31.235  -46.767  -16.642 0.6999999881
21256  30.550  -46.905  -16.345 0.6999999881
21244  29.031  -46.674  -15.913 0.6000000238
22194  28.610  -45.730  -16.084 0.6000000238
24206  27.813  -43.153  -16.132 0.6000000238
25132  27.543  -42.759  -17.064 0.6000000238
26050  28.624  -41.760  -18.212 0.6000000238
25131  28.204  -42.224  -17.683 0.6000000238
25167  31.714  -43.613  -23.814 0.4000000060
140928  31.048  -43.407  -23.856 0.5000000000
26078  30.883  -41.519  -23.984 0.4000000060
26054  29.337  -41.495  -19.320 0.6000000238
26077  32.066  -41.984  -24.262 0.4000000060
26064  29.750  -41.197  -19.921 0.6000000238
27008  30.782  -40.851  -21.671 0.5000000000
22205  29.755  -46.426  -16.068 0.6999999881
22192  30.801  -45.684  -15.577 0.6999999881
22193  29.441  -45.793  -15.957 0.6000000238
139908  29.043  -46.237  -16.147 0.6000000238
22203  31.448  -46.059  -16.005 0.6999999881
23224  28.399  -44.822  -15.602 0.5000000000
26037  28.498  -41.628  -16.488 0.6000000238
25117  28.446  -42.658  -15.565 0.6000000238
25123  28.234  -42.303  -16.602 0.6000000238
125132  28.646  -41.231  -17.856 0.5000000000
26049  29.000  -41.205  -18.595 0.6000000238
129785  30.253  -40.238  -21.044 0.5000000000
23207  30.447  -44.533  -14.382 0.6999999881
23208  29.596  -44.512  -14.701 0.6999999881
23209  28.907  -44.413  -15.059 0.6000000238
126083  28.864  -43.132  -14.854 0.5000000000
26978  28.569  -40.988  -16.098 0.6000000238
26028  28.644  -41.741  -15.540 0.6000000238
26993  28.706  -40.505  -17.930 0.6000000238
26992  29.060  -40.428  -18.767 0.6000000238
27003  29.804  -40.381  -20.303 0.5000000000
16783  32.003  -51.511  -18.322 0.5000000000
17579  31.566  -50.723  -16.601 0.5000000000
123812  32.559  -50.424  -18.919 0.5000000000
17594  31.885  -50.682  -17.529 0.5000000000
141547  31.801  -49.992  -16.977 0.6999999881
19339  32.561  -48.724  -18.293 0.6999999881
18453  32.076  -49.806  -17.624 0.5000000000
18464  32.473  -49.639  -18.424 0.5000000000
19318  31.341  -48.296  -16.701 0.6999999881
19327  32.076  -48.935  -17.735 0.6999999881
143704  31.276  -47.513  -16.828 0.6999999881
14297  29.646  -55.465  -17.632 0.3000000119
19340  25.882  -49.621  -19.081 0.6999999881
123688  25.032  -48.324  -14.881 0.6000000238
19368  27.893  -48.624  -21.715 0.6999999881
17566  31.114  -50.566  -14.954 0.6000000238
23251  26.292  -44.335  -17.611 0.6000000238
23284  29.213  -44.867  -21.418 0.6999999881
22291  29.800  -45.706  -23.210 0.6000000238
23292  30.641  -44.717  -22.462 0.6999999881
23309  30.405  -45.004  -23.300 0.6000000238
24238  30.242  -43.218  -21.284 0.6999999881
25164  29.134  -42.701  -23.024 0.5000000000
25158  31.386  -42.448  -22.367 0.5000000000
142546  27.938  -45.268  -16.059 0.5000000000
141279  30.101  -45.890  -15.935 0.6999999881
24193  28.306  -43.813  -15.373 0.5000000000
26994  29.427  -40.373  -19.521 0.6000000238
23223  29.162  -45.077  -15.381 0.6000000238
26986  28.574  -40.942  -17.070 0.6000000238
24177  29.180  -43.795  -14.660 0.5000000000
20292  33.486  -47.705  -18.463 0.6000000238
22240  37.031  -45.238  -19.840 0.6000000238
23269  37.062  -44.049  -20.261 0.4000000060
21290  35.042  -47.034  -19.046 0.5000000000
20293  32.784  -47.967  -18.143 0.6000000238
18374  25.546  -49.846  -10.609 0.5000000000
22239  37.436  -44.517  -20.857 0.4000000060
18394  25.905  -49.212  -11.019 0.5000000000
18375  24.690  -49.824  -10.837 0.5000000000
21289  35.935  -46.552  -19.359 0.5000000000
136248  37.385  -42.894  -21.521 0.4000000060
128270  25.190  -49.346  -11.104 0.5000000000
18409  23.903  -49.032  -12.642 0.5000000000
21288  36.561  -45.769  -19.296 0.6000000238
19277  24.818  -48.680  -12.444 0.5000000000
21278  34.725  -46.680  -18.257 0.5000000000
20279  32.403  -47.511  -17.600 0.6000000238
146091  37.288  -41.066  -21.121 0.4000000060
25141  37.550  -41.554  -20.628 0.4000000060
22226  36.559  -44.912  -19.038 0.4000000060
17538  22.296  -50.232  -13.406 0.5000000000
21277  35.562  -46.294  -18.501 0.5000000000
19294  23.473  -49.066  -13.566 0.5000000000
18428  22.657  -49.599  -14.749 0.5000000000
21279  33.899  -46.985  -18.042 0.6000000238
20278  33.133  -47.274  -17.807 0.6000000238
20280  31.850  -47.708  -17.368 0.6000000238
19314  24.082  -48.569  -14.976 0.5000000000
134293  23.353  -49.339  -15.918 0.5000000000
18436  22.631  -49.817  -15.803 0.4000000060
21267  34.392  -46.357  -17.514 0.5000000000
21266  35.210  -45.985  -17.757 0.5000000000
21268  33.571  -46.633  -17.332 0.6000000238
21253  33.242  -46.296  -16.596 0.6000000238
21269  32.714  -46.850  -17.214 0.6000000238
21254  32.259  -46.393  -16.484 0.6000000238
21270  31.876  -47.097  -17.145 0.6000000238
142471  36.503  -42.274  -20.453 0.4000000060
25152  36.751  -41.251  -21.149 0.4000000060
18455  23.780  -50.074  -17.678 0.5000000000
18443  23.111  -49.973  -16.767 0.5000000000
17568  21.502  -50.870  -15.768 0.4000000060
18442  23.973  -49.202  -16.514 0.6000000238
127997  21.962  -50.504  -16.097 0.4000000060
22215  35.454  -45.057  -17.465 0.6000000238
22200  34.324  -45.348  -16.460 0.6000000238
22201  33.631  -45.666  -16.135 0.6000000238
22190  32.396  -45.172  -14.987 0.6000000238
25135  37.199  -41.164  -20.194 0.4000000060
17595  24.104  -50.565  -18.702 0.5000000000
17580  22.816  -50.862  -17.880 0.4000000060
17597  21.211  -51.429  -17.700 0.4000000060
23261  36.083  -44.561  -18.243 0.6000000238
145446  36.368  -44.014  -18.923 0.4000000060
23236  35.176  -44.308  -16.978 0.6000000238
22227  35.914  -45.467  -18.221 0.6000000238
22216  34.720  -45.661  -17.114 0.5000000000
23221  33.493  -44.462  -15.187 0.6000000238
23237  34.574  -44.580  -16.331 0.5000000000
22179  31.843  -44.902  -14.638 0.6000000238
140284  37.101  -41.701  -19.066 0.4000000060
138303  36.280  -41.529  -20.438 0.4000000060
17607  25.335  -50.446  -19.666 0.6000000238
17622  23.880  -50.713  -19.515 0.5000000000
138126  22.399  -50.942  -18.754 0.5000000000
17611  21.657  -51.229  -18.317 0.5000000000
24214  35.639  -43.066  -18.330 0.4000000060
24222  35.778  -42.027  -19.519 0.4000000060
24204  35.324  -43.319  -17.483 0.5000000000
24191  34.385  -43.153  -15.712 0.5000000000
24192  33.732  -43.605  -15.062 0.5000000000
23222  32.802  -44.687  -14.814 0.6000000238
23205  32.227  -44.296  -14.359 0.6000000238
22180  31.031  -45.123  -14.719 0.6000000238
26989  35.811  -39.868  -19.891 0.4000000060
26053  36.445  -40.851  -20.576 0.4000000060
134531  36.136  -40.108  -19.356 0.4000000060
25128  36.609  -41.333  -18.594 0.4000000060
18480  26.613  -49.819  -20.602 0.6000000238
26990  35.249  -39.260  -19.493 0.4000000060
25142  36.566  -40.936  -20.878 0.4000000060
18483  24.229  -50.381  -19.865 0.6000000238
19357  23.580  -49.576  -19.668 0.5000000000
18467  22.592  -50.463  -19.091 0.4000000060
25130  34.950  -41.186  -18.659 0.4000000060
24205  34.798  -43.544  -16.523 0.5000000000
24172  33.239  -43.111  -14.431 0.5000000000
24173  32.461  -43.464  -14.065 0.6000000238
23206  31.327  -44.428  -14.238 0.6000000238
24175  30.771  -43.823  -13.874 0.6000000238
26984  35.361  -39.220  -19.308 0.4000000060
18503  26.770  -49.722  -21.001 0.6000000238
19370  25.940  -49.637  -21.032 0.6000000238
19356  24.343  -49.515  -20.181 0.5000000000
20296  22.532  -48.334  -18.866 0.5000000000
26048  35.157  -39.977  -19.540 0.4000000060
124313  34.637  -41.451  -17.451 0.4000000060
146346  34.679  -42.577  -16.591 0.5000000000
25116  33.961  -42.638  -15.064 0.5000000000
24174  31.635  -43.707  -13.855 0.5000000000
26041  35.762  -40.109  -18.347 0.4000000060
20334  26.442  -48.151  -21.677 0.6000000238
20322  24.908  -47.998  -20.639 0.5000000000
21293  24.421  -47.227  -19.936 0.5000000000
25115  34.448  -42.127  -16.020 0.5000000000
25105  33.460  -42.132  -14.376 0.4000000060
133411  31.232  -41.938  -13.427 0.4000000060
24159  31.096  -43.108  -13.572 0.4000000060
24160  30.305  -43.119  -13.769 0.6000000238
25107  28.973  -42.358  -14.757 0.4000000060
134113  35.524  -39.591  -17.902 0.4000000060
138932  35.042  -38.669  -19.306 0.4000000060
20333  27.867  -48.543  -22.058 0.6000000238
27867  34.959  -38.719  -19.339 0.4000000060
21318  27.698  -47.068  -22.589 0.5000000000
131456  25.383  -47.696  -21.092 0.5000000000
21302  24.885  -47.014  -20.546 0.5000000000
125119  23.993  -46.446  -19.299 0.4000000060
21301  25.440  -46.866  -21.163 0.4000000060
26027  34.165  -41.383  -15.399 0.5000000000
26016  33.553  -41.085  -14.399 0.5000000000
26005  32.254  -41.149  -13.490 0.6000000238
26007  30.718  -41.453  -13.440 0.4000000060
26008  30.034  -41.725  -13.634 0.4000000060
26018  29.042  -41.497  -14.602 0.4000000060
26945  30.972  -40.622  -13.347 0.5000000000
22285  26.938  -45.887  -22.420 0.5000000000
21310  26.197  -46.764  -21.743 0.6000000238
24254  27.047  -44.294  -22.350 0.4000000060
26958  29.122  -40.669  -14.418 0.5000000000
141024  31.339  -39.776  -13.299 0.5000000000
26944  31.740  -40.540  -13.348 0.5000000000
26946  30.128  -40.734  -13.530 0.5000000000
146600  29.552  -40.426  -13.842 0.5000000000
27861  35.078  -38.407  -19.093 0.4000000060
27869  28.791  -39.847  -18.328 0.5000000000
134147  28.606  -40.401  -15.659 0.4000000060
26968  28.721  -40.904  -15.187 0.5000000000
27822  29.865  -39.624  -13.614 0.5000000000
28830  30.322  -38.706  -13.464 0.5000000000
27863  28.601  -39.629  -17.624 0.4000000060
27853  28.544  -39.405  -16.655 0.4000000060
129187  28.567  -40.160  -17.154 0.5000000000
135800  28.551  -40.275  -16.410 0.5000000000
27845  28.857  -39.191  -14.870 0.5000000000
27846  28.603  -39.724  -15.704 0.5000000000
129162  29.348  -39.135  -14.071 0.5000000000
29927  29.092  -37.524  -14.938 0.5000000000
28858  28.782  -38.297  -15.357 0.4000000060
18435  23.807  -48.866  -15.620 0.5000000000
18466  24.944  -50.298  -18.969 0.6000000238
143790  24.426  -48.453  -14.320 0.6000000238
129040  26.037  -50.333  -19.794 0.6000000238
18373  26.388  -49.816  -10.614 0.5000000000
23303  28.021  -45.106  -22.811 0.5000000000
24176  29.942  -43.834  -14.149 0.6000000238
129179  29.542  -42.977  -14.259 0.4000000060
144458  23.193  -49.185  -14.299 0.5000000000
19306  23.758  -48.700  -14.296 0.5000000000
18427  23.324  -49.072  -15.082 0.5000000000
17582  21.484  -51.279  -16.903 0.4000000060
23262  35.683  -44.016  -17.773 0.6000000238
147129  23.334  -50.825  -18.552 0.6000000238
136125  22.658  -51.025  -18.659 0.4000000060
25136  35.490  -40.873  -19.654 0.4000000060
18493  26.203  -50.156  -20.588 0.6000000238
17621  24.820  -50.488  -19.843 0.6000000238
17610  23.104  -50.890  -19.179 0.5000000000
18469  21.006  -50.881  -18.362 0.5000000000
139659  20.827  -51.292  -18.028 0.5000000000
19341  22.123  -49.214  -18.743 0.5000000000
20321  25.717  -48.769  -21.179 0.5000000000
20310  23.724  -48.483  -19.584 0.5000000000
20309  24.353  -48.277  -20.090 0.5000000000
25106  32.679  -42.597  -13.870 0.5000000000
143012  34.437  -41.136  -16.615 0.5000000000
145269  26.755  -46.593  -22.253 0.6000000238
25093  29.519  -42.048  -14.093 0.3000000119
28870  28.598  -38.330  -16.412 0.4000000060
8235  32.584  -64.307  -12.377 0.3000000119
8274  32.558  -63.990  -13.449 0.3000000119
8253  32.613  -63.884  -12.962 0.3000000119
130942  31.221  -61.651  -13.501 0.3000000119
9004  32.497  -63.372  -13.797 0.3000000119
9680  30.989  -61.655  -12.789 0.3000000119
9695  30.318  -61.141  -13.951 0.3000000119
10297  30.447  -61.124  -13.212 0.3000000119
137866  29.607  -59.677  -10.888 0.3000000119
10285  30.255  -61.036  -12.324 0.3000000119
10298  29.768  -60.477  -12.601 0.3000000119
10308  29.551  -60.647  -13.380 0.3000000119
10874  29.569  -59.270  -11.406 0.3000000119
12805  28.914  -56.445  -11.181 0.3000000119
144264  29.539  -58.739  -11.351 0.3000000119
10875  28.977  -58.799  -11.747 0.4000000060
10888  28.249  -59.280  -12.548 0.4000000060
12162  27.612  -57.576  -12.979 0.4000000060
10898  27.589  -59.158  -13.589 0.3000000119
14240  30.162  -54.059  -11.750 0.3000000119
13515  28.649  -55.918  -11.597 0.4000000060
12816  28.269  -56.188  -12.302 0.4000000060
11476  27.840  -58.395  -12.399 0.4000000060
14221  30.436  -54.472  -11.166 0.3000000119
12827  28.134  -56.549  -13.345 0.4000000060
15848  32.871  -52.673  -12.782 0.4000000060
15006  31.353  -53.233  -12.221 0.4000000060
12170  27.594  -58.042  -13.995 0.4000000060
12839  28.532  -56.737  -14.499 0.3000000119
15007  30.656  -53.549  -12.114 0.4000000060
14241  29.535  -54.512  -12.099 0.3000000119
13525  29.060  -55.090  -12.583 0.4000000060
15866  32.543  -52.358  -13.329 0.4000000060
14271  29.954  -54.894  -14.139 0.5000000000
13534  29.277  -55.291  -13.620 0.4000000060
15065  30.495  -53.966  -17.641 0.5000000000
15865  33.212  -52.199  -13.446 0.4000000060
13546  28.864  -55.983  -14.093 0.4000000060
14296  30.472  -55.528  -18.251 0.3000000119
14301  31.755  -55.298  -19.177 0.4000000060
13563  31.133  -56.293  -17.007 0.3000000119
16667  26.399  -51.409  -10.263 0.4000000060
16668  25.528  -51.323  -9.995 0.4000000060
16764  31.347  -51.596  -16.606 0.4000000060
16774  31.582  -51.565  -17.403 0.4000000060
147002  30.613  -52.443  -16.025 0.4000000060
15867  31.706  -52.702  -12.947 0.4000000060
15025  30.871  -53.312  -12.912 0.3000000119
126311  30.310  -54.116  -13.536 0.5000000000
15896  31.215  -52.303  -17.062 0.4000000060
15903  30.917  -53.123  -17.412 0.4000000060
16721  32.995  -51.853  -13.838 0.4000000060
15072  30.926  -54.845  -18.565 0.4000000060
14270  30.586  -54.488  -14.623 0.4000000060
15914  32.201  -54.136  -19.697 0.5000000000
13544  30.355  -55.345  -15.187 0.5000000000
13575  32.348  -55.274  -19.295 0.4000000060
13574  30.986  -56.191  -18.354 0.4000000060
13555  30.722  -55.841  -16.194 0.3000000119
13573  31.753  -55.773  -18.726 0.4000000060
17486  25.072  -50.542  -10.316 0.4000000060
17565  31.379  -50.239  -15.660 0.4000000060
15879  32.660  -51.942  -14.157 0.4000000060
15880  31.985  -52.456  -13.896 0.4000000060
15902  31.561  -52.670  -18.302 0.4000000060
16752  32.824  -51.720  -15.079 0.4000000060
15039  30.816  -53.678  -13.952 0.4000000060
15909  32.007  -53.366  -19.375 0.5000000000
137016  33.517  -51.365  -15.239 0.4000000060
16751  33.788  -50.986  -15.965 0.4000000060
15890  32.188  -52.616  -15.090 0.4000000060
15048  31.721  -53.640  -15.645 0.5000000000
15055  32.184  -53.410  -16.267 0.5000000000
139503  32.317  -52.433  -19.450 0.4000000060
15913  32.558  -53.848  -20.187 0.5000000000
138104  34.674  -50.446  -16.655 0.4000000060
15056  31.915  -54.445  -16.714 0.5000000000
15075  32.883  -54.664  -20.298 0.4000000060
14280  31.540  -55.196  -16.682 0.4000000060
14295  32.411  -55.316  -18.508 0.4000000060
13569  32.227  -55.590  -18.939 0.4000000060
14300  32.647  -55.096  -19.381 0.4000000060
17606  32.413  -51.209  -19.006 0.4000000060
17618  33.267  -50.347  -20.148 0.3000000119
16763  33.138  -51.531  -15.928 0.4000000060
15894  32.882  -52.282  -16.895 0.4000000060
16795  32.793  -52.102  -20.194 0.4000000060
146512  20.297  -51.532  -16.852 0.4000000060
18451  35.745  -49.517  -17.918 0.4000000060
17578  34.058  -50.705  -16.669 0.4000000060
15895  32.580  -53.289  -17.010 0.5000000000
15062  32.932  -53.323  -17.918 0.5000000000
16794  33.346  -52.825  -21.054 0.5000000000
15918  33.700  -53.807  -21.256 0.4000000060
18452  35.109  -49.753  -18.057 0.4000000060
15063  32.675  -54.340  -18.050 0.4000000060
14303  33.419  -54.472  -20.443 0.4000000060
14299  33.258  -54.772  -19.928 0.4000000060
15074  33.817  -54.333  -20.654 0.4000000060
18479  32.893  -49.943  -19.277 0.4000000060
17628  33.250  -51.482  -20.622 0.3000000119
16772  34.459  -50.391  -17.521 0.4000000060
16773  33.708  -51.230  -17.568 0.4000000060
17633  33.667  -50.842  -21.177 0.3000000119
17605  34.566  -50.538  -18.641 0.4000000060
16781  34.030  -51.331  -18.504 0.4000000060
16782  33.668  -52.415  -18.582 0.4000000060
143183  33.390  -53.318  -18.595 0.5000000000
18476  36.238  -49.119  -19.138 0.4000000060
18477  35.672  -49.659  -19.691 0.4000000060
16789  34.591  -52.468  -20.236 0.4000000060
15912  34.293  -53.672  -20.548 0.4000000060
15079  34.203  -53.638  -21.442 0.4000000060
19338  33.166  -48.505  -18.765 0.4000000060
17617  34.758  -51.175  -19.788 0.4000000060
9053  29.339  -62.511  -18.751 0.3000000119
11457  30.053  -57.982  -10.727 0.3000000119
13513  30.050  -55.273  -10.851 0.3000000119
14988  31.859  -53.611  -11.705 0.4000000060
16736  34.548  -51.521  -14.943 0.4000000060
16750  34.200  -51.083  -15.532 0.4000000060
16761  35.316  -50.955  -16.055 0.4000000060
18450  36.317  -49.479  -17.963 0.4000000060
18492  33.653  -49.916  -20.667 0.3000000119
19337  36.800  -48.892  -18.983 0.4000000060
18478  33.463  -49.222  -19.719 0.4000000060
18502  34.127  -50.168  -21.536 0.4000000060
17632  34.359  -51.344  -22.202 0.4000000060
19364  36.883  -48.842  -20.371 0.4000000060
17616  35.322  -50.810  -20.449 0.4000000060
16793  35.114  -52.207  -20.985 0.4000000060
15921  35.017  -52.537  -22.334 0.3000000119
16798  34.477  -52.396  -22.130 0.4000000060
126537  36.469  -49.710  -21.446 0.4000000060
15064  31.158  -53.772  -18.377 0.4000000060
20306  33.826  -48.187  -19.234 0.4000000060
7626  32.296  -64.025  -13.982 0.3000000119
9005  32.289  -63.098  -12.780 0.3000000119
9693  31.673  -61.931  -14.166 0.3000000119
8341  29.858  -63.087  -18.842 0.3000000119
9730  29.614  -62.409  -18.589 0.3000000119
12131  29.680  -57.300  -10.952 0.3000000119
10887  29.342  -59.669  -12.120 0.4000000060
10889  27.655  -59.022  -12.992 0.4000000060
12141  28.657  -57.306  -11.413 0.3000000119
13514  29.290  -55.601  -11.186 0.3000000119
12142  27.916  -57.470  -11.975 0.4000000060
13535  28.589  -55.696  -13.009 0.4000000060
14220  31.234  -54.335  -11.160 0.3000000119
15864  33.872  -52.266  -13.709 0.4000000060
14269  31.216  -53.924  -14.956 0.4000000060
14281  30.949  -54.961  -15.815 0.5000000000
13562  31.553  -55.943  -17.351 0.3000000119
17577  35.274  -50.491  -16.526 0.4000000060
15908  33.767  -53.923  -19.693 0.4000000060
15916  35.061  -52.822  -21.820 0.4000000060
20329  36.096  -47.387  -21.307 0.4000000060
20318  35.462  -47.791  -20.915 0.4000000060
21305  37.409  -46.169  -21.843 0.4000000060
22257  37.635  -45.247  -21.361 0.3000000119
136835  36.517  -46.772  -20.771 0.5000000000
20304  35.324  -47.431  -19.906 0.4000000060
20305  34.552  -47.799  -19.578 0.4000000060
22275  44.665  -46.162  -21.752 0.3000000119
22276  43.639  -46.252  -22.419 0.3000000119
22255  40.479  -45.308  -20.476 0.3000000119
131542  39.338  -43.702  -21.778 0.3000000119
24235  38.647  -42.900  -22.271 0.3000000119
24245  37.782  -42.214  -22.183 0.3000000119
22266  43.153  -46.025  -22.035 0.3000000119
22253  42.689  -45.747  -20.882 0.3000000119
22254  41.546  -45.655  -20.681 0.3000000119
21303  46.046  -46.226  -21.250 0.3000000119
144254  45.401  -45.317  -20.979 0.3000000119
23281  38.848  -43.379  -21.095 0.3000000119
24227  38.217  -42.308  -20.889 0.3000000119
22236  41.239  -45.633  -19.609 0.3000000119
23280  39.634  -44.554  -20.752 0.3000000119
22234  44.416  -44.690  -19.372 0.3000000119
22223  43.161  -45.050  -19.037 0.3000000119
23258  40.292  -45.166  -18.025 0.3000000119
22224  41.918  -44.951  -17.968 0.3000000119
22214  41.153  -45.058  -17.792 0.3000000119
23267  45.540  -44.520  -19.683 0.3000000119
147319  39.220  -44.567  -19.151 0.3000000119
24212  38.153  -43.710  -18.382 0.3000000119
145410  42.908  -44.588  -18.150 0.3000000119
23259  39.423  -44.799  -18.352 0.3000000119
132747  37.112  -42.860  -16.350 0.3000000119
23246  41.897  -44.343  -17.237 0.3000000119
23248  39.853  -44.775  -17.290 0.3000000119
23249  38.854  -44.429  -17.837 0.3000000119
24190  37.798  -43.264  -15.601 0.3000000119
132423  36.210  -41.044  -17.816 0.3000000119
25127  37.089  -42.599  -17.669 0.3000000119
26034  36.273  -41.696  -16.623 0.3000000119
26976  35.668  -40.157  -16.412 0.3000000119
126228  35.095  -38.418  -19.035 0.3000000119
27842  35.736  -39.541  -15.752 0.3000000119
28855  35.702  -38.616  -16.402 0.3000000119
139735  35.113  -37.923  -17.461 0.3000000119
22270  38.058  -45.157  -22.530 0.3000000119
21297  37.146  -46.191  -20.863 0.4000000060
24236  38.172  -42.082  -21.780 0.3000000119
24220  37.563  -42.511  -19.109 0.3000000119
21316  36.894  -46.928  -22.643 0.5000000000
139024  44.892  -45.624  -21.367 0.3000000119
22256  39.936  -45.133  -19.865 0.3000000119
23288  40.015  -44.613  -21.694 0.3000000119
24243  38.606  -43.216  -22.835 0.3000000119
23290  38.344  -42.993  -22.738 0.3000000119
22235  42.303  -45.607  -19.791 0.3000000119
22251  44.818  -45.059  -20.556 0.3000000119
23268  38.724  -43.758  -19.885 0.3000000119
124235  42.033  -45.361  -18.821 0.3000000119
23234  40.046  -44.304  -16.344 0.3000000119
23219  39.411  -44.094  -15.951 0.3000000119
24202  38.298  -43.983  -17.349 0.3000000119
122667  41.888  -43.509  -16.447 0.3000000119
24203  37.774  -43.501  -16.701 0.3000000119
17636  35.186  -51.347  -22.888 0.3000000119
17635  35.889  -51.168  -23.296 0.4000000060
18505  37.277  -49.340  -24.120 0.4000000060
18510  36.757  -49.610  -24.090 0.4000000060
18501  34.720  -50.472  -22.549 0.3000000119
19393  37.562  -48.333  -24.981 0.4000000060
19392  37.886  -48.038  -24.998 0.3000000119
18508  35.402  -50.723  -23.193 0.4000000060
19390  36.619  -48.922  -24.304 0.4000000060
21326  37.977  -46.623  -25.032 0.3000000119
19379  35.176  -49.107  -22.452 0.3000000119
19387  35.777  -49.324  -23.504 0.4000000060
20351  37.391  -47.372  -24.898 0.4000000060
20330  35.648  -48.252  -22.216 0.3000000119
128600  36.320  -47.545  -22.357 0.4000000060
21315  37.477  -46.194  -23.174 0.4000000060
18491  34.597  -49.408  -21.815 0.3000000119
19365  35.000  -48.550  -21.435 0.3000000119
19353  34.201  -48.564  -20.082 0.3000000119
19367  34.070  -49.298  -20.753 0.3000000119
141373  36.572  -47.572  -23.400 0.4000000060
19391  36.271  -49.778  -23.923 0.4000000060
17627  35.552  -51.739  -21.869 0.3000000119
13497  33.067  -55.923  -10.685 0.3000000119
13510  33.176  -55.322  -11.400 0.3000000119
14219  32.553  -54.587  -11.542 0.3000000119
143488  32.515  -53.214  -12.291 0.3000000119
17630  36.243  -50.881  -23.267 0.3000000119
17626  36.194  -50.982  -22.487 0.3000000119
12826  35.025  -55.686  -13.352 0.3000000119
14254  34.023  -54.148  -12.972 0.3000000119
13524  34.313  -55.160  -12.819 0.3000000119
15037  34.599  -52.890  -13.923 0.3000000119
15889  35.327  -51.882  -15.208 0.3000000119
18506  36.686  -50.009  -23.607 0.3000000119
139799  35.532  -56.493  -13.328 0.3000000119
13533  35.336  -55.357  -13.966 0.3000000119
140461  35.820  -55.953  -14.385 0.3000000119
139711  34.472  -53.818  -13.508 0.3000000119
14253  34.691  -54.777  -13.479 0.3000000119
131415  35.595  -52.652  -15.050 0.3000000119
14266  36.405  -55.358  -15.339 0.3000000119
14279  35.951  -54.321  -14.927 0.3000000119
15036  35.427  -53.265  -14.614 0.3000000119
15893  35.711  -51.604  -15.822 0.3000000119
17590  36.989  -50.095  -17.755 0.3000000119
18475  37.510  -48.896  -19.118 0.3000000119
13543  36.289  -56.158  -14.992 0.3000000119
135999  36.480  -52.202  -16.268 0.3000000119
16759  37.315  -52.746  -16.806 0.3000000119
16771  36.786  -50.946  -17.175 0.3000000119
18498  37.314  -49.334  -23.100 0.3000000119
14287  37.164  -55.337  -16.475 0.3000000119
13561  37.238  -56.068  -16.565 0.3000000119
14278  36.679  -54.523  -15.798 0.3000000119
15046  36.816  -53.382  -16.194 0.3000000119
16780  37.779  -51.289  -17.829 0.3000000119
18461  37.057  -49.383  -18.433 0.3000000119
19363  37.694  -48.361  -20.537 0.3000000119
137583  37.867  -48.338  -22.545 0.3000000119
19386  37.767  -48.752  -23.820 0.3000000119
17631  35.764  -51.586  -22.798 0.3000000119
15053  37.658  -53.882  -17.086 0.3000000119
16770  37.590  -52.133  -17.389 0.3000000119
18460  38.059  -49.628  -18.742 0.3000000119
19350  38.000  -48.495  -19.728 0.3000000119
15004  33.254  -53.494  -12.547 0.3000000119
13509  33.908  -55.442  -12.031 0.3000000119
14218  33.215  -54.816  -11.887 0.3000000119
7609  32.456  -64.255  -13.446 0.3000000119
8292  32.421  -63.744  -14.085 0.3000000119
9006  31.378  -62.368  -12.392 0.3000000119
9052  30.105  -62.865  -18.752 0.3000000119
9679  31.936  -62.369  -13.454 0.3000000119
9694  30.983  -61.416  -13.866 0.3000000119
9705  31.142  -61.612  -14.564 0.3000000119
9731  28.777  -61.830  -18.694 0.3000000119
10286  29.726  -60.236  -11.755 0.3000000119
10896  28.784  -60.029  -12.912 0.3000000119
11467  29.463  -58.162  -11.299 0.3000000119
11468  28.412  -58.001  -11.710 0.4000000060
11481  27.558  -58.540  -13.326 0.4000000060
12143  27.880  -56.898  -12.351 0.4000000060
12161  27.873  -57.229  -13.933 0.4000000060
12806  28.283  -56.694  -11.706 0.4000000060
12837  36.195  -56.661  -14.481 0.3000000119
12849  30.563  -56.571  -16.621 0.3000000119
13526  28.636  -55.575  -12.179 0.4000000060
13545  29.672  -55.661  -14.665 0.4000000060
13554  36.808  -56.418  -15.910 0.3000000119
14222  29.668  -54.773  -11.383 0.3000000119
14238  33.585  -54.556  -12.390 0.3000000119
14239  32.810  -53.979  -12.013 0.3000000119
14255  30.162  -53.959  -12.516 0.3000000119
14256  29.607  -54.534  -13.031 0.4000000060
14267  35.805  -55.238  -14.610 0.3000000119
14268  35.171  -54.257  -14.136 0.3000000119
14272  28.090  -54.143  -14.810 0.5000000000
14286  37.682  -55.610  -17.128 0.3000000119
14288  32.314  -54.801  -17.587 0.4000000060
14289  31.989  -55.422  -17.560 0.3000000119
14291  28.580  -55.046  -16.503 0.5000000000
14292  28.058  -55.284  -16.156 0.4000000060
14298  28.949  -55.407  -17.141 0.3000000119
14302  31.270  -55.599  -18.646 0.4000000060
14304  32.912  -54.856  -19.909 0.4000000060
14989  30.935  -53.724  -11.557 0.3000000119
15005  32.099  -52.843  -12.491 0.4000000060
15008  28.012  -53.298  -13.238 0.4000000060
15024  33.780  -52.962  -13.179 0.3000000119
15038  31.353  -53.102  -13.833 0.4000000060
15041  28.441  -53.464  -14.245 0.4000000060
15047  36.111  -53.413  -15.328 0.3000000119
15050  29.413  -53.472  -15.612 0.5000000000
15054  37.346  -54.606  -16.663 0.3000000119
15069  33.199  -54.322  -19.002 0.4000000060
15070  32.896  -54.818  -18.949 0.4000000060
15071  31.641  -54.548  -19.225 0.5000000000
15076  32.320  -54.676  -19.651 0.4000000060
15077  34.224  -53.868  -21.191 0.4000000060
15078  33.844  -54.205  -21.010 0.4000000060
15831  28.270  -52.081  -11.742 0.4000000060
15876  34.983  -52.297  -14.609 0.3000000119
15877  34.207  -51.919  -14.264 0.4000000060
15878  33.474  -51.811  -14.060 0.4000000060
15881  30.138  -52.389  -15.020 0.5000000000
15888  36.046  -52.490  -15.600 0.3000000119
15897  31.015  -52.096  -16.230 0.4000000060
15900  38.763  -53.920  -18.421 0.3000000119
15907  34.157  -52.689  -19.525 0.5000000000
15917  34.608  -53.277  -21.646 0.4000000060
15919  34.970  -52.938  -22.059 0.3000000119
15920  34.635  -53.061  -21.903 0.4000000060
16722  30.421  -51.039  -13.714 0.4000000060
16737  33.825  -51.494  -14.720 0.4000000060
16738  33.205  -51.656  -14.454 0.4000000060
16749  34.939  -51.172  -15.560 0.4000000060
16753  31.219  -51.262  -15.767 0.4000000060
16760  36.074  -51.143  -16.448 0.3000000119
16762  33.447  -51.370  -16.723 0.4000000060
16775  20.556  -51.408  -17.402 0.5000000000
16776  19.782  -51.332  -17.056 0.5000000000
16797  35.211  -52.333  -22.311 0.3000000119
16799  33.766  -52.037  -21.630 0.5000000000
16800  35.419  -51.831  -22.644 0.3000000119
16801  34.935  -51.997  -22.606 0.3000000119
17485  25.985  -50.547  -10.262 0.5000000000
17537  30.052  -50.729  -13.103 0.5000000000
17563  34.734  -50.743  -16.080 0.4000000060
17564  34.292  -50.758  -16.170 0.4000000060
17576  35.880  -50.352  -16.888 0.3000000119
17581  22.295  -50.741  -16.939 0.4000000060
17591  36.105  -49.866  -17.411 0.4000000060
17592  35.263  -49.967  -17.248 0.4000000060
17593  32.265  -50.535  -18.280 0.5000000000
17596  21.971  -51.287  -17.878 0.4000000060
17603  37.855  -50.417  -18.295 0.3000000119
17604  35.116  -50.044  -19.135 0.4000000060
17608  24.394  -50.614  -19.435 0.6000000238
17609  23.528  -50.861  -19.153 0.5000000000
17619  32.782  -50.966  -19.659 0.4000000060
17620  25.789  -50.437  -20.121 0.6000000238
17634  36.294  -50.381  -23.711 0.4000000060
18372  27.195  -49.824  -10.795 0.6000000238
18395  24.472  -49.230  -11.657 0.5000000000
18407  29.449  -49.535  -12.533 0.5000000000
18408  28.863  -49.340  -12.066 0.6000000238
18419  30.394  -49.414  -13.611 0.6000000238
18421  22.767  -49.587  -13.847 0.5000000000
18434  31.046  -48.916  -15.092 0.6999999881
18441  31.536  -49.681  -16.270 0.6999999881
18454  24.659  -49.834  -18.083 0.6999999881
18462  36.279  -49.261  -18.465 0.4000000060
18463  35.685  -49.448  -18.627 0.4000000060
18468  21.667  -50.400  -18.591 0.5000000000
18481  26.295  -50.248  -20.241 0.6000000238
18482  25.279  -50.196  -20.376 0.6000000238
18484  23.380  -50.453  -19.457 0.5000000000
18489  36.268  -49.304  -20.150 0.4000000060
18490  35.878  -50.316  -21.057 0.4000000060
18499  36.681  -50.163  -22.818 0.3000000119
18500  35.228  -49.917  -22.937 0.3000000119
18507  35.814  -50.320  -23.635 0.4000000060
18509  37.221  -48.894  -24.616 0.4000000060
19258  27.761  -48.801  -11.757 0.6000000238
19259  27.080  -48.721  -11.645 0.6000000238
19276  25.735  -48.489  -12.307 0.6999999881
19303  26.259  -47.901  -14.295 0.6000000238
19305  25.060  -48.278  -13.986 0.6000000238
19312  25.282  -48.269  -15.764 0.6000000238
19313  24.527  -48.628  -15.716 0.5000000000
19328  31.693  -48.267  -17.284 0.6000000238
19351  37.269  -48.697  -19.602 0.3000000119
19352  36.698  -48.887  -19.546 0.4000000060
19354  32.896  -49.210  -18.885 0.5000000000
19355  26.427  -49.876  -19.865 0.6999999881
19358  22.844  -49.504  -19.241 0.5000000000
19362  38.497  -48.089  -20.432 0.3000000119
19366  34.512  -48.754  -20.880 0.3000000119
19369  27.245  -49.302  -21.120 0.6000000238
19371  25.055  -49.154  -20.678 0.5000000000
19377  37.646  -48.444  -21.742 0.3000000119
19378  37.087  -49.072  -21.684 0.3000000119
19380  27.342  -49.078  -21.406 0.6000000238
19381  26.538  -49.267  -21.312 0.6000000238
19388  38.164  -48.161  -24.383 0.3000000119
19389  37.610  -48.623  -24.603 0.4000000060
20215  28.806  -47.912  -13.638 0.6999999881
20233  30.004  -47.979  -14.523 0.6000000238
20236  27.613  -47.487  -14.743 0.6999999881
20250  29.105  -47.198  -15.341 0.6000000238
20264  30.650  -47.350  -16.266 0.6999999881
20265  29.874  -47.028  -15.913 0.6999999881
20266  25.883  -47.527  -16.318 0.6000000238
20291  34.229  -47.386  -18.770 0.5000000000
20294  25.670  -48.326  -18.488 0.6999999881
20311  23.116  -48.654  -19.262 0.5000000000
20312  45.619  -46.667  -21.103 0.3000000119
20317  36.000  -47.054  -20.350 0.5000000000
20319  34.835  -48.153  -20.444 0.3000000119
20331  28.593  -47.927  -22.551 0.6999999881
20342  37.036  -47.092  -24.026 0.4000000060
20343  36.284  -48.348  -23.488 0.4000000060
20344  28.670  -48.075  -22.433 0.6999999881
20352  37.226  -48.182  -24.919 0.4000000060
20354  38.078  -47.462  -25.053 0.3000000119
21245  28.341  -46.404  -16.083 0.6999999881
21252  34.029  -46.048  -16.795 0.6000000238
21276  36.220  -45.820  -18.768 0.6000000238
21292  26.237  -47.513  -19.473 0.6999999881
21294  23.843  -47.414  -19.422 0.4000000060
21295  46.230  -45.773  -20.813 0.3000000119
21298  36.726  -46.189  -20.031 0.5000000000
21304  45.345  -46.428  -21.473 0.3000000119
21306  36.710  -46.854  -21.552 0.4000000060
21307  29.266  -47.016  -22.872 0.6999999881
21309  27.263  -47.699  -22.313 0.6000000238
21317  28.878  -47.680  -22.789 0.6999999881
22178  32.334  -44.764  -14.679 0.6000000238
22181  30.068  -45.263  -15.179 0.6999999881
22189  33.139  -45.288  -15.414 0.6000000238
22191  31.667  -45.458  -15.180 0.6000000238
22202  32.363  -45.735  -15.615 0.6000000238
22204  30.562  -46.346  -16.174 0.6999999881
22218  25.753  -45.563  -17.679 0.6000000238
22225  40.945  -45.426  -18.637 0.3000000119
22228  25.682  -45.959  -18.342 0.6000000238
22237  40.449  -45.420  -19.495 0.3000000119
22238  39.880  -45.172  -19.033 0.3000000119
22242  26.475  -45.966  -19.667 0.6999999881
22252  43.878  -45.730  -21.193 0.3000000119
22258  37.235  -45.538  -20.460 0.6000000238
22260  27.883  -46.812  -21.060 0.6999999881
22264  45.789  -45.732  -21.164 0.3000000119
22265  44.153  -45.997  -22.184 0.3000000119
22272  29.418  -46.751  -22.415 0.6999999881
22281  30.406  -45.404  -23.054 0.6000000238
22283  29.526  -46.561  -23.076 0.6000000238
22284  28.238  -46.378  -22.833 0.5000000000
23204  33.023  -43.980  -14.579 0.5000000000
23220  34.223  -44.089  -15.686 0.5000000000
23235  39.108  -44.401  -16.852 0.3000000119
23238  33.947  -44.950  -15.799 0.6000000238
23239  27.071  -44.445  -16.460 0.5000000000
23247  40.935  -44.675  -17.204 0.3000000119
23250  34.876  -45.024  -16.821 0.5000000000
23260  38.719  -44.174  -18.821 0.3000000119
23263  26.427  -44.241  -18.519 0.6000000238
23270  36.591  -43.510  -19.836 0.4000000060
23279  45.841  -44.999  -20.503 0.3000000119
23282  36.826  -42.476  -20.962 0.4000000060
23289  39.379  -43.691  -22.816 0.3000000119
23293  30.023  -45.424  -22.258 0.6999999881
23300  30.939  -44.921  -23.079 0.6000000238
23308  30.861  -44.811  -23.272 0.5000000000
24158  31.884  -42.935  -13.630 0.6000000238
24170  38.839  -43.117  -14.784 0.3000000119
24189  38.633  -43.721  -15.693 0.3000000119
24213  37.639  -43.299  -17.851 0.3000000119
24216  26.599  -43.846  -17.251 0.6000000238
24219  38.119  -43.090  -19.595 0.3000000119
24221  36.264  -42.877  -19.568 0.4000000060
24237  37.282  -41.772  -21.544 0.3000000119
24239  29.401  -43.609  -20.903 0.6999999881
24244  38.042  -42.363  -22.436 0.3000000119
24247  30.249  -43.955  -21.638 0.6999999881
24253  27.876  -43.855  -22.652 0.4000000060
25089  32.866  -41.667  -13.779 0.6000000238
25090  31.993  -42.037  -13.492 0.4000000060
25091  31.372  -42.492  -13.498 0.4000000060
25092  30.640  -42.349  -13.534 0.4000000060
25121  36.594  -42.129  -17.083 0.3000000119
25122  35.000  -42.392  -17.466 0.5000000000
25129  35.379  -42.193  -18.464 0.4000000060
25140  37.546  -41.509  -21.269 0.4000000060
25143  36.039  -40.776  -20.454 0.4000000060
25151  37.229  -41.104  -21.188 0.4000000060
25153  30.224  -42.471  -20.922 0.6000000238
25157  37.611  -41.854  -21.648 0.3000000119
25162  31.470  -43.449  -22.757 0.5000000000
25168  30.222  -42.784  -23.602 0.5000000000
26004  32.951  -40.758  -13.740 0.5000000000
26006  31.474  -41.276  -13.388 0.5000000000
26017  29.534  -41.196  -13.914 0.3000000119
26035  35.818  -40.848  -16.830 0.3000000119
26043  28.455  -41.693  -17.349 0.5000000000
26046  36.660  -40.671  -20.078 0.4000000060
26047  35.759  -39.972  -20.087 0.4000000060
26052  37.132  -40.807  -20.995 0.4000000060
26055  28.995  -41.891  -19.014 0.6000000238
26062  36.905  -40.836  -21.149 0.4000000060
26943  32.361  -40.472  -13.483 0.6000000238
26967  28.770  -40.120  -14.963 0.5000000000
26991  34.899  -39.332  -19.396 0.4000000060
27002  30.286  -41.041  -20.797 0.5000000000
27007  31.438  -41.532  -22.445 0.5000000000
27821  30.568  -40.018  -13.407 0.5000000000
27834  29.214  -39.859  -14.237 0.5000000000
27877  29.821  -39.750  -20.580 0.5000000000
28831  29.706  -38.742  -13.741 0.5000000000
28859  28.616  -38.976  -15.806 0.4000000060
28867  35.025  -38.220  -18.511 0.4000000060
28880  28.550  -38.746  -17.386 0.4000000060
28887  28.654  -39.083  -18.242 0.5000000000
122316  31.199  -42.506  -24.076 0.5000000000
122331  28.930  -53.400  -14.949 0.4000000060
122454  37.759  -47.621  -25.078 0.3000000119
124754  35.823  -39.022  -15.452 0.3000000119
125057  30.651  -39.361  -13.381 0.5000000000
125269  34.667  -53.195  -21.191 0.4000000060
125502  31.664  -49.088  -16.954 0.6999999881
125576  32.873  -53.284  -20.568 0.5000000000
125895  36.826  -55.597  -16.054 0.3000000119
125903  30.764  -50.818  -14.295 0.4000000060
126108  29.796  -58.779  -10.864 0.3000000119
126625  35.635  -56.185  -13.907 0.3000000119
127662  31.458  -54.436  -15.977 0.5000000000
127720  36.768  -47.932  -24.487 0.4000000060
127945  32.564  -52.378  -16.019 0.5000000000
128046  32.349  -54.070  -17.097 0.5000000000
128147  33.283  -52.306  -17.719 0.5000000000
128237  43.474  -45.399  -20.095 0.3000000119
128719  24.561  -49.375  -17.272 0.6000000238
128846  29.795  -53.559  -16.251 0.6000000238
128848  40.707  -44.306  -16.639 0.3000000119
129110  32.190  -48.180  -17.764 0.6000000238
129170  33.990  -53.103  -21.731 0.4000000060
129472  29.060  -55.195  -11.755 0.4000000060
130802  33.282  -54.217  -20.809 0.4000000060
132271  32.001  -43.039  -24.107 0.4000000060
132793  29.348  -40.965  -19.200 0.6000000238
132802  28.030  -45.693  -21.023 0.6000000238
134479  36.031  -43.502  -18.634 0.6000000238
134549  34.385  -51.607  -19.321 0.4000000060
134863  39.364  -44.524  -19.909 0.3000000119
135107  27.932  -49.896  -11.166 0.5000000000
135841  31.662  -53.108  -14.686 0.4000000060
136268  30.008  -49.852  -13.023 0.5000000000
136390  26.208  -46.146  -16.710 0.6000000238
136693  27.626  -54.678  -15.065 0.5000000000
138409  32.578  -64.458  -12.862 0.3000000119
140468  31.637  -53.693  -19.043 0.5000000000
140511  38.567  -44.032  -16.497 0.3000000119
141176  28.619  -49.966  -11.621 0.6000000238
141411  42.829  -43.966  -17.413 0.3000000119
141449  33.307  -53.676  -20.984 0.5000000000
141480  31.905  -42.934  -23.548 0.4000000060
141793  30.685  -52.707  -16.549 0.6000000238
141881  31.222  -55.714  -16.637 0.3000000119
142497  32.993  -45.937  -15.949 0.6000000238
143703  35.416  -38.856  -17.432 0.3000000119
144200  32.555  -51.622  -19.554 0.4000000060
144272  28.467  -42.097  -16.062 0.6000000238
144608  37.345  -42.602  -18.350 0.3000000119
144719  36.882  -51.832  -16.784 0.3000000119
145037  31.980  -43.309  -24.075 0.4000000060
145090  29.980  -42.458  -13.773 0.6000000238
146813  37.978  -42.474  -22.543 0.3000000119
147100  35.982  -56.829  -13.945 0.3000000119
