#!ascii label  , from subject sub-v2s12x28855_ses-1 vox2ras=TkReg
958
34431  -20.935  -50.670  63.292 0.0000000000
49902  -41.036  -34.623  64.097 0.0000000000
53680  -46.537  -30.139  57.484 0.0000000000
59241  -47.571  -23.709  49.843 0.0000000000
46838  -35.699  -37.111  64.496 0.0000000000
132701  -48.966  -26.328  53.801 0.0000000000
62974  -48.232  -20.292  46.776 0.0000000000
61157  -55.206  -23.382  45.104 0.0000000000
45795  -44.693  -36.764  64.141 0.0000000000
49931  -48.125  -34.700  60.745 0.0000000000
51776  -43.575  -32.116  60.719 0.0000000000
37182  -21.638  -47.567  67.545 0.0000000000
40791  -20.932  -42.842  67.971 0.0000000000
44588  -22.104  -39.764  67.460 0.0000000000
43491  -25.805  -40.226  69.243 0.0000000000
41636  -30.988  -43.545  68.311 0.0000000000
43495  -34.192  -41.059  67.104 0.0000000000
44615  -39.664  -39.091  64.925 0.0000000000
134327  -50.199  -33.675  55.539 0.0000000000
61186  -56.585  -22.793  43.076 0.0000000000
121907  -43.851  -35.083  64.132 0.0000000000
117889  -45.221  -33.497  63.815 0.0000000000
50889  -42.463  -33.579  62.561 0.0000000000
38143  -19.780  -46.158  66.993 0.0000000000
142678  -21.060  -44.950  68.027 0.0000000000
42572  -31.843  -41.733  66.532 0.0000000000
42546  -33.014  -41.625  68.925 0.0000000000
137784  -33.018  -39.884  66.309 0.0000000000
47901  -38.407  -36.370  63.791 0.0000000000
46811  -37.810  -37.275  65.631 0.0000000000
47877  -40.218  -35.972  66.139 0.0000000000
118017  -42.479  -37.694  66.353 0.0000000000
117973  -47.524  -30.650  60.319 0.0000000000
134348  -49.708  -34.037  58.468 0.0000000000
118057  -48.719  -29.991  58.639 0.0000000000
59225  -48.440  -23.421  51.766 0.0000000000
55655  -50.691  -27.905  52.916 0.0000000000
56503  -49.126  -27.314  51.075 0.0000000000
56509  -46.854  -27.612  48.919 0.0000000000
61106  -51.197  -21.628  48.818 0.0000000000
61984  -47.406  -20.677  49.330 0.0000000000
46846  -32.958  -37.887  64.072 0.0000000000
57389  -45.309  -25.464  48.699 0.0000000000
62016  -52.590  -21.647  46.502 0.0000000000
58335  -53.590  -25.163  46.719 0.0000000000
61214  -54.945  -22.686  40.947 0.0000000000
46878  -43.784  -36.960  61.442 0.0000000000
48910  -45.993  -35.683  62.018 0.0000000000
117891  -45.848  -32.307  62.079 0.0000000000
35305  -22.245  -49.514  65.149 0.0000000000
130402  -21.612  -41.731  66.604 0.0000000000
43516  -21.220  -40.592  67.075 0.0000000000
43541  -22.839  -40.711  66.175 0.0000000000
43520  -23.844  -40.780  66.853 0.0000000000
42541  -25.051  -41.364  69.239 0.0000000000
40769  -26.837  -43.157  69.766 0.0000000000
41649  -28.285  -42.849  68.439 0.0000000000
131118  -32.565  -45.117  68.909 0.0000000000
45757  -34.793  -38.175  65.730 0.0000000000
44581  -36.277  -39.832  65.983 0.0000000000
42589  -37.792  -41.220  64.504 0.0000000000
43546  -39.866  -40.031  63.223 0.0000000000
44661  -42.069  -38.426  62.336 0.0000000000
54680  -50.739  -29.377  55.324 0.0000000000
141270  -45.601  -22.240  47.460 0.0000000000
59256  -46.258  -24.522  48.153 0.0000000000
126598  -21.222  -51.088  63.994 0.0000000000
140606  -42.207  -34.524  64.385 0.0000000000
117904  -43.067  -33.721  64.178 0.0000000000
117910  -42.085  -34.031  63.209 0.0000000000
43534  -31.932  -40.646  65.318 0.0000000000
43523  -32.110  -40.773  66.221 0.0000000000
44612  -32.133  -39.731  65.007 0.0000000000
120279  -39.958  -35.306  64.465 0.0000000000
48877  -39.951  -35.776  66.032 0.0000000000
48878  -40.850  -35.156  66.019 0.0000000000
117913  -42.285  -36.394  64.745 0.0000000000
54644  -48.059  -30.275  59.386 0.0000000000
54666  -48.047  -29.898  58.586 0.0000000000
60131  -47.926  -23.426  50.962 0.0000000000
57350  -49.812  -25.588  51.481 0.0000000000
57379  -48.410  -25.248  49.960 0.0000000000
56511  -48.006  -27.225  49.943 0.0000000000
57390  -47.359  -25.843  48.938 0.0000000000
60170  -50.814  -23.663  47.217 0.0000000000
61137  -49.254  -22.777  46.617 0.0000000000
60189  -48.955  -23.509  45.599 0.0000000000
61138  -52.040  -22.246  45.034 0.0000000000
61140  -54.026  -22.747  46.425 0.0000000000
61109  -53.176  -22.681  48.197 0.0000000000
60174  -54.477  -23.936  46.376 0.0000000000
133674  -53.781  -25.433  45.292 0.0000000000
59317  -55.999  -24.153  44.781 0.0000000000
61197  -56.311  -23.375  42.225 0.0000000000
123447  -44.038  -36.431  63.359 0.0000000000
47918  -44.906  -35.994  61.664 0.0000000000
137846  -45.051  -35.464  63.238 0.0000000000
51763  -43.960  -32.587  63.129 0.0000000000
134271  -44.547  -33.078  62.800 0.0000000000
52682  -45.005  -31.396  61.679 0.0000000000
52693  -45.651  -30.852  61.006 0.0000000000
52691  -44.114  -31.632  60.239 0.0000000000
37204  -21.962  -47.999  65.652 0.0000000000
37192  -21.734  -47.316  66.535 0.0000000000
39957  -20.988  -43.585  68.173 0.0000000000
44606  -21.468  -39.486  65.805 0.0000000000
43517  -21.638  -40.227  67.261 0.0000000000
42568  -21.591  -40.740  67.047 0.0000000000
43518  -22.283  -40.271  67.478 0.0000000000
42583  -23.400  -40.722  66.392 0.0000000000
43500  -22.834  -39.771  67.708 0.0000000000
43480  -25.356  -40.823  69.526 0.0000000000
40768  -26.006  -42.556  69.478 0.0000000000
120919  -26.478  -41.567  69.669 0.0000000000
40795  -30.068  -43.792  67.430 0.0000000000
41663  -28.604  -43.162  67.136 0.0000000000
40780  -29.912  -43.865  68.696 0.0000000000
41626  -28.529  -43.598  69.681 0.0000000000
40773  -30.318  -44.101  69.376 0.0000000000
39945  -30.866  -44.584  69.328 0.0000000000
40774  -31.278  -44.067  69.290 0.0000000000
42547  -33.542  -41.698  68.280 0.0000000000
40784  -34.061  -43.177  68.678 0.0000000000
41652  -35.224  -42.350  68.025 0.0000000000
135439  -35.760  -42.144  67.396 0.0000000000
46822  -34.043  -37.813  65.216 0.0000000000
46824  -35.312  -37.438  65.417 0.0000000000
45759  -38.758  -38.254  66.061 0.0000000000
44596  -36.869  -38.723  65.939 0.0000000000
135655  -38.107  -39.598  65.217 0.0000000000
42588  -37.533  -41.168  65.098 0.0000000000
42590  -38.586  -40.523  64.232 0.0000000000
43536  -39.545  -39.801  64.192 0.0000000000
45773  -44.551  -37.999  65.604 0.0000000000
118157  -43.030  -37.775  65.226 0.0000000000
44647  -44.050  -37.306  64.440 0.0000000000
45814  -42.942  -37.850  61.675 0.0000000000
130338  -21.094  -47.291  67.826 0.0000000000
36219  -21.998  -48.606  68.150 0.0000000000
35293  -22.483  -49.486  67.350 0.0000000000
48928  -46.378  -35.286  60.128 0.0000000000
48936  -47.348  -34.773  58.822 0.0000000000
117907  -50.086  -33.241  57.203 0.0000000000
56465  -48.547  -27.424  54.985 0.0000000000
55614  -48.933  -28.529  56.346 0.0000000000
57288  -49.784  -27.177  54.713 0.0000000000
53755  -50.210  -29.493  52.409 0.0000000000
53724  -50.470  -30.656  53.233 0.0000000000
61119  -47.060  -22.120  48.113 0.0000000000
61983  -46.370  -21.315  48.486 0.0000000000
61101  -46.244  -22.262  47.764 0.0000000000
117996  -45.936  -24.097  47.810 0.0000000000
59270  -45.708  -23.839  47.348 0.0000000000
130903  -46.181  -25.381  47.729 0.0000000000
62039  -54.445  -22.263  43.578 0.0000000000
61171  -56.096  -22.675  44.162 0.0000000000
125195  -56.046  -21.614  43.174 0.0000000000
62989  -56.614  -21.177  42.613 0.0000000000
47869  -44.231  -36.752  64.476 0.0000000000
48880  -46.308  -35.518  64.940 0.0000000000
51749  -45.177  -33.823  65.585 0.0000000000
134289  -44.263  -33.872  63.661 0.0000000000
141371  -43.396  -32.600  61.932 0.0000000000
38131  -20.698  -45.976  67.835 0.0000000000
39062  -20.977  -45.786  67.815 0.0000000000
40790  -20.490  -43.530  67.927 0.0000000000
41665  -30.992  -43.144  67.295 0.0000000000
41637  -32.013  -42.784  68.849 0.0000000000
42557  -32.079  -41.819  67.531 0.0000000000
137004  -33.142  -41.336  67.713 0.0000000000
43507  -33.593  -40.810  67.071 0.0000000000
47900  -37.487  -36.683  64.068 0.0000000000
47874  -36.690  -36.954  65.486 0.0000000000
47876  -38.061  -37.045  65.628 0.0000000000
47867  -39.331  -36.742  66.069 0.0000000000
46826  -40.187  -37.832  65.994 0.0000000000
134310  -41.208  -38.283  64.930 0.0000000000
117948  -41.566  -37.166  65.104 0.0000000000
46803  -43.717  -36.472  66.093 0.0000000000
123973  -19.864  -46.669  66.549 0.0000000000
118353  -47.943  -32.181  60.900 0.0000000000
49941  -49.079  -34.169  59.591 0.0000000000
51777  -48.546  -32.486  60.161 0.0000000000
117980  -49.455  -32.027  58.781 0.0000000000
117762  -49.920  -31.514  57.219 0.0000000000
57333  -48.919  -24.358  52.710 0.0000000000
58241  -50.195  -26.012  53.725 0.0000000000
58259  -50.457  -25.398  52.783 0.0000000000
55667  -50.380  -27.860  52.175 0.0000000000
132886  -50.297  -20.415  48.437 0.0000000000
62947  -47.669  -20.193  48.961 0.0000000000
61986  -49.312  -20.821  48.931 0.0000000000
61120  -48.055  -21.815  47.611 0.0000000000
48901  -39.792  -35.652  62.609 0.0000000000
121883  -38.715  -36.799  62.717 0.0000000000
54678  -47.591  -29.272  57.053 0.0000000000
135473  -47.650  -26.360  52.272 0.0000000000
57349  -47.234  -25.778  51.566 0.0000000000
58280  -46.606  -24.697  50.159 0.0000000000
58294  -46.421  -24.381  49.425 0.0000000000
62015  -50.788  -20.631  46.632 0.0000000000
61988  -51.765  -20.909  48.894 0.0000000000
60157  -52.349  -22.911  48.365 0.0000000000
59293  -51.887  -25.401  46.422 0.0000000000
131427  -56.263  -23.988  43.345 0.0000000000
60239  -54.824  -23.884  42.144 0.0000000000
46895  -44.161  -36.264  60.356 0.0000000000
47926  -45.541  -35.491  61.007 0.0000000000
48912  -47.316  -34.851  61.105 0.0000000000
140122  -45.173  -34.786  63.126 0.0000000000
49921  -46.064  -34.226  62.110 0.0000000000
50908  -47.327  -33.119  61.134 0.0000000000
118019  -46.703  -31.101  61.074 0.0000000000
53646  -46.836  -30.585  60.356 0.0000000000
117778  -41.584  -33.994  61.200 0.0000000000
117780  -42.063  -33.480  61.141 0.0000000000
51792  -43.252  -32.323  58.678 0.0000000000
34422  -21.500  -50.323  63.913 0.0000000000
36254  -21.643  -48.870  63.685 0.0000000000
41685  -21.591  -41.733  65.215 0.0000000000
40811  -19.937  -42.803  66.422 0.0000000000
41659  -20.419  -41.996  67.098 0.0000000000
41673  -20.747  -41.534  67.335 0.0000000000
42598  -21.922  -41.395  66.117 0.0000000000
41675  -24.554  -41.621  66.226 0.0000000000
41662  -25.419  -42.632  67.181 0.0000000000
43504  -27.001  -40.608  67.442 0.0000000000
42556  -27.996  -42.189  67.522 0.0000000000
42542  -27.109  -41.403  68.909 0.0000000000
42535  -27.269  -42.441  69.722 0.0000000000
39943  -27.943  -44.537  69.788 0.0000000000
40782  -33.042  -43.833  69.237 0.0000000000
45768  -33.183  -38.515  65.343 0.0000000000
44595  -33.855  -39.246  66.220 0.0000000000
44579  -34.623  -39.395  66.260 0.0000000000
46810  -36.313  -37.420  65.776 0.0000000000
45747  -35.489  -38.646  66.087 0.0000000000
43510  -35.742  -40.704  66.401 0.0000000000
42561  -37.032  -41.601  66.670 0.0000000000
140956  -38.223  -42.500  65.765 0.0000000000
42624  -40.193  -39.880  62.378 0.0000000000
117870  -41.434  -38.853  63.907 0.0000000000
44644  -41.269  -38.830  63.295 0.0000000000
43582  -41.053  -39.457  61.667 0.0000000000
44676  -42.396  -38.373  61.227 0.0000000000
34407  -22.319  -50.313  65.514 0.0000000000
117761  -48.431  -29.471  57.356 0.0000000000
53681  -49.923  -29.956  56.945 0.0000000000
52734  -50.660  -31.080  55.770 0.0000000000
123494  -50.742  -28.558  53.572 0.0000000000
142050  -50.948  -30.982  54.375 0.0000000000
117903  -50.468  -33.161  54.995 0.0000000000
117849  -44.856  -25.368  48.172 0.0000000000
117979  -46.842  -23.832  49.292 0.0000000000
62961  -46.138  -20.531  47.554 0.0000000000
61999  -45.100  -21.073  46.956 0.0000000000
60153  -45.553  -23.786  47.285 0.0000000000
117978  -45.716  -24.259  47.812 0.0000000000
117848  -46.716  -24.292  48.688 0.0000000000
57401  -46.469  -26.116  48.031 0.0000000000
34430  -20.453  -51.020  62.643 0.0000000000
49882  -41.893  -34.694  64.551 0.0000000000
134265  -41.966  -34.464  64.167 0.0000000000
117771  -41.703  -34.428  63.905 0.0000000000
121629  -31.654  -41.470  64.699 0.0000000000
44627  -31.977  -39.602  64.168 0.0000000000
141146  -40.659  -34.738  64.730 0.0000000000
48887  -40.502  -35.108  65.530 0.0000000000
49881  -41.221  -34.612  65.024 0.0000000000
117901  -41.681  -35.105  65.178 0.0000000000
54652  -47.217  -30.083  58.956 0.0000000000
54653  -47.871  -29.979  59.167 0.0000000000
54664  -47.218  -29.760  57.962 0.0000000000
60138  -47.455  -23.526  50.254 0.0000000000
58282  -48.718  -24.284  50.482 0.0000000000
58295  -48.157  -24.206  49.971 0.0000000000
57378  -47.943  -26.151  49.553 0.0000000000
135978  -47.702  -24.771  49.425 0.0000000000
59292  -50.510  -24.739  46.083 0.0000000000
60190  -49.856  -23.719  46.275 0.0000000000
120054  -54.129  -22.710  44.366 0.0000000000
131648  -54.239  -22.926  45.428 0.0000000000
61125  -54.193  -23.288  46.730 0.0000000000
61141  -54.470  -23.477  45.908 0.0000000000
60191  -54.991  -24.051  45.482 0.0000000000
60208  -55.849  -23.907  44.989 0.0000000000
117936  -44.099  -36.032  63.791 0.0000000000
117895  -44.609  -36.096  63.279 0.0000000000
134299  -44.804  -35.582  64.378 0.0000000000
52675  -44.271  -31.968  62.201 0.0000000000
118010  -44.650  -32.187  62.260 0.0000000000
52681  -44.330  -31.721  61.281 0.0000000000
37193  -22.093  -48.055  66.788 0.0000000000
39958  -21.138  -43.609  68.038 0.0000000000
44587  -21.616  -39.748  66.834 0.0000000000
44575  -25.470  -39.775  68.724 0.0000000000
44563  -24.986  -39.878  69.318 0.0000000000
42533  -26.018  -41.513  69.708 0.0000000000
43482  -26.433  -41.031  69.385 0.0000000000
130550  -29.502  -43.945  69.552 0.0000000000
133647  -30.589  -44.035  69.285 0.0000000000
40781  -31.443  -43.716  69.112 0.0000000000
42548  -34.390  -41.638  67.945 0.0000000000
41641  -34.221  -42.345  68.339 0.0000000000
42559  -35.006  -41.699  67.449 0.0000000000
46837  -34.978  -37.324  64.813 0.0000000000
47873  -35.942  -36.828  65.048 0.0000000000
45771  -39.653  -38.468  66.032 0.0000000000
44597  -37.860  -38.795  65.576 0.0000000000
44614  -38.966  -39.206  66.019 0.0000000000
123345  -38.685  -39.728  64.742 0.0000000000
138789  -45.075  -37.524  65.055 0.0000000000
44631  -44.833  -37.699  65.294 0.0000000000
44632  -44.663  -37.302  64.601 0.0000000000
135399  -43.783  -36.890  63.267 0.0000000000
37172  -21.589  -47.855  67.937 0.0000000000
36218  -21.616  -48.287  68.130 0.0000000000
37173  -22.043  -48.214  67.697 0.0000000000
48920  -47.158  -35.236  60.697 0.0000000000
48929  -47.704  -35.217  59.910 0.0000000000
49940  -48.500  -34.646  59.999 0.0000000000
122501  -50.026  -33.291  56.304 0.0000000000
134335  -49.783  -33.469  56.749 0.0000000000
117757  -49.740  -33.761  55.887 0.0000000000
118373  -50.127  -34.508  55.421 0.0000000000
56476  -48.593  -27.085  54.113 0.0000000000
56452  -48.883  -27.213  55.098 0.0000000000
57303  -49.431  -26.677  54.343 0.0000000000
60155  -46.321  -22.557  47.609 0.0000000000
60154  -45.931  -23.328  47.293 0.0000000000
48868  -44.153  -35.883  63.973 0.0000000000
120086  -45.561  -35.026  65.402 0.0000000000
49868  -44.660  -34.577  65.695 0.0000000000
49903  -43.088  -33.486  64.021 0.0000000000
134281  -43.882  -33.929  63.807 0.0000000000
51761  -43.136  -33.320  62.878 0.0000000000
51762  -43.758  -32.659  63.101 0.0000000000
51766  -43.159  -32.984  62.370 0.0000000000
38130  -20.225  -45.885  67.800 0.0000000000
121757  -19.883  -43.515  67.058 0.0000000000
41680  -31.321  -42.550  65.860 0.0000000000
41666  -31.418  -42.593  66.894 0.0000000000
41651  -31.760  -42.695  67.943 0.0000000000
43524  -32.847  -40.390  66.580 0.0000000000
43506  -33.010  -40.881  67.127 0.0000000000
44576  -33.366  -40.166  66.674 0.0000000000
123618  -33.421  -40.878  67.152 0.0000000000
44577  -33.655  -40.153  66.680 0.0000000000
47890  -37.322  -36.674  65.041 0.0000000000
134422  -37.944  -36.443  64.650 0.0000000000
48867  -39.247  -36.294  65.994 0.0000000000
46813  -39.546  -37.582  66.154 0.0000000000
46814  -40.381  -36.881  66.086 0.0000000000
46827  -40.790  -37.661  65.189 0.0000000000
130579  -41.065  -36.926  65.198 0.0000000000
117773  -43.450  -35.525  64.189 0.0000000000
134713  -42.737  -36.431  64.395 0.0000000000
47858  -43.416  -36.357  64.832 0.0000000000
46804  -44.109  -36.431  66.139 0.0000000000
37171  -20.399  -46.575  67.467 0.0000000000
118473  -47.497  -31.098  60.917 0.0000000000
138711  -47.902  -31.420  60.582 0.0000000000
53670  -48.591  -30.075  58.978 0.0000000000
134238  -48.670  -31.039  59.149 0.0000000000
117758  -49.042  -30.653  58.534 0.0000000000
118018  -49.536  -31.753  57.914 0.0000000000
117984  -49.483  -30.649  57.591 0.0000000000
58258  -48.133  -23.856  52.167 0.0000000000
59211  -49.625  -24.122  52.908 0.0000000000
59220  -49.774  -23.800  52.608 0.0000000000
125942  -49.181  -26.488  50.929 0.0000000000
57351  -50.268  -26.257  51.921 0.0000000000
56497  -49.980  -26.942  51.627 0.0000000000
132422  -49.939  -28.459  51.840 0.0000000000
132654  -48.513  -28.310  50.820 0.0000000000
61987  -50.723  -20.940  48.914 0.0000000000
62949  -49.672  -20.563  48.749 0.0000000000
61105  -50.095  -21.351  48.626 0.0000000000
61135  -47.641  -22.462  46.645 0.0000000000
47909  -39.396  -36.280  62.263 0.0000000000
140488  -47.046  -26.784  51.689 0.0000000000
57376  -45.475  -26.036  49.418 0.0000000000
57377  -46.010  -25.408  49.804 0.0000000000
59233  -46.882  -23.601  49.897 0.0000000000
117847  -45.805  -24.992  49.173 0.0000000000
62031  -51.642  -21.659  45.581 0.0000000000
62030  -50.848  -21.254  45.564 0.0000000000
120328  -51.644  -20.943  46.693 0.0000000000
62965  -51.205  -20.564  48.032 0.0000000000
62000  -52.232  -21.014  47.981 0.0000000000
59257  -53.174  -24.085  47.918 0.0000000000
60158  -52.934  -23.254  48.251 0.0000000000
60172  -52.770  -24.030  47.987 0.0000000000
124240  -52.308  -24.799  47.232 0.0000000000
59294  -52.632  -25.275  46.631 0.0000000000
58349  -52.028  -25.657  45.768 0.0000000000
58350  -53.080  -25.431  45.904 0.0000000000
59316  -54.758  -25.067  44.916 0.0000000000
61172  -56.384  -22.669  43.703 0.0000000000
60210  -56.277  -23.178  44.278 0.0000000000
60218  -56.355  -23.504  43.768 0.0000000000
121339  -55.477  -23.360  41.756 0.0000000000
46894  -43.669  -36.873  60.647 0.0000000000
46908  -43.509  -36.683  60.072 0.0000000000
46879  -44.305  -36.471  61.012 0.0000000000
134298  -45.197  -35.935  62.654 0.0000000000
48911  -46.435  -35.183  61.127 0.0000000000
132335  -46.360  -34.939  61.438 0.0000000000
50873  -46.225  -34.243  64.804 0.0000000000
117888  -45.993  -34.868  63.977 0.0000000000
134308  -44.984  -34.613  63.315 0.0000000000
117900  -45.074  -32.557  62.278 0.0000000000
121664  -45.263  -33.499  62.346 0.0000000000
50898  -46.315  -33.230  61.653 0.0000000000
134318  -46.524  -32.232  61.268 0.0000000000
53644  -45.514  -30.919  60.136 0.0000000000
132731  -46.345  -30.678  60.857 0.0000000000
34423  -21.977  -50.158  64.691 0.0000000000
35320  -21.824  -49.560  64.275 0.0000000000
37203  -21.668  -47.212  65.363 0.0000000000
121882  -21.352  -45.553  67.368 0.0000000000
119975  -21.359  -42.334  65.432 0.0000000000
131066  -21.392  -41.979  64.156 0.0000000000
41684  -19.975  -42.154  65.758 0.0000000000
42567  -21.089  -41.506  67.377 0.0000000000
42582  -22.093  -40.836  67.024 0.0000000000
42599  -22.436  -41.149  65.310 0.0000000000
42569  -24.241  -40.878  67.587 0.0000000000
42540  -24.615  -40.500  69.188 0.0000000000
125437  -24.016  -40.237  68.732 0.0000000000
42554  -24.631  -41.102  68.494 0.0000000000
41647  -24.875  -41.743  67.291 0.0000000000
41648  -25.240  -42.148  68.425 0.0000000000
121575  -25.876  -42.955  67.952 0.0000000000
40779  -26.480  -43.406  69.377 0.0000000000
39941  -27.003  -44.037  69.686 0.0000000000
39050  -27.193  -45.005  68.603 0.0000000000
39951  -27.324  -44.721  69.395 0.0000000000
42555  -27.417  -41.265  67.971 0.0000000000
42543  -27.503  -42.175  69.205 0.0000000000
41634  -27.999  -42.960  69.479 0.0000000000
39936  -28.663  -44.223  69.764 0.0000000000
40771  -28.145  -43.776  69.799 0.0000000000
39035  -28.272  -44.564  69.752 0.0000000000
39041  -28.280  -45.122  69.494 0.0000000000
127599  -31.563  -45.453  68.840 0.0000000000
41638  -32.778  -42.110  69.015 0.0000000000
41627  -32.149  -42.956  69.083 0.0000000000
41639  -33.073  -42.250  69.127 0.0000000000
45782  -32.742  -38.470  64.735 0.0000000000
45783  -33.086  -38.060  64.762 0.0000000000
138156  -34.635  -37.894  65.530 0.0000000000
45770  -33.883  -38.107  65.428 0.0000000000
45745  -34.238  -38.694  65.944 0.0000000000
44578  -34.238  -39.249  66.241 0.0000000000
45746  -34.890  -38.763  66.000 0.0000000000
47864  -36.951  -37.224  65.696 0.0000000000
46825  -36.140  -37.249  65.646 0.0000000000
120670  -37.119  -37.309  65.654 0.0000000000
139700  -36.115  -38.820  66.216 0.0000000000
44580  -35.459  -39.581  66.237 0.0000000000
43511  -36.767  -40.897  65.712 0.0000000000
42574  -38.148  -41.939  65.524 0.0000000000
41681  -37.353  -41.819  65.252 0.0000000000
42608  -39.290  -40.457  63.149 0.0000000000
43556  -40.003  -39.947  62.855 0.0000000000
134277  -41.913  -38.105  65.719 0.0000000000
117877  -41.658  -37.814  64.642 0.0000000000
134320  -42.271  -37.176  64.772 0.0000000000
44646  -42.481  -37.520  63.653 0.0000000000
134319  -42.150  -38.117  64.088 0.0000000000
44645  -42.226  -38.641  63.131 0.0000000000
43558  -41.411  -39.025  62.503 0.0000000000
43583  -41.525  -39.095  61.481 0.0000000000
44662  -42.483  -38.283  61.836 0.0000000000
45815  -43.482  -37.377  61.844 0.0000000000
45825  -42.733  -37.979  60.805 0.0000000000
123610  -43.327  -37.490  61.022 0.0000000000
35299  -22.474  -49.494  66.202 0.0000000000
126657  -22.569  -50.161  66.800 0.0000000000
134309  -49.716  -33.807  59.132 0.0000000000
49951  -49.215  -34.184  58.769 0.0000000000
54690  -47.400  -29.232  55.950 0.0000000000
55602  -47.884  -29.076  57.020 0.0000000000
132936  -50.040  -28.172  55.730 0.0000000000
55615  -49.816  -28.731  56.394 0.0000000000
54679  -50.242  -29.254  56.361 0.0000000000
133427  -50.184  -30.819  56.759 0.0000000000
53692  -50.929  -30.262  55.277 0.0000000000
57318  -50.631  -26.846  52.995 0.0000000000
56466  -50.426  -27.167  53.933 0.0000000000
55645  -50.716  -28.034  53.180 0.0000000000
52765  -50.773  -30.785  53.859 0.0000000000
52755  -50.695  -31.692  54.294 0.0000000000
51822  -50.635  -32.305  54.781 0.0000000000
51829  -50.408  -32.618  54.253 0.0000000000
118045  -45.517  -24.737  48.260 0.0000000000
62962  -46.862  -20.172  48.476 0.0000000000
133419  -46.970  -20.524  49.271 0.0000000000
61982  -45.524  -21.548  47.493 0.0000000000
62945  -45.732  -20.945  47.832 0.0000000000
61998  -44.782  -21.688  46.648 0.0000000000
61100  -45.003  -22.295  47.114 0.0000000000
60167  -44.782  -23.203  46.941 0.0000000000
125317  -45.610  -22.880  47.301 0.0000000000
58319  -46.520  -25.178  48.233 0.0000000000
117851  -46.856  -25.489  48.491 0.0000000000
117772  -42.916  -34.772  64.428 0.0000000000
50849  -44.815  -34.342  64.338 0.0000000000
134317  -42.609  -34.054  64.286 0.0000000000
117775  -42.591  -33.802  64.066 0.0000000000
42587  -31.747  -41.640  65.546 0.0000000000
44592  -32.502  -39.848  65.882 0.0000000000
47892  -39.184  -35.802  64.128 0.0000000000
47891  -38.631  -36.220  64.851 0.0000000000
48886  -39.501  -35.811  65.148 0.0000000000
47878  -41.258  -35.839  65.763 0.0000000000
134296  -42.279  -34.845  64.551 0.0000000000
53658  -47.317  -30.469  60.260 0.0000000000
54643  -47.541  -30.285  59.787 0.0000000000
117760  -48.400  -29.828  58.867 0.0000000000
60132  -48.700  -23.383  51.378 0.0000000000
59235  -49.421  -23.575  51.706 0.0000000000
128745  -48.920  -23.498  51.011 0.0000000000
126621  -49.037  -25.451  50.650 0.0000000000
56502  -48.524  -26.333  50.242 0.0000000000
138788  -48.646  -27.035  50.530 0.0000000000
56510  -47.396  -26.973  49.195 0.0000000000
61122  -50.575  -22.356  48.009 0.0000000000
60169  -50.003  -22.946  47.112 0.0000000000
61139  -53.189  -22.528  45.559 0.0000000000
136405  -53.482  -22.135  46.843 0.0000000000
61123  -53.037  -21.693  47.735 0.0000000000
61124  -53.689  -22.618  47.431 0.0000000000
60173  -54.117  -23.634  47.041 0.0000000000
58336  -54.317  -24.950  46.463 0.0000000000
58351  -54.093  -25.314  46.150 0.0000000000
58352  -54.576  -25.052  45.734 0.0000000000
59331  -55.570  -24.586  44.493 0.0000000000
61187  -56.864  -22.188  42.645 0.0000000000
61198  -56.736  -22.714  42.320 0.0000000000
61215  -56.211  -22.741  41.433 0.0000000000
62093  -55.630  -22.148  40.513 0.0000000000
45804  -44.001  -37.062  62.530 0.0000000000
140794  -44.195  -36.493  61.825 0.0000000000
46865  -44.580  -36.460  62.545 0.0000000000
134326  -45.292  -35.164  63.028 0.0000000000
117767  -44.458  -33.887  63.462 0.0000000000
117871  -44.936  -33.982  62.842 0.0000000000
134301  -45.437  -31.769  62.011 0.0000000000
134293  -46.000  -31.603  61.349 0.0000000000
52683  -45.585  -31.271  61.300 0.0000000000
52692  -44.936  -31.210  60.795 0.0000000000
132023  -44.744  -31.213  59.781 0.0000000000
36238  -22.268  -48.738  65.865 0.0000000000
137241  -21.487  -42.303  66.935 0.0000000000
43531  -22.653  -40.407  67.258 0.0000000000
43519  -23.054  -40.169  67.635 0.0000000000
122000  -23.496  -40.149  68.147 0.0000000000
42531  -24.990  -40.870  69.459 0.0000000000
41633  -25.463  -42.127  69.269 0.0000000000
42532  -25.563  -41.609  69.511 0.0000000000
41624  -26.375  -42.248  69.730 0.0000000000
40762  -26.971  -42.684  69.841 0.0000000000
40805  -30.117  -43.758  66.337 0.0000000000
41664  -29.411  -43.607  66.715 0.0000000000
41650  -29.263  -43.490  67.888 0.0000000000
41635  -28.908  -43.499  69.178 0.0000000000
39944  -29.668  -44.520  69.542 0.0000000000
39044  -31.872  -44.561  69.225 0.0000000000
41640  -33.491  -42.222  68.944 0.0000000000
40785  -34.706  -43.107  68.233 0.0000000000
41653  -36.019  -42.904  67.357 0.0000000000
41654  -36.690  -42.236  67.209 0.0000000000
46847  -33.443  -37.767  63.860 0.0000000000
46835  -33.516  -37.858  64.663 0.0000000000
46836  -34.116  -37.653  64.688 0.0000000000
46823  -34.600  -37.592  65.189 0.0000000000
46809  -35.506  -37.655  65.666 0.0000000000
46812  -38.433  -37.243  65.798 0.0000000000
123533  -37.566  -37.894  65.786 0.0000000000
43525  -37.312  -39.946  65.479 0.0000000000
43535  -37.969  -40.410  64.806 0.0000000000
43545  -39.197  -40.372  63.684 0.0000000000
117987  -40.342  -39.532  63.756 0.0000000000
44599  -43.309  -38.196  66.329 0.0000000000
117992  -43.087  -37.603  66.231 0.0000000000
135692  -44.143  -37.395  65.692 0.0000000000
44629  -43.349  -37.779  65.025 0.0000000000
128757  -42.988  -37.090  63.485 0.0000000000
45802  -42.866  -37.817  62.461 0.0000000000
45803  -43.468  -37.542  62.622 0.0000000000
36229  -22.351  -48.759  66.957 0.0000000000
134269  -49.637  -33.600  57.783 0.0000000000
49964  -49.168  -33.829  57.854 0.0000000000
55627  -48.572  -27.997  55.616 0.0000000000
55613  -48.493  -28.571  56.306 0.0000000000
56439  -48.998  -27.744  55.695 0.0000000000
56440  -49.465  -27.684  55.476 0.0000000000
56442  -50.372  -28.082  54.974 0.0000000000
54722  -50.680  -28.918  52.787 0.0000000000
53742  -50.813  -29.100  53.177 0.0000000000
61103  -47.394  -21.292  48.999 0.0000000000
118348  -46.883  -20.991  49.254 0.0000000000
61102  -46.821  -21.740  48.557 0.0000000000
119048  -45.940  -24.534  47.631 0.0000000000
61170  -55.426  -22.744  44.391 0.0000000000
61158  -56.026  -23.303  44.660 0.0000000000
62040  -55.655  -22.132  43.726 0.0000000000
62041  -56.230  -22.197  43.641 0.0000000000
62042  -56.657  -21.956  43.004 0.0000000000
62059  -57.253  -21.627  42.379 0.0000000000
46829  -46.104  -36.854  65.052 0.0000000000
47893  -46.268  -36.199  64.674 0.0000000000
48879  -45.614  -35.847  65.306 0.0000000000
49884  -46.168  -34.329  65.236 0.0000000000
117923  -45.406  -33.412  64.809 0.0000000000
134325  -44.578  -33.223  65.205 0.0000000000
134302  -45.111  -32.800  64.890 0.0000000000
134334  -44.726  -33.977  64.170 0.0000000000
51767  -43.938  -32.240  62.794 0.0000000000
51771  -43.842  -32.116  61.827 0.0000000000
38132  -21.157  -46.946  67.747 0.0000000000
39956  -20.588  -44.456  68.206 0.0000000000
43503  -26.272  -39.986  68.178 0.0000000000
40806  -30.474  -43.585  67.065 0.0000000000
42544  -32.565  -41.999  68.468 0.0000000000
42545  -33.056  -41.420  68.791 0.0000000000
43505  -32.493  -41.089  67.008 0.0000000000
42558  -32.860  -41.471  67.729 0.0000000000
43493  -33.103  -41.417  67.791 0.0000000000
43494  -33.849  -41.418  67.597 0.0000000000
142680  -33.932  -40.681  67.000 0.0000000000
47889  -36.559  -36.909  64.522 0.0000000000
47875  -37.451  -36.935  65.449 0.0000000000
47865  -37.678  -37.247  65.618 0.0000000000
48876  -38.787  -36.418  65.646 0.0000000000
47866  -38.378  -36.956  65.705 0.0000000000
45772  -40.581  -38.431  65.114 0.0000000000
45784  -40.940  -38.039  65.127 0.0000000000
46839  -41.132  -37.773  65.078 0.0000000000
134343  -42.002  -37.785  66.042 0.0000000000
117874  -41.991  -36.393  65.162 0.0000000000
46801  -42.269  -36.271  65.403 0.0000000000
45750  -42.864  -36.859  66.500 0.0000000000
46815  -44.009  -36.998  66.251 0.0000000000
46817  -44.667  -36.658  65.172 0.0000000000
37181  -20.686  -47.422  67.495 0.0000000000
50909  -48.371  -33.599  60.752 0.0000000000
49932  -48.782  -34.180  60.316 0.0000000000
134314  -49.119  -33.644  59.971 0.0000000000
135235  -49.236  -33.090  59.467 0.0000000000
117764  -48.223  -31.262  59.900 0.0000000000
117920  -48.986  -32.207  59.360 0.0000000000
134331  -49.910  -33.027  59.082 0.0000000000
117763  -49.963  -32.987  58.158 0.0000000000
117921  -50.063  -32.471  57.284 0.0000000000
117759  -50.196  -32.714  56.552 0.0000000000
120515  -48.959  -25.450  53.208 0.0000000000
58239  -49.479  -25.882  53.683 0.0000000000
58250  -49.871  -24.936  53.354 0.0000000000
139040  -50.435  -25.866  53.290 0.0000000000
57334  -50.579  -26.641  52.800 0.0000000000
58271  -50.367  -25.295  52.218 0.0000000000
138950  -50.516  -26.152  52.581 0.0000000000
123771  -50.625  -27.663  52.715 0.0000000000
54733  -50.352  -28.673  52.325 0.0000000000
62964  -49.456  -20.048  48.324 0.0000000000
62963  -48.517  -19.937  48.195 0.0000000000
62948  -48.644  -20.181  48.847 0.0000000000
61974  -48.683  -20.482  48.991 0.0000000000
61985  -48.186  -20.750  49.079 0.0000000000
61121  -49.613  -22.106  47.690 0.0000000000
61104  -48.785  -21.325  48.591 0.0000000000
61134  -46.876  -22.528  47.064 0.0000000000
48896  -40.389  -34.975  63.786 0.0000000000
49912  -40.797  -34.669  63.152 0.0000000000
48909  -40.285  -35.324  62.068 0.0000000000
46850  -36.090  -37.422  63.687 0.0000000000
46852  -37.924  -37.171  63.116 0.0000000000
47902  -39.219  -36.059  63.171 0.0000000000
48895  -39.750  -35.446  63.478 0.0000000000
53690  -46.391  -30.308  56.482 0.0000000000
54677  -47.028  -29.680  56.890 0.0000000000
56464  -48.045  -27.863  54.368 0.0000000000
56475  -47.974  -27.569  53.481 0.0000000000
57316  -48.371  -26.505  53.160 0.0000000000
134782  -48.274  -25.068  52.635 0.0000000000
121480  -47.726  -25.067  52.059 0.0000000000
58269  -47.492  -24.498  51.401 0.0000000000
58268  -46.908  -25.228  50.874 0.0000000000
59224  -47.772  -23.540  51.210 0.0000000000
58281  -47.124  -23.932  50.604 0.0000000000
59234  -47.354  -23.534  50.424 0.0000000000
60137  -47.016  -23.394  49.889 0.0000000000
118101  -49.921  -20.717  45.870 0.0000000000
62975  -49.247  -20.151  47.056 0.0000000000
62976  -50.178  -20.298  47.411 0.0000000000
62950  -50.950  -20.791  48.841 0.0000000000
61093  -51.527  -21.271  49.016 0.0000000000
61990  -53.023  -22.063  48.228 0.0000000000
61108  -52.460  -22.182  48.538 0.0000000000
60156  -51.562  -22.671  48.356 0.0000000000
60171  -51.907  -23.839  47.661 0.0000000000
59271  -51.396  -24.828  46.753 0.0000000000
58348  -51.129  -25.506  45.629 0.0000000000
60209  -56.260  -23.724  44.583 0.0000000000
60217  -56.177  -24.117  44.160 0.0000000000
59341  -55.447  -24.360  43.299 0.0000000000
61185  -56.426  -23.478  42.878 0.0000000000
60240  -55.984  -23.885  42.583 0.0000000000
47925  -44.840  -35.895  60.700 0.0000000000
47937  -45.488  -35.465  60.351 0.0000000000
48919  -46.115  -35.199  60.602 0.0000000000
134284  -46.211  -35.613  64.178 0.0000000000
117875  -45.289  -34.925  64.163 0.0000000000
134275  -45.236  -34.875  63.034 0.0000000000
134346  -44.811  -33.962  62.894 0.0000000000
134290  -45.156  -34.504  62.812 0.0000000000
117989  -45.645  -35.063  62.329 0.0000000000
49922  -46.770  -34.144  61.230 0.0000000000
49930  -47.876  -34.280  61.180 0.0000000000
117766  -47.206  -31.890  61.072 0.0000000000
53632  -46.113  -30.846  61.088 0.0000000000
117765  -46.639  -30.660  60.940 0.0000000000
117932  -47.118  -30.617  60.733 0.0000000000
53669  -46.574  -30.166  58.405 0.0000000000
121029  -41.161  -34.409  62.628 0.0000000000
118169  -41.994  -33.625  61.872 0.0000000000
142159  -42.532  -33.299  62.074 0.0000000000
50897  -42.630  -33.046  61.582 0.0000000000
51775  -43.089  -32.532  61.166 0.0000000000
51783  -43.375  -32.164  59.682 0.0000000000
134098  -45.896  -30.725  56.968 0.0000000000
130447  -21.153  -50.104  63.111 0.0000000000
35319  -21.438  -49.603  63.374 0.0000000000
128552  -21.374  -46.668  67.441 0.0000000000
40801  -20.464  -42.713  67.529 0.0000000000
41660  -20.825  -42.116  67.653 0.0000000000
42581  -21.459  -41.399  67.197 0.0000000000
43501  -23.268  -39.614  68.140 0.0000000000
40793  -25.806  -42.795  68.999 0.0000000000
40794  -26.387  -43.614  68.498 0.0000000000
43521  -26.516  -39.990  66.929 0.0000000000
43492  -26.694  -40.661  68.585 0.0000000000
42571  -28.179  -42.552  66.397 0.0000000000
42534  -26.904  -41.773  69.619 0.0000000000
138595  -26.966  -42.078  69.801 0.0000000000
40763  -27.374  -43.364  69.821 0.0000000000
41625  -27.809  -43.020  69.608 0.0000000000
40764  -27.764  -43.774  69.838 0.0000000000
39934  -27.708  -44.011  69.857 0.0000000000
39040  -27.840  -44.980  69.563 0.0000000000
40775  -32.097  -43.710  69.283 0.0000000000
39946  -32.660  -44.411  69.202 0.0000000000
40783  -33.406  -43.085  69.124 0.0000000000
39952  -33.198  -44.677  68.916 0.0000000000
44628  -32.368  -39.065  64.645 0.0000000000
44613  -32.684  -39.068  65.297 0.0000000000
44593  -33.175  -39.192  65.879 0.0000000000
45769  -33.584  -38.128  65.267 0.0000000000
45755  -33.695  -38.700  65.830 0.0000000000
44594  -33.575  -39.521  66.323 0.0000000000
127221  -33.804  -40.073  66.651 0.0000000000
43508  -34.046  -40.062  66.694 0.0000000000
45758  -35.462  -38.184  66.030 0.0000000000
45748  -36.401  -37.908  66.011 0.0000000000
43509  -34.677  -40.371  66.508 0.0000000000
129543  -34.928  -41.193  66.636 0.0000000000
42560  -35.767  -41.563  66.928 0.0000000000
41668  -37.383  -42.400  66.549 0.0000000000
42573  -38.050  -41.770  66.191 0.0000000000
134278  -40.785  -38.872  64.476 0.0000000000
117905  -41.179  -38.686  64.183 0.0000000000
43547  -40.570  -39.502  63.201 0.0000000000
117779  -42.122  -37.414  64.737 0.0000000000
139696  -41.905  -38.652  63.834 0.0000000000
44689  -42.126  -38.440  60.634 0.0000000000
34406  -21.736  -50.751  64.711 0.0000000000
54665  -47.732  -29.729  57.812 0.0000000000
55591  -48.110  -29.956  58.141 0.0000000000
117756  -48.382  -29.916  58.106 0.0000000000
55604  -49.160  -28.937  56.599 0.0000000000
54667  -49.087  -29.553  56.963 0.0000000000
118002  -49.133  -30.016  57.661 0.0000000000
118012  -50.246  -31.805  56.595 0.0000000000
117993  -50.455  -32.090  55.821 0.0000000000
57304  -49.984  -26.612  54.273 0.0000000000
56453  -50.426  -27.535  54.402 0.0000000000
54691  -50.855  -29.011  54.279 0.0000000000
54702  -50.918  -29.348  53.826 0.0000000000
131798  -51.021  -29.862  54.504 0.0000000000
52744  -50.874  -31.641  55.014 0.0000000000
137365  -50.576  -32.413  55.247 0.0000000000
118033  -45.966  -24.366  48.830 0.0000000000
131236  -47.612  -19.998  47.989 0.0000000000
62960  -45.483  -20.787  46.978 0.0000000000
62946  -46.518  -20.752  48.732 0.0000000000
117958  -44.973  -24.339  47.503 0.0000000000
117850  -46.282  -24.464  48.328 0.0000000000
118014  -47.091  -23.792  49.183 0.0000000000
58306  -47.157  -24.629  48.839 0.0000000000
56519  -46.817  -26.716  48.537 0.0000000000
56518  -46.450  -27.494  48.409 0.0000000000
39935  -28.107  -44.129  69.866 0.0000000000
39942  -27.555  -44.360  69.736 0.0000000000
40770  -27.222  -43.994  69.792 0.0000000000
40772  -28.995  -43.954  69.734 0.0000000000
40776  -32.692  -42.905  69.188 0.0000000000
41618  -27.206  -42.698  69.794 0.0000000000
41619  -27.566  -43.388  69.786 0.0000000000
41661  -21.029  -42.419  67.792 0.0000000000
41669  -38.250  -42.720  65.901 0.0000000000
42527  -26.744  -42.098  69.782 0.0000000000
43481  -25.838  -40.861  69.581 0.0000000000
43490  -25.283  -40.323  69.481 0.0000000000
43570  -41.530  -39.128  61.976 0.0000000000
43571  -41.983  -38.682  61.638 0.0000000000
44598  -43.048  -38.121  66.217 0.0000000000
44600  -44.035  -38.286  65.920 0.0000000000
44616  -43.614  -37.209  66.018 0.0000000000
44617  -44.676  -37.694  65.358 0.0000000000
44630  -43.965  -37.562  65.069 0.0000000000
45749  -42.410  -37.911  66.416 0.0000000000
45756  -34.179  -38.444  65.810 0.0000000000
45760  -43.008  -38.210  66.338 0.0000000000
45761  -44.062  -37.955  66.393 0.0000000000
45774  -45.107  -37.904  65.055 0.0000000000
45775  -45.327  -37.236  65.119 0.0000000000
45785  -43.004  -37.034  64.361 0.0000000000
45786  -45.315  -37.054  65.071 0.0000000000
45793  -43.335  -36.705  63.771 0.0000000000
45794  -43.715  -36.534  63.784 0.0000000000
46802  -42.873  -36.490  65.335 0.0000000000
46816  -44.374  -36.833  66.172 0.0000000000
46828  -45.107  -37.289  65.104 0.0000000000
46840  -46.206  -36.883  64.784 0.0000000000
47859  -43.786  -36.274  64.629 0.0000000000
47868  -44.150  -36.470  64.301 0.0000000000
47879  -45.710  -36.749  65.194 0.0000000000
47880  -46.171  -36.215  65.075 0.0000000000
47881  -46.323  -35.849  64.590 0.0000000000
48858  -43.955  -35.659  64.075 0.0000000000
48869  -44.942  -35.791  65.318 0.0000000000
48888  -46.235  -34.769  64.691 0.0000000000
48902  -40.283  -35.127  62.888 0.0000000000
49856  -44.132  -35.034  64.125 0.0000000000
49867  -44.717  -34.670  64.333 0.0000000000
49869  -45.206  -35.115  65.533 0.0000000000
49883  -45.276  -34.649  65.766 0.0000000000
49950  -48.415  -34.572  59.220 0.0000000000
50838  -43.798  -34.860  64.090 0.0000000000
50850  -45.390  -33.848  65.351 0.0000000000
50851  -44.963  -34.242  66.040 0.0000000000
50863  -46.166  -33.786  64.922 0.0000000000
50881  -43.712  -33.358  63.423 0.0000000000
51747  -44.584  -33.353  65.207 0.0000000000
51748  -44.846  -33.252  65.308 0.0000000000
51754  -44.998  -33.108  65.192 0.0000000000
52663  -45.187  -32.654  65.056 0.0000000000
52664  -45.342  -32.803  64.837 0.0000000000
53602  -45.386  -32.667  64.433 0.0000000000
53691  -50.492  -30.111  56.117 0.0000000000
53700  -51.042  -30.695  54.769 0.0000000000
53713  -51.027  -30.185  54.112 0.0000000000
54668  -49.565  -29.489  56.816 0.0000000000
54723  -50.786  -28.489  53.032 0.0000000000
55603  -47.947  -29.615  57.644 0.0000000000
55616  -50.345  -28.615  55.746 0.0000000000
55628  -50.646  -28.611  54.872 0.0000000000
55637  -50.651  -28.092  54.121 0.0000000000
55646  -50.650  -27.578  53.087 0.0000000000
55666  -49.621  -27.882  51.536 0.0000000000
55675  -48.484  -27.692  50.600 0.0000000000
56431  -49.651  -28.225  55.994 0.0000000000
56441  -50.045  -27.724  54.981 0.0000000000
56477  -50.607  -27.261  53.210 0.0000000000
56478  -50.636  -27.214  53.052 0.0000000000
56488  -50.536  -26.994  52.465 0.0000000000
56489  -50.653  -27.258  52.911 0.0000000000
57294  -49.401  -27.171  54.905 0.0000000000
57295  -50.215  -26.986  54.300 0.0000000000
57302  -49.045  -26.750  54.491 0.0000000000
57305  -50.220  -26.710  54.080 0.0000000000
57317  -50.521  -26.721  53.350 0.0000000000
58240  -49.870  -26.016  53.873 0.0000000000
58242  -50.390  -26.327  53.555 0.0000000000
58249  -49.458  -24.801  53.172 0.0000000000
58251  -50.214  -25.306  53.395 0.0000000000
58252  -50.525  -26.424  53.239 0.0000000000
58260  -50.536  -26.104  52.949 0.0000000000
58270  -50.115  -24.214  51.890 0.0000000000
58283  -49.419  -24.319  51.146 0.0000000000
59212  -50.101  -24.351  53.082 0.0000000000
59219  -49.028  -23.677  52.356 0.0000000000
59221  -50.191  -24.254  52.822 0.0000000000
59226  -50.005  -23.701  52.336 0.0000000000
59227  -50.273  -24.403  52.504 0.0000000000
59272  -53.069  -24.741  47.484 0.0000000000
59273  -53.819  -24.383  47.202 0.0000000000
59274  -54.345  -24.338  46.658 0.0000000000
59295  -54.638  -24.482  45.953 0.0000000000
60120  -49.234  -23.498  52.102 0.0000000000
60142  -47.148  -23.519  49.672 0.0000000000
60159  -53.569  -23.414  47.742 0.0000000000
61094  -51.868  -21.332  49.002 0.0000000000
61107  -51.877  -21.925  48.960 0.0000000000
61973  -48.070  -20.416  49.127 0.0000000000
61975  -51.494  -20.984  49.016 0.0000000000
61989  -52.352  -21.476  48.513 0.0000000000
62990  -57.132  -21.285  42.462 0.0000000000
117755  -49.846  -34.766  55.514 0.0000000000
117768  -44.971  -32.785  65.241 0.0000000000
117769  -42.765  -34.429  64.377 0.0000000000
117770  -42.851  -36.172  64.344 0.0000000000
117776  -42.575  -37.712  66.101 0.0000000000
117881  -43.905  -34.003  63.960 0.0000000000
117883  -42.262  -35.693  64.846 0.0000000000
117885  -41.383  -38.112  64.743 0.0000000000
117886  -45.032  -32.835  64.012 0.0000000000
117898  -45.917  -34.113  64.225 0.0000000000
117911  -44.286  -33.984  64.105 0.0000000000
117912  -45.190  -35.022  64.229 0.0000000000
117919  -41.563  -37.822  64.919 0.0000000000
117926  -48.754  -29.773  57.627 0.0000000000
117933  -50.297  -32.871  55.745 0.0000000000
117986  -50.061  -33.728  58.622 0.0000000000
118007  -43.579  -34.444  64.119 0.0000000000
118020  -41.350  -34.390  63.225 0.0000000000
118277  -42.795  -33.588  63.242 0.0000000000
119067  -38.035  -36.680  65.402 0.0000000000
119893  -51.572  -22.471  44.245 0.0000000000
119987  -45.961  -35.194  65.232 0.0000000000
120087  -45.480  -33.702  65.203 0.0000000000
121302  -47.727  -29.886  58.588 0.0000000000
127282  -50.651  -27.765  53.403 0.0000000000
127640  -42.208  -37.226  65.872 0.0000000000
128639  -50.638  -28.247  52.706 0.0000000000
128908  -43.975  -36.535  64.547 0.0000000000
129113  -45.504  -34.176  65.459 0.0000000000
130598  -27.679  -41.884  68.417 0.0000000000
131351  -32.738  -38.122  64.229 0.0000000000
134142  -55.350  -24.509  45.224 0.0000000000
134264  -46.353  -34.375  64.364 0.0000000000
134268  -45.607  -33.551  64.517 0.0000000000
134274  -43.092  -35.893  64.320 0.0000000000
134282  -44.116  -34.162  64.239 0.0000000000
134285  -42.833  -35.270  64.422 0.0000000000
134288  -45.293  -32.836  64.683 0.0000000000
134291  -46.367  -35.404  64.446 0.0000000000
134292  -45.341  -32.913  64.351 0.0000000000
134295  -43.172  -33.993  64.258 0.0000000000
137287  -48.161  -23.538  50.565 0.0000000000
138641  -28.438  -44.018  69.844 0.0000000000
138872  -50.322  -24.970  53.121 0.0000000000
139885  -49.065  -30.169  58.166 0.0000000000
140260  -41.734  -36.628  65.150 0.0000000000
140667  -42.047  -37.935  65.854 0.0000000000
