#!ascii label  , from subject sub-v2s12x28854_ses-1 vox2ras=TkReg
606
8975  -41.118  -65.235  35.427 0.0000000000
10728  -45.778  -61.978  26.851 0.0000000000
133647  -41.486  -59.486  30.317 0.0000000000
9030  -44.049  -65.692  31.419 0.0000000000
122845  -46.281  -60.371  34.448 0.0000000000
120324  -35.024  -62.121  31.518 0.0000000000
15199  -35.466  -55.157  31.106 0.0000000000
117468  -31.385  -52.068  38.378 0.0000000000
14534  -40.478  -57.050  32.201 0.0000000000
12588  -43.727  -59.354  32.453 0.0000000000
13893  -42.784  -57.401  34.725 0.0000000000
12613  -35.847  -59.317  30.072 0.0000000000
14518  -33.441  -56.652  32.896 0.0000000000
20252  -33.597  -48.698  37.876 0.0000000000
123178  -32.411  -49.817  35.236 0.0000000000
7857  -40.596  -68.015  36.758 0.0000000000
10135  -44.853  -63.912  29.464 0.0000000000
9040  -39.873  -65.157  29.738 0.0000000000
9055  -41.927  -64.817  27.240 0.0000000000
125418  -40.986  -63.348  31.998 0.0000000000
8416  -43.353  -65.561  34.727 0.0000000000
10676  -46.342  -62.879  31.348 0.0000000000
10698  -48.244  -61.275  29.967 0.0000000000
11303  -38.275  -61.580  30.324 0.0000000000
13302  -38.393  -58.063  29.973 0.0000000000
15865  -37.922  -54.479  32.959 0.0000000000
15103  -32.476  -55.496  36.431 0.0000000000
130882  -32.194  -53.605  34.842 0.0000000000
17235  -35.412  -52.131  34.487 0.0000000000
18749  -37.060  -50.889  32.497 0.0000000000
8440  -39.637  -66.394  32.622 0.0000000000
13385  -45.851  -58.829  25.507 0.0000000000
11379  -46.512  -61.860  24.286 0.0000000000
9104  -43.771  -66.005  23.720 0.0000000000
15162  -40.499  -55.380  34.165 0.0000000000
134552  -41.840  -57.360  33.633 0.0000000000
8949  -41.592  -66.353  36.550 0.0000000000
10710  -45.422  -62.300  27.881 0.0000000000
10145  -42.896  -63.275  28.389 0.0000000000
10726  -43.730  -62.840  26.874 0.0000000000
9069  -42.871  -64.865  26.609 0.0000000000
10180  -44.561  -63.562  25.840 0.0000000000
11306  -41.071  -61.398  30.259 0.0000000000
135231  -42.834  -61.228  30.345 0.0000000000
12589  -44.624  -59.785  32.918 0.0000000000
11957  -45.200  -60.982  31.027 0.0000000000
11295  -47.188  -61.373  32.308 0.0000000000
10678  -47.607  -61.906  31.202 0.0000000000
11281  -47.946  -61.107  32.564 0.0000000000
121705  -38.374  -63.324  31.809 0.0000000000
10682  -36.726  -62.162  30.861 0.0000000000
13937  -35.638  -57.232  30.326 0.0000000000
13316  -37.138  -58.342  29.787 0.0000000000
14563  -37.303  -56.727  30.363 0.0000000000
14546  -38.479  -56.108  31.229 0.0000000000
15885  -36.627  -54.654  31.637 0.0000000000
16468  -31.435  -53.399  37.841 0.0000000000
15806  -31.906  -54.281  35.402 0.0000000000
17225  -31.375  -52.321  36.681 0.0000000000
19506  -33.613  -48.747  33.871 0.0000000000
18729  -33.538  -50.481  34.464 0.0000000000
18734  -34.605  -50.023  33.457 0.0000000000
136079  -36.303  -51.871  34.284 0.0000000000
8444  -43.934  -66.021  33.595 0.0000000000
8428  -42.802  -66.505  34.274 0.0000000000
8997  -42.075  -66.086  32.542 0.0000000000
8471  -38.421  -66.642  30.251 0.0000000000
129918  -44.186  -58.131  25.667 0.0000000000
12028  -46.874  -60.070  24.543 0.0000000000
10188  -44.003  -63.898  24.249 0.0000000000
13285  -41.225  -58.200  31.391 0.0000000000
12599  -42.583  -59.114  31.327 0.0000000000
13271  -41.849  -58.148  32.431 0.0000000000
13264  -43.402  -58.573  33.842 0.0000000000
12571  -44.343  -59.024  34.371 0.0000000000
11301  -35.537  -61.085  30.663 0.0000000000
136141  -34.701  -57.754  30.867 0.0000000000
15197  -33.969  -55.683  31.551 0.0000000000
18708  -31.842  -49.959  37.906 0.0000000000
126601  -31.529  -50.588  36.830 0.0000000000
20299  -32.331  -48.846  36.354 0.0000000000
131294  -33.099  -48.010  34.858 0.0000000000
21178  -34.183  -47.258  33.266 0.0000000000
9582  -44.373  -65.376  30.772 0.0000000000
9028  -41.822  -65.319  30.918 0.0000000000
119587  -42.288  -64.476  29.785 0.0000000000
133981  -40.471  -64.728  28.733 0.0000000000
8497  -40.235  -66.319  27.863 0.0000000000
7944  -41.659  -67.674  27.182 0.0000000000
7959  -42.689  -67.740  26.544 0.0000000000
7961  -44.012  -67.479  25.322 0.0000000000
10092  -41.448  -64.279  33.562 0.0000000000
131414  -42.554  -65.058  35.142 0.0000000000
127980  -43.487  -64.483  33.386 0.0000000000
10106  -44.989  -64.681  32.596 0.0000000000
11309  -44.253  -61.460  30.570 0.0000000000
10675  -45.291  -63.018  31.321 0.0000000000
9575  -46.164  -64.550  31.376 0.0000000000
9597  -46.276  -64.496  30.511 0.0000000000
10148  -46.648  -63.361  29.508 0.0000000000
10729  -47.138  -61.663  28.003 0.0000000000
10102  -39.801  -63.748  32.598 0.0000000000
10670  -39.496  -62.739  31.248 0.0000000000
11951  -39.608  -60.768  29.860 0.0000000000
135841  -36.827  -60.815  30.123 0.0000000000
11972  -38.261  -60.145  29.718 0.0000000000
118530  -39.963  -58.619  30.152 0.0000000000
13925  -39.812  -57.055  31.428 0.0000000000
15203  -39.569  -56.115  32.268 0.0000000000
118462  -38.941  -54.034  34.113 0.0000000000
15120  -32.412  -55.515  35.526 0.0000000000
15158  -32.560  -55.021  33.734 0.0000000000
15860  -33.836  -54.170  32.300 0.0000000000
17940  -32.523  -51.406  35.151 0.0000000000
17245  -33.838  -52.673  34.105 0.0000000000
16517  -34.867  -53.499  32.863 0.0000000000
16500  -36.421  -53.074  34.297 0.0000000000
137249  -37.773  -53.022  34.400 0.0000000000
8414  -42.328  -66.616  35.453 0.0000000000
8412  -40.497  -67.084  34.745 0.0000000000
9016  -40.263  -65.667  31.425 0.0000000000
7901  -38.380  -67.293  32.135 0.0000000000
11933  -48.731  -60.061  31.510 0.0000000000
11325  -48.478  -60.590  28.585 0.0000000000
11353  -48.326  -60.702  26.470 0.0000000000
134161  -48.468  -60.397  24.942 0.0000000000
10743  -46.838  -62.126  24.612 0.0000000000
10189  -45.643  -64.207  24.520 0.0000000000
9090  -44.521  -65.685  23.947 0.0000000000
15139  -40.167  -54.721  34.201 0.0000000000
15140  -40.841  -55.049  34.593 0.0000000000
8948  -40.684  -66.365  36.701 0.0000000000
131372  -40.949  -65.751  36.163 0.0000000000
10727  -44.752  -62.155  27.028 0.0000000000
10708  -43.580  -62.706  27.786 0.0000000000
135721  -44.077  -62.437  27.184 0.0000000000
10179  -43.422  -63.577  26.653 0.0000000000
117551  -45.482  -62.342  26.061 0.0000000000
11953  -41.559  -60.389  30.128 0.0000000000
11307  -42.076  -61.249  30.274 0.0000000000
11895  -45.453  -60.124  33.771 0.0000000000
11910  -45.558  -60.384  32.567 0.0000000000
11912  -46.645  -60.953  32.923 0.0000000000
11267  -47.547  -61.052  33.298 0.0000000000
10666  -35.083  -62.824  32.063 0.0000000000
10116  -35.867  -63.140  31.890 0.0000000000
10667  -36.280  -62.695  31.374 0.0000000000
14561  -35.408  -56.487  30.588 0.0000000000
14562  -36.228  -56.561  30.388 0.0000000000
15217  -35.863  -55.793  30.697 0.0000000000
15218  -36.730  -55.866  30.722 0.0000000000
15200  -36.291  -55.159  31.086 0.0000000000
17896  -31.675  -51.442  38.823 0.0000000000
17189  -31.750  -52.438  40.022 0.0000000000
17217  -31.355  -52.793  38.634 0.0000000000
16465  -31.529  -53.559  38.750 0.0000000000
138512  -31.307  -52.662  37.917 0.0000000000
128261  -31.486  -53.549  37.003 0.0000000000
17223  -31.295  -52.114  37.519 0.0000000000
19507  -34.230  -48.991  33.149 0.0000000000
135933  -33.994  -49.546  33.714 0.0000000000
18747  -35.779  -50.010  32.482 0.0000000000
19517  -35.489  -49.048  32.175 0.0000000000
9020  -44.498  -65.824  32.276 0.0000000000
8998  -43.189  -66.245  32.706 0.0000000000
9019  -43.640  -65.999  32.057 0.0000000000
136695  -44.647  -60.857  25.303 0.0000000000
10754  -43.828  -62.972  24.656 0.0000000000
13913  -41.134  -57.625  32.277 0.0000000000
116327  -41.972  -58.572  31.632 0.0000000000
134461  -41.645  -57.647  32.929 0.0000000000
13892  -42.101  -57.011  34.472 0.0000000000
13263  -42.802  -58.132  33.691 0.0000000000
13254  -43.144  -57.985  34.300 0.0000000000
13255  -43.899  -58.427  34.651 0.0000000000
121909  -34.387  -57.203  31.089 0.0000000000
14533  -33.571  -56.389  32.032 0.0000000000
18693  -32.490  -50.030  38.658 0.0000000000
19445  -32.345  -49.508  38.040 0.0000000000
19468  -32.032  -49.447  37.398 0.0000000000
20275  -32.883  -48.534  37.039 0.0000000000
21168  -33.772  -47.279  33.941 0.0000000000
139947  -39.919  -68.126  35.882 0.0000000000
9595  -44.576  -64.728  30.131 0.0000000000
9594  -43.327  -64.662  30.068 0.0000000000
10134  -43.635  -63.839  29.334 0.0000000000
9611  -41.659  -64.090  27.800 0.0000000000
9599  -41.073  -64.398  28.486 0.0000000000
9610  -41.118  -64.807  27.746 0.0000000000
9053  -40.671  -65.545  27.755 0.0000000000
7943  -40.591  -67.274  27.673 0.0000000000
120838  -43.691  -65.805  25.918 0.0000000000
8513  -43.368  -66.942  26.146 0.0000000000
7960  -43.450  -67.829  25.976 0.0000000000
8514  -44.275  -66.640  25.246 0.0000000000
10103  -40.727  -63.788  32.757 0.0000000000
10105  -44.218  -64.591  33.086 0.0000000000
10122  -44.264  -64.003  32.265 0.0000000000
12600  -43.436  -59.533  31.413 0.0000000000
12616  -43.063  -59.855  30.688 0.0000000000
11930  -43.761  -60.114  30.884 0.0000000000
10690  -45.080  -62.023  30.776 0.0000000000
10124  -46.024  -64.104  31.636 0.0000000000
9584  -46.054  -64.968  31.153 0.0000000000
10692  -47.655  -62.123  30.713 0.0000000000
10138  -47.301  -63.097  30.485 0.0000000000
116240  -47.428  -62.254  29.373 0.0000000000
10711  -46.833  -62.509  28.871 0.0000000000
11315  -47.937  -61.421  29.265 0.0000000000
10669  -38.637  -62.791  31.321 0.0000000000
10684  -38.858  -62.185  30.755 0.0000000000
10685  -39.733  -62.093  30.644 0.0000000000
11304  -39.208  -61.502  30.252 0.0000000000
11947  -35.479  -60.190  30.450 0.0000000000
134467  -36.060  -60.736  30.311 0.0000000000
11948  -36.363  -60.085  29.986 0.0000000000
13301  -37.852  -58.338  29.816 0.0000000000
12630  -37.885  -59.406  29.702 0.0000000000
12631  -38.713  -59.357  29.701 0.0000000000
12632  -39.522  -59.289  29.787 0.0000000000
13303  -39.094  -58.534  29.929 0.0000000000
119713  -39.628  -58.000  30.449 0.0000000000
129336  -39.320  -57.407  30.710 0.0000000000
15179  -38.030  -54.942  31.993 0.0000000000
15202  -38.818  -55.598  31.970 0.0000000000
15180  -38.703  -54.945  32.812 0.0000000000
15160  -39.240  -54.907  33.502 0.0000000000
15846  -38.638  -54.346  33.730 0.0000000000
15819  -32.246  -54.518  34.592 0.0000000000
15842  -32.536  -53.998  33.908 0.0000000000
15843  -32.963  -54.369  33.127 0.0000000000
16497  -33.310  -53.501  33.399 0.0000000000
18725  -32.052  -50.521  35.593 0.0000000000
124196  -31.915  -51.572  35.709 0.0000000000
17942  -34.358  -51.232  34.331 0.0000000000
17941  -33.427  -51.415  34.665 0.0000000000
17234  -34.498  -51.947  34.518 0.0000000000
16498  -34.322  -53.101  33.540 0.0000000000
16499  -35.398  -53.007  33.914 0.0000000000
16518  -35.885  -53.507  33.180 0.0000000000
17247  -35.874  -52.507  34.423 0.0000000000
137619  -36.859  -51.234  33.084 0.0000000000
17953  -37.296  -52.178  34.059 0.0000000000
17965  -37.413  -51.551  33.112 0.0000000000
17954  -37.947  -52.138  33.522 0.0000000000
8977  -42.887  -65.512  35.288 0.0000000000
8401  -42.513  -66.041  35.728 0.0000000000
8415  -43.113  -66.174  35.089 0.0000000000
117942  -40.589  -66.460  33.281 0.0000000000
8427  -41.321  -66.744  34.365 0.0000000000
127291  -39.721  -66.766  33.690 0.0000000000
7876  -38.811  -67.713  33.986 0.0000000000
8425  -38.953  -67.145  33.557 0.0000000000
9579  -40.737  -65.000  30.275 0.0000000000
126551  -40.837  -65.388  30.983 0.0000000000
9027  -39.964  -65.405  30.584 0.0000000000
7378  -38.303  -67.818  30.745 0.0000000000
125417  -38.282  -67.127  31.053 0.0000000000
11898  -48.549  -60.191  33.389 0.0000000000
12603  -48.746  -59.894  31.880 0.0000000000
12005  -48.866  -60.074  27.817 0.0000000000
11340  -48.466  -60.595  27.447 0.0000000000
12018  -48.789  -60.179  26.495 0.0000000000
12035  -46.774  -60.946  24.345 0.0000000000
12036  -47.593  -60.518  24.467 0.0000000000
11380  -47.155  -61.453  24.364 0.0000000000
11368  -47.657  -61.435  24.951 0.0000000000
10772  -46.565  -62.199  24.326 0.0000000000
10190  -45.994  -63.645  24.209 0.0000000000
10191  -46.282  -63.002  24.080 0.0000000000
10197  -44.389  -64.715  23.781 0.0000000000
9661  -45.070  -64.666  23.677 0.0000000000
9660  -44.397  -65.503  23.783 0.0000000000
14519  -40.179  -55.733  33.507 0.0000000000
13905  -41.103  -56.975  33.075 0.0000000000
14520  -40.768  -56.152  33.703 0.0000000000
14521  -41.452  -56.594  34.050 0.0000000000
14502  -41.789  -56.197  34.822 0.0000000000
21094  -33.490  -48.034  36.815 0.0000000000
21095  -34.345  -47.633  36.740 0.0000000000
132575  -41.168  -67.408  36.769 0.0000000000
10147  -45.102  -62.998  28.774 0.0000000000
10146  -43.992  -63.059  28.627 0.0000000000
10164  -43.025  -63.184  27.449 0.0000000000
9612  -42.345  -64.122  27.210 0.0000000000
9630  -43.011  -64.115  26.691 0.0000000000
9631  -44.030  -64.689  25.832 0.0000000000
9632  -45.262  -64.866  24.864 0.0000000000
10686  -40.974  -62.184  30.681 0.0000000000
10687  -41.742  -62.055  30.589 0.0000000000
10688  -42.638  -61.900  30.515 0.0000000000
126065  -43.409  -62.480  30.815 0.0000000000
12601  -44.296  -59.936  31.608 0.0000000000
139534  -44.864  -60.123  32.128 0.0000000000
11932  -46.068  -61.019  31.625 0.0000000000
11294  -46.856  -61.945  31.529 0.0000000000
10677  -47.216  -62.641  31.261 0.0000000000
118476  -47.508  -61.607  31.680 0.0000000000
11296  -48.139  -61.179  31.889 0.0000000000
10679  -48.179  -61.309  31.226 0.0000000000
10668  -37.190  -62.784  31.353 0.0000000000
10683  -37.826  -62.301  30.890 0.0000000000
13299  -35.437  -58.571  30.329 0.0000000000
13300  -36.219  -58.469  29.915 0.0000000000
13939  -37.611  -57.695  29.979 0.0000000000
13940  -38.392  -57.251  30.352 0.0000000000
14545  -37.632  -55.966  30.908 0.0000000000
15201  -37.222  -55.197  31.349 0.0000000000
15864  -37.267  -54.516  32.138 0.0000000000
15769  -31.925  -54.295  38.783 0.0000000000
15785  -32.018  -54.807  36.865 0.0000000000
15793  -31.937  -54.882  35.916 0.0000000000
15792  -31.639  -54.073  36.331 0.0000000000
16475  -31.744  -53.467  35.668 0.0000000000
134805  -32.048  -52.952  35.297 0.0000000000
117156  -32.902  -49.677  34.723 0.0000000000
18728  -32.748  -50.549  34.918 0.0000000000
19504  -33.518  -49.587  34.211 0.0000000000
18730  -34.165  -50.343  34.021 0.0000000000
18731  -34.947  -50.940  33.938 0.0000000000
131766  -36.025  -52.120  34.454 0.0000000000
17943  -35.868  -51.429  34.058 0.0000000000
18748  -36.286  -50.884  32.994 0.0000000000
18758  -36.557  -50.200  32.153 0.0000000000
8430  -43.742  -65.641  34.049 0.0000000000
8443  -43.458  -66.280  33.525 0.0000000000
8441  -41.730  -66.439  33.358 0.0000000000
8996  -40.763  -66.052  32.393 0.0000000000
9014  -38.745  -66.118  30.380 0.0000000000
12697  -44.481  -59.026  25.656 0.0000000000
12698  -45.495  -59.237  25.368 0.0000000000
12699  -46.391  -59.437  24.987 0.0000000000
12027  -46.115  -60.129  24.818 0.0000000000
11367  -45.721  -61.237  24.681 0.0000000000
11378  -45.804  -62.503  24.101 0.0000000000
10770  -45.643  -63.363  23.805 0.0000000000
10769  -44.881  -63.643  23.774 0.0000000000
120151  -40.877  -58.816  30.378 0.0000000000
12615  -42.217  -59.655  30.521 0.0000000000
13286  -41.777  -58.911  30.811 0.0000000000
12587  -43.042  -59.082  32.155 0.0000000000
13262  -42.250  -57.971  33.242 0.0000000000
118563  -42.702  -58.418  33.212 0.0000000000
13273  -43.134  -58.891  33.029 0.0000000000
12578  -43.939  -59.203  33.534 0.0000000000
12579  -44.807  -59.589  34.103 0.0000000000
12580  -45.574  -59.897  34.562 0.0000000000
11293  -35.699  -61.979  30.975 0.0000000000
12612  -35.120  -59.339  30.605 0.0000000000
13924  -34.393  -58.014  31.402 0.0000000000
13298  -34.794  -58.552  30.855 0.0000000000
128773  -35.172  -57.863  30.512 0.0000000000
14560  -34.688  -56.509  30.882 0.0000000000
15198  -34.648  -55.305  31.293 0.0000000000
17915  -32.263  -50.900  39.138 0.0000000000
18692  -31.798  -50.662  38.381 0.0000000000
17933  -31.366  -51.368  36.985 0.0000000000
121337  -31.538  -50.620  37.541 0.0000000000
19483  -31.912  -49.446  36.624 0.0000000000
19494  -32.102  -49.435  35.827 0.0000000000
20300  -32.910  -48.225  36.227 0.0000000000
20314  -32.595  -48.629  35.687 0.0000000000
19502  -32.548  -49.047  35.188 0.0000000000
19503  -33.067  -48.719  34.592 0.0000000000
20336  -33.806  -47.985  33.482 0.0000000000
20349  -34.369  -48.076  32.795 0.0000000000
9029  -43.020  -65.581  31.207 0.0000000000
127854  -43.478  -65.344  30.753 0.0000000000
9581  -42.580  -65.012  30.476 0.0000000000
9580  -41.564  -64.694  30.010 0.0000000000
9592  -40.647  -64.630  29.307 0.0000000000
8492  -39.590  -66.214  28.361 0.0000000000
9068  -42.463  -65.847  26.722 0.0000000000
8512  -42.216  -66.844  26.820 0.0000000000
7424  -42.297  -68.473  26.770 0.0000000000
7425  -43.101  -68.525  26.200 0.0000000000
7426  -43.761  -68.280  25.297 0.0000000000
9538  -40.718  -64.716  34.484 0.0000000000
127796  -41.355  -64.551  34.198 0.0000000000
9553  -42.297  -64.657  34.438 0.0000000000
9554  -43.091  -64.657  34.011 0.0000000000
9555  -43.552  -65.124  34.253 0.0000000000
9556  -44.067  -65.322  33.670 0.0000000000
9000  -44.457  -65.672  33.137 0.0000000000
9001  -45.185  -65.339  32.391 0.0000000000
11954  -42.548  -60.518  30.341 0.0000000000
11955  -43.490  -60.766  30.479 0.0000000000
11956  -44.431  -60.688  30.824 0.0000000000
10123  -45.152  -63.996  31.924 0.0000000000
9574  -45.771  -64.895  31.890 0.0000000000
9032  -45.566  -65.281  31.609 0.0000000000
9583  -45.338  -65.316  30.898 0.0000000000
9596  -45.643  -64.724  30.314 0.0000000000
10136  -46.038  -63.936  29.654 0.0000000000
10129  -46.922  -63.707  30.861 0.0000000000
10137  -46.763  -63.821  30.296 0.0000000000
136475  -46.097  -62.980  28.861 0.0000000000
119345  -46.379  -62.046  27.795 0.0000000000
9552  -40.436  -64.273  33.509 0.0000000000
10120  -40.115  -63.287  31.928 0.0000000000
10119  -39.231  -63.303  31.850 0.0000000000
10671  -40.414  -62.662  31.141 0.0000000000
135753  -40.433  -61.948  30.534 0.0000000000
11305  -40.091  -61.391  30.206 0.0000000000
11952  -40.518  -60.621  29.938 0.0000000000
11302  -36.313  -61.414  30.519 0.0000000000
130730  -37.268  -61.553  30.412 0.0000000000
11949  -37.773  -60.894  29.928 0.0000000000
11971  -37.340  -60.109  29.802 0.0000000000
11950  -38.708  -60.882  29.849 0.0000000000
11973  -39.132  -60.085  29.697 0.0000000000
11974  -39.973  -59.968  29.757 0.0000000000
133461  -40.792  -59.736  29.965 0.0000000000
13304  -40.374  -58.092  30.778 0.0000000000
13926  -40.510  -57.599  31.532 0.0000000000
14565  -38.951  -56.768  30.962 0.0000000000
127208  -39.905  -56.603  32.056 0.0000000000
117980  -40.223  -56.349  32.828 0.0000000000
15847  -39.442  -54.501  33.950 0.0000000000
130729  -32.104  -54.898  35.187 0.0000000000
15138  -32.400  -55.326  34.658 0.0000000000
137083  -33.278  -55.875  32.646 0.0000000000
15178  -33.507  -55.389  32.189 0.0000000000
15882  -34.020  -54.765  31.798 0.0000000000
15883  -34.978  -54.580  31.606 0.0000000000
17936  -31.564  -51.757  36.262 0.0000000000
17228  -31.693  -52.521  35.859 0.0000000000
16476  -32.439  -52.803  34.886 0.0000000000
17232  -32.841  -52.173  34.819 0.0000000000
16483  -32.867  -52.992  34.310 0.0000000000
15861  -34.485  -54.044  32.153 0.0000000000
15862  -35.424  -53.964  32.197 0.0000000000
15884  -35.884  -54.536  31.583 0.0000000000
15863  -36.458  -54.080  32.407 0.0000000000
130115  -37.234  -54.133  33.046 0.0000000000
17236  -36.551  -52.658  34.448 0.0000000000
132796  -37.157  -53.256  34.334 0.0000000000
15845  -37.742  -53.848  33.892 0.0000000000
15821  -38.353  -53.815  34.075 0.0000000000
17238  -39.035  -53.332  33.914 0.0000000000
8961  -42.133  -65.997  36.225 0.0000000000
8400  -42.069  -66.523  36.247 0.0000000000
7858  -41.716  -67.057  36.203 0.0000000000
8413  -41.520  -67.085  35.421 0.0000000000
7868  -40.607  -67.550  35.744 0.0000000000
134554  -39.368  -67.911  35.013 0.0000000000
9017  -41.390  -65.663  31.694 0.0000000000
8461  -38.624  -66.469  30.871 0.0000000000
8462  -38.799  -66.534  31.767 0.0000000000
8439  -38.833  -66.836  32.837 0.0000000000
119124  -42.279  -55.748  35.124 0.0000000000
13245  -44.380  -58.162  35.367 0.0000000000
12562  -45.599  -59.370  35.434 0.0000000000
11888  -46.180  -59.945  35.108 0.0000000000
130182  -47.047  -60.505  34.861 0.0000000000
11268  -48.210  -60.594  33.375 0.0000000000
11297  -48.517  -60.608  31.853 0.0000000000
126563  -48.544  -60.616  31.045 0.0000000000
12618  -48.676  -59.824  30.906 0.0000000000
11975  -48.766  -60.043  29.953 0.0000000000
11316  -48.519  -60.607  29.557 0.0000000000
10730  -47.866  -61.203  28.249 0.0000000000
11339  -47.801  -61.156  27.164 0.0000000000
11338  -46.870  -61.596  26.711 0.0000000000
12700  -47.359  -59.627  24.762 0.0000000000
12701  -48.237  -59.721  25.037 0.0000000000
12689  -48.829  -59.913  26.136 0.0000000000
131075  -48.356  -60.675  25.432 0.0000000000
11351  -47.218  -61.672  25.451 0.0000000000
10742  -46.365  -62.038  25.698 0.0000000000
10755  -45.630  -63.294  25.315 0.0000000000
9649  -45.332  -64.891  24.130 0.0000000000
9070  -44.719  -65.691  24.771 0.0000000000
126677  -44.392  -67.077  24.418 0.0000000000
7336  -39.426  -68.523  35.478 0.0000000000
7847  -41.565  -66.955  36.748 0.0000000000
7942  -39.656  -66.975  28.207 0.0000000000
8426  -39.543  -67.312  34.419 0.0000000000
8429  -43.506  -66.155  34.260 0.0000000000
8431  -44.063  -65.687  33.624 0.0000000000
8442  -42.739  -66.408  33.300 0.0000000000
8491  -39.015  -66.523  28.740 0.0000000000
8498  -41.238  -66.481  27.369 0.0000000000
8528  -44.525  -66.383  24.436 0.0000000000
8543  -44.164  -66.308  23.659 0.0000000000
8960  -41.776  -65.750  36.153 0.0000000000
8976  -42.248  -65.484  35.672 0.0000000000
8995  -39.677  -66.063  31.833 0.0000000000
8999  -44.001  -66.173  32.899 0.0000000000
9015  -39.242  -65.934  30.989 0.0000000000
9018  -42.529  -65.801  31.843 0.0000000000
9026  -39.186  -65.645  30.122 0.0000000000
9031  -44.956  -65.580  31.563 0.0000000000
9539  -41.801  -64.884  34.974 0.0000000000
9540  -43.064  -64.991  34.822 0.0000000000
9564  -43.942  -64.872  33.721 0.0000000000
9565  -44.702  -65.065  33.102 0.0000000000
9566  -45.323  -64.966  32.454 0.0000000000
9585  -46.535  -64.354  30.991 0.0000000000
9591  -39.892  -65.092  28.893 0.0000000000
9600  -41.921  -63.769  28.440 0.0000000000
10107  -45.523  -64.682  32.083 0.0000000000
10126  -47.284  -63.006  31.008 0.0000000000
10149  -47.214  -63.026  29.768 0.0000000000
10163  -42.319  -63.558  27.767 0.0000000000
10178  -42.746  -63.680  27.137 0.0000000000
10199  -45.891  -63.562  23.876 0.0000000000
10672  -41.356  -62.779  31.246 0.0000000000
10693  -48.195  -61.373  30.557 0.0000000000
10697  -47.699  -62.128  30.029 0.0000000000
10709  -44.362  -62.447  27.852 0.0000000000
10712  -47.417  -61.844  28.793 0.0000000000
10741  -44.568  -62.614  26.495 0.0000000000
10756  -46.219  -63.070  24.792 0.0000000000
10757  -47.180  -61.606  24.510 0.0000000000
10771  -46.197  -62.899  23.927 0.0000000000
11282  -48.426  -60.599  32.667 0.0000000000
11308  -43.468  -61.666  30.485 0.0000000000
11310  -44.883  -61.349  30.750 0.0000000000
11311  -48.540  -60.620  30.315 0.0000000000
11352  -47.776  -61.193  25.992 0.0000000000
11381  -47.932  -60.981  24.637 0.0000000000
11382  -48.222  -60.381  24.721 0.0000000000
11896  -46.961  -60.953  34.052 0.0000000000
11897  -47.828  -60.506  34.089 0.0000000000
11911  -46.208  -60.548  33.563 0.0000000000
11913  -48.681  -60.131  32.430 0.0000000000
11931  -45.025  -60.534  31.531 0.0000000000
11958  -48.694  -60.165  30.673 0.0000000000
12029  -48.746  -60.095  25.427 0.0000000000
12572  -45.225  -59.489  34.840 0.0000000000
12590  -48.699  -59.972  32.899 0.0000000000
12614  -40.229  -59.260  29.927 0.0000000000
12629  -36.916  -59.228  29.751 0.0000000000
12687  -47.275  -59.264  25.567 0.0000000000
12688  -48.341  -59.660  25.854 0.0000000000
12702  -48.709  -59.917  25.359 0.0000000000
12709  -48.147  -60.007  24.665 0.0000000000
12710  -48.599  -60.042  24.921 0.0000000000
13256  -44.772  -58.900  35.043 0.0000000000
13272  -42.479  -58.613  32.451 0.0000000000
13378  -46.297  -58.868  25.690 0.0000000000
13386  -46.601  -59.200  25.273 0.0000000000
13894  -43.496  -57.782  34.962 0.0000000000
13906  -42.491  -57.656  33.999 0.0000000000
13936  -34.937  -57.175  30.657 0.0000000000
13938  -36.524  -57.526  30.034 0.0000000000
13941  -39.965  -57.593  30.957 0.0000000000
14004  -44.190  -57.794  25.759 0.0000000000
14501  -41.154  -55.754  34.465 0.0000000000
14517  -32.994  -55.927  33.295 0.0000000000
14544  -34.102  -56.499  31.355 0.0000000000
14547  -39.283  -56.388  31.636 0.0000000000
14564  -38.144  -56.529  30.706 0.0000000000
15159  -33.064  -55.172  32.888 0.0000000000
15161  -39.842  -55.133  33.796 0.0000000000
15181  -39.515  -55.564  32.959 0.0000000000
15216  -35.097  -55.826  30.873 0.0000000000
15777  -31.698  -54.051  38.112 0.0000000000
15784  -31.690  -54.122  37.324 0.0000000000
15820  -37.865  -53.342  34.284 0.0000000000
15844  -36.832  -53.652  33.654 0.0000000000
16471  -31.456  -53.170  36.423 0.0000000000
16484  -37.225  -52.837  34.440 0.0000000000
16485  -38.539  -53.623  34.091 0.0000000000
16516  -33.968  -53.642  32.702 0.0000000000
17208  -31.529  -52.200  39.223 0.0000000000
17229  -32.272  -52.249  35.285 0.0000000000
17233  -33.487  -52.194  34.546 0.0000000000
17237  -38.215  -53.135  34.200 0.0000000000
17246  -34.963  -52.450  34.257 0.0000000000
17248  -37.816  -52.704  34.172 0.0000000000
17249  -38.519  -52.594  33.650 0.0000000000
17926  -31.439  -51.349  37.962 0.0000000000
17937  -31.641  -50.974  36.263 0.0000000000
17944  -36.642  -52.267  34.361 0.0000000000
17952  -36.668  -51.628  33.834 0.0000000000
18716  -31.659  -49.984  37.101 0.0000000000
18717  -31.707  -50.117  36.342 0.0000000000
18735  -35.385  -50.522  33.236 0.0000000000
19446  -33.015  -49.315  38.371 0.0000000000
19469  -32.639  -49.029  37.655 0.0000000000
20274  -32.256  -49.004  36.999 0.0000000000
20328  -32.832  -48.412  35.165 0.0000000000
20335  -33.419  -47.882  34.256 0.0000000000
21179  -34.626  -47.301  32.524 0.0000000000
119538  -38.298  -58.746  29.760 0.0000000000
120006  -38.979  -57.849  30.259 0.0000000000
120955  -31.300  -52.900  37.209 0.0000000000
123220  -35.247  -51.734  34.372 0.0000000000
123841  -38.030  -55.536  31.441 0.0000000000
123963  -33.467  -53.992  32.721 0.0000000000
127495  -35.752  -57.914  30.156 0.0000000000
128015  -33.452  -54.627  32.479 0.0000000000
130162  -40.465  -64.960  28.288 0.0000000000
130810  -37.651  -58.818  29.724 0.0000000000
131024  -34.477  -55.951  31.154 0.0000000000
132502  -35.559  -62.563  31.532 0.0000000000
134442  -37.953  -62.880  31.425 0.0000000000
137246  -36.844  -52.976  34.550 0.0000000000
137370  -41.860  -66.187  27.073 0.0000000000
137937  -33.483  -48.337  37.284 0.0000000000
138054  -33.631  -47.363  34.379 0.0000000000
138470  -48.354  -60.309  33.806 0.0000000000
138581  -46.199  -62.459  28.352 0.0000000000
138798  -42.314  -58.284  32.870 0.0000000000
