#!ascii label  , from subject sub-v2s12x28854_ses-1 vox2ras=TkReg
852
15284  25.481  -55.965  11.474 0.6000000238
13982  20.537  -58.011  13.120 0.6999999881
14001  17.911  -58.120  12.040 0.6999999881
13371  20.924  -58.360  10.535 0.8999999762
13370  21.855  -58.195  10.468 0.8000000119
14013  23.078  -57.481  10.148 0.8000000119
15285  24.929  -55.817  10.850 0.6000000238
128313  25.420  -55.132  11.236 0.6999999881
16611  27.218  -53.989  12.185 0.6999999881
13998  21.098  -57.295  12.849 0.6999999881
130373  22.686  -57.809  14.351 0.6999999881
14000  19.056  -57.721  12.344 0.6999999881
14635  17.594  -57.407  11.572 0.6000000238
14002  17.179  -58.075  11.549 0.6999999881
13363  17.522  -58.716  11.542 0.6999999881
14025  18.261  -57.813  10.211 0.8000000119
14024  19.509  -57.408  9.681 0.8000000119
14015  21.310  -57.758  9.962 0.8000000119
14021  22.674  -56.968  9.448 0.8000000119
14649  23.833  -56.439  10.029 0.6000000238
15290  24.865  -54.967  10.647 0.6000000238
132771  26.433  -53.821  11.789 0.6999999881
16610  28.089  -53.877  12.254 0.6999999881
14623  21.613  -56.584  12.824 0.5000000000
14613  22.865  -57.069  14.216 0.6000000238
14632  20.766  -56.693  12.405 0.4000000060
14633  19.836  -56.829  12.024 0.6000000238
14634  18.706  -56.918  11.682 0.5000000000
14650  16.538  -57.011  10.924 0.6000000238
13380  17.299  -58.065  10.641 0.8000000119
14659  18.479  -57.099  9.701 0.6999999881
14658  20.233  -56.710  9.178 0.6999999881
14657  22.042  -56.545  8.886 0.6999999881
128074  24.356  -54.770  10.199 0.5000000000
15955  25.310  -54.263  11.033 0.6000000238
125800  26.288  -53.156  11.573 0.6000000238
16621  27.633  -53.182  12.056 0.6000000238
16619  29.235  -53.134  11.641 0.5000000000
15266  22.708  -55.712  13.573 0.5000000000
131847  23.334  -56.082  14.919 0.6000000238
14581  23.024  -56.643  16.095 0.6000000238
122014  22.401  -56.593  13.472 0.5000000000
14637  16.494  -56.231  11.081 0.5000000000
14651  16.497  -56.223  10.843 0.6000000238
138145  17.881  -55.896  9.754 0.6000000238
14667  20.717  -56.015  8.745 0.6000000238
15299  22.675  -55.449  8.728 0.5000000000
15297  23.803  -55.014  9.635 0.5000000000
15956  24.692  -54.121  10.509 0.6000000238
17263  25.801  -52.775  11.262 0.6000000238
17261  27.335  -52.378  11.727 0.5000000000
17964  29.307  -52.060  11.251 0.5000000000
17274  30.377  -52.456  9.995 0.5000000000
16627  29.837  -52.912  11.067 0.5000000000
15248  23.447  -55.270  15.112 0.5000000000
15227  22.830  -55.693  16.126 0.5000000000
133902  21.237  -55.925  12.425 0.5000000000
15276  19.865  -55.327  11.764 0.4000000060
131093  19.069  -54.389  11.699 0.3000000119
15277  18.750  -55.652  11.535 0.4000000060
15943  17.066  -54.544  11.304 0.3000000119
15942  17.875  -53.987  11.521 0.3000000119
15286  16.296  -55.533  11.113 0.5000000000
15302  17.519  -55.179  10.015 0.5000000000
127936  18.670  -55.291  9.458 0.5000000000
15313  21.187  -55.281  8.533 0.5000000000
15981  22.473  -54.516  8.587 0.5000000000
15964  23.535  -54.138  9.375 0.6000000238
16629  24.415  -53.334  10.275 0.6000000238
17262  26.498  -52.464  11.527 0.5000000000
17966  27.671  -51.588  11.500 0.5000000000
17981  30.209  -51.625  10.078 0.5000000000
121552  23.189  -55.062  15.835 0.5000000000
15263  23.252  -55.350  14.254 0.5000000000
141330  22.876  -55.029  13.607 0.5000000000
15941  21.078  -54.484  12.418 0.4000000060
15275  20.762  -55.227  12.151 0.5000000000
131096  20.229  -54.448  12.074 0.4000000060
16615  18.667  -53.395  11.652 0.3000000119
133000  17.173  -53.889  11.237 0.3000000119
15967  18.075  -54.298  9.802 0.4000000060
15314  20.348  -55.216  8.789 0.5000000000
15982  21.614  -54.508  8.448 0.4000000060
17968  25.916  -51.880  11.199 0.5000000000
17984  26.003  -50.960  11.038 0.5000000000
17967  26.776  -51.527  11.380 0.5000000000
122459  30.304  -51.983  8.713 0.5000000000
17997  30.280  -51.182  9.306 0.4000000060
17983  28.921  -51.068  11.069 0.5000000000
15918  23.340  -54.268  16.137 0.5000000000
15930  23.462  -54.582  14.574 0.5000000000
15933  23.162  -54.492  13.889 0.5000000000
125093  22.009  -53.730  13.204 0.4000000060
16612  21.290  -53.792  12.708 0.4000000060
16614  19.791  -53.471  12.184 0.3000000119
16616  17.704  -53.424  11.269 0.3000000119
16639  17.646  -53.489  10.220 0.4000000060
16638  18.617  -53.300  9.584 0.4000000060
16654  20.272  -53.639  8.749 0.4000000060
15966  19.126  -54.330  9.335 0.4000000060
15983  20.765  -54.463  8.594 0.4000000060
16652  21.968  -53.697  8.400 0.5000000000
17289  23.424  -52.464  9.288 0.5000000000
17288  24.129  -52.525  10.004 0.6000000238
18752  27.590  -50.364  10.950 0.4000000060
18733  28.114  -50.957  11.236 0.5000000000
16600  23.557  -53.708  15.523 0.4000000060
16606  22.866  -53.683  13.689 0.4000000060
140390  23.200  -53.390  14.084 0.4000000060
16607  21.399  -53.079  13.052 0.4000000060
17254  20.905  -52.506  12.767 0.4000000060
17257  19.304  -52.692  11.826 0.4000000060
142668  18.407  -52.424  11.114 0.4000000060
17278  17.678  -53.095  10.590 0.4000000060
132616  18.058  -52.847  9.923 0.4000000060
131944  19.608  -52.756  9.075 0.4000000060
16653  21.134  -53.683  8.499 0.5000000000
17301  22.849  -52.778  8.739 0.5000000000
17999  23.871  -51.525  9.704 0.6000000238
18754  25.333  -50.514  10.493 0.5000000000
125789  25.491  -49.766  10.192 0.4000000060
19524  26.120  -50.098  10.663 0.4000000060
17247  23.585  -52.849  15.685 0.4000000060
127642  22.904  -52.907  13.938 0.4000000060
120592  23.401  -53.126  14.676 0.4000000060
17252  22.321  -52.273  13.723 0.4000000060
17256  20.129  -52.595  12.394 0.4000000060
17291  18.262  -52.259  10.103 0.4000000060
17290  18.721  -52.308  9.600 0.4000000060
17304  20.596  -52.857  8.629 0.4000000060
129533  22.494  -52.147  8.429 0.5000000000
18000  23.221  -51.563  8.936 0.4000000060
18755  24.558  -50.959  10.215 0.6000000238
126247  23.606  -51.991  15.812 0.4000000060
17250  22.982  -52.233  14.305 0.4000000060
17949  22.659  -51.629  13.864 0.4000000060
17253  21.591  -52.378  13.243 0.4000000060
130178  20.493  -52.006  12.499 0.4000000060
17956  19.819  -51.845  11.957 0.4000000060
17970  19.342  -51.388  11.199 0.5000000000
17264  18.744  -51.863  10.787 0.4000000060
18001  18.805  -51.595  9.710 0.3000000119
18013  19.430  -51.612  9.100 0.3000000119
130863  20.129  -52.074  8.702 0.4000000060
18009  22.760  -51.508  8.388 0.4000000060
129089  23.077  -51.050  8.467 0.4000000060
18769  24.008  -50.616  9.594 0.5000000000
17245  23.586  -52.544  16.507 0.4000000060
17950  21.923  -51.590  13.280 0.4000000060
17954  21.395  -51.080  12.620 0.4000000060
17955  20.641  -51.372  12.273 0.3000000119
17969  20.095  -50.858  11.594 0.3000000119
18772  18.998  -51.013  9.907 0.3000000119
18785  19.590  -50.672  8.937 0.3000000119
18011  21.436  -51.183  8.119 0.3000000119
18782  22.787  -50.817  7.876 0.4000000060
19549  24.282  -49.461  8.143 0.4000000060
17946  23.699  -51.460  15.208 0.3000000119
17947  23.254  -51.545  14.496 0.3000000119
122008  22.519  -51.097  13.439 0.3000000119
18714  22.140  -50.778  12.889 0.3000000119
18735  21.644  -50.324  12.318 0.3000000119
141097  20.573  -50.212  11.526 0.3000000119
19527  19.648  -50.071  10.440 0.4000000060
19526  20.162  -49.517  10.375 0.4000000060
19552  19.703  -49.900  9.058 0.3000000119
18784  20.189  -50.165  8.572 0.3000000119
18793  22.195  -50.658  7.664 0.3000000119
18792  22.803  -50.234  7.274 0.4000000060
19560  24.136  -49.405  7.054 0.4000000060
20348  24.839  -48.865  7.773 0.4000000060
19508  20.030  -50.080  11.049 0.4000000060
20328  20.649  -48.764  9.234 0.4000000060
19551  20.373  -49.297  8.727 0.4000000060
19564  20.841  -49.738  8.174 0.3000000119
126144  22.208  -49.934  7.367 0.4000000060
20361  22.834  -48.836  6.766 0.4000000060
19573  24.255  -48.804  6.493 0.4000000060
19574  23.536  -49.276  6.718 0.4000000060
120932  24.811  -48.675  6.796 0.4000000060
20338  20.801  -48.646  8.697 0.4000000060
20350  21.390  -48.514  7.787 0.5000000000
20360  23.611  -48.537  6.468 0.4000000060
130327  25.384  -48.210  6.599 0.3000000119
21250  24.676  -47.743  5.924 0.3000000119
14648  24.409  -56.475  10.579 0.6999999881
13373  19.105  -58.209  10.350 0.8000000119
15291  24.293  -55.635  10.209 0.6000000238
14022  21.710  -57.186  9.359 0.6999999881
14655  23.303  -56.399  9.462 0.6999999881
16620  28.409  -53.166  12.002 0.6000000238
131298  19.586  -56.158  11.725 0.4000000060
15278  17.501  -55.462  11.424 0.4000000060
128725  17.660  -56.633  9.908 0.6999999881
138222  19.353  -56.736  9.390 0.6999999881
15298  23.281  -55.668  9.159 0.6999999881
15274  21.565  -55.180  12.616 0.5000000000
15300  19.686  -55.949  9.115 0.5000000000
15968  17.106  -54.384  10.515 0.4000000060
15980  23.042  -54.106  8.901 0.6000000238
17985  25.270  -51.410  10.724 0.5000000000
17986  24.599  -51.882  10.383 0.6000000238
17957  18.994  -52.164  11.349 0.3000000119
124074  20.962  -52.063  8.427 0.4000000060
17940  23.974  -51.424  15.819 0.4000000060
18783  20.841  -50.499  8.232 0.3000000119
18794  21.494  -50.261  7.813 0.3000000119
19562  22.142  -49.065  7.291 0.3000000119
20359  24.926  -48.249  6.142 0.3000000119
11518  22.556  -61.925  13.411 0.6000000238
124042  23.419  -61.800  13.461 0.6000000238
10264  25.151  -63.281  12.380 0.6000000238
10897  27.347  -62.233  12.295 0.6000000238
10249  20.249  -63.786  13.500 0.5000000000
11519  20.955  -62.271  13.419 0.6000000238
12158  22.079  -60.427  12.644 0.6999999881
138931  22.613  -61.133  13.246 0.6999999881
10884  22.024  -62.635  13.384 0.6000000238
12146  23.699  -60.920  13.361 0.6000000238
120851  24.333  -61.638  13.486 0.6000000238
12144  25.603  -60.736  13.507 0.6000000238
131655  26.372  -61.254  13.440 0.6000000238
10898  26.429  -62.353  12.789 0.6000000238
11526  28.529  -61.053  12.563 0.6000000238
11538  29.727  -61.156  11.606 0.6999999881
11520  20.003  -61.946  13.655 0.6000000238
12148  19.612  -61.002  13.265 0.6999999881
10886  19.839  -63.046  13.968 0.5000000000
12147  20.560  -61.317  13.122 0.6999999881
126483  21.588  -61.058  12.999 0.6999999881
120961  22.656  -59.868  12.439 0.6999999881
12745  24.069  -60.033  13.103 0.6999999881
130662  25.883  -59.772  13.429 0.5000000000
12142  27.976  -60.633  13.185 0.6000000238
142553  29.312  -59.827  12.663 0.6000000238
12155  29.355  -60.589  12.252 0.6999999881
12754  29.951  -59.773  12.246 0.6999999881
12177  30.977  -60.364  11.112 0.6999999881
12780  31.609  -59.523  10.187 0.6999999881
12207  35.491  -60.462  4.375 0.4000000060
13404  32.797  -58.970  5.503 0.5000000000
12198  30.441  -59.983  5.998 0.6000000238
12791  31.051  -59.812  7.209 0.6000000238
13384  31.473  -59.153  8.746 0.6999999881
10822  21.005  -62.859  16.997 0.5000000000
131405  19.942  -62.014  15.556 0.5000000000
12133  19.610  -60.827  14.282 0.6000000238
10834  19.830  -62.596  15.784 0.5000000000
12149  19.277  -60.606  13.482 0.6999999881
11503  19.708  -61.628  14.446 0.5000000000
10846  19.584  -62.284  15.047 0.6000000238
12761  20.188  -60.280  12.207 0.6999999881
12159  20.956  -60.600  12.520 0.6999999881
12759  21.933  -59.736  12.002 0.6999999881
12744  25.029  -59.953  13.311 0.6999999881
128216  27.338  -60.115  13.434 0.6000000238
12755  28.844  -59.425  13.087 0.6000000238
125921  29.595  -59.009  12.699 0.6999999881
13367  31.345  -58.796  10.562 0.6999999881
13378  31.445  -58.821  9.594 0.6999999881
12787  30.955  -59.181  7.837 0.6000000238
13389  30.106  -58.651  7.438 0.6000000238
127663  21.841  -60.621  17.232 0.5000000000
10794  20.797  -62.436  18.858 0.4000000060
12109  20.766  -61.116  15.730 0.5000000000
11470  21.482  -61.229  16.979 0.5000000000
11472  20.342  -61.561  15.660 0.5000000000
12714  20.181  -60.439  14.657 0.6000000238
12123  20.243  -61.035  15.082 0.6000000238
12777  18.096  -59.308  12.063 0.6999999881
12150  18.860  -60.222  13.262 0.6000000238
12776  18.859  -59.661  11.873 0.6999999881
12774  21.216  -59.381  11.501 0.6999999881
126643  23.969  -59.312  12.511 0.6999999881
13329  26.101  -58.912  13.283 0.6999999881
12743  26.704  -59.533  13.452 0.6999999881
12741  28.249  -58.998  13.374 0.6999999881
13343  29.457  -58.196  12.868 0.6999999881
13342  30.081  -58.203  12.425 0.8000000119
137605  31.213  -58.177  10.146 0.6999999881
125183  30.954  -58.627  5.521 0.5000000000
13396  29.498  -58.983  6.441 0.6000000238
130692  30.465  -57.968  8.325 0.6000000238
11420  21.278  -60.850  18.937 0.4000000060
12121  21.673  -60.217  15.690 0.6000000238
12108  21.426  -60.796  16.272 0.6000000238
12713  20.985  -60.101  14.901 0.6000000238
13333  19.037  -59.145  13.323 0.6000000238
135390  18.511  -59.202  12.797 0.6000000238
13361  19.340  -59.203  11.290 0.6999999881
13360  20.507  -58.971  11.129 0.6999999881
12773  22.149  -59.053  11.407 0.6999999881
13348  23.562  -58.988  11.935 0.6999999881
13358  23.925  -58.343  11.497 0.8000000119
13997  24.838  -58.078  11.925 0.8000000119
13345  26.311  -58.079  13.013 0.6000000238
13325  28.877  -57.718  13.175 0.6000000238
14011  30.778  -57.259  10.981 0.8000000119
14020  30.865  -57.393  10.139 0.6999999881
13405  32.180  -58.220  5.565 0.5000000000
13406  29.688  -58.939  5.630 0.6000000238
124568  29.832  -58.004  7.553 0.6999999881
14055  30.249  -57.962  5.350 0.6000000238
12696  22.585  -59.369  16.740 0.5000000000
12662  22.283  -59.241  18.105 0.4000000060
13255  21.018  -59.099  19.113 0.4000000060
127124  22.405  -59.625  15.916 0.5000000000
12107  22.140  -60.124  16.579 0.5000000000
12731  21.161  -59.504  14.501 0.6000000238
13332  20.024  -58.739  13.464 0.6000000238
13349  17.721  -58.847  12.086 0.6000000238
13362  18.222  -59.134  11.499 0.6999999881
133844  21.516  -58.728  11.003 0.8000000119
13369  22.687  -58.085  10.559 0.8000000119
14006  24.973  -57.250  11.502 0.6000000238
13994  27.330  -56.996  12.970 0.6000000238
13993  29.125  -56.900  12.933 0.6999999881
14626  30.121  -56.803  12.204 0.6999999881
14664  30.371  -56.461  8.667 0.6999999881
13407  28.832  -58.435  5.724 0.6000000238
14677  28.846  -56.913  6.739 0.6000000238
15325  28.126  -56.413  6.157 0.6000000238
14056  29.000  -58.078  5.304 0.6000000238
132726  28.051  -57.297  5.377 0.6000000238
13300  22.896  -58.546  15.356 0.5000000000
12680  22.629  -59.000  17.459 0.5000000000
13259  22.285  -58.459  17.939 0.5000000000
13261  20.566  -58.241  18.850 0.5000000000
13330  21.962  -58.217  13.901 0.5000000000
12711  22.506  -59.141  15.281 0.5000000000
13983  19.487  -58.300  12.957 0.6000000238
14007  24.254  -57.631  11.180 0.6999999881
14642  25.461  -56.688  11.703 0.6000000238
14629  26.982  -56.153  12.565 0.6000000238
15270  29.077  -55.224  12.434 0.6000000238
14640  30.438  -55.864  11.169 0.6999999881
15282  29.689  -55.181  12.039 0.6000000238
130949  30.523  -55.684  9.305 0.6000000238
14676  29.747  -56.569  7.642 0.6999999881
129886  30.972  -56.933  5.348 0.5000000000
14696  27.752  -56.508  5.032 0.4000000060
13960  23.270  -57.440  15.318 0.5000000000
13947  22.714  -57.370  16.704 0.5000000000
13927  21.970  -56.860  17.121 0.5000000000
13928  21.104  -56.768  17.491 0.5000000000
14559  19.594  -55.868  17.192 0.5000000000
15940  27.147  -54.802  12.320 0.6000000238
15937  29.270  -54.522  12.110 0.6000000238
15946  30.174  -54.367  11.075 0.4000000060
15311  30.528  -54.948  9.067 0.5000000000
15979  29.774  -54.565  7.608 0.4000000060
15326  27.730  -55.874  5.448 0.4000000060
15990  29.200  -55.684  6.996 0.5000000000
14593  23.291  -56.741  15.488 0.6000000238
14582  22.486  -56.418  16.481 0.5000000000
14557  21.259  -56.089  16.937 0.5000000000
14558  20.452  -56.030  17.089 0.5000000000
15208  19.959  -55.312  17.343 0.5000000000
15209  19.028  -55.136  17.347 0.5000000000
15901  18.848  -54.658  17.778 0.4000000060
15902  18.167  -54.762  17.881 0.5000000000
15195  17.491  -54.886  18.126 0.4000000060
15184  16.860  -55.398  18.907 0.4000000060
15185  16.071  -55.611  18.584 0.4000000060
127945  29.400  -53.938  11.767 0.6000000238
16626  30.212  -53.581  10.742 0.4000000060
15978  30.368  -54.393  8.514 0.4000000060
15993  28.081  -54.855  5.709 0.4000000060
15206  21.621  -55.426  16.893 0.4000000060
15207  20.814  -55.383  17.106 0.4000000060
15899  20.440  -54.748  17.581 0.5000000000
15893  19.408  -54.328  18.354 0.4000000060
15894  18.756  -54.466  18.482 0.5000000000
15879  19.308  -54.189  19.271 0.4000000060
15880  18.688  -54.550  19.516 0.5000000000
15895  18.149  -54.756  18.795 0.5000000000
15177  18.189  -55.217  20.809 0.3000000119
15179  17.065  -55.814  20.042 0.3000000119
14529  16.627  -56.470  20.748 0.3000000119
130955  30.221  -52.900  10.499 0.4000000060
15205  22.328  -55.498  16.566 0.5000000000
131869  21.426  -54.632  17.418 0.5000000000
15919  22.840  -54.735  16.498 0.4000000060
15898  22.209  -54.791  16.996 0.4000000060
16581  22.289  -54.120  17.597 0.4000000060
16559  21.441  -53.237  19.392 0.4000000060
15897  23.163  -53.919  16.875 0.4000000060
16565  21.686  -53.746  18.308 0.4000000060
16580  22.886  -53.646  17.548 0.4000000060
16558  22.382  -52.926  18.978 0.4000000060
16537  21.325  -53.051  20.457 0.4000000060
16564  22.472  -53.479  18.119 0.4000000060
16597  23.468  -53.457  16.403 0.3000000119
17211  22.084  -52.723  20.103 0.4000000060
17196  21.049  -52.672  21.459 0.4000000060
16579  23.353  -53.076  17.284 0.4000000060
17173  20.203  -52.473  22.033 0.4000000060
17862  20.673  -51.676  21.931 0.4000000060
136869  23.581  -52.233  17.154 0.3000000119
17241  23.432  -52.299  17.906 0.4000000060
17228  23.274  -52.223  18.902 0.4000000060
17210  22.863  -52.299  19.844 0.4000000060
17195  21.958  -52.539  21.076 0.4000000060
17873  21.574  -51.808  21.593 0.4000000060
17872  22.437  -51.784  21.266 0.3000000119
14631  26.120  -56.233  12.111 0.6000000238
13315  21.517  -58.887  14.180 0.5000000000
15939  27.812  -54.644  12.420 0.6000000238
16649  30.448  -53.534  8.884 0.4000000060
10245  24.993  -62.888  13.091 0.6000000238
12171  30.173  -60.431  11.714 0.6999999881
13368  31.026  -58.001  10.947 0.6999999881
12805  33.361  -59.684  5.303 0.5000000000
126056  33.336  -57.892  5.602 0.5000000000
12807  31.277  -60.032  5.648 0.5000000000
127471  31.654  -59.289  5.525 0.4000000060
12800  29.926  -59.563  6.146 0.6000000238
10832  21.331  -61.959  17.181 0.5000000000
13346  25.526  -58.354  12.721 0.6999999881
13390  29.249  -58.315  6.789 0.6000000238
12746  18.733  -59.767  13.256 0.6000000238
13327  27.675  -58.490  13.384 0.6999999881
13992  29.695  -57.399  12.639 0.8000000119
14030  30.606  -57.280  9.051 0.6999999881
12062  22.017  -59.854  18.195 0.4000000060
13996  25.780  -57.350  12.325 0.6000000238
13979  27.954  -57.718  13.288 0.6000000238
14647  30.636  -56.585  10.655 0.6999999881
14654  30.604  -56.521  9.695 0.6999999881
14054  31.519  -57.509  5.513 0.5000000000
14052  33.462  -56.847  5.610 0.5000000000
14035  30.158  -57.311  8.039 0.6999999881
14044  28.604  -57.816  6.383 0.6000000238
14630  26.535  -56.816  12.571 0.6999999881
14622  28.363  -56.913  13.094 0.6999999881
132785  29.513  -55.778  12.379 0.6999999881
15323  30.226  -55.462  8.207 0.6000000238
14057  28.405  -57.859  5.514 0.6000000238
14703  29.292  -56.464  4.552 0.6000000238
13274  22.680  -58.260  17.162 0.5000000000
13910  21.733  -57.608  17.870 0.5000000000
13911  20.888  -57.505  18.223 0.4000000060
15272  27.472  -55.402  12.519 0.6000000238
15289  30.417  -55.058  10.719 0.6000000238
15954  30.449  -54.264  10.320 0.5000000000
15992  28.923  -54.513  6.623 0.4000000060
15900  19.595  -54.703  17.709 0.5000000000
15183  17.570  -55.225  19.365 0.4000000060
14533  16.350  -56.158  19.671 0.4000000060
16563  23.001  -52.962  18.147 0.4000000060
4306  24.445  -74.662  8.440 0.3000000119
3849  26.212  -75.668  7.657 0.3000000119
8420  32.722  -66.664  6.615 0.4000000060
127273  33.437  -66.967  4.675 0.4000000060
7358  31.754  -68.524  4.935 0.4000000060
6374  31.943  -69.567  4.601 0.4000000060
9069  33.580  -65.359  6.408 0.4000000060
9056  32.772  -65.601  7.598 0.4000000060
9727  32.956  -64.914  8.016 0.4000000060
9712  32.826  -64.142  8.421 0.5000000000
9714  30.555  -64.684  8.707 0.5000000000
9699  30.095  -64.164  9.191 0.5000000000
9085  33.814  -65.409  4.598 0.4000000060
8419  33.334  -66.262  5.856 0.5000000000
9071  32.563  -66.215  7.268 0.5000000000
9701  28.307  -64.295  9.012 0.5000000000
118544  34.022  -66.142  4.441 0.5000000000
137162  33.092  -66.745  4.976 0.5000000000
8436  34.159  -66.955  4.421 0.5000000000
7914  33.015  -67.847  4.566 0.4000000060
7366  33.410  -68.571  4.468 0.4000000060
6366  31.821  -70.366  4.877 0.4000000060
6365  32.658  -71.146  5.001 0.4000000060
5312  31.948  -72.672  5.876 0.3000000119
130606  30.744  -74.659  6.336 0.4000000060
10941  34.035  -62.947  4.374 0.4000000060
10349  33.358  -63.190  6.111 0.4000000060
10935  33.167  -62.617  6.330 0.4000000060
10367  34.328  -63.617  4.212 0.4000000060
130421  33.405  -64.005  4.935 0.4000000060
10352  33.371  -63.603  5.481 0.4000000060
10337  33.510  -63.263  7.472 0.4000000060
9711  33.282  -63.389  8.219 0.5000000000
10307  32.546  -63.393  8.827 0.5000000000
133112  34.720  -64.321  3.952 0.4000000060
9751  33.624  -64.723  4.769 0.4000000060
133252  32.988  -62.799  8.622 0.5000000000
10920  32.303  -62.548  9.288 0.5000000000
10310  29.660  -63.531  9.741 0.5000000000
10916  29.964  -62.752  10.321 0.6000000238
140266  29.869  -62.132  10.834 0.6000000238
124376  28.074  -63.425  10.101 0.6000000238
12181  31.857  -60.235  9.988 0.6000000238
135312  31.449  -61.305  10.364 0.6000000238
10917  28.197  -62.799  10.878 0.5000000000
6862  33.985  -69.501  4.542 0.4000000060
11539  28.225  -61.795  12.104 0.5000000000
5843  32.283  -71.920  5.513 0.4000000060
5311  32.704  -72.810  5.551 0.4000000060
4789  31.677  -73.516  6.134 0.4000000060
10936  32.653  -62.096  5.678 0.4000000060
11564  32.247  -61.512  6.073 0.5000000000
11556  32.773  -61.417  7.463 0.5000000000
12184  32.556  -60.795  7.972 0.5000000000
140552  31.087  -62.738  9.854 0.5000000000
12185  32.277  -60.283  8.595 0.5000000000
10921  31.752  -61.812  9.902 0.6000000238
12786  31.718  -59.675  8.243 0.6000000238
12180  32.263  -60.566  9.326 0.6000000238
4293  23.702  -74.180  8.820 0.3000000119
4304  26.902  -74.989  8.181 0.3000000119
3858  31.645  -75.552  7.368 0.3000000119
10940  34.760  -62.290  4.204 0.4000000060
11574  34.157  -61.651  4.487 0.4000000060
12208  34.536  -60.798  4.595 0.4000000060
11568  32.791  -62.123  5.095 0.4000000060
12201  32.899  -60.648  5.174 0.4000000060
11565  31.721  -60.881  5.910 0.5000000000
12202  31.995  -60.738  5.596 0.4000000060
12197  31.177  -60.302  6.394 0.5000000000
11544  30.165  -61.554  11.089 0.6000000238
10907  28.657  -62.148  11.453 0.5000000000
12209  33.518  -61.168  4.793 0.4000000060
118802  33.660  -64.634  6.821 0.4000000060
10311  28.672  -63.743  9.657 0.5000000000
3865  31.683  -75.496  6.846 0.3000000119
10942  33.255  -62.755  4.765 0.4000000060
11555  32.986  -61.928  6.792 0.5000000000
11551  32.835  -61.397  8.329 0.5000000000
11547  32.507  -61.438  9.232 0.6000000238
3844  31.863  -75.409  7.716 0.3000000119
3864  32.507  -75.417  6.935 0.3000000119
4804  32.310  -73.410  5.825 0.4000000060
5301  31.280  -72.676  6.364 0.3000000119
5842  33.146  -72.095  5.262 0.4000000060
6372  33.391  -70.030  4.566 0.4000000060
6373  32.655  -70.200  4.622 0.4000000060
6857  31.180  -69.753  4.966 0.4000000060
6863  32.857  -69.296  4.478 0.4000000060
7367  32.105  -68.806  4.577 0.4000000060
7368  31.429  -69.079  4.839 0.4000000060
7906  32.783  -67.387  4.861 0.4000000060
7915  32.316  -68.085  4.778 0.4000000060
8421  31.947  -66.759  7.166 0.5000000000
8426  33.495  -66.127  4.826 0.4000000060
8435  34.775  -66.548  4.334 0.5000000000
9055  33.420  -65.131  7.285 0.4000000060
9057  31.803  -65.979  7.760 0.4000000060
9070  33.201  -65.908  6.913 0.5000000000
9074  33.503  -65.382  5.191 0.4000000060
9698  31.023  -64.090  9.098 0.5000000000
9700  29.173  -64.248  9.168 0.5000000000
9713  32.097  -64.719  8.441 0.4000000060
9715  29.626  -64.769  8.645 0.5000000000
9726  33.489  -64.200  7.613 0.4000000060
9728  32.201  -65.325  8.102 0.4000000060
9741  33.618  -63.802  6.649 0.4000000060
9743  33.631  -64.531  5.800 0.4000000060
9750  34.156  -64.855  4.312 0.4000000060
10174  21.298  -62.549  17.979 0.5000000000
10193  20.856  -63.374  17.653 0.5000000000
10250  19.415  -63.883  14.090 0.5000000000
10295  28.941  -63.152  10.307 0.6000000238
10308  31.629  -63.413  9.315 0.5000000000
10309  30.633  -63.515  9.532 0.5000000000
10325  31.920  -64.068  8.846 0.5000000000
10355  33.909  -64.176  4.447 0.4000000060
10356  33.200  -63.349  4.974 0.4000000060
10366  35.155  -63.557  3.811 0.4000000060
10833  20.529  -62.188  16.253 0.5000000000
10862  19.649  -62.203  14.263 0.6000000238
10879  26.243  -61.916  13.273 0.6000000238
10880  25.707  -62.343  13.184 0.6000000238
10883  22.993  -62.591  13.444 0.6000000238
10885  20.535  -63.008  13.540 0.5000000000
10899  25.753  -62.866  12.533 0.6000000238
10906  29.408  -61.848  11.309 0.6000000238
10908  26.514  -62.819  11.931 0.6000000238
10924  33.364  -62.639  8.026 0.5000000000
10925  32.984  -62.103  8.607 0.5000000000
10929  33.396  -62.560  7.262 0.5000000000
10938  33.023  -62.812  5.351 0.4000000060
10954  34.754  -63.056  4.084 0.4000000060
11471  21.029  -61.496  16.329 0.5000000000
11488  19.853  -61.547  15.000 0.6000000238
11515  27.168  -60.955  13.367 0.6000000238
11521  19.632  -61.298  13.804 0.5000000000
11527  27.743  -61.446  12.832 0.6000000238
11528  26.936  -61.753  13.109 0.6000000238
11537  30.394  -60.951  11.303 0.6999999881
11543  30.907  -61.145  10.834 0.6000000238
11548  32.031  -60.968  9.949 0.6000000238
11550  33.206  -61.979  7.795 0.5000000000
11569  32.406  -61.455  5.575 0.5000000000
11573  35.155  -61.355  4.255 0.4000000060
11575  33.240  -61.967  4.737 0.4000000060
12063  21.624  -60.259  18.567 0.4000000060
12088  22.265  -59.812  17.531 0.5000000000
12089  21.897  -60.479  18.003 0.5000000000
12122  20.857  -60.647  15.377 0.6000000238
12134  19.131  -60.183  13.729 0.6000000238
12141  28.131  -59.802  13.324 0.6000000238
12143  26.510  -60.393  13.483 0.6000000238
12145  24.639  -60.765  13.446 0.6000000238
12156  28.717  -60.246  12.891 0.6000000238
12157  23.103  -60.337  12.980 0.6999999881
12160  19.804  -60.709  12.696 0.6999999881
12161  18.993  -60.453  12.933 0.6999999881
12162  18.651  -60.030  12.928 0.6000000238
12172  18.666  -59.865  12.519 0.6999999881
12176  31.495  -60.677  10.483 0.6000000238
12189  32.148  -60.939  6.797 0.5000000000
12190  31.919  -60.270  7.565 0.5000000000
12203  31.132  -60.291  5.860 0.5000000000
12210  32.724  -61.465  5.127 0.4000000060
12648  21.207  -60.002  19.076 0.4000000060
12663  21.684  -59.388  18.605 0.4000000060
12712  21.864  -59.696  15.135 0.5000000000
12729  22.453  -58.591  14.642 0.5000000000
12730  21.980  -59.231  14.696 0.5000000000
12732  20.115  -59.797  14.266 0.6000000238
12733  19.301  -59.760  13.745 0.6000000238
12742  27.500  -59.283  13.439 0.6999999881
12753  30.359  -58.958  12.100 0.6999999881
12756  25.329  -59.133  13.112 0.6999999881
12757  24.592  -59.288  12.832 0.6999999881
12758  23.357  -59.618  12.505 0.6999999881
12760  20.988  -59.985  12.005 0.6999999881
12762  19.286  -60.192  12.351 0.6999999881
12763  18.461  -59.501  12.571 0.6999999881
12770  31.276  -59.541  10.959 0.6999999881
12771  30.625  -59.662  11.610 0.6999999881
12772  22.793  -59.314  11.888 0.6999999881
12775  20.021  -59.730  11.716 0.6999999881
12783  31.888  -59.730  9.296 0.6000000238
12792  30.223  -59.421  6.868 0.6000000238
12799  30.486  -59.836  6.420 0.6000000238
12801  29.401  -59.017  5.956 0.6000000238
12806  32.267  -59.971  5.423 0.5000000000
12808  30.021  -59.628  5.892 0.6000000238
13260  21.502  -58.426  18.521 0.5000000000
13285  23.177  -58.081  15.719 0.5000000000
13286  22.879  -58.838  16.043 0.5000000000
13314  23.114  -58.022  15.014 0.6999999881
13316  20.575  -59.155  13.924 0.6000000238
13317  19.740  -59.356  13.741 0.6000000238
13326  28.351  -58.315  13.325 0.6000000238
13328  26.895  -58.695  13.370 0.6999999881
13331  21.010  -58.486  13.620 0.5000000000
13344  28.918  -58.614  13.167 0.6999999881
13347  24.292  -58.763  12.188 0.8000000119
13356  30.938  -58.852  11.371 0.6999999881
13357  30.642  -57.545  11.477 0.8000000119
13359  23.000  -58.608  11.263 0.6999999881
13364  17.101  -58.276  11.379 0.6999999881
13372  19.861  -58.578  10.694 0.8999999762
13374  17.834  -58.575  10.882 0.8000000119
13375  16.967  -58.327  11.052 0.6999999881
13379  30.965  -58.004  9.330 0.6999999881
13385  30.959  -58.562  8.550 0.6000000238
13397  28.739  -58.438  6.023 0.6000000238
13398  28.480  -58.137  5.758 0.6000000238
13946  23.213  -57.423  16.016 0.6000000238
13971  23.132  -57.442  14.759 0.6000000238
13980  27.116  -57.891  13.204 0.6000000238
13981  21.448  -57.776  13.377 0.6999999881
13984  18.501  -58.685  12.625 0.6000000238
13991  30.344  -57.467  12.090 0.8000000119
13995  26.596  -57.419  12.838 0.6000000238
13999  20.169  -57.473  12.562 0.6000000238
14005  30.485  -56.771  11.562 0.6999999881
14008  23.485  -57.909  10.813 0.8000000119
14009  16.817  -57.732  11.247 0.6000000238
14012  23.851  -57.159  10.487 0.8000000119
14014  22.243  -57.620  9.973 0.8000000119
14016  20.271  -57.916  10.087 0.8000000119
14017  16.717  -57.743  11.070 0.6000000238
14023  20.719  -57.296  9.445 0.6999999881
14026  17.484  -57.387  10.265 0.8000000119
14036  29.373  -57.534  7.202 0.6999999881
14045  28.229  -57.747  5.773 0.6000000238
14053  32.593  -57.166  5.597 0.5000000000
14556  21.924  -56.052  16.752 0.4000000060
14612  23.263  -56.854  14.834 0.6000000238
14627  29.612  -56.480  12.514 0.6999999881
14628  28.876  -56.084  12.762 0.6999999881
14636  16.857  -57.118  11.271 0.5000000000
14641  30.095  -55.980  11.984 0.6999999881
14643  24.955  -56.566  11.156 0.6999999881
14644  16.554  -57.064  11.017 0.6000000238
14645  16.428  -56.239  10.940 0.5000000000
14656  22.744  -56.220  8.943 0.6999999881
14660  16.856  -56.863  10.524 0.6999999881
14665  22.228  -55.949  8.634 0.5000000000
14666  21.572  -56.006  8.596 0.5000000000
14682  28.127  -57.258  6.104 0.6000000238
14683  27.886  -56.917  5.616 0.6000000238
14695  28.396  -57.220  4.976 0.6000000238
14704  28.307  -56.203  4.653 0.4000000060
14705  27.808  -55.933  4.802 0.4000000060
15178  17.691  -55.498  20.446 0.3000000119
15226  23.193  -55.919  15.628 0.6000000238
15264  23.051  -56.275  14.226 0.6000000238
15267  22.032  -55.858  12.936 0.5000000000
15271  28.306  -55.328  12.587 0.6000000238
15273  26.683  -55.408  12.267 0.6000000238
15279  16.649  -55.385  11.188 0.5000000000
15281  30.131  -55.148  11.474 0.6000000238
15283  26.008  -55.301  11.801 0.6000000238
15292  23.730  -55.865  9.657 0.6000000238
15293  16.421  -55.525  10.972 0.5000000000
15296  30.558  -54.988  9.866 0.6000000238
15301  18.650  -56.310  9.496 0.6999999881
15303  17.198  -56.112  10.162 0.6000000238
15304  16.550  -55.578  10.797 0.5000000000
15312  21.984  -55.320  8.473 0.5000000000
15315  19.599  -55.065  9.109 0.5000000000
15336  27.664  -55.614  4.911 0.4000000060
15881  18.168  -55.051  19.913 0.4000000060
15928  23.479  -54.500  15.364 0.5000000000
15934  22.549  -54.427  13.375 0.5000000000
15935  21.814  -54.456  12.878 0.4000000060
15938  28.588  -54.560  12.356 0.6000000238
15944  16.533  -54.804  11.077 0.3000000119
15947  29.752  -54.488  11.629 0.4000000060
15948  26.539  -54.619  12.034 0.6999999881
15949  25.893  -54.453  11.580 0.6999999881
15950  16.718  -54.159  11.043 0.3000000119
15951  16.479  -54.806  11.000 0.4000000060
15957  16.692  -54.214  11.019 0.4000000060
15958  16.528  -54.922  10.930 0.4000000060
15962  30.527  -54.247  9.436 0.5000000000
15963  24.107  -54.115  9.955 0.6000000238
15965  23.173  -54.831  9.007 0.5000000000
15969  17.051  -55.126  10.366 0.5000000000
15984  19.966  -54.404  8.899 0.4000000060
16605  23.354  -53.869  14.226 0.4000000060
16609  28.871  -53.841  12.092 0.6000000238
16613  20.678  -53.200  12.614 0.4000000060
16618  29.796  -53.730  11.330 0.4000000060
16622  25.794  -53.617  11.381 0.6000000238
16623  17.137  -53.641  11.064 0.3000000119
16628  25.146  -53.297  10.820 0.6000000238
16630  17.051  -53.692  10.983 0.3000000119
16635  30.475  -53.379  9.892 0.4000000060
16636  23.807  -53.330  9.679 0.6000000238
16637  23.231  -53.408  9.087 0.6000000238
16640  17.110  -53.714  10.793 0.4000000060
16651  22.646  -53.580  8.659 0.5000000000
16655  19.552  -53.678  9.139 0.4000000060
17194  22.571  -52.295  20.697 0.4000000060
17249  23.367  -52.171  15.070 0.4000000060
17258  18.370  -52.788  11.337 0.4000000060
17260  28.588  -52.452  11.685 0.6000000238
17265  17.657  -53.054  11.012 0.4000000060
17275  29.964  -52.198  10.628 0.5000000000
17276  24.697  -52.662  10.484 0.6000000238
17277  18.211  -52.419  10.615 0.4000000060
17287  30.428  -52.697  9.215 0.5000000000
17302  22.239  -52.890  8.438 0.5000000000
17303  21.477  -52.899  8.431 0.5000000000
17951  21.145  -51.814  12.803 0.4000000060
17965  28.471  -51.676  11.442 0.5000000000
17982  29.626  -51.330  10.631 0.5000000000
17998  29.967  -50.810  10.051 0.4000000060
18010  22.266  -51.414  8.064 0.4000000060
18012  20.300  -51.161  8.528 0.3000000119
18014  19.215  -51.052  9.412 0.3000000119
18722  20.926  -50.627  12.024 0.3000000119
18734  27.386  -50.975  11.270 0.5000000000
18736  19.528  -50.633  10.831 0.4000000060
18737  19.073  -51.160  10.472 0.3000000119
18753  26.792  -50.585  11.047 0.4000000060
18756  19.291  -50.477  10.131 0.3000000119
18770  23.453  -50.820  9.043 0.5000000000
18771  19.345  -50.460  9.518 0.3000000119
18781  23.296  -50.540  8.168 0.4000000060
19523  27.003  -49.738  10.618 0.4000000060
19541  20.118  -49.338  9.486 0.4000000060
19542  19.587  -49.891  9.793 0.3000000119
19550  23.625  -49.946  7.692 0.4000000060
19561  23.346  -49.877  7.035 0.4000000060
19563  21.465  -49.406  7.724 0.3000000119
19575  22.869  -49.648  6.931 0.4000000060
20351  20.926  -48.934  8.215 0.4000000060
21233  24.306  -48.261  6.259 0.3000000119
119171  22.327  -57.725  17.411 0.5000000000
119466  30.612  -59.961  5.832 0.6000000238
121689  31.260  -75.578  7.619 0.3000000119
122097  30.364  -51.988  9.473 0.5000000000
122464  29.148  -62.476  10.856 0.5000000000
122722  27.890  -56.124  12.819 0.6000000238
122764  24.904  -58.693  12.547 0.6999999881
123021  28.980  -61.449  11.881 0.6999999881
123686  33.834  -62.328  4.480 0.4000000060
123811  21.645  -61.274  17.812 0.5000000000
124350  27.956  -62.350  11.604 0.5000000000
124416  21.178  -56.673  8.936 0.6999999881
125360  20.392  -62.948  16.397 0.5000000000
125440  27.977  -52.641  11.904 0.5000000000
126345  19.597  -60.174  14.123 0.6000000238
126387  21.698  -61.684  13.281 0.6000000238
126552  32.537  -61.451  6.743 0.5000000000
126614  31.749  -71.114  5.395 0.4000000060
126959  21.581  -60.920  18.410 0.4000000060
127318  33.598  -63.500  4.637 0.4000000060
127645  22.117  -52.981  13.536 0.4000000060
128361  28.250  -55.468  6.168 0.4000000060
128464  21.844  -52.133  8.255 0.4000000060
128840  25.076  -61.388  13.512 0.6000000238
128986  33.502  -63.080  6.816 0.4000000060
128994  30.599  -59.550  5.672 0.6000000238
130021  20.626  -53.865  12.403 0.4000000060
130448  26.895  -53.145  11.866 0.6000000238
130504  30.555  -55.773  10.252 0.6000000238
131068  17.751  -56.465  11.452 0.5000000000
131559  18.043  -54.753  11.528 0.4000000060
131829  23.551  -53.959  14.836 0.5000000000
132083  23.368  -56.935  9.871 0.6000000238
132300  25.244  -52.314  10.822 0.5000000000
132476  24.491  -57.041  10.954 0.6999999881
132861  22.293  -55.120  13.129 0.5000000000
132972  16.906  -56.135  11.296 0.5000000000
133375  27.971  -63.857  9.484 0.5000000000
133425  31.341  -64.557  8.691 0.5000000000
133707  20.392  -56.037  11.981 0.4000000060
133825  18.644  -51.699  10.224 0.4000000060
133849  22.964  -52.110  8.711 0.4000000060
134505  25.291  -74.604  8.472 0.3000000119
134525  23.031  -58.142  16.441 0.5000000000
134737  28.001  -52.125  11.711 0.5000000000
135005  21.165  -49.914  11.754 0.3000000119
135247  30.776  -61.943  10.504 0.6000000238
135678  22.267  -58.538  10.923 0.8000000119
136049  31.495  -60.066  10.566 0.6999999881
136699  16.802  -57.661  10.804 0.8000000119
137672  32.693  -68.492  4.536 0.4000000060
138845  34.288  -65.429  4.302 0.5000000000
138997  21.329  -63.052  13.383 0.6000000238
139089  22.749  -54.230  17.125 0.4000000060
139170  32.588  -60.844  8.731 0.6000000238
139452  23.164  -50.319  7.470 0.4000000060
139656  30.600  -58.175  11.767 0.8000000119
139690  22.258  -57.457  13.697 0.6999999881
140036  21.811  -57.151  13.189 0.6999999881
140526  21.518  -61.903  17.946 0.5000000000
140554  30.336  -63.150  9.889 0.5000000000
141143  22.024  -58.883  18.355 0.4000000060
141686  21.507  -60.170  12.282 0.6999999881
142106  18.826  -58.804  10.914 0.6999999881
142247  23.986  -62.105  13.478 0.6000000238
142836  22.801  -58.728  16.798 0.5000000000
