#!ascii label  , from subject sub-v2s12x28854_ses-1 vox2ras=TkReg
1297
133956  33.545  -71.532  4.974 0.3000000119
129037  34.896  -56.504  5.607 0.6000000238
140336  34.579  -53.691  3.341 0.6999999881
134766  33.000  -54.304  3.323 0.6999999881
6371  34.030  -70.394  4.678 0.4000000060
10953  35.477  -62.769  3.760 0.4000000060
6856  34.891  -70.318  4.870 0.5000000000
6855  36.040  -70.068  5.312 0.5000000000
130449  36.346  -56.924  5.422 0.6999999881
15333  34.027  -55.384  5.483 0.6999999881
15331  35.909  -55.341  5.597 0.5000000000
16674  35.730  -53.437  4.821 0.6000000238
16685  35.068  -53.446  4.114 0.6000000238
16692  35.237  -53.420  3.012 0.6999999881
16694  33.725  -53.444  2.551 0.6999999881
135901  34.895  -68.319  4.632 0.5000000000
10365  36.097  -63.357  3.420 0.4000000060
142760  35.431  -68.665  4.868 0.6000000238
12206  36.407  -60.188  4.101 0.4000000060
135337  36.774  -59.322  4.341 0.5000000000
8425  36.591  -66.997  4.927 0.6000000238
129120  35.769  -59.495  4.590 0.6000000238
14064  36.550  -57.767  5.150 0.6000000238
7356  36.681  -68.463  5.318 0.6000000238
14049  37.081  -57.039  5.260 0.6000000238
16009  36.375  -53.769  5.335 0.6000000238
16673  36.546  -53.092  4.827 0.6000000238
17339  37.349  -51.933  3.128 0.6999999881
17330  36.652  -52.456  3.441 0.6999999881
138476  37.424  -52.138  2.055 0.6999999881
126586  36.032  -52.988  1.953 0.6999999881
136285  34.830  -52.717  1.815 0.6999999881
18058  37.893  -51.933  0.877 0.6999999881
17359  37.369  -51.999  0.832 0.6999999881
17360  36.722  -52.117  0.978 0.6999999881
18067  38.439  -51.463  0.467 0.6999999881
7913  33.930  -67.782  4.453 0.5000000000
9083  35.547  -65.482  4.007 0.5000000000
9084  34.749  -65.116  3.948 0.5000000000
11572  36.070  -61.052  3.921 0.4000000060
7911  35.610  -66.784  4.543 0.5000000000
12205  37.317  -59.978  3.806 0.5000000000
13412  37.137  -58.483  4.639 0.6000000238
136070  37.829  -66.182  4.692 0.6000000238
9081  37.409  -65.505  4.373 0.5000000000
9757  38.314  -64.276  3.542 0.5000000000
15330  37.340  -55.577  5.462 0.6999999881
15997  37.054  -54.543  5.504 0.6000000238
132750  36.625  -55.204  5.549 0.6999999881
17328  38.197  -51.709  3.791 0.6000000238
16672  37.452  -52.820  4.809 0.6000000238
17338  38.873  -51.233  3.155 0.6000000238
16683  36.759  -52.592  4.278 0.6000000238
18056  39.327  -50.982  1.533 0.6000000238
18057  38.552  -51.575  1.046 0.6999999881
18070  36.096  -51.164  0.879 0.6999999881
18860  40.323  -50.490  -0.445 0.6000000238
18850  38.254  -50.943  0.084 0.6999999881
18851  37.362  -50.607  0.245 0.6999999881
18066  39.112  -51.243  0.462 0.6999999881
11585  36.614  -61.638  3.477 0.4000000060
135785  35.349  -66.162  4.277 0.5000000000
9092  35.864  -64.480  3.576 0.4000000060
12220  36.940  -60.799  3.547 0.5000000000
122052  37.993  -58.315  4.583 0.6000000238
9090  36.090  -64.874  3.720 0.4000000060
14048  37.792  -57.119  5.094 0.6000000238
9082  36.511  -65.477  4.267 0.4000000060
10951  37.557  -62.840  3.033 0.4000000060
10363  37.930  -63.554  3.185 0.4000000060
10950  38.470  -62.852  2.916 0.4000000060
127746  38.136  -56.010  5.290 0.6999999881
136652  37.748  -54.231  5.411 0.6000000238
16671  38.387  -53.051  4.820 0.6000000238
17327  39.250  -51.776  3.804 0.6000000238
18828  40.103  -50.656  1.903 0.6000000238
18852  36.398  -50.288  0.538 0.6999999881
19625  38.553  -49.318  -0.447 0.6999999881
19623  40.180  -50.043  -0.839 0.6000000238
19624  39.379  -49.747  -0.640 0.6000000238
139395  36.828  -62.865  3.266 0.4000000060
11584  37.459  -61.445  3.126 0.4000000060
14062  38.454  -57.463  4.808 0.6999999881
124257  37.962  -62.119  2.843 0.4000000060
14701  38.752  -56.551  5.004 0.8000000119
10949  39.637  -62.936  3.034 0.5000000000
16007  39.195  -54.486  4.958 0.6999999881
16670  39.288  -53.485  4.654 0.6000000238
18038  39.750  -51.306  3.200 0.5000000000
16681  39.732  -52.743  4.164 0.6000000238
142782  35.873  -49.840  0.707 0.6999999881
18869  41.734  -50.147  -0.847 0.6000000238
18848  40.532  -50.606  0.237 0.6000000238
18863  37.915  -49.952  -0.152 0.8000000119
19626  37.789  -48.902  -0.134 0.8000000119
18870  40.935  -50.188  -1.001 0.6000000238
19633  40.799  -49.556  -1.263 0.6000000238
12823  38.232  -59.880  3.682 0.5000000000
140950  38.341  -58.732  4.385 0.6000000238
12218  38.699  -60.604  3.312 0.5000000000
120854  41.135  -59.930  3.688 0.6999999881
11582  39.300  -61.317  3.100 0.4000000060
15340  38.855  -55.480  5.132 0.6999999881
16669  40.083  -53.591  4.311 0.6999999881
18045  41.144  -51.377  2.648 0.6000000238
17326  40.291  -52.156  3.584 0.6000000238
18837  41.347  -50.565  1.510 0.6000000238
119654  37.298  -48.514  0.351 0.6000000238
20413  39.189  -48.781  -0.784 0.6999999881
135956  38.463  -48.205  -0.459 0.6999999881
20424  42.813  -48.502  -2.511 0.6999999881
20418  41.402  -48.899  -1.655 0.6999999881
20420  39.789  -48.271  -1.142 0.6999999881
12810  39.647  -59.301  4.040 0.5000000000
13410  39.474  -58.544  4.352 0.6000000238
13411  38.741  -58.332  4.509 0.6000000238
132163  41.499  -59.136  3.706 0.6999999881
12820  40.352  -59.543  3.837 0.6000000238
131996  39.222  -57.067  4.747 0.6999999881
12819  42.009  -59.801  3.568 0.6999999881
139771  40.954  -61.468  3.389 0.6999999881
15339  39.767  -55.341  4.722 0.6999999881
16021  40.752  -54.203  4.043 0.6999999881
17337  41.642  -52.238  2.863 0.5000000000
17325  41.245  -52.852  3.380 0.6000000238
20391  36.438  -48.184  2.334 0.5000000000
18846  42.436  -50.404  0.535 0.6000000238
18055  41.673  -50.953  1.983 0.6000000238
21297  38.238  -47.316  -0.267 0.6000000238
21279  37.250  -47.588  1.428 0.5000000000
18868  42.620  -49.873  -1.140 0.6000000238
142855  41.913  -50.210  0.007 0.6000000238
135203  40.277  -46.957  -1.483 0.6000000238
21305  39.014  -46.590  -0.979 0.5000000000
23076  39.486  -45.397  -1.392 0.5000000000
19639  43.222  -49.153  -2.398 0.6999999881
20423  43.725  -48.775  -2.903 0.6999999881
21312  43.828  -47.310  -3.409 0.6999999881
129566  41.759  -47.168  -2.233 0.6999999881
22204  41.796  -46.293  -2.398 0.5000000000
21307  43.340  -47.955  -2.952 0.6999999881
22210  43.136  -46.381  -3.189 0.6000000238
14060  40.017  -57.182  4.508 0.6000000238
13418  41.099  -58.491  3.926 0.6999999881
14070  40.657  -57.857  4.227 0.6000000238
14067  43.110  -57.754  3.239 0.6999999881
14699  40.380  -56.181  4.460 0.6999999881
16679  41.803  -53.742  3.236 0.6999999881
16020  41.497  -54.367  3.552 0.6999999881
136753  42.297  -52.490  2.502 0.6000000238
21275  36.974  -47.584  2.242 0.4000000060
18054  42.518  -51.316  1.660 0.5000000000
124913  38.719  -45.267  -1.090 0.4000000060
19638  44.187  -49.305  -2.754 0.6000000238
18867  43.538  -49.772  -1.453 0.6000000238
22200  40.636  -46.381  -1.719 0.5000000000
23075  40.314  -45.596  -1.667 0.5000000000
128159  42.437  -46.759  -2.681 0.5000000000
23080  42.228  -45.133  -2.767 0.4000000060
20429  44.255  -48.334  -3.378 0.6000000238
137713  44.546  -47.069  -3.772 0.6999999881
22209  44.008  -46.401  -3.637 0.6000000238
23084  44.356  -45.664  -3.899 0.5000000000
14068  42.248  -57.733  3.557 0.6000000238
14708  41.793  -56.970  3.765 0.6999999881
14698  41.332  -56.071  4.024 0.6999999881
14074  43.983  -57.747  2.718 0.6999999881
14712  43.403  -56.960  2.762 0.6999999881
139399  41.832  -55.026  3.430 0.6000000238
16678  42.595  -54.013  2.629 0.6000000238
136245  44.128  -50.538  -0.466 0.6000000238
18053  43.357  -51.675  1.256 0.5000000000
18845  43.415  -50.555  0.136 0.6000000238
19637  45.274  -49.494  -3.013 0.6000000238
126313  44.378  -49.801  -1.725 0.6000000238
23947  41.431  -44.867  -2.397 0.4000000060
23948  40.721  -45.027  -1.976 0.5000000000
23942  40.012  -44.760  -1.654 0.4000000060
20428  45.339  -48.800  -3.774 0.6000000238
23946  42.025  -44.349  -2.797 0.4000000060
21318  45.373  -47.419  -4.182 0.6000000238
23091  45.249  -45.753  -4.395 0.5000000000
14713  42.847  -56.247  2.854 0.6999999881
15347  42.376  -55.474  3.078 0.6000000238
15353  44.425  -56.020  1.956 0.6999999881
16030  43.316  -54.709  2.229 0.6000000238
16031  42.677  -54.868  2.668 0.6000000238
14716  45.167  -56.241  1.726 0.6999999881
17348  43.531  -53.100  1.690 0.5000000000
18856  44.924  -50.867  -0.702 0.6000000238
18844  44.427  -51.117  -0.173 0.6000000238
123961  44.549  -50.265  -1.124 0.6000000238
19636  46.393  -49.506  -3.005 0.5000000000
20427  46.399  -49.017  -4.006 0.6000000238
21317  46.575  -47.838  -4.581 0.6000000238
22215  45.864  -46.756  -4.540 0.5000000000
141723  44.623  -54.917  1.436 0.6999999881
16036  44.030  -54.518  1.654 0.6999999881
17347  44.262  -52.991  1.053 0.6000000238
18073  45.570  -51.636  -0.606 0.5000000000
18871  46.693  -49.926  -2.149 0.6000000238
18855  45.876  -51.002  -1.264 0.6000000238
19640  46.893  -49.216  -3.247 0.6000000238
20430  47.654  -48.145  -4.582 0.6000000238
22214  47.199  -47.232  -5.115 0.5000000000
9089  40.853  -65.186  3.685 0.5000000000
10361  40.627  -63.580  3.289 0.5000000000
9755  41.841  -64.743  3.531 0.5000000000
139201  41.534  -63.860  3.356 0.5000000000
11580  41.665  -61.600  3.399 0.6999999881
140037  43.216  -61.807  3.321 0.6999999881
11579  42.544  -62.115  3.356 0.5000000000
10946  42.649  -62.862  3.365 0.5000000000
12818  42.727  -60.450  3.404 0.6999999881
12214  42.601  -61.328  3.383 0.6999999881
13415  43.641  -58.553  3.123 0.6999999881
127974  34.027  -72.239  5.174 0.3000000119
16693  34.532  -53.561  2.623 0.6999999881
16011  34.888  -53.910  4.981 0.6000000238
17341  35.269  -53.238  2.153 0.6999999881
18840  35.171  -50.932  1.154 0.6999999881
120005  39.948  -62.035  3.042 0.6000000238
18838  40.713  -50.505  1.295 0.6000000238
20419  40.554  -48.644  -1.414 0.6999999881
21296  38.812  -47.340  -0.698 0.6000000238
22199  40.989  -47.188  -1.791 0.6999999881
136363  39.766  -46.299  -1.367 0.6000000238
21308  42.533  -47.619  -2.574 0.6999999881
22195  38.095  -46.528  -0.145 0.5000000000
22190  37.708  -46.303  0.447 0.5000000000
23085  43.575  -45.622  -3.513 0.5000000000
17336  42.801  -53.141  2.313 0.5000000000
15354  44.003  -55.349  1.939 0.6999999881
17358  44.156  -52.203  0.771 0.5000000000
19641  46.623  -49.198  -3.609 0.6000000238
21316  47.832  -48.061  -5.047 0.6000000238
16699  44.150  -53.764  1.356 0.6000000238
19628  45.812  -49.886  -2.356 0.6000000238
16698  44.941  -53.634  0.691 0.5000000000
118385  45.355  -61.081  3.560 0.6000000238
13391  45.464  -58.368  5.926 0.6000000238
14039  45.151  -57.452  6.504 0.4000000060
12809  46.322  -60.126  4.931 0.5000000000
119358  44.427  -60.920  3.161 0.6000000238
13403  34.708  -58.723  5.269 0.5000000000
13392  44.480  -58.270  6.076 0.4000000060
13401  35.820  -58.123  5.202 0.5000000000
136120  34.003  -57.323  5.591 0.5000000000
12802  46.149  -60.043  5.190 0.5000000000
14669  44.775  -56.009  7.371 0.4000000060
14051  34.684  -57.302  5.547 0.5000000000
14691  33.684  -56.051  5.579 0.5000000000
13400  46.155  -58.522  5.603 0.6000000238
14690  34.331  -55.997  5.595 0.5000000000
120376  46.134  -60.189  4.340 0.5000000000
12816  44.486  -60.072  3.008 0.6000000238
15305  43.778  -55.058  8.259 0.4000000060
15318  42.794  -55.330  7.839 0.4000000060
14038  46.052  -57.771  5.990 0.4000000060
14694  29.607  -57.282  4.962 0.5000000000
13399  46.435  -59.168  5.148 0.5000000000
14693  31.996  -56.552  5.472 0.5000000000
14702  30.565  -56.451  4.876 0.5000000000
12824  46.095  -58.848  3.076 0.6000000238
129423  45.447  -58.616  2.639 0.6000000238
12817  44.114  -59.362  3.043 0.6000000238
16012  34.013  -54.328  4.839 0.5000000000
16014  31.796  -55.079  3.908 0.5000000000
15344  29.133  -55.602  4.246 0.4000000060
13414  46.710  -58.060  3.770 0.5000000000
13408  46.723  -58.410  4.611 0.5000000000
14071  46.571  -57.598  2.603 0.6000000238
14072  45.864  -57.728  2.339 0.6000000238
13420  44.516  -58.590  2.758 0.6000000238
14710  45.490  -56.990  2.074 0.6000000238
14073  44.946  -57.771  2.383 0.6000000238
14668  45.284  -55.789  6.970 0.4000000060
15985  44.344  -54.756  8.090 0.4000000060
16024  32.153  -54.464  3.402 0.5000000000
15351  29.891  -54.960  3.755 0.5000000000
16016  27.942  -54.812  4.777 0.4000000060
16013  32.696  -54.740  4.250 0.6000000238
15345  28.244  -55.357  4.534 0.4000000060
15327  46.470  -56.304  4.865 0.6000000238
15346  47.191  -56.018  2.974 0.6000000238
14709  47.178  -56.224  2.332 0.6000000238
16028  47.014  -55.250  1.708 0.6000000238
16641  44.022  -53.701  8.863 0.4000000060
123493  30.681  -53.920  3.290 0.5000000000
16676  28.460  -54.036  4.706 0.4000000060
16658  29.194  -53.492  6.740 0.4000000060
15994  45.332  -54.929  5.363 0.6000000238
141121  45.139  -55.082  6.111 0.4000000060
16005  45.927  -55.084  4.445 0.6000000238
14037  46.467  -57.280  5.663 0.6000000238
15337  46.754  -56.228  3.968 0.5000000000
16017  46.868  -55.007  2.697 0.6000000238
16018  46.149  -54.402  3.592 0.5000000000
15358  45.795  -55.567  1.390 0.6000000238
15959  43.865  -53.788  9.261 0.4000000060
125487  44.636  -54.667  7.227 0.4000000060
16696  31.740  -53.010  2.699 0.6000000238
17322  29.654  -52.995  3.936 0.5000000000
125643  29.351  -52.885  5.608 0.5000000000
17300  29.681  -53.056  7.499 0.5000000000
16663  44.379  -53.624  5.645 0.4000000060
16659  44.241  -53.945  6.629 0.4000000060
16668  44.686  -53.213  4.778 0.5000000000
17323  45.528  -52.810  3.379 0.5000000000
18033  45.355  -51.967  3.029 0.5000000000
16029  46.966  -54.667  1.737 0.6000000238
16697  46.904  -53.803  1.342 0.6000000238
16034  45.483  -54.819  1.066 0.6000000238
18017  42.469  -51.842  7.214 0.4000000060
16657  43.988  -53.620  8.078 0.4000000060
18004  42.777  -52.271  8.237 0.4000000060
17293  43.566  -52.760  9.209 0.4000000060
17353  34.085  -52.244  1.942 0.6000000238
18799  42.200  -51.065  6.456 0.4000000060
16660  43.806  -53.459  7.061 0.4000000060
17332  30.817  -52.342  3.269 0.6000000238
17315  29.870  -52.369  5.529 0.5000000000
17308  29.508  -52.699  6.886 0.4000000060
17314  43.513  -52.382  5.759 0.4000000060
17317  44.991  -52.823  4.131 0.5000000000
17335  46.004  -52.528  2.480 0.5000000000
18041  46.438  -52.496  1.648 0.6000000238
16700  46.801  -53.621  0.838 0.6000000238
16701  46.387  -53.631  0.491 0.6000000238
18018  41.932  -51.343  7.653 0.4000000060
18061  33.799  -51.263  1.866 0.6000000238
18051  31.701  -51.712  2.790 0.6000000238
18032  30.651  -52.127  3.927 0.5000000000
120666  30.245  -51.166  8.288 0.5000000000
18026  42.758  -51.196  5.710 0.4000000060
17319  43.879  -52.034  4.947 0.4000000060
17318  44.472  -52.442  4.530 0.5000000000
18818  44.347  -50.839  3.176 0.5000000000
18052  46.551  -52.069  1.042 0.5000000000
18790  41.264  -50.488  7.662 0.4000000060
118321  33.066  -50.935  2.323 0.6000000238
18821  31.756  -51.192  3.662 0.5000000000
18027  31.212  -51.208  5.143 0.5000000000
18035  44.015  -51.070  3.899 0.5000000000
18043  45.019  -51.284  2.687 0.4000000060
18835  45.023  -50.392  1.653 0.4000000060
18062  46.643  -52.217  0.230 0.4000000060
136461  46.558  -51.719  -0.308 0.6000000238
17362  45.719  -52.384  -0.312 0.4000000060
19557  40.692  -49.743  7.674 0.4000000060
18800  41.577  -50.559  6.899 0.4000000060
18841  34.313  -50.662  1.549 0.6000000238
19569  41.710  -50.059  6.065 0.4000000060
19613  35.542  -49.501  1.012 0.5000000000
18039  32.541  -50.804  2.807 0.5000000000
18814  31.880  -50.755  4.595 0.5000000000
18802  30.572  -50.534  6.774 0.4000000060
18820  32.345  -50.663  3.560 0.4000000060
19594  43.350  -49.823  3.254 0.5000000000
18826  43.966  -50.251  2.831 0.5000000000
19601  44.292  -50.002  2.100 0.6000000238
19609  45.456  -50.167  0.884 0.4000000060
18843  46.281  -50.713  0.234 0.4000000060
18854  46.623  -50.906  -1.066 0.4000000060
20398  44.212  -49.086  1.034 0.5000000000
19604  35.182  -49.107  1.750 0.5000000000
121393  33.787  -49.815  2.399 0.6000000238
20393  34.932  -48.876  2.689 0.4000000060
20411  45.822  -48.888  -0.903 0.5000000000
18075  46.535  -50.975  -1.126 0.5000000000
21278  43.097  -48.049  1.147 0.5000000000
19611  43.878  -49.402  1.735 0.5000000000
20405  44.558  -48.718  0.346 0.5000000000
20404  45.433  -49.185  -0.136 0.5000000000
20354  40.619  -48.618  6.234 0.4000000060
22207  47.620  -47.860  -3.980 0.5000000000
19627  46.842  -50.011  -2.017 0.4000000060
20410  46.620  -49.614  -1.577 0.5000000000
21285  44.128  -47.948  0.101 0.5000000000
21286  43.405  -47.477  0.503 0.5000000000
139113  36.616  -47.644  2.870 0.4000000060
127986  47.003  -47.855  -3.211 0.4000000060
22202  46.319  -47.163  -2.516 0.4000000060
20421  47.004  -49.171  -3.113 0.5000000000
21299  46.731  -48.410  -2.609 0.5000000000
21292  45.281  -47.941  -1.016 0.5000000000
20416  46.252  -48.591  -1.671 0.5000000000
20412  44.903  -48.357  -0.346 0.5000000000
21301  44.757  -47.060  -1.052 0.5000000000
22198  44.969  -46.574  -1.469 0.4000000060
126292  33.327  -54.603  4.822 0.5000000000
138907  32.382  -53.797  2.860 0.6000000238
15334  33.223  -55.461  5.415 0.6000000238
16695  32.753  -53.064  2.526 0.6000000238
13402  35.472  -58.727  5.031 0.5000000000
134789  37.101  -48.171  0.941 0.5000000000
16702  45.733  -53.466  0.297 0.6000000238
17355  46.506  -52.105  -0.327 0.4000000060
138676  31.508  -56.235  5.248 0.5000000000
16002  32.864  -54.991  5.122 0.5000000000
15341  32.213  -55.195  4.799 0.5000000000
16027  29.420  -54.294  3.803 0.4000000060
16661  28.595  -53.916  5.954 0.4000000060
135885  45.514  -54.400  4.513 0.6000000238
16688  29.931  -53.495  3.519 0.6000000238
16665  28.789  -53.525  5.280 0.4000000060
17309  43.374  -52.742  6.652 0.4000000060
130326  32.784  -52.238  2.397 0.6000000238
16687  30.817  -53.025  3.069 0.6000000238
17316  29.459  -52.948  4.745 0.5000000000
17299  30.201  -52.828  8.330 0.5000000000
17307  29.967  -52.108  7.698 0.5000000000
18040  31.301  -51.736  3.284 0.5000000000
17311  30.076  -51.997  6.151 0.5000000000
129019  30.811  -51.760  4.734 0.5000000000
18824  45.398  -51.036  1.903 0.5000000000
18019  30.234  -51.212  7.329 0.5000000000
19586  43.063  -50.044  3.994 0.5000000000
18829  34.116  -50.003  1.779 0.6000000238
19617  46.562  -50.593  -0.664 0.3000000119
22197  45.460  -46.418  -2.001 0.4000000060
4204  23.369  -74.536  15.968 0.3000000119
4682  21.716  -72.762  15.805 0.3000000119
4681  22.403  -73.276  16.155 0.3000000119
6249  21.121  -70.884  14.132 0.3000000119
5713  21.482  -71.477  15.382 0.3000000119
6223  21.978  -70.854  15.196 0.3000000119
5760  22.114  -71.111  12.356 0.3000000119
6297  21.752  -70.788  12.987 0.3000000119
5696  24.265  -71.430  16.937 0.3000000119
5712  22.723  -71.060  15.724 0.3000000119
6296  22.503  -70.658  12.998 0.3000000119
5759  23.013  -71.072  12.304 0.3000000119
6222  23.651  -70.784  15.609 0.3000000119
6245  24.582  -70.553  14.487 0.3000000119
6246  23.491  -70.521  14.677 0.3000000119
6268  24.002  -70.564  13.760 0.4000000060
5758  23.970  -71.105  12.296 0.4000000060
5236  24.966  -72.013  11.080 0.4000000060
5255  24.649  -72.480  10.453 0.3000000119
6292  26.399  -70.833  13.063 0.3000000119
6293  25.464  -70.903  13.048 0.4000000060
5756  25.929  -71.285  12.418 0.4000000060
5770  24.447  -71.572  11.640 0.4000000060
139668  26.425  -70.342  13.616 0.3000000119
5253  26.235  -72.518  10.538 0.4000000060
131178  27.296  -68.980  13.157 0.4000000060
6265  26.883  -70.313  13.287 0.4000000060
4739  26.457  -73.133  9.820 0.4000000060
4738  27.321  -73.215  9.936 0.3000000119
6291  27.207  -70.634  12.758 0.4000000060
5755  26.882  -71.260  12.375 0.3000000119
5767  27.315  -71.693  11.731 0.4000000060
6290  27.835  -70.215  12.430 0.4000000060
5232  28.526  -72.194  11.084 0.5000000000
5234  26.837  -72.159  11.206 0.4000000060
7313  28.282  -68.712  12.054 0.4000000060
5252  27.252  -72.691  10.559 0.4000000060
5309  34.494  -73.048  5.626 0.3000000119
134842  35.805  -72.241  5.671 0.4000000060
133858  31.431  -74.784  8.470 0.3000000119
12814  34.872  -59.942  4.757 0.4000000060
12804  34.326  -59.444  5.152 0.4000000060
10362  39.757  -63.796  3.296 0.4000000060
124586  40.261  -64.410  3.455 0.4000000060
9747  38.615  -64.921  3.892 0.4000000060
6311  28.394  -70.548  11.866 0.4000000060
5754  27.783  -71.117  12.119 0.3000000119
132802  28.090  -71.754  11.559 0.5000000000
134520  39.315  -65.381  3.946 0.4000000060
8432  38.633  -66.654  4.745 0.4000000060
6807  28.347  -69.639  12.018 0.4000000060
6363  35.707  -71.271  5.339 0.4000000060
4737  28.676  -72.817  10.539 0.4000000060
6370  37.181  -70.409  5.511 0.5000000000
4755  28.712  -73.467  9.904 0.5000000000
5308  36.218  -72.526  6.221 0.4000000060
4802  34.811  -73.727  6.299 0.4000000060
4286  30.702  -74.503  8.868 0.3000000119
4787  34.931  -74.175  6.915 0.4000000060
129622  33.831  -58.773  5.426 0.4000000060
10948  40.692  -62.695  3.207 0.4000000060
139890  29.228  -70.184  11.239 0.4000000060
5766  28.483  -71.307  11.584 0.4000000060
118326  39.400  -66.277  4.322 0.4000000060
7903  38.172  -68.084  5.319 0.5000000000
5787  29.512  -71.100  10.941 0.4000000060
5765  29.065  -71.665  11.168 0.4000000060
124406  38.567  -69.048  5.401 0.5000000000
6816  30.048  -69.676  10.452 0.4000000060
6336  30.778  -70.724  9.818 0.4000000060
5786  29.765  -71.691  10.629 0.4000000060
5270  30.740  -72.186  9.782 0.5000000000
4753  30.710  -73.036  9.632 0.5000000000
123222  39.533  -67.229  4.663 0.4000000060
6859  39.052  -69.674  5.692 0.5000000000
6825  31.367  -69.243  9.523 0.4000000060
4752  31.514  -73.327  9.015 0.5000000000
5845  37.490  -71.167  5.791 0.4000000060
138124  31.691  -74.127  8.676 0.4000000060
119270  33.622  -74.363  7.653 0.4000000060
4300  34.020  -74.577  7.259 0.4000000060
4774  35.384  -73.734  6.956 0.4000000060
9078  40.992  -66.148  4.124 0.4000000060
9088  41.716  -65.695  3.947 0.3000000119
5801  31.225  -71.446  9.520 0.4000000060
5800  31.944  -71.739  8.983 0.4000000060
131605  40.148  -67.663  4.812 0.4000000060
16650  30.107  -53.678  8.002 0.4000000060
6824  32.191  -69.236  9.167 0.4000000060
121784  31.683  -69.827  9.331 0.4000000060
5268  32.082  -72.657  8.780 0.5000000000
141248  32.822  -72.831  8.472 0.5000000000
7361  40.223  -68.250  5.396 0.5000000000
138372  38.408  -70.748  5.954 0.4000000060
6835  32.847  -69.645  8.778 0.4000000060
4768  33.425  -73.528  8.095 0.4000000060
5833  36.875  -71.960  6.362 0.4000000060
4766  35.287  -73.639  7.166 0.4000000060
5822  36.836  -71.999  6.796 0.4000000060
125022  43.437  -63.159  3.452 0.4000000060
9077  41.646  -66.331  4.408 0.3000000119
128542  31.886  -70.999  9.131 0.4000000060
127036  32.549  -71.076  8.731 0.4000000060
7908  40.757  -67.530  4.959 0.3000000119
6344  33.111  -70.356  8.566 0.4000000060
6343  34.740  -70.428  7.950 0.4000000060
131681  33.453  -71.305  8.370 0.4000000060
137756  34.059  -71.930  8.127 0.5000000000
129117  34.563  -69.054  8.301 0.4000000060
132444  35.430  -69.030  7.996 0.4000000060
137751  35.950  -71.262  7.456 0.4000000060
5809  36.578  -71.811  7.177 0.4000000060
6357  38.531  -70.485  6.263 0.4000000060
121612  44.009  -61.875  3.247 0.4000000060
6342  35.648  -70.425  7.654 0.4000000060
3405  24.603  -76.556  7.193 0.3000000119
142583  24.673  -71.030  16.741 0.3000000119
133066  25.100  -70.472  15.141 0.3000000119
6784  26.754  -69.647  13.634 0.4000000060
7316  29.167  -68.739  11.147 0.4000000060
6806  29.353  -69.540  11.063 0.4000000060
7872  30.363  -68.093  10.245 0.4000000060
7324  31.670  -68.482  9.517 0.4000000060
8437  42.268  -66.085  4.503 0.3000000119
7334  33.824  -68.629  8.657 0.4000000060
9753  43.607  -64.600  4.264 0.4000000060
8428  42.493  -66.223  5.020 0.4000000060
7902  40.761  -67.703  5.593 0.4000000060
7332  35.961  -68.378  8.092 0.4000000060
141765  35.740  -69.638  7.752 0.4000000060
128444  36.469  -70.027  7.521 0.4000000060
6340  37.363  -70.598  7.181 0.4000000060
6844  39.400  -69.471  6.213 0.3000000119
6849  39.509  -69.558  5.989 0.4000000060
7331  36.795  -68.494  7.730 0.4000000060
6854  36.995  -69.408  5.442 0.4000000060
138468  44.664  -62.996  3.857 0.4000000060
5714  20.755  -71.750  15.006 0.3000000119
5188  21.851  -71.928  15.955 0.3000000119
5761  21.276  -71.250  12.614 0.3000000119
3852  23.332  -75.875  7.747 0.3000000119
4307  23.493  -74.993  8.258 0.3000000119
6247  22.408  -70.535  14.550 0.3000000119
6204  24.301  -70.968  16.315 0.3000000119
132765  22.780  -70.693  15.198 0.4000000060
5771  23.470  -71.531  11.601 0.4000000060
6267  25.003  -70.665  13.740 0.3000000119
6266  25.847  -70.595  13.713 0.3000000119
6294  24.487  -70.785  12.986 0.4000000060
5235  25.909  -72.031  11.145 0.4000000060
6776  25.662  -70.113  15.064 0.3000000119
125660  27.705  -68.258  12.636 0.4000000060
5250  29.340  -72.442  10.624 0.4000000060
127126  30.329  -73.751  9.488 0.5000000000
4285  32.173  -74.664  8.291 0.3000000119
4735  29.907  -73.069  10.077 0.5000000000
7325  30.909  -68.619  9.814 0.4000000060
119623  34.899  -73.107  7.536 0.4000000060
124557  37.878  -70.927  6.583 0.4000000060
119156  44.373  -62.192  5.438 0.4000000060
11558  45.243  -62.217  5.307 0.4000000060
12194  43.451  -60.201  5.441 0.4000000060
12794  44.251  -59.703  5.540 0.3000000119
12192  45.416  -60.932  5.363 0.5000000000
11567  45.630  -61.951  5.063 0.4000000060
11570  45.691  -61.297  4.439 0.4000000060
11546  36.791  -61.269  9.805 0.3000000119
11545  37.318  -61.729  9.314 0.3000000119
14033  39.578  -57.334  6.528 0.3000000119
14043  40.889  -57.776  5.927 0.3000000119
14671  42.478  -56.008  7.163 0.3000000119
14670  43.986  -56.225  7.389 0.3000000119
12784  37.915  -59.745  8.093 0.3000000119
13381  38.170  -58.391  7.402 0.3000000119
130734  38.835  -57.129  6.837 0.3000000119
12174  36.318  -60.769  10.320 0.3000000119
12781  36.979  -59.554  9.325 0.3000000119
14672  40.922  -56.326  6.501 0.3000000119
13382  37.648  -58.847  8.131 0.3000000119
15322  38.872  -55.822  6.970 0.3000000119
133237  40.129  -56.582  6.498 0.3000000119
14662  37.103  -56.556  8.051 0.3000000119
14028  37.423  -57.340  7.923 0.3000000119
15974  39.098  -53.939  7.549 0.3000000119
15309  37.489  -55.827  7.639 0.3000000119
141008  38.463  -53.676  7.679 0.3000000119
13377  36.681  -58.126  9.299 0.3000000119
15320  40.521  -55.012  7.133 0.3000000119
15972  41.809  -54.271  8.532 0.3000000119
127725  43.276  -52.190  9.472 0.3000000119
15310  36.814  -55.714  8.163 0.3000000119
15989  39.779  -54.565  7.310 0.3000000119
126754  42.097  -53.740  9.358 0.3000000119
16647  37.895  -53.328  7.879 0.3000000119
16645  39.805  -53.298  8.193 0.3000000119
124653  40.058  -53.867  7.735 0.3000000119
17294  40.515  -52.893  9.106 0.3000000119
18776  41.728  -51.067  8.547 0.3000000119
16632  43.035  -53.250  9.990 0.3000000119
17990  42.784  -51.407  9.650 0.3000000119
18777  41.019  -50.337  8.521 0.3000000119
118370  40.607  -49.164  6.899 0.3000000119
21216  39.475  -47.796  8.065 0.3000000119
21226  39.650  -47.663  7.110 0.3000000119
136634  39.322  -46.759  6.924 0.3000000119
12795  43.428  -59.474  5.520 0.3000000119
12193  44.499  -60.590  5.467 0.4000000060
136113  43.154  -56.353  7.165 0.3000000119
134278  42.743  -54.440  8.862 0.3000000119
118457  43.311  -62.220  5.419 0.5000000000
12785  37.437  -59.588  8.731 0.3000000119
14674  39.384  -56.363  6.709 0.3000000119
13386  40.125  -57.838  6.249 0.3000000119
14042  41.887  -57.628  5.890 0.3000000119
14041  42.922  -57.581  6.240 0.3000000119
14027  38.124  -57.431  7.286 0.3000000119
13383  37.260  -58.082  8.490 0.3000000119
15319  41.511  -55.502  7.127 0.3000000119
15308  38.200  -55.843  7.256 0.3000000119
17296  38.430  -52.511  8.345 0.3000000119
17284  40.067  -52.208  9.527 0.3000000119
15973  40.934  -53.632  8.591 0.3000000119
16648  36.986  -53.252  8.228 0.3000000119
16644  41.741  -53.223  9.742 0.3000000119
7897  40.790  -67.781  6.004 0.3000000119
7890  40.376  -67.428  6.440 0.4000000060
8406  39.031  -66.677  7.374 0.4000000060
9052  40.631  -65.736  6.564 0.4000000060
8417  42.179  -66.321  5.380 0.3000000119
9724  40.425  -64.977  6.688 0.4000000060
127028  39.642  -64.770  7.233 0.3000000119
9066  42.058  -65.928  5.784 0.4000000060
9068  41.239  -65.398  6.257 0.4000000060
10348  40.954  -63.293  6.078 0.3000000119
9065  42.791  -65.285  5.392 0.3000000119
9739  41.999  -64.951  5.891 0.4000000060
138091  41.793  -63.093  5.678 0.4000000060
10344  44.631  -63.620  5.236 0.3000000119
10345  43.693  -63.866  5.379 0.4000000060
135600  42.511  -61.580  5.400 0.4000000060
9072  43.359  -65.296  5.051 0.3000000119
10351  44.819  -63.817  5.064 0.3000000119
10353  44.972  -63.152  4.505 0.3000000119
9745  44.047  -64.609  4.804 0.3000000119
10346  42.565  -63.438  5.523 0.4000000060
9067  41.238  -66.277  6.224 0.4000000060
122230  26.449  -69.118  14.380 0.3000000119
7329  38.343  -68.592  7.283 0.3000000119
6716  27.350  -69.489  18.411 0.3000000119
6717  26.714  -69.780  18.358 0.3000000119
7264  25.943  -68.440  15.964 0.3000000119
7305  26.813  -68.639  13.752 0.3000000119
7891  39.527  -67.669  6.845 0.3000000119
7330  37.637  -68.581  7.494 0.3000000119
7764  27.589  -67.576  17.480 0.3000000119
140196  26.182  -67.556  15.822 0.3000000119
7780  26.462  -67.215  16.547 0.3000000119
7828  26.766  -67.748  13.861 0.3000000119
7843  28.262  -67.749  12.038 0.3000000119
7892  38.723  -67.449  7.356 0.3000000119
7763  28.619  -67.548  17.471 0.3000000119
8306  26.766  -66.472  16.420 0.3000000119
7810  26.428  -67.453  14.759 0.3000000119
7796  26.376  -66.869  15.449 0.3000000119
7844  27.739  -67.340  12.629 0.3000000119
8924  27.109  -65.758  16.236 0.3000000119
8959  26.827  -65.724  14.981 0.3000000119
8355  27.632  -66.514  12.942 0.3000000119
8328  26.958  -66.089  14.194 0.3000000119
7854  29.656  -67.539  10.759 0.3000000119
7871  31.157  -67.754  9.917 0.3000000119
7322  33.266  -68.127  9.103 0.3000000119
8282  28.446  -66.041  17.040 0.3000000119
7855  28.905  -67.362  11.382 0.3000000119
8354  28.325  -66.652  12.118 0.3000000119
7862  30.493  -67.261  10.421 0.3000000119
7876  38.135  -66.915  7.684 0.3000000119
8944  27.257  -65.121  15.265 0.3000000119
138857  27.901  -64.735  16.195 0.3000000119
8970  27.829  -65.178  13.608 0.3000000119
8985  28.134  -65.658  12.804 0.3000000119
8382  29.942  -66.622  10.911 0.3000000119
126243  32.770  -67.614  9.507 0.3000000119
7879  35.600  -67.661  8.526 0.3000000119
7877  37.359  -67.201  7.940 0.3000000119
9054  39.081  -65.560  7.526 0.3000000119
7345  38.897  -69.050  6.795 0.3000000119
9653  28.908  -65.148  12.631 0.3000000119
8369  29.815  -65.830  11.579 0.3000000119
7861  31.760  -67.135  10.035 0.3000000119
7868  35.246  -67.071  9.033 0.3000000119
138598  26.526  -68.275  14.341 0.3000000119
7238  27.133  -68.326  17.727 0.3000000119
7239  26.245  -68.627  17.349 0.3000000119
3832  30.341  -74.989  8.515 0.3000000119
3851  24.116  -75.681  7.798 0.3000000119
3853  22.553  -75.515  8.073 0.3000000119
4284  32.953  -74.514  8.023 0.3000000119
4309  34.264  -74.595  7.038 0.4000000060
4315  34.285  -74.407  6.665 0.4000000060
4736  29.262  -73.093  10.249 0.5000000000
4751  32.378  -73.691  8.506 0.4000000060
4754  29.554  -73.621  9.733 0.5000000000
4767  34.369  -73.847  7.517 0.4000000060
4775  34.811  -74.236  7.059 0.4000000060
4786  35.336  -73.612  6.622 0.4000000060
4801  35.455  -73.049  6.018 0.4000000060
5187  22.441  -72.453  16.336 0.3000000119
5199  21.154  -72.219  15.444 0.3000000119
5233  27.717  -72.202  11.205 0.4000000060
5249  30.144  -72.379  10.222 0.5000000000
5251  28.059  -72.590  10.768 0.5000000000
5254  25.442  -72.379  10.631 0.3000000119
5269  31.374  -72.400  9.340 0.5000000000
5279  36.275  -72.518  7.075 0.4000000060
5280  35.584  -72.852  7.294 0.4000000060
5281  34.169  -72.816  7.895 0.5000000000
5282  33.452  -72.385  8.290 0.5000000000
5288  35.854  -73.188  6.979 0.4000000060
5299  36.298  -72.575  6.732 0.4000000060
5300  35.787  -73.152  6.657 0.4000000060
5731  21.223  -71.104  14.822 0.3000000119
5744  21.201  -70.929  13.382 0.3000000119
5757  24.956  -71.226  12.360 0.4000000060
5768  26.405  -71.665  11.768 0.4000000060
5769  25.433  -71.625  11.734 0.4000000060
5772  22.549  -71.533  11.667 0.3000000119
5802  30.446  -71.564  10.108 0.4000000060
5810  35.178  -71.184  7.693 0.4000000060
5811  34.355  -71.193  8.038 0.4000000060
5812  32.717  -71.964  8.598 0.5000000000
5821  37.262  -71.435  6.970 0.4000000060
5832  37.449  -71.460  6.434 0.4000000060
5837  38.035  -71.052  5.944 0.4000000060
5838  37.550  -71.441  6.058 0.4000000060
5839  36.738  -71.788  5.852 0.4000000060
5840  34.935  -72.315  5.411 0.3000000119
5841  34.469  -71.344  4.998 0.3000000119
6205  23.486  -71.255  16.274 0.3000000119
6243  26.149  -70.058  14.313 0.3000000119
6244  25.430  -70.458  14.416 0.3000000119
6248  21.666  -70.710  14.530 0.3000000119
6269  22.931  -70.454  13.768 0.3000000119
6270  21.879  -70.550  13.757 0.3000000119
6295  23.477  -70.675  12.979 0.3000000119
6310  29.044  -70.780  11.378 0.4000000060
6324  30.108  -70.758  10.446 0.4000000060
6325  29.550  -70.362  10.913 0.4000000060
6334  32.245  -70.225  8.984 0.4000000060
6335  31.488  -70.520  9.404 0.4000000060
6341  36.623  -70.987  7.347 0.4000000060
6358  38.156  -70.987  6.087 0.4000000060
6361  38.720  -70.449  6.024 0.4000000060
6362  36.675  -71.030  5.511 0.5000000000
6364  33.445  -70.777  4.724 0.4000000060
6368  38.722  -70.304  5.874 0.4000000060
6369  38.082  -70.590  5.737 0.5000000000
6715  28.132  -69.588  18.529 0.3000000119
6733  26.823  -69.050  18.044 0.3000000119
6734  26.174  -69.454  17.806 0.3000000119
6753  26.018  -69.413  15.129 0.3000000119
6783  27.329  -69.871  13.006 0.4000000060
6795  27.795  -69.277  12.542 0.4000000060
6826  30.696  -69.403  9.899 0.4000000060
6830  38.222  -69.320  7.166 0.3000000119
6831  37.281  -69.485  7.423 0.4000000060
6832  36.248  -69.150  7.718 0.4000000060
6833  35.066  -69.711  7.960 0.4000000060
6834  33.666  -69.539  8.481 0.4000000060
6845  38.767  -69.824  6.519 0.4000000060
6846  38.097  -70.192  6.872 0.4000000060
6850  39.098  -70.038  6.065 0.4000000060
6852  39.473  -69.496  5.874 0.5000000000
6853  39.160  -69.980  5.978 0.4000000060
6860  38.394  -69.876  5.585 0.5000000000
6861  37.743  -69.968  5.500 0.5000000000
7249  26.151  -68.025  16.602 0.3000000119
7287  26.224  -68.451  15.134 0.3000000119
7304  27.214  -68.097  13.266 0.3000000119
7317  28.736  -68.276  11.502 0.3000000119
7319  30.350  -68.882  10.198 0.4000000060
7320  29.716  -68.645  10.653 0.4000000060
7323  32.479  -68.351  9.284 0.4000000060
7328  38.874  -68.213  7.128 0.3000000119
7333  35.139  -68.361  8.380 0.4000000060
7335  33.029  -68.912  8.853 0.4000000060
7343  40.239  -68.290  6.202 0.4000000060
7344  39.524  -68.653  6.510 0.3000000119
7348  39.856  -69.005  6.071 0.3000000119
7352  40.320  -68.395  5.911 0.4000000060
7353  39.849  -68.999  5.902 0.4000000060
7354  38.907  -68.307  5.193 0.5000000000
7355  37.593  -68.693  5.412 0.5000000000
7357  35.763  -68.154  4.914 0.6000000238
7362  39.471  -68.898  5.505 0.4000000060
7363  37.888  -69.417  5.464 0.5000000000
7364  35.063  -69.219  4.776 0.6000000238
7365  34.245  -68.674  4.515 0.5000000000
7765  26.659  -67.722  17.194 0.3000000119
7779  27.088  -66.932  17.051 0.3000000119
7827  27.240  -67.251  13.303 0.3000000119
7870  32.375  -67.181  9.827 0.3000000119
7878  36.530  -67.601  8.180 0.4000000060
7880  34.800  -67.723  8.766 0.3000000119
7881  34.034  -67.866  8.922 0.3000000119
7889  41.092  -67.089  6.158 0.4000000060
7896  41.258  -67.213  5.680 0.3000000119
7901  41.333  -67.160  5.203 0.4000000060
7904  37.237  -67.825  5.324 0.6000000238
7905  35.885  -67.426  4.769 0.6000000238
7909  39.575  -67.960  4.985 0.4000000060
7910  38.819  -67.591  5.029 0.5000000000
7912  34.984  -67.427  4.529 0.5000000000
8283  28.068  -66.821  17.244 0.3000000119
8305  27.527  -66.199  16.766 0.3000000119
8318  26.590  -66.176  15.690 0.3000000119
8329  26.567  -66.491  14.830 0.3000000119
8340  27.199  -66.508  13.587 0.3000000119
8341  26.762  -66.897  14.032 0.3000000119
8370  29.153  -66.500  11.462 0.3000000119
8381  30.842  -66.599  10.646 0.3000000119
8395  38.306  -66.069  7.894 0.3000000119
8404  40.391  -66.477  6.626 0.4000000060
8405  39.789  -66.892  6.893 0.4000000060
8418  41.641  -66.635  5.754 0.4000000060
8423  41.788  -66.677  5.284 0.4000000060
8424  37.776  -67.043  5.129 0.6000000238
8429  41.884  -66.642  4.890 0.3000000119
8430  41.233  -66.876  4.643 0.3000000119
8431  40.344  -66.863  4.405 0.4000000060
8433  37.032  -66.174  4.760 0.5000000000
8434  36.108  -66.166  4.472 0.5000000000
8922  27.901  -65.340  16.551 0.3000000119
8923  27.393  -65.123  16.009 0.3000000119
8971  27.476  -65.844  13.541 0.3000000119
9053  39.963  -65.613  6.989 0.4000000060
9073  42.678  -65.849  5.187 0.3000000119
9075  43.508  -65.146  4.865 0.3000000119
9076  42.848  -65.612  4.680 0.3000000119
9079  40.152  -65.863  3.926 0.5000000000
9080  38.413  -65.648  4.332 0.4000000060
9086  43.103  -65.098  4.286 0.3000000119
9087  42.475  -65.355  3.998 0.3000000119
9091  35.415  -64.736  3.726 0.5000000000
9601  27.707  -64.641  15.637 0.3000000119
9616  27.374  -65.269  14.357 0.3000000119
9633  28.428  -64.849  13.325 0.3000000119
9736  44.373  -64.282  5.120 0.3000000119
9737  43.635  -64.767  5.197 0.3000000119
9738  42.747  -64.402  5.494 0.4000000060
9740  41.067  -64.413  6.252 0.4000000060
9742  43.967  -64.739  5.017 0.3000000119
9744  44.480  -64.270  4.966 0.3000000119
9746  39.297  -64.496  3.566 0.4000000060
9748  37.836  -64.883  3.957 0.5000000000
9749  36.930  -64.861  3.852 0.4000000060
9752  44.292  -64.090  4.363 0.3000000119
9754  42.831  -64.520  3.681 0.3000000119
9756  41.038  -64.341  3.433 0.5000000000
9758  37.390  -64.213  3.510 0.4000000060
9759  36.405  -64.210  3.467 0.4000000060
9760  35.598  -64.125  3.577 0.5000000000
10334  40.105  -63.966  6.745 0.3000000119
10343  45.025  -63.353  5.096 0.3000000119
10347  41.827  -63.919  5.804 0.4000000060
10350  45.103  -63.296  4.977 0.3000000119
10354  44.774  -63.734  4.784 0.3000000119
10357  44.163  -63.442  3.732 0.4000000060
10358  43.575  -63.949  3.697 0.4000000060
10359  42.809  -63.638  3.423 0.4000000060
10360  42.047  -63.335  3.355 0.5000000000
10364  37.029  -63.501  3.305 0.4000000060
10930  44.917  -62.933  5.302 0.3000000119
10931  44.063  -62.999  5.425 0.4000000060
10932  42.342  -62.488  5.473 0.4000000060
10937  45.293  -62.782  5.094 0.4000000060
10939  45.339  -62.562  4.722 0.4000000060
10943  45.076  -62.641  4.106 0.4000000060
10944  44.676  -62.326  3.593 0.4000000060
10945  43.334  -62.425  3.363 0.5000000000
10947  41.693  -62.538  3.335 0.6999999881
10952  36.320  -62.455  3.457 0.4000000060
11557  45.807  -61.116  5.127 0.5000000000
11559  44.838  -61.476  5.449 0.4000000060
11560  43.605  -61.245  5.427 0.4000000060
11566  45.835  -61.286  4.961 0.4000000060
11571  45.603  -61.822  4.731 0.4000000060
11576  45.815  -60.751  4.167 0.5000000000
11577  45.260  -62.041  3.951 0.4000000060
11578  44.776  -61.661  3.412 0.6000000238
11581  40.280  -61.249  3.314 0.6999999881
11583  38.337  -61.357  2.956 0.4000000060
11586  35.742  -61.918  3.817 0.4000000060
12178  37.271  -60.843  9.240 0.3000000119
12179  36.758  -60.302  9.691 0.3000000119
12183  37.631  -60.375  8.649 0.3000000119
12191  45.899  -60.618  5.214 0.5000000000
12199  46.058  -60.699  5.037 0.5000000000
12200  33.930  -60.284  4.965 0.4000000060
12204  45.972  -60.743  4.758 0.5000000000
12211  45.680  -60.260  3.608 0.6000000238
12212  45.103  -60.273  3.044 0.6000000238
12213  43.449  -61.115  3.272 0.6999999881
12215  41.867  -60.677  3.503 0.6999999881
12216  41.039  -60.885  3.520 0.6999999881
12217  39.582  -60.558  3.442 0.5000000000
12219  37.811  -60.645  3.295 0.4000000060
12793  45.385  -60.030  5.448 0.5000000000
12803  45.889  -59.204  5.528 0.6000000238
12811  38.779  -59.135  4.188 0.6000000238
12812  37.785  -59.132  4.236 0.6000000238
12813  35.057  -59.268  4.971 0.5000000000
12815  46.137  -59.545  3.687 0.5000000000
12821  39.803  -59.922  3.715 0.6000000238
12822  39.114  -59.893  3.703 0.5000000000
12825  45.556  -59.525  3.070 0.6000000238
12826  44.901  -59.452  2.796 0.6000000238
13376  37.144  -58.855  8.944 0.3000000119
13394  42.467  -58.320  5.688 0.3000000119
13409  40.312  -58.699  4.146 0.5000000000
13413  36.253  -58.649  4.794 0.6000000238
13416  42.732  -58.601  3.435 0.6999999881
13417  41.843  -58.445  3.660 0.6999999881
13419  46.513  -58.148  3.165 0.6000000238
14029  36.866  -57.299  8.634 0.3000000119
14031  41.366  -56.962  6.246 0.3000000119
14032  40.476  -57.135  6.299 0.3000000119
14034  38.796  -57.921  6.859 0.3000000119
14046  46.843  -57.565  4.971 0.5000000000
14047  46.545  -58.126  5.357 0.5000000000
14050  35.597  -57.300  5.457 0.5000000000
14058  46.862  -57.554  4.094 0.5000000000
14059  40.969  -57.015  4.214 0.6999999881
14061  39.322  -57.762  4.565 0.6000000238
14063  37.514  -57.706  4.912 0.6000000238
14065  47.210  -56.692  2.845 0.6000000238
14066  46.986  -57.409  3.171 0.6000000238
14069  41.432  -57.742  3.894 0.6999999881
14075  47.062  -56.910  2.455 0.6000000238
14076  46.391  -56.996  2.144 0.6000000238
14661  37.758  -56.604  7.487 0.3000000119
14673  40.338  -55.813  6.698 0.3000000119
14675  38.498  -56.549  7.051 0.3000000119
14678  45.295  -56.501  6.878 0.4000000060
14679  44.497  -56.766  7.008 0.4000000060
14680  43.488  -56.875  6.833 0.3000000119
14681  42.408  -56.784  6.547 0.3000000119
14684  46.678  -56.916  5.210 0.6000000238
14685  46.172  -56.419  5.798 0.6000000238
14686  38.173  -56.762  5.120 0.6000000238
14687  37.559  -56.468  5.311 0.6000000238
14688  36.668  -56.130  5.495 0.6999999881
14689  35.714  -56.292  5.570 0.6000000238
14692  32.886  -56.221  5.563 0.5000000000
14697  46.871  -56.939  4.471 0.6000000238
14700  39.498  -56.303  4.744 0.6999999881
14706  47.065  -56.843  3.536 0.5000000000
14707  42.587  -56.994  3.310 0.6000000238
14711  44.414  -56.835  2.282 0.6999999881
14714  46.900  -56.342  1.912 0.6000000238
14715  46.129  -56.320  1.706 0.6000000238
15306  43.240  -54.715  8.631 0.4000000060
15307  38.777  -54.995  7.205 0.3000000119
15316  44.804  -55.300  7.462 0.4000000060
15317  44.251  -55.519  7.777 0.4000000060
15321  39.592  -55.401  6.903 0.3000000119
15324  45.081  -55.179  6.779 0.4000000060
15328  45.916  -55.675  5.181 0.6000000238
15329  37.953  -55.057  5.414 0.6999999881
15332  34.922  -55.506  5.605 0.5000000000
15335  32.300  -55.682  5.279 0.5000000000
15338  40.619  -55.191  4.341 0.6999999881
15342  31.371  -55.695  4.646 0.5000000000
15343  30.195  -55.807  4.160 0.4000000060
15348  41.811  -55.626  3.564 0.6000000238
15349  41.323  -55.083  3.848 0.6999999881
15350  30.889  -55.201  3.756 0.5000000000
15352  47.151  -55.524  2.155 0.6000000238
15355  43.127  -55.494  2.487 0.6000000238
15356  47.113  -55.802  1.860 0.6000000238
15357  46.673  -55.550  1.559 0.6000000238
15359  44.890  -55.513  1.516 0.6999999881
15360  46.376  -54.857  1.137 0.6000000238
15970  44.163  -54.119  8.431 0.4000000060
15971  43.955  -54.319  8.838 0.4000000060
15975  38.075  -54.296  7.544 0.3000000119
15976  37.299  -54.973  7.732 0.3000000119
15986  42.215  -54.825  8.063 0.3000000119
15987  41.315  -54.742  7.623 0.3000000119
15988  40.716  -54.298  7.728 0.3000000119
15991  45.536  -55.640  6.178 0.4000000060
15995  44.754  -54.516  6.096 0.4000000060
15996  38.434  -54.434  5.276 0.6999999881
15998  36.150  -54.509  5.512 0.5000000000
15999  35.304  -54.574  5.476 0.6999999881
16000  34.435  -54.682  5.349 0.6000000238
16001  33.628  -54.852  5.233 0.6000000238
16003  27.696  -55.108  5.137 0.4000000060
16004  46.581  -55.397  3.672 0.5000000000
16006  39.979  -54.370  4.565 0.6999999881
16008  37.194  -53.589  5.317 0.6000000238
16010  35.669  -53.961  5.302 0.6000000238
16015  28.638  -54.507  4.305 0.4000000060
16019  42.139  -54.563  3.129 0.6000000238
16022  34.296  -53.885  4.160 0.6000000238
16023  33.838  -53.972  3.133 0.6999999881
16025  31.310  -54.548  3.444 0.5000000000
16026  30.085  -54.226  3.524 0.5000000000
16032  33.168  -53.818  2.801 0.6000000238
16033  46.853  -54.768  1.336 0.6000000238
16035  44.779  -54.320  1.079 0.6999999881
16037  46.736  -54.228  0.897 0.6000000238
16038  46.231  -54.338  0.741 0.6000000238
16039  45.619  -54.086  0.608 0.6999999881
16631  43.533  -53.515  9.557 0.3000000119
16642  43.465  -54.145  9.210 0.4000000060
16643  42.867  -53.968  9.401 0.3000000119
16646  38.830  -53.185  7.940 0.3000000119
16656  44.266  -54.139  7.690 0.4000000060
16662  44.946  -54.048  5.059 0.5000000000
16664  43.812  -53.186  6.125 0.4000000060
16666  28.123  -54.369  5.205 0.4000000060
16667  45.395  -53.582  4.113 0.5000000000
16675  29.157  -53.657  4.197 0.4000000060
16677  45.986  -53.562  3.259 0.5000000000
16680  40.538  -53.207  3.851 0.6000000238
16682  38.826  -52.437  4.386 0.6000000238
16684  35.934  -52.927  3.947 0.6999999881
16686  31.492  -53.799  3.041 0.5000000000
16689  46.626  -53.965  2.413 0.6000000238
16690  43.416  -53.893  1.997 0.6000000238
16691  42.083  -53.074  2.875 0.6999999881
17280  43.773  -53.278  9.285 0.4000000060
17281  43.532  -52.689  9.901 0.3000000119
17295  39.433  -52.606  8.597 0.3000000119
17305  43.631  -53.044  8.417 0.4000000060
17306  43.000  -52.513  7.369 0.4000000060
17310  42.887  -51.906  6.333 0.4000000060
17312  29.603  -52.511  6.238 0.4000000060
17313  44.108  -52.803  5.286 0.4000000060
17320  38.030  -52.349  4.449 0.6000000238
17321  30.240  -52.265  4.764 0.5000000000
17324  44.880  -52.185  3.803 0.5000000000
17329  37.365  -52.174  4.060 0.6000000238
17331  35.939  -52.999  2.631 0.6999999881
17333  30.233  -52.704  3.559 0.6000000238
17334  46.595  -53.156  1.876 0.6000000238
17340  36.711  -52.622  2.144 0.6999999881
17342  34.364  -53.062  2.177 0.6999999881
17343  33.507  -52.677  2.291 0.6000000238
17344  32.058  -52.271  2.560 0.6000000238
17345  31.325  -52.288  2.852 0.6000000238
17346  46.783  -52.941  0.908 0.5000000000
17349  42.899  -52.266  1.914 0.5000000000
17350  37.228  -52.325  1.297 0.6999999881
17351  36.409  -52.581  1.536 0.6999999881
17352  35.579  -52.689  1.694 0.6999999881
17354  33.251  -51.771  2.213 0.6000000238
17356  46.183  -52.848  -0.103 0.4000000060
17357  45.150  -52.824  0.284 0.5000000000
17361  46.194  -52.170  -0.473 0.4000000060
17989  43.440  -51.943  10.151 0.3000000119
18005  42.438  -51.721  8.675 0.4000000060
18020  29.896  -51.975  6.839 0.5000000000
18023  30.369  -51.378  6.456 0.5000000000
18028  30.513  -51.702  5.548 0.5000000000
18029  44.286  -51.725  4.229 0.5000000000
18030  43.667  -51.316  4.618 0.5000000000
18031  31.303  -51.483  4.226 0.5000000000
18034  44.650  -51.494  3.481 0.5000000000
18036  40.992  -51.978  3.198 0.6000000238
18037  40.496  -51.502  3.110 0.6000000238
18042  45.851  -51.797  2.052 0.6000000238
18044  42.055  -51.723  2.338 0.5000000000
18046  40.284  -50.979  2.620 0.5000000000
18047  39.501  -50.958  2.517 0.6000000238
18048  38.710  -51.201  2.207 0.6000000238
18049  37.931  -51.800  1.603 0.6999999881
18050  32.398  -51.476  2.559 0.6000000238
18059  35.812  -51.956  1.274 0.6999999881
18060  34.779  -51.809  1.538 0.6000000238
18063  44.808  -51.942  0.047 0.5000000000
18064  43.840  -51.355  0.522 0.5000000000
18065  42.968  -50.871  0.982 0.5000000000
18068  37.748  -51.491  0.505 0.6999999881
18069  36.959  -51.379  0.591 0.6999999881
18071  46.502  -51.405  -0.692 0.4000000060
18072  46.337  -51.576  -0.754 0.4000000060
18074  39.026  -51.135  -0.046 0.6999999881
18806  42.452  -50.529  5.513 0.4000000060
18808  30.863  -50.878  5.959 0.4000000060
18812  43.405  -50.660  4.312 0.5000000000
18819  43.687  -50.455  3.581 0.5000000000
18825  44.654  -50.628  2.405 0.4000000060
18827  40.855  -50.679  2.056 0.6000000238
18830  33.648  -50.445  2.050 0.6000000238
18831  33.134  -50.291  2.721 0.5000000000
18833  46.497  -51.481  0.407 0.4000000060
18834  45.824  -50.833  1.113 0.4000000060
18836  42.092  -50.621  1.311 0.6000000238
18839  39.931  -50.727  0.921 0.6000000238
18842  46.571  -51.233  -0.492 0.3000000119
18847  41.468  -50.368  0.717 0.6000000238
18849  39.728  -50.914  -0.007 0.6000000238
18853  35.575  -50.227  0.840 0.6999999881
18857  43.481  -50.128  -0.662 0.6000000238
18858  42.626  -50.126  -0.270 0.6000000238
18859  41.106  -50.410  -0.353 0.6000000238
18861  39.596  -50.536  -0.349 0.6000000238
18862  38.798  -50.369  -0.307 0.6000000238
18864  46.638  -50.334  -1.442 0.5000000000
18865  46.375  -50.396  -1.678 0.6000000238
18866  45.370  -50.133  -1.752 0.6000000238
19556  41.137  -49.854  6.858 0.4000000060
19570  41.124  -49.277  6.169 0.4000000060
19598  32.934  -50.081  3.543 0.4000000060
19602  43.610  -49.631  2.493 0.5000000000
19605  34.445  -49.448  2.087 0.5000000000
19610  44.647  -49.743  1.370 0.4000000060
19612  36.217  -49.428  0.711 0.6999999881
19614  34.791  -49.896  1.304 0.6000000238
19618  45.906  -49.979  0.061 0.4000000060
19619  45.022  -49.472  0.619 0.5000000000
19620  37.054  -49.483  0.267 0.8000000119
19621  46.660  -50.359  -1.381 0.5000000000
19622  46.377  -49.781  -0.751 0.5000000000
19629  44.789  -49.633  -2.325 0.6000000238
19630  43.733  -49.500  -2.159 0.6000000238
19631  42.775  -49.531  -1.872 0.6000000238
19632  41.765  -49.651  -1.426 0.6000000238
19634  39.967  -49.229  -1.056 0.6000000238
19635  46.760  -49.475  -2.603 0.6000000238
19642  45.821  -49.286  -3.597 0.6000000238
20332  40.407  -49.531  8.618 0.3000000119
20342  40.200  -48.966  7.681 0.4000000060
20343  39.799  -48.310  7.639 0.3000000119
20355  40.166  -48.439  6.962 0.3000000119
20382  36.157  -48.055  3.140 0.4000000060
20388  43.202  -49.021  2.086 0.6000000238
20392  35.761  -48.576  2.486 0.4000000060
20400  36.084  -48.811  1.465 0.5000000000
20406  43.766  -48.355  0.720 0.5000000000
20407  36.714  -48.750  0.804 0.6000000238
20414  37.809  -47.973  -0.003 0.6000000238
20415  46.798  -49.334  -2.374 0.5000000000
20417  42.292  -49.074  -2.034 0.6999999881
20422  44.733  -49.098  -3.321 0.6000000238
20425  41.900  -48.157  -2.113 0.6999999881
20426  47.144  -48.794  -3.912 0.6000000238
20431  47.048  -48.516  -4.388 0.6000000238
21225  40.190  -47.923  6.297 0.4000000060
21280  36.787  -48.203  1.556 0.5000000000
21288  37.812  -47.135  0.247 0.5000000000
21293  44.476  -47.539  -0.478 0.5000000000
21294  43.879  -47.288  -0.091 0.5000000000
21295  39.154  -47.963  -0.826 0.6999999881
21300  45.654  -47.416  -1.742 0.4000000060
21302  41.115  -48.027  -1.726 0.6999999881
21303  40.380  -47.712  -1.462 0.6999999881
21304  39.582  -47.293  -1.161 0.6999999881
21306  47.229  -48.565  -3.680 0.6000000238
21309  47.655  -48.211  -4.525 0.5000000000
21310  45.934  -48.408  -4.202 0.6000000238
21311  44.843  -47.902  -3.792 0.6000000238
21313  43.031  -47.197  -2.977 0.6999999881
21315  48.178  -47.931  -5.062 0.6000000238
22192  44.372  -46.250  -1.048 0.5000000000
22194  38.492  -45.969  -0.641 0.5000000000
22201  46.926  -46.914  -3.268 0.4000000060
22203  42.391  -45.934  -2.769 0.5000000000
22205  41.268  -46.552  -2.045 0.5000000000
22208  44.840  -46.472  -4.045 0.5000000000
23077  39.074  -45.910  -1.141 0.5000000000
23081  41.802  -45.595  -2.490 0.4000000060
23082  41.144  -45.757  -2.097 0.5000000000
23090  46.449  -46.027  -4.946 0.5000000000
24832  40.632  -44.163  -2.137 0.4000000060
119507  31.080  -73.967  9.110 0.3000000119
119752  37.546  -46.928  1.005 0.4000000060
119925  43.163  -62.984  5.424 0.4000000060
120258  38.919  -62.092  2.859 0.4000000060
120467  43.443  -55.758  7.641 0.4000000060
120619  42.132  -56.256  3.455 0.6000000238
120988  29.143  -53.151  6.139 0.5000000000
121218  31.906  -51.208  2.998 0.5000000000
121617  32.002  -67.743  9.627 0.3000000119
123200  24.299  -70.578  15.168 0.3000000119
123207  33.517  -54.315  4.097 0.5000000000
124190  38.012  -53.602  5.244 0.6000000238
124328  46.577  -52.860  0.318 0.6000000238
124349  35.994  -68.986  5.208 0.5000000000
124813  27.606  -64.662  14.916 0.3000000119
125049  39.967  -58.003  4.387 0.6000000238
125169  39.648  -66.233  7.117 0.4000000060
125404  34.292  -58.008  5.502 0.5000000000
125425  42.761  -59.552  3.421 0.6999999881
125528  46.480  -58.762  3.784 0.5000000000
125614  45.911  -56.926  6.355 0.4000000060
126056  33.336  -57.892  5.602 0.5000000000
126227  38.022  -67.814  7.518 0.3000000119
126242  44.910  -59.073  5.707 0.3000000119
126297  36.707  -58.955  9.473 0.3000000119
126519  37.458  -47.728  0.625 0.6000000238
126664  43.525  -53.076  7.487 0.4000000060
126672  46.462  -59.416  4.512 0.5000000000
127409  38.165  -59.157  7.588 0.3000000119
127466  38.054  -51.469  2.785 0.6999999881
127722  35.767  -71.980  7.413 0.4000000060
127730  43.680  -56.158  2.367 0.6999999881
127992  43.900  -58.931  5.691 0.3000000119
128180  31.084  -69.960  9.638 0.4000000060
128227  45.696  -56.240  6.518 0.4000000060
128324  38.687  -53.793  5.062 0.6000000238
128733  33.950  -70.426  8.267 0.4000000060
128734  27.988  -73.077  10.275 0.3000000119
128906  28.769  -69.136  11.526 0.4000000060
129216  34.837  -72.117  7.710 0.5000000000
129248  29.985  -52.584  4.108 0.5000000000
129499  34.178  -56.654  5.602 0.5000000000
129742  35.107  -58.039  5.345 0.5000000000
130354  34.392  -69.822  8.192 0.4000000060
130371  34.746  -65.801  4.164 0.5000000000
130506  37.952  -55.194  7.430 0.3000000119
130764  38.526  -46.740  -0.532 0.5000000000
131233  48.262  -47.739  -4.824 0.6000000238
131915  30.536  -70.102  10.039 0.4000000060
132156  34.467  -68.325  8.582 0.4000000060
132408  37.247  -60.131  9.159 0.3000000119
132465  37.120  -62.216  3.144 0.4000000060
132700  37.172  -54.056  7.859 0.3000000119
132784  37.683  -58.031  7.816 0.3000000119
133171  40.356  -60.348  3.600 0.6000000238
133243  30.598  -54.578  3.526 0.5000000000
133528  30.983  -75.142  8.376 0.3000000119
133598  29.016  -54.926  4.033 0.4000000060
133702  38.889  -63.645  3.207 0.5000000000
133856  42.998  -65.614  5.014 0.4000000060
134029  26.371  -66.806  16.019 0.3000000119
134541  46.345  -55.723  4.437 0.6000000238
134543  40.865  -61.956  3.261 0.6999999881
134563  43.615  -60.119  3.220 0.6000000238
135217  44.055  -62.705  3.445 0.4000000060
135698  46.920  -54.216  1.156 0.6000000238
136050  28.851  -69.971  11.521 0.4000000060
136268  37.238  -67.913  7.720 0.4000000060
136559  43.634  -52.436  1.372 0.5000000000
136600  42.232  -64.022  3.404 0.5000000000
136800  43.498  -48.725  1.398 0.5000000000
137015  41.717  -56.284  6.664 0.3000000119
137399  22.102  -71.350  15.741 0.3000000119
137471  46.090  -51.416  1.332 0.5000000000
137665  46.182  -53.174  2.708 0.6000000238
138386  36.457  -67.778  5.115 0.6000000238
139486  41.163  -53.672  3.616 0.6999999881
139625  45.518  -61.594  5.259 0.4000000060
139917  41.328  -63.190  3.303 0.5000000000
139928  26.003  -68.874  15.537 0.3000000119
139933  31.156  -67.063  10.281 0.3000000119
140021  41.446  -47.624  -1.955 0.6999999881
140183  29.200  -68.087  11.054 0.4000000060
140360  32.717  -50.456  3.085 0.4000000060
140525  35.234  -71.814  5.315 0.4000000060
140529  20.852  -71.211  13.112 0.3000000119
140561  44.634  -63.523  4.256 0.3000000119
140583  39.977  -65.098  3.639 0.4000000060
140694  27.469  -67.727  12.939 0.3000000119
140742  28.922  -53.526  4.720 0.4000000060
141106  42.150  -59.090  3.558 0.6999999881
141247  26.967  -65.548  15.659 0.3000000119
141560  29.369  -66.975  11.092 0.3000000119
142057  24.817  -71.431  17.392 0.3000000119
142111  29.502  -53.819  7.310 0.4000000060
142275  43.372  -59.247  3.278 0.6999999881
142620  28.542  -71.759  11.359 0.5000000000
142778  46.132  -58.220  2.675 0.6000000238
142840  40.871  -59.148  3.860 0.6000000238
