#!ascii label  , from subject sub-v2s12x28861_ses-1 vox2ras=TkReg
1129
53080  -9.103  -25.079  57.871 0.0000000000
60008  -33.717  -20.919  39.224 0.0000000000
69090  -32.174  -12.436  35.341 0.0000000000
63375  -28.527  -16.633  46.131 0.0000000000
79304  -40.749  -3.874  20.342 0.0000000000
74760  -34.949  -7.021  26.671 0.0000000000
58870  -35.234  -20.474  44.031 0.0000000000
61105  -30.825  -19.255  42.282 0.0000000000
150166  -48.134  -3.592  20.666 0.0000000000
82567  -51.434  0.211  16.814 0.0000000000
85662  -54.459  2.812  15.206 0.0000000000
71592  -37.957  -10.019  34.870 0.0000000000
71627  -34.392  -10.470  30.735 0.0000000000
76868  -39.785  -5.581  31.297 0.0000000000
76933  -43.301  -6.061  27.711 0.0000000000
61030  -21.179  -19.158  48.969 0.0000000000
53032  -6.706  -26.869  61.773 0.0000000000
64506  -32.594  -16.276  39.038 0.0000000000
69033  -36.402  -12.464  39.734 0.0000000000
62251  -23.166  -18.544  44.486 0.0000000000
63456  -27.127  -17.847  40.643 0.0000000000
85692  -52.399  2.687  9.022 0.0000000000
88871  -57.776  6.106  13.553 0.0000000000
74809  -38.519  -7.293  22.424 0.0000000000
75852  -45.698  -6.319  23.394 0.0000000000
55351  -12.013  -23.988  54.497 0.0000000000
155344  -4.807  -30.196  60.089 0.0000000000
81525  -49.337  -1.463  18.551 0.0000000000
73727  -38.714  -7.463  33.289 0.0000000000
59868  -18.788  -20.197  47.689 0.0000000000
51793  -8.131  -25.969  59.712 0.0000000000
62365  -33.154  -18.683  36.839 0.0000000000
63478  -33.792  -18.123  39.064 0.0000000000
63390  -26.289  -16.643  45.670 0.0000000000
151894  -25.096  -17.309  42.724 0.0000000000
63422  -27.938  -16.661  43.666 0.0000000000
59995  -32.336  -21.225  40.513 0.0000000000
60005  -29.933  -20.784  39.629 0.0000000000
60007  -31.525  -21.140  38.854 0.0000000000
64415  -27.717  -16.583  48.251 0.0000000000
63359  -25.123  -17.173  47.489 0.0000000000
84656  -46.802  1.162  13.872 0.0000000000
85688  -50.390  2.340  10.373 0.0000000000
87830  -55.532  4.525  14.454 0.0000000000
73755  -34.549  -8.149  28.479 0.0000000000
75836  -36.755  -6.614  24.567 0.0000000000
74773  -44.235  -7.225  25.422 0.0000000000
58763  -15.469  -20.246  52.423 0.0000000000
58758  -15.099  -20.442  53.761 0.0000000000
57648  -14.165  -21.235  55.352 0.0000000000
166462  -13.141  -23.377  53.003 0.0000000000
49678  -6.444  -29.793  58.560 0.0000000000
152642  -34.039  -20.734  40.924 0.0000000000
62316  -34.866  -17.745  40.946 0.0000000000
63425  -36.193  -17.551  43.872 0.0000000000
148159  -30.725  -16.780  46.755 0.0000000000
62254  -30.269  -17.138  44.343 0.0000000000
61070  -31.588  -18.113  44.808 0.0000000000
58867  -33.098  -20.247  42.964 0.0000000000
79307  -44.500  -3.030  20.831 0.0000000000
156946  -45.759  -0.917  18.680 0.0000000000
83618  -47.786  0.811  16.763 0.0000000000
85657  -49.756  2.399  15.078 0.0000000000
86804  -51.469  3.552  13.686 0.0000000000
84641  -52.612  1.328  15.935 0.0000000000
69125  -36.209  -11.691  34.270 0.0000000000
70448  -34.792  -12.076  32.274 0.0000000000
71607  -36.127  -10.355  32.902 0.0000000000
74726  -36.426  -7.435  30.806 0.0000000000
75781  -37.095  -5.999  29.456 0.0000000000
147876  -39.311  -5.448  27.128 0.0000000000
152081  -41.594  -5.356  29.292 0.0000000000
142786  -19.493  -18.580  50.804 0.0000000000
61014  -17.154  -19.381  49.994 0.0000000000
87869  -57.350  5.278  8.340 0.0000000000
53016  -4.827  -26.555  62.072 0.0000000000
160105  -32.086  -17.051  36.180 0.0000000000
66746  -31.602  -14.661  38.002 0.0000000000
64475  -34.616  -16.196  41.350 0.0000000000
67842  -33.413  -13.254  40.741 0.0000000000
145234  -34.428  -12.453  37.467 0.0000000000
70383  -37.598  -11.868  36.229 0.0000000000
62276  -29.259  -18.178  41.760 0.0000000000
61021  -23.813  -18.474  50.073 0.0000000000
61058  -22.778  -18.702  46.744 0.0000000000
87839  -52.569  4.675  11.875 0.0000000000
87851  -54.272  5.291  10.300 0.0000000000
88898  -56.140  5.501  9.836 0.0000000000
89954  -59.082  6.375  11.492 0.0000000000
53123  -9.418  -25.949  55.292 0.0000000000
153650  -8.172  -27.509  56.655 0.0000000000
75874  -39.939  -6.114  21.761 0.0000000000
75826  -40.901  -6.811  25.371 0.0000000000
75848  -42.184  -7.141  23.420 0.0000000000
78174  -42.631  -4.932  21.899 0.0000000000
78192  -46.731  -4.716  21.656 0.0000000000
54245  -10.401  -24.481  56.138 0.0000000000
50644  -7.330  -27.784  58.730 0.0000000000
50622  -5.657  -28.246  61.034 0.0000000000
50619  -4.093  -28.169  60.868 0.0000000000
53067  -8.596  -25.570  58.722 0.0000000000
141399  -33.559  -20.652  37.685 0.0000000000
61162  -33.981  -20.028  37.692 0.0000000000
61154  -34.261  -19.389  39.087 0.0000000000
154629  -27.760  -16.624  45.930 0.0000000000
63408  -27.625  -16.598  44.552 0.0000000000
147419  -28.164  -16.692  45.287 0.0000000000
151693  -33.027  -21.176  39.920 0.0000000000
156666  -31.964  -21.257  39.818 0.0000000000
141539  -33.394  -20.996  38.491 0.0000000000
60030  -32.661  -20.785  36.877 0.0000000000
64421  -29.305  -16.370  47.890 0.0000000000
64416  -28.587  -16.382  48.505 0.0000000000
64420  -28.460  -16.522  47.644 0.0000000000
151042  -26.810  -16.704  47.108 0.0000000000
85687  -49.712  2.109  10.853 0.0000000000
67896  -31.325  -13.142  35.360 0.0000000000
69104  -31.611  -13.210  33.753 0.0000000000
74754  -34.945  -7.076  27.643 0.0000000000
73781  -34.710  -7.924  26.251 0.0000000000
74769  -35.878  -6.869  25.091 0.0000000000
156564  -14.927  -20.841  52.070 0.0000000000
58762  -14.896  -20.510  52.845 0.0000000000
57673  -14.527  -21.347  52.236 0.0000000000
57663  -13.903  -21.717  53.571 0.0000000000
143147  -13.793  -22.908  51.947 0.0000000000
59944  -34.625  -20.492  42.553 0.0000000000
61107  -35.349  -19.540  42.378 0.0000000000
61093  -36.081  -19.123  43.692 0.0000000000
62215  -32.199  -17.639  47.584 0.0000000000
62230  -31.249  -17.262  46.202 0.0000000000
61045  -32.721  -18.235  47.123 0.0000000000
58831  -34.671  -20.132  45.012 0.0000000000
59929  -33.302  -19.562  44.515 0.0000000000
58868  -33.886  -20.444  43.188 0.0000000000
59966  -33.450  -20.719  42.266 0.0000000000
79309  -46.395  -3.515  20.871 0.0000000000
169357  -45.028  -1.810  19.674 0.0000000000
80438  -46.671  -2.237  19.810 0.0000000000
81537  -50.464  -0.841  17.792 0.0000000000
82554  -48.677  -0.399  17.777 0.0000000000
83621  -50.049  0.466  16.930 0.0000000000
148592  -49.078  1.399  16.235 0.0000000000
168889  -50.533  1.326  16.189 0.0000000000
147427  -51.083  2.156  15.464 0.0000000000
83623  -52.125  0.722  16.492 0.0000000000
70417  -37.064  -11.204  34.579 0.0000000000
70450  -36.104  -11.154  33.218 0.0000000000
71599  -37.096  -10.168  33.739 0.0000000000
74719  -39.353  -6.367  32.414 0.0000000000
74722  -37.516  -7.387  31.898 0.0000000000
75765  -37.824  -6.642  31.468 0.0000000000
75772  -36.777  -6.766  30.471 0.0000000000
76882  -38.863  -5.629  30.272 0.0000000000
76898  -39.675  -5.451  29.585 0.0000000000
76884  -40.477  -5.314  30.746 0.0000000000
143020  -22.231  -18.680  50.264 0.0000000000
60983  -21.103  -18.379  51.389 0.0000000000
61017  -20.536  -18.966  49.506 0.0000000000
59856  -17.924  -19.884  48.693 0.0000000000
88902  -59.203  5.649  9.470 0.0000000000
88916  -59.736  5.518  8.810 0.0000000000
51767  -5.938  -27.181  61.853 0.0000000000
63491  -32.867  -17.866  37.430 0.0000000000
63505  -32.457  -17.830  36.247 0.0000000000
64527  -32.297  -17.044  37.169 0.0000000000
150751  -31.779  -16.158  37.227 0.0000000000
65581  -32.050  -15.372  38.733 0.0000000000
63439  -35.453  -17.154  42.617 0.0000000000
63458  -34.726  -16.929  41.119 0.0000000000
65549  -34.889  -15.938  42.122 0.0000000000
68987  -35.935  -12.369  41.435 0.0000000000
67833  -34.168  -13.596  41.993 0.0000000000
69008  -34.713  -12.357  40.544 0.0000000000
69030  -33.410  -12.664  39.885 0.0000000000
69050  -35.388  -12.535  38.552 0.0000000000
67884  -36.012  -12.704  37.073 0.0000000000
67885  -37.129  -12.854  37.905 0.0000000000
63447  -26.086  -17.367  41.474 0.0000000000
61091  -30.790  -18.328  43.091 0.0000000000
62265  -30.146  -17.766  42.870 0.0000000000
61090  -30.094  -18.565  42.236 0.0000000000
61153  -29.247  -20.039  39.935 0.0000000000
62196  -24.756  -17.877  49.878 0.0000000000
62228  -24.007  -17.870  46.645 0.0000000000
62211  -23.441  -18.434  47.257 0.0000000000
62227  -23.245  -18.345  46.233 0.0000000000
165661  -21.886  -19.461  45.641 0.0000000000
86798  -53.008  3.301  14.420 0.0000000000
86805  -52.032  3.997  13.248 0.0000000000
86807  -53.638  3.758  14.144 0.0000000000
88862  -56.692  5.425  14.221 0.0000000000
87842  -54.738  5.159  12.712 0.0000000000
88879  -55.557  5.633  11.485 0.0000000000
87852  -55.191  5.482  10.034 0.0000000000
88880  -56.487  5.808  11.191 0.0000000000
150240  -57.500  5.971  10.824 0.0000000000
89944  -57.937  6.341  12.614 0.0000000000
71618  -34.680  -11.045  31.381 0.0000000000
67934  -33.921  -13.083  30.920 0.0000000000
145007  -39.193  -7.366  20.520 0.0000000000
75862  -39.603  -6.860  22.126 0.0000000000
76930  -40.782  -5.552  27.521 0.0000000000
76949  -39.594  -5.946  25.781 0.0000000000
75815  -41.835  -6.406  26.326 0.0000000000
75829  -45.225  -6.693  24.866 0.0000000000
74786  -43.421  -7.588  24.443 0.0000000000
75850  -44.014  -6.871  23.319 0.0000000000
75865  -42.690  -6.391  22.905 0.0000000000
76988  -44.134  -5.781  22.397 0.0000000000
77004  -44.626  -5.180  21.968 0.0000000000
76990  -46.128  -5.889  22.715 0.0000000000
56511  -12.873  -22.543  55.292 0.0000000000
55325  -12.186  -23.062  55.738 0.0000000000
142878  -11.451  -23.156  56.529 0.0000000000
55324  -11.594  -23.743  55.779 0.0000000000
54255  -10.787  -24.870  55.128 0.0000000000
55363  -11.577  -24.597  54.119 0.0000000000
50663  -7.782  -28.134  57.057 0.0000000000
144229  -7.632  -27.777  57.917 0.0000000000
50654  -7.422  -28.743  57.683 0.0000000000
160940  -5.377  -29.894  59.703 0.0000000000
49673  -6.191  -29.077  59.424 0.0000000000
49667  -5.259  -28.953  60.632 0.0000000000
50621  -5.046  -28.526  61.199 0.0000000000
49660  -4.510  -28.884  60.868 0.0000000000
61046  -33.481  -18.610  47.510 0.0000000000
79312  -49.666  -3.505  20.496 0.0000000000
80422  -48.534  -2.629  19.716 0.0000000000
80441  -50.241  -2.503  19.394 0.0000000000
73721  -38.593  -8.183  34.081 0.0000000000
59884  -21.109  -19.681  47.415 0.0000000000
59869  -19.722  -19.802  47.861 0.0000000000
53034  -8.022  -25.826  61.332 0.0000000000
51780  -7.499  -26.526  60.978 0.0000000000
61179  -33.088  -19.531  36.458 0.0000000000
62347  -33.343  -18.451  37.783 0.0000000000
63477  -33.331  -17.594  38.855 0.0000000000
69034  -38.328  -12.518  39.353 0.0000000000
165455  -24.914  -16.960  45.175 0.0000000000
63406  -24.451  -17.434  43.898 0.0000000000
141850  -26.013  -16.787  44.086 0.0000000000
63421  -26.306  -16.813  43.141 0.0000000000
63438  -27.640  -16.956  42.107 0.0000000000
59980  -31.420  -20.724  41.524 0.0000000000
61125  -30.027  -19.967  41.256 0.0000000000
59993  -30.531  -20.953  40.352 0.0000000000
60006  -30.928  -21.174  39.726 0.0000000000
60029  -31.365  -20.956  37.049 0.0000000000
63346  -27.038  -16.580  49.925 0.0000000000
63344  -25.350  -17.404  49.257 0.0000000000
63360  -25.950  -16.828  47.711 0.0000000000
63373  -25.833  -16.754  46.687 0.0000000000
83628  -45.305  0.305  15.173 0.0000000000
86824  -51.722  3.013  9.651 0.0000000000
85664  -56.061  2.971  16.041 0.0000000000
86800  -55.225  3.846  14.830 0.0000000000
142757  -34.208  -9.782  29.926 0.0000000000
158596  -37.040  -7.383  23.119 0.0000000000
74792  -37.715  -6.979  23.375 0.0000000000
168236  -45.087  -6.240  27.678 0.0000000000
75817  -43.442  -6.724  26.515 0.0000000000
76943  -45.492  -6.000  27.273 0.0000000000
59825  -16.867  -19.227  52.700 0.0000000000
59817  -16.409  -19.922  54.011 0.0000000000
58750  -15.763  -20.376  55.446 0.0000000000
151408  -14.520  -20.921  54.844 0.0000000000
56542  -13.408  -22.271  54.029 0.0000000000
56527  -12.485  -23.559  54.031 0.0000000000
55364  -12.060  -24.450  53.517 0.0000000000
55365  -12.738  -23.898  53.069 0.0000000000
59996  -34.160  -20.729  40.078 0.0000000000
164086  -34.680  -19.402  40.024 0.0000000000
168642  -34.889  -19.417  40.784 0.0000000000
62278  -35.516  -17.995  42.236 0.0000000000
162559  -29.986  -16.615  46.558 0.0000000000
63392  -29.023  -16.705  45.263 0.0000000000
63377  -30.442  -16.809  45.920 0.0000000000
62255  -30.885  -17.814  44.127 0.0000000000
61080  -31.538  -18.479  43.876 0.0000000000
59897  -33.055  -18.952  45.815 0.0000000000
61092  -32.194  -19.107  43.743 0.0000000000
59964  -31.517  -19.962  42.198 0.0000000000
59965  -32.373  -20.596  42.081 0.0000000000
157732  -33.199  -21.105  40.831 0.0000000000
63356  -31.035  -16.395  48.564 0.0000000000
80415  -42.170  -2.798  20.298 0.0000000000
79327  -41.504  -2.810  19.572 0.0000000000
80435  -43.440  -2.171  19.775 0.0000000000
154705  -44.097  -1.166  18.683 0.0000000000
82539  -45.177  -0.478  18.094 0.0000000000
81524  -48.282  -1.513  18.796 0.0000000000
82541  -47.092  -0.454  18.119 0.0000000000
83605  -46.042  0.463  16.904 0.0000000000
84637  -46.871  1.203  15.648 0.0000000000
151586  -48.052  1.935  14.876 0.0000000000
85666  -48.767  2.443  13.654 0.0000000000
153543  -49.648  3.105  12.884 0.0000000000
85668  -50.213  2.794  14.396 0.0000000000
85670  -52.400  2.864  14.765 0.0000000000
85661  -53.821  2.364  15.336 0.0000000000
83624  -53.052  0.504  16.499 0.0000000000
84654  -55.089  1.809  16.186 0.0000000000
69107  -34.683  -12.151  34.515 0.0000000000
69106  -33.534  -12.466  34.191 0.0000000000
69124  -35.412  -11.878  33.918 0.0000000000
71606  -35.586  -10.894  32.568 0.0000000000
72670  -35.392  -9.629  31.668 0.0000000000
73726  -37.581  -8.458  33.049 0.0000000000
73729  -36.573  -8.565  32.142 0.0000000000
72682  -35.208  -8.969  31.118 0.0000000000
74730  -35.759  -7.733  30.387 0.0000000000
74739  -35.896  -6.844  29.125 0.0000000000
75790  -36.279  -6.174  28.129 0.0000000000
76938  -37.243  -5.637  26.586 0.0000000000
76908  -37.598  -5.515  28.194 0.0000000000
76911  -40.195  -5.408  28.708 0.0000000000
76913  -42.134  -5.561  28.471 0.0000000000
157205  -43.533  -5.468  29.459 0.0000000000
76915  -44.237  -5.636  28.890 0.0000000000
60981  -18.864  -18.541  51.652 0.0000000000
61027  -18.691  -19.538  49.077 0.0000000000
60998  -18.025  -19.045  50.419 0.0000000000
60979  -16.909  -19.135  51.628 0.0000000000
153430  -16.214  -19.762  51.391 0.0000000000
66756  -31.260  -14.301  36.386 0.0000000000
67882  -31.653  -13.066  37.400 0.0000000000
62333  -34.362  -18.604  39.443 0.0000000000
63464  -33.909  -17.352  39.509 0.0000000000
64495  -33.992  -16.622  39.924 0.0000000000
66713  -33.727  -14.785  41.221 0.0000000000
66723  -32.990  -14.947  39.896 0.0000000000
143368  -32.163  -13.821  39.408 0.0000000000
69047  -32.580  -12.555  38.353 0.0000000000
69076  -33.859  -12.442  36.382 0.0000000000
69078  -35.672  -12.379  36.317 0.0000000000
70400  -36.752  -11.748  35.418 0.0000000000
71589  -38.375  -10.373  35.733 0.0000000000
70370  -38.628  -11.800  37.342 0.0000000000
158430  -39.170  -10.291  36.498 0.0000000000
63410  -29.650  -17.004  43.752 0.0000000000
62275  -28.738  -17.282  42.219 0.0000000000
62295  -28.522  -17.877  41.309 0.0000000000
61141  -29.373  -19.507  40.616 0.0000000000
61140  -28.681  -19.304  40.120 0.0000000000
164405  -23.363  -18.543  50.899 0.0000000000
61019  -22.592  -18.812  49.444 0.0000000000
62203  -24.119  -18.215  48.650 0.0000000000
62202  -23.555  -18.534  48.274 0.0000000000
61043  -22.280  -19.212  47.732 0.0000000000
147964  -21.773  -19.417  46.306 0.0000000000
86815  -50.522  3.470  11.798 0.0000000000
86820  -51.482  3.563  10.561 0.0000000000
86821  -52.215  3.905  10.281 0.0000000000
87835  -54.544  4.690  13.426 0.0000000000
87845  -53.239  5.048  11.481 0.0000000000
86822  -52.945  4.357  10.036 0.0000000000
86827  -54.022  4.249  9.006 0.0000000000
87866  -54.874  4.612  8.756 0.0000000000
87879  -55.985  4.485  7.882 0.0000000000
88913  -57.169  5.448  9.047 0.0000000000
166391  -58.045  5.636  9.823 0.0000000000
53094  -9.314  -25.140  57.053 0.0000000000
53079  -8.634  -25.686  57.987 0.0000000000
51838  -8.586  -26.824  56.243 0.0000000000
146423  -33.056  -13.259  32.308 0.0000000000
77017  -40.004  -5.010  20.600 0.0000000000
75823  -38.168  -5.870  25.399 0.0000000000
75838  -38.777  -6.579  24.335 0.0000000000
74782  -39.248  -6.947  23.912 0.0000000000
74771  -42.634  -7.295  25.403 0.0000000000
74784  -41.453  -7.530  24.471 0.0000000000
74795  -40.255  -7.203  23.667 0.0000000000
165023  -40.975  -6.243  22.636 0.0000000000
78172  -40.778  -4.924  21.778 0.0000000000
78188  -41.996  -4.166  21.397 0.0000000000
78189  -43.132  -4.157  21.436 0.0000000000
79290  -45.690  -3.954  21.335 0.0000000000
79292  -46.988  -4.087  21.261 0.0000000000
54224  -10.123  -23.837  58.597 0.0000000000
164784  -10.822  -23.256  57.239 0.0000000000
54236  -9.823  -24.447  57.030 0.0000000000
53108  -9.648  -25.151  56.158 0.0000000000
53137  -10.026  -26.260  54.668 0.0000000000
51816  -8.197  -26.297  58.140 0.0000000000
51804  -7.654  -26.714  59.238 0.0000000000
51791  -6.977  -27.191  60.602 0.0000000000
140805  -6.805  -28.854  58.596 0.0000000000
50633  -6.551  -27.764  60.202 0.0000000000
51778  -6.125  -27.520  61.400 0.0000000000
51777  -5.447  -27.817  61.476 0.0000000000
51775  -4.296  -27.469  61.247 0.0000000000
49665  -4.073  -29.597  60.534 0.0000000000
49659  -3.905  -28.923  60.421 0.0000000000
54223  -9.619  -24.423  58.494 0.0000000000
53068  -9.060  -25.039  58.638 0.0000000000
60021  -34.037  -20.264  38.541 0.0000000000
160301  -32.687  -21.180  39.061 0.0000000000
64428  -29.154  -16.604  46.925 0.0000000000
64427  -28.309  -16.597  46.938 0.0000000000
63374  -27.693  -16.624  46.611 0.0000000000
85684  -49.416  2.351  11.506 0.0000000000
69089  -31.604  -12.745  35.087 0.0000000000
67902  -31.390  -13.223  34.484 0.0000000000
69105  -31.933  -12.639  34.504 0.0000000000
74759  -34.637  -7.750  27.141 0.0000000000
74768  -35.185  -7.318  25.699 0.0000000000
75810  -35.781  -6.422  26.186 0.0000000000
57681  -14.928  -21.641  51.385 0.0000000000
57680  -14.404  -22.309  51.645 0.0000000000
57672  -13.990  -21.955  52.543 0.0000000000
59945  -34.988  -20.386  43.447 0.0000000000
59967  -35.032  -20.038  42.892 0.0000000000
145689  -35.913  -19.836  43.913 0.0000000000
62231  -31.971  -17.797  46.673 0.0000000000
58852  -35.005  -20.419  44.468 0.0000000000
58851  -34.373  -20.349  44.032 0.0000000000
166552  -34.447  -20.488  43.388 0.0000000000
58884  -34.248  -20.572  42.749 0.0000000000
62206  -32.342  -17.458  48.498 0.0000000000
80420  -46.929  -2.885  20.307 0.0000000000
80421  -47.794  -2.955  20.166 0.0000000000
82556  -50.963  -0.408  17.271 0.0000000000
83610  -50.189  -0.207  17.393 0.0000000000
82566  -50.690  0.141  16.954 0.0000000000
83622  -50.753  0.772  16.495 0.0000000000
161453  -51.452  0.869  16.399 0.0000000000
71591  -37.370  -10.511  34.403 0.0000000000
72650  -37.588  -9.624  34.141 0.0000000000
75768  -39.789  -5.728  31.970 0.0000000000
75754  -38.827  -6.596  32.054 0.0000000000
75767  -39.235  -6.137  31.700 0.0000000000
75774  -38.268  -6.061  30.907 0.0000000000
75775  -39.063  -5.842  31.062 0.0000000000
76883  -39.698  -5.523  30.516 0.0000000000
61018  -21.894  -18.876  49.471 0.0000000000
141352  -21.390  -18.804  49.854 0.0000000000
88893  -59.647  5.988  10.144 0.0000000000
88903  -60.104  5.762  9.529 0.0000000000
53033  -7.382  -26.411  61.654 0.0000000000
53017  -5.525  -26.593  62.233 0.0000000000
151915  -32.665  -17.208  38.399 0.0000000000
64505  -32.001  -16.395  38.167 0.0000000000
64465  -35.268  -16.383  42.686 0.0000000000
65539  -35.061  -15.714  42.899 0.0000000000
69010  -36.677  -12.361  40.611 0.0000000000
148950  -35.018  -12.409  41.300 0.0000000000
69009  -35.626  -12.339  40.579 0.0000000000
69032  -35.273  -12.349  39.639 0.0000000000
67855  -36.246  -12.594  38.852 0.0000000000
67856  -37.034  -12.644  39.076 0.0000000000
158256  -23.657  -17.959  45.391 0.0000000000
62241  -22.901  -18.606  45.320 0.0000000000
85693  -52.962  3.222  8.961 0.0000000000
85672  -53.741  3.055  14.775 0.0000000000
86806  -52.898  3.979  13.633 0.0000000000
154891  -57.109  5.827  13.726 0.0000000000
88868  -55.932  5.543  12.942 0.0000000000
153288  -56.566  5.866  12.670 0.0000000000
88876  -57.118  6.105  11.968 0.0000000000
70476  -34.236  -11.461  30.661 0.0000000000
73809  -37.856  -7.976  21.757 0.0000000000
74810  -39.172  -7.168  22.344 0.0000000000
76931  -41.704  -5.733  27.661 0.0000000000
76942  -41.410  -5.936  26.841 0.0000000000
75805  -42.168  -6.218  26.994 0.0000000000
74788  -44.942  -6.882  24.071 0.0000000000
74799  -44.312  -7.089  23.753 0.0000000000
75851  -44.804  -6.660  23.321 0.0000000000
75866  -43.652  -6.429  22.856 0.0000000000
75867  -44.505  -6.358  22.793 0.0000000000
76989  -44.981  -5.814  22.339 0.0000000000
75868  -45.317  -6.184  22.778 0.0000000000
55337  -12.439  -23.316  54.931 0.0000000000
55336  -11.987  -23.692  55.214 0.0000000000
55350  -11.441  -24.306  54.959 0.0000000000
143086  -5.135  -29.616  60.155 0.0000000000
141238  -5.551  -29.282  59.976 0.0000000000
166471  -4.937  -28.985  60.848 0.0000000000
49666  -4.767  -29.436  60.499 0.0000000000
73723  -39.954  -7.421  34.722 0.0000000000
59883  -20.192  -19.995  47.256 0.0000000000
53050  -8.638  -25.345  60.168 0.0000000000
53049  -8.104  -25.899  60.561 0.0000000000
60031  -33.590  -20.176  36.940 0.0000000000
62348  -33.685  -18.671  38.357 0.0000000000
61170  -33.701  -19.360  37.417 0.0000000000
160923  -33.439  -18.122  38.459 0.0000000000
63407  -25.061  -16.939  44.388 0.0000000000
159616  -25.728  -16.762  44.975 0.0000000000
64446  -26.971  -16.552  43.851 0.0000000000
64456  -27.289  -16.684  42.968 0.0000000000
142846  -28.125  -16.796  42.858 0.0000000000
59994  -31.376  -21.145  40.667 0.0000000000
155786  -30.396  -21.049  38.775 0.0000000000
60019  -30.918  -21.002  37.888 0.0000000000
64410  -28.671  -16.297  49.385 0.0000000000
64409  -27.821  -16.494  49.124 0.0000000000
64405  -27.979  -16.452  49.872 0.0000000000
63354  -26.899  -16.635  48.903 0.0000000000
63361  -26.830  -16.695  47.994 0.0000000000
142385  -26.979  -16.781  46.237 0.0000000000
63389  -25.274  -16.815  45.839 0.0000000000
83633  -46.189  0.767  14.177 0.0000000000
72696  -34.456  -8.766  29.287 0.0000000000
71652  -33.820  -9.699  28.845 0.0000000000
72712  -34.150  -8.989  28.209 0.0000000000
74780  -36.031  -7.258  24.144 0.0000000000
74781  -36.927  -7.022  23.759 0.0000000000
75837  -37.769  -6.536  24.172 0.0000000000
76934  -45.561  -5.780  28.059 0.0000000000
76957  -46.632  -5.571  25.150 0.0000000000
59835  -16.193  -19.746  52.190 0.0000000000
59824  -16.183  -19.769  53.131 0.0000000000
152918  -15.938  -20.207  54.188 0.0000000000
57656  -14.472  -20.946  54.117 0.0000000000
56554  -13.474  -22.717  52.994 0.0000000000
56541  -13.054  -23.136  53.632 0.0000000000
61126  -34.573  -20.067  40.784 0.0000000000
61108  -35.662  -18.751  42.888 0.0000000000
164691  -35.741  -17.826  43.115 0.0000000000
62244  -31.733  -17.920  45.751 0.0000000000
62243  -30.913  -17.355  45.158 0.0000000000
59885  -33.943  -19.175  47.004 0.0000000000
61060  -33.274  -18.773  46.650 0.0000000000
59928  -32.872  -19.646  43.735 0.0000000000
162278  -32.689  -19.213  44.326 0.0000000000
59943  -32.268  -19.756  42.938 0.0000000000
59981  -33.689  -20.922  41.548 0.0000000000
165328  -32.946  -20.991  41.624 0.0000000000
62205  -31.660  -17.016  48.052 0.0000000000
63363  -30.924  -16.595  47.637 0.0000000000
63362  -30.052  -16.521  47.307 0.0000000000
79306  -43.700  -2.990  20.736 0.0000000000
80416  -43.119  -2.651  20.328 0.0000000000
80417  -44.031  -2.548  20.278 0.0000000000
81509  -45.409  -1.413  19.220 0.0000000000
81508  -44.563  -1.447  19.223 0.0000000000
81521  -44.852  -0.959  18.688 0.0000000000
81513  -48.909  -2.062  19.136 0.0000000000
81512  -48.199  -2.101  19.341 0.0000000000
83608  -48.460  0.348  17.222 0.0000000000
82553  -47.864  -0.131  17.732 0.0000000000
153964  -47.233  0.100  17.591 0.0000000000
82552  -46.513  0.071  17.590 0.0000000000
83606  -47.005  0.561  17.055 0.0000000000
83617  -46.578  0.877  16.277 0.0000000000
84650  -49.362  1.913  15.619 0.0000000000
84649  -48.521  1.770  15.575 0.0000000000
85656  -48.815  2.273  14.774 0.0000000000
85667  -49.417  2.600  14.323 0.0000000000
85675  -49.545  2.861  13.650 0.0000000000
84652  -51.831  1.807  15.693 0.0000000000
85659  -51.767  2.495  15.132 0.0000000000
85660  -52.507  2.175  15.378 0.0000000000
85671  -53.121  2.610  15.044 0.0000000000
163476  -53.249  1.875  15.544 0.0000000000
84643  -54.340  1.443  16.159 0.0000000000
69108  -35.594  -11.964  34.803 0.0000000000
71619  -35.221  -10.593  31.882 0.0000000000
72659  -35.654  -10.144  32.327 0.0000000000
161404  -38.171  -8.107  33.345 0.0000000000
73730  -37.214  -8.126  32.348 0.0000000000
73733  -36.706  -7.901  31.571 0.0000000000
72671  -35.922  -8.641  31.573 0.0000000000
169000  -36.055  -7.994  31.051 0.0000000000
73736  -35.488  -8.384  30.750 0.0000000000
146263  -37.142  -6.285  30.107 0.0000000000
75780  -36.565  -6.525  29.718 0.0000000000
140329  -36.452  -6.278  28.972 0.0000000000
166602  -36.060  -6.515  28.624 0.0000000000
75791  -36.953  -5.762  28.659 0.0000000000
76907  -36.883  -5.667  27.914 0.0000000000
76896  -37.764  -5.659  29.054 0.0000000000
76899  -40.671  -5.399  29.369 0.0000000000
76910  -39.313  -5.402  28.687 0.0000000000
76912  -41.090  -5.456  28.457 0.0000000000
143839  -43.780  -5.281  30.303 0.0000000000
76901  -44.455  -5.450  29.731 0.0000000000
76916  -45.765  -5.680  28.909 0.0000000000
142613  -20.493  -18.481  50.770 0.0000000000
60982  -20.040  -18.272  51.495 0.0000000000
60960  -19.601  -18.208  52.389 0.0000000000
61028  -19.217  -19.643  48.487 0.0000000000
162217  -18.515  -19.910  48.381 0.0000000000
59855  -17.102  -19.836  49.045 0.0000000000
61015  -18.003  -19.475  49.562 0.0000000000
60997  -17.898  -18.785  51.268 0.0000000000
162728  -17.279  -19.048  50.808 0.0000000000
60996  -16.573  -19.502  50.697 0.0000000000
53031  -4.395  -25.931  61.714 0.0000000000
148798  -32.173  -18.225  35.292 0.0000000000
165170  -31.892  -16.553  36.527 0.0000000000
65594  -31.704  -15.601  37.880 0.0000000000
65593  -31.524  -15.110  37.057 0.0000000000
66745  -31.292  -13.992  37.289 0.0000000000
66731  -31.653  -13.658  38.108 0.0000000000
62315  -34.680  -18.237  40.188 0.0000000000
63457  -34.475  -17.258  40.232 0.0000000000
64485  -34.332  -16.472  40.608 0.0000000000
159376  -33.907  -16.072  40.303 0.0000000000
66702  -33.579  -13.857  41.415 0.0000000000
66712  -33.131  -14.202  40.632 0.0000000000
65557  -33.551  -15.310  40.424 0.0000000000
67841  -33.043  -13.443  40.150 0.0000000000
142889  -33.772  -12.277  39.107 0.0000000000
69029  -32.927  -12.493  39.032 0.0000000000
69048  -33.424  -12.311  38.172 0.0000000000
69061  -32.565  -12.455  37.509 0.0000000000
142211  -34.417  -12.495  36.800 0.0000000000
69077  -34.777  -12.430  36.282 0.0000000000
69063  -35.188  -12.544  36.892 0.0000000000
69080  -37.239  -12.443  36.731 0.0000000000
69079  -36.503  -12.478  36.583 0.0000000000
70401  -37.244  -11.510  35.401 0.0000000000
70402  -37.892  -11.267  35.885 0.0000000000
69052  -39.327  -12.068  38.819 0.0000000000
156745  -38.748  -12.442  38.491 0.0000000000
69067  -39.082  -12.043  38.060 0.0000000000
160575  -39.003  -9.697  35.928 0.0000000000
63419  -24.586  -17.537  42.989 0.0000000000
62264  -23.944  -18.060  43.331 0.0000000000
63435  -24.883  -17.597  42.213 0.0000000000
63393  -29.998  -16.733  45.146 0.0000000000
141500  -29.530  -16.786  44.532 0.0000000000
162663  -29.617  -17.804  42.412 0.0000000000
63424  -29.561  -17.299  42.966 0.0000000000
61142  -29.937  -20.385  40.489 0.0000000000
61020  -23.299  -18.613  49.758 0.0000000000
63352  -25.278  -17.301  48.350 0.0000000000
62204  -24.673  -17.801  48.971 0.0000000000
62213  -24.568  -17.675  48.105 0.0000000000
61044  -22.900  -18.913  47.787 0.0000000000
149378  -22.277  -19.088  47.007 0.0000000000
59896  -21.745  -19.431  47.163 0.0000000000
164491  -50.829  3.487  13.363 0.0000000000
86809  -50.350  3.457  12.729 0.0000000000
86810  -51.157  3.837  12.690 0.0000000000
86812  -52.619  4.398  12.799 0.0000000000
86811  -51.880  4.314  12.263 0.0000000000
86817  -51.977  4.261  11.228 0.0000000000
87849  -52.672  4.654  10.892 0.0000000000
87829  -54.822  4.267  14.198 0.0000000000
168606  -55.181  4.761  13.829 0.0000000000
88873  -54.616  5.373  11.873 0.0000000000
145543  -53.836  5.130  11.944 0.0000000000
87846  -54.001  5.351  11.155 0.0000000000
87850  -53.412  5.021  10.576 0.0000000000
87855  -53.728  4.683  9.773 0.0000000000
87857  -55.490  5.228  9.300 0.0000000000
86836  -55.153  4.113  8.008 0.0000000000
87867  -55.731  4.878  8.575 0.0000000000
87868  -56.562  5.111  8.462 0.0000000000
87858  -56.378  5.346  9.167 0.0000000000
88881  -58.466  6.084  10.781 0.0000000000
88891  -58.045  5.782  10.255 0.0000000000
88882  -59.323  6.167  10.771 0.0000000000
89955  -59.938  6.404  11.483 0.0000000000
153092  -8.969  -25.857  56.147 0.0000000000
53107  -8.985  -26.706  55.372 0.0000000000
69136  -34.221  -12.604  32.505 0.0000000000
69122  -33.352  -12.751  33.188 0.0000000000
75873  -39.490  -6.736  21.169 0.0000000000
77002  -39.758  -5.843  20.868 0.0000000000
77003  -40.168  -5.198  21.459 0.0000000000
168303  -37.885  -5.474  26.879 0.0000000000
75812  -37.322  -5.837  25.777 0.0000000000
76947  -38.022  -5.641  26.174 0.0000000000
75825  -40.062  -6.570  25.190 0.0000000000
75824  -39.066  -6.242  25.102 0.0000000000
75839  -39.683  -6.807  24.503 0.0000000000
74762  -43.910  -7.100  25.992 0.0000000000
74761  -43.212  -7.079  25.859 0.0000000000
74772  -43.448  -7.427  25.228 0.0000000000
74797  -42.723  -7.689  23.932 0.0000000000
148715  -42.141  -7.677  24.359 0.0000000000
74796  -41.736  -7.614  23.902 0.0000000000
142344  -40.833  -7.495  24.042 0.0000000000
75847  -41.001  -7.022  23.338 0.0000000000
76987  -43.180  -5.676  22.445 0.0000000000
76986  -42.188  -5.658  22.315 0.0000000000
78173  -41.642  -4.943  21.822 0.0000000000
78187  -41.137  -4.376  21.481 0.0000000000
168313  -42.506  -3.738  21.148 0.0000000000
77005  -45.473  -5.305  21.952 0.0000000000
78190  -45.148  -4.574  21.620 0.0000000000
78191  -45.968  -4.712  21.659 0.0000000000
79291  -46.357  -4.185  21.384 0.0000000000
54246  -10.942  -23.735  56.442 0.0000000000
142857  -10.351  -23.803  57.140 0.0000000000
54265  -11.139  -25.152  54.278 0.0000000000
54264  -10.584  -25.729  54.458 0.0000000000
51828  -8.340  -26.551  57.294 0.0000000000
51827  -7.904  -27.177  57.549 0.0000000000
51815  -7.749  -26.910  58.391 0.0000000000
51803  -7.124  -27.346  59.742 0.0000000000
50632  -5.990  -28.498  60.318 0.0000000000
51790  -6.309  -27.741  60.868 0.0000000000
50620  -4.551  -28.245  61.232 0.0000000000
49664  -3.683  -29.808  60.133 0.0000000000
154318  -8.610  -25.462  59.413 0.0000000000
61163  -33.977  -19.369  38.364 0.0000000000
156567  -33.964  -18.794  38.891 0.0000000000
142015  -26.657  -16.542  44.744 0.0000000000
63391  -27.281  -16.596  45.419 0.0000000000
60020  -32.352  -21.080  37.957 0.0000000000
64417  -29.398  -16.205  48.805 0.0000000000
64419  -27.644  -16.629  47.414 0.0000000000
84661  -47.401  1.499  13.466 0.0000000000
66766  -31.190  -14.128  34.961 0.0000000000
74753  -34.651  -7.702  27.903 0.0000000000
73769  -34.415  -8.389  27.625 0.0000000000
73780  -34.449  -8.599  26.757 0.0000000000
58766  -15.218  -20.823  51.640 0.0000000000
57664  -14.408  -21.069  53.182 0.0000000000
56553  -13.292  -23.670  52.338 0.0000000000
59982  -34.475  -20.524  41.614 0.0000000000
59983  -34.995  -20.174  42.123 0.0000000000
59968  -35.554  -19.588  43.247 0.0000000000
147558  -36.570  -18.556  44.179 0.0000000000
62214  -31.479  -17.188  47.133 0.0000000000
61059  -32.503  -18.377  46.239 0.0000000000
59914  -33.560  -19.456  45.328 0.0000000000
59930  -34.018  -19.861  44.725 0.0000000000
58850  -33.632  -20.037  43.840 0.0000000000
159335  -34.122  -20.774  42.084 0.0000000000
79308  -45.424  -3.203  20.846 0.0000000000
80418  -45.035  -2.414  20.262 0.0000000000
80419  -46.049  -2.684  20.334 0.0000000000
80437  -45.786  -1.997  19.760 0.0000000000
81510  -46.429  -1.508  19.171 0.0000000000
81536  -50.039  -1.224  18.222 0.0000000000
82543  -48.774  -0.975  18.271 0.0000000000
82555  -49.554  -0.738  17.902 0.0000000000
83609  -49.376  0.028  17.347 0.0000000000
83619  -48.553  0.916  16.647 0.0000000000
83620  -49.252  0.695  16.778 0.0000000000
84640  -49.950  1.214  16.407 0.0000000000
84651  -50.257  1.814  15.765 0.0000000000
85658  -50.474  2.430  15.160 0.0000000000
147426  -51.107  1.409  16.006 0.0000000000
150053  -51.835  1.259  16.163 0.0000000000
70416  -36.747  -11.523  34.725 0.0000000000
70433  -36.595  -11.348  33.933 0.0000000000
70434  -36.985  -10.888  33.980 0.0000000000
71598  -36.630  -10.682  33.476 0.0000000000
72654  -36.670  -9.781  33.154 0.0000000000
165473  -39.121  -6.853  32.956 0.0000000000
74717  -37.995  -7.611  32.685 0.0000000000
74718  -38.671  -6.958  32.604 0.0000000000
74723  -38.187  -6.853  32.124 0.0000000000
74727  -37.121  -7.101  31.179 0.0000000000
75773  -37.481  -6.416  30.734 0.0000000000
75782  -37.880  -5.866  30.020 0.0000000000
76897  -38.652  -5.532  29.370 0.0000000000
164958  -40.333  -5.415  30.064 0.0000000000
149034  -41.076  -5.274  30.068 0.0000000000
60984  -22.017  -18.556  51.338 0.0000000000
61001  -21.498  -18.605  50.684 0.0000000000
61000  -20.808  -18.699  50.196 0.0000000000
60999  -19.970  -18.734  50.083 0.0000000000
149509  -18.087  -20.368  48.046 0.0000000000
59854  -16.328  -20.127  49.728 0.0000000000
88914  -57.917  5.526  8.915 0.0000000000
87870  -58.118  5.396  8.162 0.0000000000
88915  -58.804  5.514  8.707 0.0000000000
154309  -58.784  5.451  7.897 0.0000000000
88929  -59.599  5.446  7.961 0.0000000000
63450  -35.215  -17.386  41.662 0.0000000000
151307  -35.080  -16.629  41.872 0.0000000000
67824  -34.685  -13.245  42.621 0.0000000000
152805  -35.246  -12.610  42.136 0.0000000000
163639  -34.376  -12.593  41.145 0.0000000000
69007  -33.932  -12.589  40.637 0.0000000000
69031  -34.229  -12.317  39.851 0.0000000000
155804  -34.563  -12.315  39.130 0.0000000000
69049  -34.454  -12.350  38.353 0.0000000000
140524  -35.345  -12.644  37.653 0.0000000000
161014  -36.287  -12.758  37.917 0.0000000000
69064  -36.795  -12.817  37.238 0.0000000000
69065  -37.520  -12.714  37.438 0.0000000000
70372  -40.122  -10.765  38.118 0.0000000000
63436  -25.651  -17.192  42.358 0.0000000000
147531  -30.344  -17.540  43.546 0.0000000000
167841  -29.995  -17.369  43.265 0.0000000000
61124  -29.655  -19.018  41.427 0.0000000000
62195  -24.211  -18.266  49.547 0.0000000000
62229  -24.482  -17.598  47.340 0.0000000000
152738  -22.626  -18.666  45.958 0.0000000000
61057  -22.222  -19.010  46.167 0.0000000000
61069  -22.286  -19.241  45.283 0.0000000000
86797  -52.243  3.506  14.087 0.0000000000
169266  -53.112  4.406  13.108 0.0000000000
87836  -55.240  5.151  13.198 0.0000000000
88874  -55.358  5.465  12.364 0.0000000000
88888  -54.887  5.565  10.874 0.0000000000
88889  -55.850  5.611  10.594 0.0000000000
88890  -56.763  5.676  10.308 0.0000000000
88877  -58.159  6.280  11.629 0.0000000000
89945  -58.861  6.538  12.360 0.0000000000
53122  -9.560  -26.757  54.853 0.0000000000
69150  -34.303  -12.635  31.757 0.0000000000
152054  -34.463  -12.075  31.423 0.0000000000
69162  -33.946  -12.430  30.474 0.0000000000
74828  -38.746  -7.884  20.815 0.0000000000
74822  -39.100  -7.340  21.442 0.0000000000
165067  -40.123  -5.512  27.109 0.0000000000
152557  -39.253  -5.618  26.348 0.0000000000
76941  -40.653  -5.793  26.624 0.0000000000
75813  -40.396  -6.155  25.890 0.0000000000
75828  -44.824  -6.976  25.408 0.0000000000
74787  -44.131  -7.331  24.291 0.0000000000
74798  -43.625  -7.397  23.817 0.0000000000
75849  -43.175  -7.100  23.370 0.0000000000
78175  -43.676  -4.970  22.052 0.0000000000
77006  -46.347  -5.382  22.101 0.0000000000
56529  -13.402  -21.950  54.873 0.0000000000
56496  -12.821  -22.272  56.106 0.0000000000
55323  -11.084  -24.229  55.742 0.0000000000
49672  -5.824  -29.850  59.246 0.0000000000
58811  -35.468  -20.019  46.235 0.0000000000
79311  -48.495  -3.173  20.227 0.0000000000
79328  -49.153  -3.098  20.050 0.0000000000
80440  -49.412  -2.566  19.516 0.0000000000
80450  -49.745  -2.046  18.991 0.0000000000
81538  -51.253  -0.951  17.728 0.0000000000
82557  -51.751  -0.452  17.328 0.0000000000
72652  -38.845  -8.590  34.978 0.0000000000
72651  -38.205  -9.064  34.548 0.0000000000
73722  -39.244  -7.983  34.602 0.0000000000
160098  -39.249  -7.436  34.004 0.0000000000
74714  -39.303  -6.961  33.437 0.0000000000
75741  -39.687  -6.423  33.106 0.0000000000
76869  -40.654  -5.304  31.674 0.0000000000
159451  -21.407  -19.394  48.277 0.0000000000
59870  -20.658  -19.561  48.090 0.0000000000
59882  -19.415  -20.306  47.188 0.0000000000
152722  -33.101  -17.864  38.199 0.0000000000
64494  -33.270  -16.863  39.305 0.0000000000
67857  -37.762  -12.647  39.204 0.0000000000
62253  -24.363  -17.432  44.836 0.0000000000
62252  -23.765  -17.944  44.306 0.0000000000
63420  -25.282  -17.069  43.377 0.0000000000
63437  -26.654  -16.948  42.190 0.0000000000
63448  -26.952  -17.284  41.318 0.0000000000
144329  -27.839  -17.463  41.279 0.0000000000
59963  -30.773  -20.065  41.647 0.0000000000
59979  -30.650  -20.651  41.024 0.0000000000
63345  -26.104  -16.880  49.564 0.0000000000
63353  -26.022  -16.857  48.624 0.0000000000
63372  -24.797  -17.164  46.649 0.0000000000
62242  -24.466  -17.335  45.777 0.0000000000
82574  -44.768  -0.002  15.652 0.0000000000
86793  -55.002  3.237  15.151 0.0000000000
86799  -54.426  3.578  14.605 0.0000000000
144304  -55.636  3.420  15.445 0.0000000000
86801  -55.925  4.167  15.151 0.0000000000
88864  -58.424  6.025  14.328 0.0000000000
71640  -33.925  -10.842  29.961 0.0000000000
146957  -38.465  -7.064  23.137 0.0000000000
75792  -43.996  -6.111  28.065 0.0000000000
75806  -42.961  -6.333  27.066 0.0000000000
158983  -44.503  -6.354  27.514 0.0000000000
75808  -44.951  -6.550  27.010 0.0000000000
75818  -44.733  -6.892  26.135 0.0000000000
146465  -45.365  -6.532  25.647 0.0000000000
75830  -45.889  -6.119  25.014 0.0000000000
75841  -46.488  -5.909  24.371 0.0000000000
159732  -46.309  -6.095  23.761 0.0000000000
58759  -15.678  -20.138  53.436 0.0000000000
57655  -13.957  -21.497  54.485 0.0000000000
56528  -12.958  -22.841  54.501 0.0000000000
48631  -5.160  -30.419  59.732 0.0000000000
60009  -34.273  -20.178  39.364 0.0000000000
160503  -35.046  -18.748  40.936 0.0000000000
61127  -35.082  -19.659  41.447 0.0000000000
62277  -35.454  -18.810  41.840 0.0000000000
62297  -35.292  -18.119  41.484 0.0000000000
159625  -36.961  -18.395  44.661 0.0000000000
63376  -29.517  -16.669  45.985 0.0000000000
61106  -31.530  -19.095  42.985 0.0000000000
61071  -32.325  -18.517  45.367 0.0000000000
59913  -32.853  -19.087  45.009 0.0000000000
61081  -32.215  -18.707  44.528 0.0000000000
151994  -32.217  -21.043  41.246 0.0000000000
63347  -30.197  -16.121  49.127 0.0000000000
63355  -30.162  -16.323  48.204 0.0000000000
79305  -41.374  -3.314  20.311 0.0000000000
79326  -40.921  -3.455  19.632 0.0000000000
165777  -42.061  -2.504  19.746 0.0000000000
80436  -44.294  -1.989  19.741 0.0000000000
81507  -43.609  -1.605  19.134 0.0000000000
81520  -43.366  -1.289  18.260 0.0000000000
148115  -47.855  -2.412  19.688 0.0000000000
81511  -47.445  -1.897  19.370 0.0000000000
81523  -47.306  -1.196  18.711 0.0000000000
82542  -48.011  -0.748  18.286 0.0000000000
81522  -46.546  -0.890  18.587 0.0000000000
82540  -46.114  -0.406  18.143 0.0000000000
82551  -45.592  -0.017  17.490 0.0000000000
82565  -45.113  0.165  16.659 0.0000000000
83616  -45.600  0.546  16.026 0.0000000000
83629  -46.060  0.856  15.236 0.0000000000
84647  -46.802  1.245  14.810 0.0000000000
84639  -48.154  1.353  16.222 0.0000000000
84648  -47.602  1.529  15.458 0.0000000000
84657  -47.426  1.624  14.438 0.0000000000
84658  -48.028  2.069  14.058 0.0000000000
84662  -48.072  1.806  13.052 0.0000000000
85679  -48.646  2.200  12.635 0.0000000000
85680  -49.196  2.614  12.299 0.0000000000
85676  -50.230  3.205  13.533 0.0000000000
85677  -50.906  3.184  14.066 0.0000000000
144751  -51.032  2.707  14.794 0.0000000000
85669  -51.654  3.081  14.454 0.0000000000
82568  -52.331  0.031  16.943 0.0000000000
166611  -53.888  1.772  15.725 0.0000000000
84653  -54.497  2.100  15.689 0.0000000000
85663  -55.249  2.604  15.676 0.0000000000
141431  -33.938  -12.327  35.103 0.0000000000
160955  -32.693  -12.620  34.328 0.0000000000
69123  -34.454  -12.239  33.549 0.0000000000
69137  -35.106  -11.954  33.066 0.0000000000
70432  -35.890  -11.576  33.535 0.0000000000
70449  -35.404  -11.521  32.822 0.0000000000
70462  -35.059  -11.445  32.058 0.0000000000
72669  -34.829  -10.232  31.351 0.0000000000
72656  -37.868  -8.756  33.776 0.0000000000
72655  -37.249  -9.257  33.454 0.0000000000
72661  -36.875  -8.887  32.792 0.0000000000
72660  -36.107  -9.372  32.441 0.0000000000
72681  -34.692  -9.593  30.937 0.0000000000
72697  -34.790  -8.897  30.378 0.0000000000
73744  -35.135  -8.185  29.931 0.0000000000
73756  -34.892  -7.956  29.175 0.0000000000
74731  -36.131  -7.113  30.035 0.0000000000
144552  -35.479  -7.520  29.546 0.0000000000
74738  -35.088  -7.380  28.602 0.0000000000
75789  -35.602  -6.720  28.249 0.0000000000
75803  -35.631  -6.485  27.323 0.0000000000
75804  -36.482  -5.872  27.095 0.0000000000
76927  -37.366  -5.540  27.383 0.0000000000
76928  -38.312  -5.402  27.539 0.0000000000
76909  -38.446  -5.452  28.481 0.0000000000
163614  -39.047  -5.346  27.967 0.0000000000
76929  -39.893  -5.387  27.914 0.0000000000
168977  -40.490  -5.437  28.165 0.0000000000
76932  -42.585  -5.876  27.716 0.0000000000
76885  -41.370  -5.050  30.847 0.0000000000
143454  -41.975  -5.172  30.096 0.0000000000
143556  -43.210  -5.050  30.965 0.0000000000
143434  -42.890  -5.266  30.173 0.0000000000
76900  -42.558  -5.424  29.325 0.0000000000
76914  -43.201  -5.696  28.507 0.0000000000
75793  -44.910  -5.943  28.340 0.0000000000
61029  -20.157  -19.371  48.699 0.0000000000
61016  -19.579  -19.213  49.300 0.0000000000
145273  -18.918  -19.031  50.007 0.0000000000
165490  -18.649  -18.760  50.829 0.0000000000
58767  -15.674  -20.335  51.552 0.0000000000
59843  -15.899  -20.251  50.704 0.0000000000
88904  -61.059  5.916  9.611 0.0000000000
88917  -60.610  5.595  8.873 0.0000000000
65614  -31.680  -15.835  36.353 0.0000000000
65613  -31.513  -15.095  36.185 0.0000000000
67892  -31.325  -13.297  36.394 0.0000000000
69060  -32.006  -12.589  36.657 0.0000000000
146435  -34.328  -17.868  39.650 0.0000000000
65548  -34.330  -15.384  41.681 0.0000000000
66703  -34.035  -14.425  42.009 0.0000000000
65558  -34.068  -15.722  40.935 0.0000000000
65569  -33.380  -15.934  39.741 0.0000000000
65568  -32.695  -15.458  39.388 0.0000000000
66722  -32.348  -14.653  39.399 0.0000000000
66732  -31.773  -14.205  38.863 0.0000000000
67854  -32.664  -13.188  39.580 0.0000000000
155656  -32.103  -13.145  38.858 0.0000000000
67883  -32.046  -12.882  38.074 0.0000000000
69075  -32.900  -12.302  36.600 0.0000000000
69091  -33.167  -12.352  35.738 0.0000000000
141432  -34.178  -12.406  35.799 0.0000000000
69092  -34.966  -12.234  35.520 0.0000000000
158371  -35.768  -12.069  35.557 0.0000000000
69093  -36.328  -12.057  35.876 0.0000000000
69109  -36.274  -11.824  35.096 0.0000000000
71588  -37.620  -10.884  35.142 0.0000000000
67858  -38.194  -12.721  38.647 0.0000000000
69066  -38.293  -12.529  37.827 0.0000000000
70371  -39.425  -11.317  37.658 0.0000000000
70385  -38.870  -11.016  37.003 0.0000000000
70384  -38.201  -11.533  36.624 0.0000000000
71583  -38.446  -10.871  36.387 0.0000000000
72645  -38.575  -9.417  35.329 0.0000000000
63409  -28.667  -16.718  44.368 0.0000000000
63423  -28.823  -16.855  43.319 0.0000000000
63449  -27.952  -18.134  40.638 0.0000000000
157668  -30.270  -19.410  41.794 0.0000000000
62296  -28.794  -18.637  40.815 0.0000000000
62314  -28.164  -18.748  40.212 0.0000000000
160637  -22.795  -18.586  51.113 0.0000000000
61002  -23.007  -18.608  50.330 0.0000000000
163397  -21.945  -19.111  48.795 0.0000000000
62212  -24.017  -18.084  47.728 0.0000000000
62194  -23.678  -18.538  49.222 0.0000000000
61032  -23.123  -18.822  48.854 0.0000000000
61031  -22.487  -19.079  48.470 0.0000000000
61042  -21.872  -19.374  48.021 0.0000000000
59895  -21.133  -19.924  46.316 0.0000000000
85681  -49.795  3.079  12.033 0.0000000000
85685  -50.018  2.842  11.154 0.0000000000
86819  -50.713  3.244  10.831 0.0000000000
86816  -51.242  3.877  11.541 0.0000000000
86825  -52.569  3.525  9.505 0.0000000000
164880  -54.191  4.154  13.969 0.0000000000
87834  -53.670  4.400  13.373 0.0000000000
87840  -53.302  4.734  12.486 0.0000000000
86826  -53.282  3.907  9.303 0.0000000000
86834  -53.562  3.422  8.639 0.0000000000
86835  -54.344  3.728  8.313 0.0000000000
87856  -54.579  5.008  9.504 0.0000000000
88899  -56.973  5.552  9.644 0.0000000000
88900  -57.674  5.569  9.493 0.0000000000
88901  -58.365  5.599  9.430 0.0000000000
88883  -60.198  6.296  10.864 0.0000000000
53093  -8.774  -25.845  57.118 0.0000000000
149299  -8.911  -27.430  55.502 0.0000000000
51837  -8.589  -27.862  55.856 0.0000000000
141927  -32.445  -12.810  33.804 0.0000000000
67909  -32.144  -13.265  33.024 0.0000000000
168387  -40.359  -4.443  20.310 0.0000000000
75811  -36.615  -5.911  26.199 0.0000000000
75822  -36.586  -6.239  25.440 0.0000000000
149760  -37.479  -6.146  24.980 0.0000000000
76948  -38.801  -5.722  25.870 0.0000000000
141992  -38.258  -6.212  24.765 0.0000000000
74793  -38.496  -6.801  23.714 0.0000000000
74794  -39.356  -6.995  23.327 0.0000000000
75816  -42.585  -6.670  26.212 0.0000000000
75827  -41.791  -6.907  25.593 0.0000000000
74770  -41.344  -7.308  24.990 0.0000000000
74785  -42.731  -7.652  24.677 0.0000000000
141569  -42.014  -7.486  24.898 0.0000000000
74783  -40.636  -7.205  24.643 0.0000000000
140740  -40.042  -7.194  24.045 0.0000000000
74811  -39.935  -6.818  23.064 0.0000000000
75863  -40.316  -6.491  22.634 0.0000000000
75864  -41.701  -6.335  22.840 0.0000000000
76984  -40.550  -5.710  22.114 0.0000000000
78186  -40.560  -4.444  21.068 0.0000000000
79287  -41.224  -3.865  20.967 0.0000000000
152263  -41.986  -3.439  20.882 0.0000000000
155738  -42.918  -3.295  20.871 0.0000000000
79288  -43.883  -3.538  21.216 0.0000000000
144544  -44.225  -4.336  21.654 0.0000000000
79289  -44.819  -3.729  21.312 0.0000000000
79310  -47.325  -3.536  20.725 0.0000000000
76967  -46.589  -5.959  23.197 0.0000000000
54238  -10.466  -23.406  58.091 0.0000000000
54237  -9.942  -24.008  57.866 0.0000000000
156885  -9.538  -24.568  57.703 0.0000000000
54254  -10.101  -25.388  55.243 0.0000000000
54278  -11.586  -25.337  53.541 0.0000000000
51805  -8.154  -26.109  58.909 0.0000000000
51792  -7.548  -26.562  60.123 0.0000000000
51779  -6.829  -27.072  61.307 0.0000000000
141738  -7.050  -29.728  57.741 0.0000000000
50643  -6.634  -28.187  59.512 0.0000000000
51766  -5.148  -27.263  61.923 0.0000000000
51776  -4.816  -27.809  61.561 0.0000000000
152853  -4.535  -26.928  61.679 0.0000000000
53030  -4.072  -26.202  61.071 0.0000000000
48626  -4.364  -30.218  60.379 0.0000000000
58810  -34.885  -19.927  45.916 0.0000000000
58869  -34.732  -20.478  43.316 0.0000000000
59946  -35.581  -20.283  44.063 0.0000000000
61003  -23.552  -18.520  50.493 0.0000000000
61094  -36.402  -19.424  44.292 0.0000000000
62256  -37.136  -17.876  44.920 0.0000000000
62266  -36.103  -18.363  43.561 0.0000000000
65630  -31.367  -14.600  35.548 0.0000000000
66711  -32.627  -14.031  39.907 0.0000000000
67832  -33.920  -13.094  41.328 0.0000000000
67843  -37.312  -12.453  39.809 0.0000000000
67872  -36.855  -12.736  38.429 0.0000000000
67873  -37.465  -12.786  38.544 0.0000000000
68986  -34.527  -12.855  41.779 0.0000000000
69051  -37.742  -12.842  38.050 0.0000000000
69062  -33.557  -12.356  37.168 0.0000000000
69074  -31.690  -12.702  35.799 0.0000000000
69081  -37.920  -12.218  36.995 0.0000000000
69094  -36.964  -12.020  36.045 0.0000000000
74774  -44.552  -7.165  24.827 0.0000000000
75766  -38.590  -6.375  31.568 0.0000000000
75807  -43.740  -6.416  27.276 0.0000000000
75814  -41.178  -6.307  26.086 0.0000000000
75840  -45.751  -6.337  24.232 0.0000000000
76939  -38.610  -5.514  26.640 0.0000000000
76940  -39.901  -5.689  26.455 0.0000000000
76985  -41.264  -5.601  22.256 0.0000000000
80434  -42.094  -2.265  19.120 0.0000000000
80439  -47.335  -2.474  19.869 0.0000000000
83607  -47.668  0.372  17.305 0.0000000000
84638  -47.371  1.174  16.216 0.0000000000
87841  -54.099  4.939  12.658 0.0000000000
88869  -56.535  5.679  13.419 0.0000000000
88870  -57.141  6.102  12.992 0.0000000000
88875  -56.164  5.766  12.078 0.0000000000
88892  -58.712  5.798  10.081 0.0000000000
88894  -60.575  6.157  10.245 0.0000000000
89946  -59.749  6.504  12.177 0.0000000000
89956  -60.782  6.495  11.603 0.0000000000
141596  -38.793  -12.362  39.134 0.0000000000
143399  -44.231  -6.691  26.734 0.0000000000
143619  -48.912  -3.590  20.608 0.0000000000
144193  -32.917  -12.476  34.867 0.0000000000
145110  -45.666  -5.739  22.375 0.0000000000
146062  -57.514  5.655  10.014 0.0000000000
149240  -49.115  2.728  13.030 0.0000000000
152009  -43.954  -7.427  24.849 0.0000000000
153879  -31.193  -13.806  35.595 0.0000000000
156518  -41.011  -3.136  19.048 0.0000000000
159316  -44.588  -5.369  30.408 0.0000000000
161965  -42.611  -2.358  19.794 0.0000000000
163080  -32.340  -12.418  36.042 0.0000000000
164440  -34.791  -20.510  43.771 0.0000000000
164645  -35.378  -20.081  43.557 0.0000000000
165898  -47.201  0.863  16.588 0.0000000000
166780  -49.680  1.595  16.044 0.0000000000
167705  -38.928  -6.970  23.534 0.0000000000
