#!ascii label  , from subject sub-v2s12x28861_ses-1 vox2ras=TkReg
801
20176  33.416  -58.318  -24.630 0.6000000238
19102  25.289  -59.943  -20.784 0.6999999881
167936  26.777  -60.239  -21.695 0.6999999881
18221  29.145  -60.466  -24.816 0.8999999762
18211  29.945  -60.493  -24.268 0.8000000119
18210  30.651  -60.353  -24.580 0.8000000119
20177  32.780  -58.639  -24.257 0.6000000238
22066  33.376  -56.512  -24.151 0.6999999881
19101  26.243  -59.973  -20.332 0.6999999881
150833  24.712  -59.905  -20.038 0.6999999881
144799  27.077  -60.151  -20.833 0.6999999881
145690  28.107  -60.161  -20.873 0.6000000238
18167  28.452  -60.326  -21.683 0.6999999881
19153  27.229  -60.373  -23.032 0.6999999881
18184  28.731  -60.500  -22.509 0.8000000119
18182  30.422  -60.124  -22.894 0.8000000119
18197  29.878  -60.468  -23.448 0.8000000119
18195  31.304  -60.060  -24.142 0.8000000119
19150  32.198  -58.928  -23.772 0.6000000238
22067  32.329  -56.289  -24.090 0.6000000238
22967  33.163  -55.385  -24.277 0.6999999881
22966  34.002  -54.994  -24.445 0.6999999881
19083  26.471  -59.744  -19.453 0.5000000000
19085  24.464  -59.787  -19.145 0.6000000238
19082  27.333  -59.670  -19.339 0.4000000060
149658  26.976  -59.989  -19.992 0.6000000238
19099  28.701  -59.747  -20.211 0.5000000000
19117  29.021  -59.989  -21.030 0.6000000238
18166  29.341  -60.197  -21.826 0.8000000119
19135  30.123  -59.902  -22.064 0.6999999881
19134  30.795  -59.476  -22.416 0.6999999881
21113  31.517  -57.648  -23.191 0.6999999881
21125  31.900  -57.096  -23.784 0.5000000000
149759  32.140  -55.394  -24.443 0.6000000238
24039  32.514  -54.581  -24.717 0.6000000238
24038  33.424  -54.414  -24.625 0.6000000238
25117  34.432  -53.570  -25.329 0.5000000000
20085  26.497  -58.435  -17.683 0.5000000000
19068  25.159  -59.476  -18.635 0.6000000238
19069  23.723  -59.619  -18.614 0.6000000238
19067  25.975  -59.484  -18.734 0.5000000000
19098  29.535  -59.452  -20.502 0.5000000000
19097  30.128  -59.196  -20.836 0.6000000238
20142  30.771  -58.503  -21.500 0.6000000238
150411  31.160  -57.638  -22.607 0.6000000238
22053  31.167  -56.685  -23.576 0.5000000000
164765  31.495  -56.391  -23.959 0.5000000000
24040  31.388  -54.988  -24.986 0.6000000238
24052  31.964  -54.196  -25.398 0.6000000238
25109  32.906  -53.849  -25.054 0.5000000000
25118  33.407  -53.506  -25.554 0.5000000000
25129  34.527  -53.241  -26.953 0.5000000000
145267  34.032  -53.201  -26.155 0.5000000000
20086  25.716  -58.648  -17.808 0.5000000000
20106  23.962  -59.054  -18.051 0.5000000000
19065  27.642  -59.260  -18.596 0.5000000000
20116  28.942  -58.777  -18.872 0.4000000060
20101  29.210  -57.961  -18.583 0.3000000119
20115  29.632  -58.333  -19.317 0.4000000060
21085  30.271  -57.698  -19.828 0.3000000119
168843  30.154  -56.981  -19.505 0.3000000119
20128  30.061  -58.719  -20.161 0.5000000000
21096  30.749  -57.957  -21.126 0.5000000000
167427  30.494  -56.536  -21.975 0.5000000000
21114  30.901  -56.953  -23.050 0.5000000000
22068  30.784  -56.026  -24.110 0.5000000000
166210  30.400  -55.107  -25.499 0.6000000238
24053  30.927  -54.576  -25.847 0.6000000238
25119  32.400  -53.675  -25.961 0.5000000000
154950  33.644  -53.437  -27.334 0.5000000000
21048  25.878  -57.861  -17.551 0.5000000000
21047  26.678  -57.607  -17.428 0.5000000000
21046  27.481  -57.384  -17.402 0.5000000000
21066  28.715  -57.561  -17.963 0.4000000060
20102  28.542  -58.343  -18.252 0.5000000000
22000  29.337  -57.076  -18.387 0.4000000060
21999  29.854  -56.607  -19.003 0.3000000119
22023  30.327  -56.240  -20.598 0.3000000119
22043  30.131  -55.926  -22.396 0.4000000060
22042  30.454  -56.449  -22.794 0.5000000000
22969  30.102  -55.668  -24.373 0.4000000060
25120  31.300  -54.126  -26.594 0.5000000000
25132  30.671  -53.954  -27.595 0.5000000000
25131  31.799  -53.849  -27.772 0.5000000000
25141  34.950  -53.317  -27.995 0.5000000000
25154  33.439  -53.459  -28.992 0.4000000060
25143  32.865  -53.592  -28.412 0.5000000000
145189  25.259  -57.266  -17.556 0.5000000000
21991  26.900  -56.697  -17.173 0.5000000000
21990  27.827  -56.623  -17.263 0.5000000000
21989  28.711  -56.626  -17.697 0.4000000060
158055  29.463  -56.088  -18.328 0.4000000060
23972  29.882  -54.833  -19.475 0.3000000119
22919  30.069  -55.496  -20.091 0.3000000119
154147  29.833  -55.166  -22.020 0.4000000060
24009  29.659  -54.709  -23.033 0.4000000060
24024  29.492  -54.814  -24.119 0.4000000060
22942  29.869  -55.486  -22.862 0.4000000060
22954  29.853  -55.543  -23.716 0.4000000060
24041  29.323  -54.810  -25.038 0.5000000000
24065  28.974  -54.285  -26.640 0.5000000000
24054  29.830  -54.756  -26.206 0.6000000238
25145  31.261  -53.534  -28.064 0.4000000060
25144  32.080  -53.366  -28.438 0.5000000000
22889  26.615  -55.859  -17.048 0.4000000060
22887  28.719  -55.103  -17.397 0.4000000060
22888  27.445  -55.878  -17.015 0.4000000060
22894  29.371  -55.246  -17.972 0.4000000060
23956  29.685  -54.628  -18.522 0.4000000060
150684  29.864  -54.693  -20.487 0.4000000060
23985  29.772  -53.836  -20.923 0.4000000060
23999  29.785  -54.620  -21.297 0.4000000060
25086  29.595  -53.735  -22.897 0.4000000060
147269  29.453  -54.100  -23.652 0.4000000060
24042  28.735  -54.233  -25.703 0.5000000000
25121  28.454  -53.656  -26.318 0.5000000000
25134  28.645  -53.767  -26.865 0.6000000238
25133  29.776  -53.407  -27.356 0.5000000000
26203  30.246  -52.962  -27.477 0.4000000060
25146  30.649  -53.420  -27.847 0.4000000060
23947  26.795  -54.405  -16.813 0.4000000060
165285  28.548  -54.149  -17.163 0.4000000060
171347  27.399  -54.678  -16.788 0.4000000060
23945  29.246  -54.479  -17.736 0.4000000060
145203  29.834  -54.118  -20.021 0.4000000060
173043  29.594  -53.467  -22.321 0.4000000060
25110  29.120  -53.978  -24.638 0.4000000060
25111  28.583  -53.381  -25.565 0.5000000000
152044  28.658  -52.565  -26.792 0.4000000060
156310  29.200  -52.634  -27.084 0.6000000238
25019  28.057  -53.338  -16.866 0.4000000060
25018  28.814  -53.216  -17.349 0.4000000060
25017  29.458  -53.145  -17.866 0.4000000060
148047  29.754  -53.173  -18.804 0.4000000060
25061  29.826  -53.267  -19.949 0.4000000060
161806  29.805  -52.976  -20.864 0.4000000060
26149  29.816  -52.289  -21.290 0.5000000000
25076  29.660  -53.117  -21.753 0.4000000060
152882  29.576  -52.977  -22.694 0.3000000119
26183  29.426  -52.242  -23.307 0.3000000119
25095  29.380  -53.187  -23.722 0.4000000060
152547  28.427  -51.663  -25.905 0.4000000060
27299  28.604  -51.738  -26.366 0.4000000060
27298  28.863  -51.807  -26.701 0.5000000000
23932  27.131  -53.514  -16.745 0.4000000060
26092  29.628  -52.402  -18.327 0.4000000060
26115  29.851  -52.434  -19.379 0.4000000060
27233  30.033  -51.629  -20.790 0.3000000119
26169  29.623  -52.224  -22.252 0.3000000119
27275  29.517  -51.419  -22.882 0.3000000119
150651  28.631  -51.690  -25.093 0.3000000119
153015  28.545  -50.873  -26.022 0.4000000060
28388  28.952  -50.415  -26.214 0.4000000060
26080  28.384  -52.480  -17.155 0.3000000119
26079  29.149  -52.429  -17.613 0.3000000119
27192  29.832  -51.678  -18.873 0.3000000119
28321  30.180  -51.021  -19.361 0.3000000119
27215  30.276  -51.013  -20.296 0.3000000119
28340  30.165  -50.910  -21.101 0.3000000119
27251  29.790  -51.381  -21.765 0.4000000060
29393  29.620  -49.636  -22.781 0.4000000060
28361  29.640  -50.553  -22.555 0.3000000119
29403  29.190  -50.023  -23.570 0.3000000119
27282  28.547  -50.827  -25.357 0.3000000119
28389  28.638  -50.071  -25.691 0.4000000060
28400  28.758  -50.227  -25.960 0.4000000060
29425  28.868  -49.534  -25.917 0.4000000060
29384  30.024  -50.020  -21.960 0.4000000060
158771  29.650  -48.944  -22.838 0.4000000060
29394  29.074  -49.093  -23.717 0.3000000119
29415  28.517  -49.370  -25.370 0.4000000060
30377  28.466  -48.651  -25.328 0.4000000060
30386  28.518  -48.169  -25.433 0.4000000060
29426  28.699  -49.236  -25.627 0.4000000060
30385  28.857  -48.509  -25.762 0.4000000060
30355  29.436  -48.322  -23.234 0.4000000060
158426  28.449  -47.964  -24.523 0.5000000000
31318  28.202  -47.892  -25.160 0.4000000060
31319  28.055  -47.294  -25.156 0.4000000060
30384  29.434  -48.271  -25.634 0.3000000119
32259  28.632  -46.743  -25.576 0.3000000119
19165  32.457  -59.312  -24.393 0.6999999881
18198  29.035  -60.587  -23.325 0.8000000119
21112  32.286  -58.030  -23.733 0.6000000238
19152  31.182  -59.694  -23.292 0.6999999881
173660  31.696  -59.156  -23.383 0.6999999881
25108  33.662  -53.793  -24.942 0.6000000238
19081  28.313  -59.439  -19.287 0.4000000060
19080  29.268  -59.164  -19.667 0.4000000060
19115  30.490  -59.223  -21.542 0.6999999881
20155  31.020  -58.765  -22.086 0.6999999881
150512  27.860  -58.696  -18.023 0.5000000000
162360  30.835  -57.135  -22.327 0.5000000000
22022  30.549  -57.254  -20.660 0.4000000060
22978  29.806  -55.134  -25.483 0.6000000238
24063  30.483  -54.360  -26.688 0.5000000000
156339  29.106  -53.806  -27.081 0.6000000238
26195  28.587  -52.441  -25.382 0.4000000060
26081  27.349  -52.553  -16.858 0.4000000060
166640  29.037  -51.376  -24.112 0.3000000119
29404  28.638  -49.630  -24.602 0.3000000119
30365  28.398  -48.709  -24.867 0.3000000119
31325  28.833  -47.711  -25.676 0.3000000119
19258  27.686  -59.528  -29.147 0.6000000238
18262  28.049  -60.118  -29.668 0.6000000238
17318  29.924  -62.201  -30.979 0.6000000238
17293  31.087  -61.221  -30.817 0.6000000238
17280  25.128  -61.268  -29.438 0.5000000000
154488  26.147  -60.061  -29.213 0.6000000238
152318  26.530  -59.342  -27.779 0.6999999881
19241  27.148  -59.355  -28.445 0.6999999881
17279  26.112  -60.917  -29.616 0.6000000238
20238  28.385  -59.298  -29.086 0.6000000238
19257  28.724  -59.526  -29.481 0.6000000238
19256  29.582  -59.357  -29.590 0.6000000238
19275  30.134  -59.589  -30.083 0.6000000238
18282  30.536  -60.335  -30.484 0.6000000238
18281  31.352  -60.282  -30.596 0.6000000238
166479  33.726  -60.221  -30.649 0.6999999881
18252  24.545  -60.292  -28.574 0.6000000238
19210  24.914  -59.424  -26.914 0.6999999881
18265  24.636  -60.821  -29.014 0.5000000000
19228  25.666  -59.388  -27.475 0.6999999881
19260  25.756  -59.764  -28.724 0.6999999881
19226  28.164  -59.515  -27.347 0.6999999881
20223  27.935  -59.295  -28.773 0.6999999881
20237  29.059  -59.173  -29.180 0.5000000000
19273  31.592  -59.420  -30.287 0.6000000238
20245  33.033  -58.991  -30.045 0.6000000238
19271  33.439  -59.523  -30.356 0.6999999881
20244  33.975  -59.085  -30.066 0.6999999881
19269  35.329  -59.737  -30.424 0.6999999881
19254  35.873  -59.432  -30.118 0.6999999881
148965  44.361  -61.220  -31.149 0.4000000060
19249  41.377  -60.410  -29.207 0.5000000000
161167  39.617  -59.990  -29.430 0.6000000238
19252  38.710  -59.649  -29.467 0.6000000238
19253  37.152  -59.433  -29.841 0.6999999881
17256  23.157  -61.860  -26.134 0.5000000000
17255  23.360  -61.110  -26.611 0.5000000000
19191  23.904  -59.886  -25.958 0.6000000238
17261  23.375  -61.184  -27.419 0.5000000000
19189  24.966  -59.392  -26.134 0.6999999881
19212  23.834  -59.953  -26.713 0.5000000000
19245  23.964  -59.990  -27.679 0.6000000238
145314  26.438  -59.570  -26.115 0.6999999881
145523  26.477  -59.388  -27.028 0.6999999881
19208  27.444  -59.618  -26.573 0.6999999881
20221  29.364  -59.125  -28.655 0.6999999881
19274  30.818  -59.190  -30.029 0.6000000238
20233  32.649  -58.750  -29.511 0.6000000238
20232  33.537  -58.754  -29.535 0.6999999881
20230  35.462  -58.996  -29.652 0.6999999881
20229  36.852  -59.043  -29.351 0.6999999881
155046  37.856  -59.540  -29.748 0.6000000238
160920  37.997  -59.208  -29.048 0.6000000238
158572  22.657  -62.319  -23.876 0.5000000000
15289  22.474  -63.279  -24.996 0.4000000060
157566  23.379  -61.066  -24.920 0.5000000000
16289  22.713  -62.486  -24.654 0.5000000000
17248  23.372  -61.079  -25.788 0.5000000000
19157  24.239  -60.060  -24.081 0.6000000238
19170  24.064  -59.936  -25.116 0.6000000238
169606  26.268  -59.915  -24.695 0.6999999881
148941  25.020  -59.464  -25.408 0.6000000238
168342  26.324  -59.771  -25.245 0.6999999881
143728  28.030  -59.934  -25.865 0.6999999881
20206  28.782  -59.302  -28.005 0.6999999881
19240  30.395  -59.041  -28.555 0.6999999881
20235  30.810  -58.893  -29.469 0.6999999881
20219  32.306  -58.787  -28.788 0.6999999881
148076  33.186  -58.680  -28.817 0.6999999881
20217  34.547  -58.631  -28.532 0.8000000119
161733  35.902  -58.615  -28.577 0.6999999881
19238  40.167  -59.596  -28.568 0.5000000000
20213  38.741  -59.094  -28.585 0.6000000238
20215  36.568  -58.688  -28.677 0.6000000238
15266  22.344  -63.301  -23.793 0.4000000060
17215  23.377  -60.897  -23.246 0.6000000238
17235  23.357  -61.022  -24.055 0.6000000238
146984  24.596  -60.000  -23.151 0.6000000238
152804  25.177  -59.874  -23.125 0.6000000238
19154  26.431  -60.218  -23.204 0.6000000238
18213  27.704  -60.378  -24.198 0.6999999881
154917  27.206  -59.857  -25.574 0.6999999881
19207  28.487  -59.821  -26.502 0.6999999881
151784  29.065  -59.672  -27.153 0.6999999881
18231  30.560  -60.182  -26.166 0.8000000119
19206  29.996  -59.885  -26.827 0.8000000119
19223  31.513  -59.514  -27.378 0.6000000238
143636  32.963  -58.991  -27.909 0.6000000238
20202  35.320  -58.490  -27.955 0.8000000119
19220  41.150  -59.236  -27.803 0.5000000000
20212  39.518  -59.003  -28.135 0.6000000238
21148  37.524  -57.942  -27.214 0.6999999881
20197  40.259  -58.909  -27.763 0.6000000238
17202  22.636  -61.524  -21.841 0.5000000000
16245  22.275  -62.157  -21.744 0.4000000060
15230  21.146  -63.683  -21.432 0.4000000060
168149  23.420  -60.756  -22.590 0.5000000000
15241  22.500  -62.544  -23.064 0.5000000000
19140  24.298  -60.155  -22.303 0.6000000238
168639  25.446  -60.018  -22.538 0.6000000238
19136  26.972  -60.297  -22.386 0.6000000238
19167  27.076  -60.288  -23.778 0.6999999881
19187  28.887  -60.213  -25.710 0.8000000119
151165  29.933  -60.427  -25.069 0.8000000119
18218  31.400  -60.127  -25.848 0.6000000238
19203  32.602  -59.590  -26.435 0.6000000238
150291  33.753  -58.798  -27.315 0.6999999881
20191  35.053  -58.220  -27.021 0.6999999881
21138  37.151  -57.324  -26.483 0.6999999881
20198  38.932  -58.483  -27.668 0.6000000238
21137  38.022  -57.201  -26.485 0.6000000238
22082  38.525  -56.138  -26.172 0.6000000238
156502  39.784  -58.353  -27.364 0.6000000238
21136  38.870  -57.119  -26.510 0.6000000238
19104  23.639  -60.319  -20.696 0.5000000000
18170  22.704  -61.104  -21.111 0.5000000000
17189  21.646  -62.118  -20.557 0.5000000000
15217  20.805  -63.220  -20.784 0.5000000000
19103  24.363  -60.040  -20.772 0.5000000000
18169  23.371  -60.591  -21.364 0.5000000000
19118  25.424  -60.012  -21.830 0.6000000238
172361  31.956  -60.006  -25.216 0.6999999881
158732  32.590  -59.652  -25.024 0.6000000238
20187  33.738  -58.690  -25.366 0.6000000238
20186  34.360  -58.260  -25.809 0.6000000238
21139  35.561  -57.729  -26.382 0.6999999881
22074  35.337  -56.734  -25.244 0.6000000238
22084  36.714  -56.708  -25.875 0.6000000238
154405  37.589  -56.465  -26.023 0.6999999881
172422  41.388  -57.871  -27.136 0.5000000000
22081  39.421  -56.391  -26.435 0.4000000060
156323  23.941  -60.037  -19.948 0.5000000000
18142  22.380  -60.685  -19.363 0.5000000000
17177  21.899  -61.214  -19.670 0.5000000000
17179  20.502  -61.428  -19.194 0.5000000000
17180  19.692  -61.209  -19.324 0.5000000000
18154  18.994  -61.059  -20.089 0.5000000000
21124  33.466  -57.449  -24.359 0.6000000238
22075  34.735  -56.558  -24.790 0.6000000238
22976  35.159  -55.890  -24.813 0.4000000060
22072  37.069  -55.818  -25.631 0.5000000000
22973  37.462  -54.971  -25.656 0.4000000060
22985  39.259  -55.446  -26.373 0.4000000060
22083  37.833  -55.659  -25.868 0.5000000000
19086  23.598  -60.019  -19.188 0.6000000238
18129  22.751  -60.090  -18.761 0.5000000000
18130  21.670  -60.224  -18.497 0.5000000000
18131  20.777  -60.176  -18.387 0.5000000000
18144  19.714  -60.260  -18.854 0.5000000000
157815  19.210  -60.304  -19.592 0.5000000000
160480  18.812  -60.147  -20.524 0.4000000060
19106  18.661  -59.285  -20.997 0.5000000000
20156  18.428  -58.740  -22.516 0.4000000060
20164  18.266  -58.718  -23.251 0.4000000060
19172  18.038  -59.123  -24.694 0.4000000060
22965  34.774  -55.067  -24.627 0.6000000238
24051  35.145  -54.279  -24.978 0.4000000060
24049  36.907  -54.207  -25.629 0.4000000060
22986  38.373  -54.988  -26.052 0.4000000060
20107  23.075  -59.281  -18.125 0.5000000000
19070  22.162  -59.450  -18.069 0.4000000060
19071  21.256  -59.466  -18.033 0.4000000060
19073  19.867  -59.463  -18.538 0.5000000000
21081  19.768  -57.822  -19.240 0.4000000060
20129  19.275  -58.611  -19.638 0.5000000000
22018  19.625  -57.220  -19.984 0.4000000060
22027  19.171  -56.990  -20.583 0.5000000000
20130  18.855  -58.526  -20.512 0.5000000000
22028  18.568  -56.803  -21.326 0.3000000119
21104  18.155  -57.369  -21.999 0.3000000119
21105  17.694  -57.298  -22.596 0.3000000119
25116  35.453  -53.631  -25.559 0.4000000060
20088  23.285  -58.374  -17.731 0.5000000000
19056  21.721  -58.721  -17.760 0.5000000000
21052  21.391  -58.126  -17.786 0.4000000060
21049  24.476  -57.499  -17.638 0.4000000060
150939  23.792  -57.721  -17.672 0.4000000060
21051  22.309  -58.030  -17.690 0.4000000060
22002  22.772  -56.611  -18.489 0.4000000060
21993  24.641  -56.687  -17.680 0.4000000060
21994  23.860  -57.053  -17.734 0.4000000060
173761  23.461  -56.340  -18.393 0.4000000060
22891  24.969  -55.832  -17.760 0.4000000060
22911  23.837  -55.768  -18.717 0.4000000060
170594  23.580  -55.513  -19.465 0.4000000060
22912  22.952  -55.628  -20.020 0.4000000060
22895  24.436  -55.482  -18.334 0.4000000060
22890  25.810  -55.775  -17.369 0.3000000119
22910  24.133  -55.130  -19.320 0.4000000060
172035  23.986  -54.668  -19.996 0.4000000060
23987  23.663  -54.554  -20.725 0.4000000060
155700  25.873  -54.415  -17.243 0.4000000060
24000  23.382  -54.419  -21.751 0.4000000060
25078  23.533  -53.674  -22.128 0.4000000060
25021  25.585  -53.772  -17.480 0.3000000119
25030  25.094  -53.445  -18.007 0.4000000060
149963  24.716  -53.951  -18.764 0.4000000060
25048  24.473  -53.590  -19.591 0.4000000060
23986  24.134  -54.093  -20.235 0.4000000060
25063  23.807  -53.856  -21.087 0.4000000060
26135  24.208  -52.604  -20.525 0.3000000119
19119  24.686  -59.982  -21.607 0.5000000000
22065  34.218  -55.879  -24.397 0.6000000238
24050  36.025  -54.276  -25.343 0.4000000060
151374  29.540  -61.367  -30.580 0.6000000238
20243  34.953  -59.216  -30.098 0.6999999881
20216  35.307  -58.683  -28.959 0.6999999881
18259  41.970  -60.980  -29.862 0.5000000000
19237  41.784  -59.838  -28.373 0.5000000000
18261  40.066  -60.496  -29.940 0.5000000000
167428  40.969  -59.909  -28.625 0.4000000060
19239  39.324  -59.513  -28.887 0.6000000238
17249  23.110  -61.815  -25.254 0.5000000000
19224  30.618  -59.477  -27.574 0.6999999881
20199  37.975  -58.618  -28.036 0.6000000238
19156  24.935  -59.754  -23.928 0.6000000238
20204  31.968  -59.129  -28.054 0.6999999881
20203  34.455  -58.557  -27.633 0.8000000119
20201  36.211  -58.417  -27.896 0.6999999881
170045  22.185  -63.269  -22.714 0.4000000060
19204  31.883  -59.795  -26.576 0.6000000238
19221  33.144  -59.245  -26.831 0.6000000238
151792  36.309  -57.496  -26.457 0.6999999881
21149  36.662  -57.963  -27.192 0.6999999881
20196  41.690  -58.422  -27.357 0.5000000000
19219  42.191  -59.150  -27.713 0.5000000000
21147  38.406  -57.913  -27.111 0.6000000238
19185  33.145  -59.387  -25.753 0.6999999881
20193  33.796  -58.839  -26.349 0.6999999881
21140  34.933  -57.973  -26.159 0.6999999881
21146  39.265  -57.798  -26.925 0.6000000238
21134  40.200  -56.768  -26.615 0.6000000238
18153  22.545  -60.898  -20.211 0.5000000000
160050  21.440  -61.843  -19.926 0.5000000000
16220  20.782  -62.025  -19.721 0.4000000060
21130  34.053  -57.869  -24.934 0.6000000238
22073  36.078  -56.062  -25.337 0.6000000238
19158  18.421  -59.213  -23.480 0.3000000119
22975  35.654  -55.104  -25.004 0.5000000000
24062  37.737  -54.202  -25.981 0.4000000060
20117  19.658  -58.715  -18.817 0.5000000000
21097  18.467  -57.648  -21.510 0.4000000060
20165  17.679  -58.153  -23.181 0.4000000060
173061  24.929  -55.102  -17.995 0.4000000060
23957  24.612  -54.771  -18.659 0.4000000060
162128  41.632  -67.714  -28.625 0.3000000119
11908  42.049  -67.531  -27.809 0.3000000119
15356  40.441  -64.086  -30.357 0.4000000060
168672  41.821  -63.322  -29.077 0.4000000060
16360  41.222  -62.838  -28.168 0.4000000060
16344  41.478  -62.599  -27.201 0.4000000060
14448  40.504  -64.295  -31.442 0.4000000060
15380  39.018  -64.672  -31.091 0.4000000060
15397  38.140  -64.231  -31.245 0.4000000060
16402  38.591  -63.610  -31.407 0.5000000000
15384  35.987  -63.694  -30.826 0.5000000000
15400  35.680  -63.311  -31.177 0.5000000000
144890  43.044  -64.296  -31.022 0.4000000060
15355  41.486  -63.910  -30.255 0.5000000000
15358  38.542  -64.279  -30.383 0.5000000000
15401  34.871  -63.464  -31.159 0.5000000000
153774  43.430  -63.839  -30.336 0.5000000000
15354  42.558  -63.795  -30.060 0.5000000000
152619  43.283  -63.488  -29.363 0.5000000000
16359  42.184  -62.884  -28.028 0.4000000060
166826  42.854  -62.785  -27.562 0.4000000060
16323  41.591  -62.503  -26.194 0.4000000060
156047  41.192  -62.594  -25.377 0.4000000060
15277  41.484  -63.279  -24.309 0.3000000119
13468  40.341  -65.008  -24.133 0.4000000060
159165  42.809  -63.335  -31.704 0.4000000060
17306  41.625  -62.751  -31.564 0.4000000060
17307  40.751  -62.711  -31.448 0.4000000060
15392  43.231  -63.860  -31.493 0.4000000060
15393  42.248  -63.997  -31.563 0.4000000060
16399  41.951  -63.493  -31.695 0.4000000060
161906  39.469  -63.660  -31.558 0.4000000060
173132  39.069  -62.787  -31.304 0.5000000000
16403  37.687  -63.286  -31.275 0.5000000000
149527  43.761  -63.788  -31.281 0.4000000060
14446  42.600  -64.204  -31.359 0.4000000060
15378  40.996  -64.418  -31.205 0.4000000060
17309  38.366  -62.419  -31.156 0.5000000000
17310  37.543  -62.037  -31.115 0.5000000000
16406  35.286  -62.813  -31.385 0.5000000000
161542  34.923  -62.162  -31.408 0.6000000238
18289  35.004  -61.315  -31.177 0.6000000238
160281  33.715  -62.742  -31.437 0.6000000238
19268  36.711  -59.686  -30.250 0.6000000238
18278  35.180  -60.414  -30.765 0.6000000238
17314  33.258  -61.863  -31.293 0.5000000000
16342  43.177  -62.603  -26.783 0.4000000060
18292  31.911  -61.137  -30.930 0.5000000000
16279  41.678  -62.839  -24.722 0.4000000060
15276  42.445  -63.028  -24.060 0.4000000060
15255  41.279  -63.794  -23.967 0.4000000060
17287  41.170  -61.951  -31.001 0.4000000060
18273  40.628  -61.184  -30.369 0.5000000000
17289  39.175  -61.708  -30.820 0.5000000000
18275  38.770  -60.597  -30.431 0.5000000000
17311  36.148  -61.570  -31.276 0.5000000000
19266  38.330  -59.948  -30.092 0.5000000000
18288  35.770  -60.974  -31.081 0.6000000238
19267  37.506  -59.810  -30.210 0.6000000238
161207  37.025  -60.200  -30.618 0.6000000238
11157  41.229  -68.054  -29.474 0.3000000119
11907  43.166  -67.669  -27.957 0.3000000119
12626  43.522  -66.362  -24.728 0.3000000119
17303  44.833  -62.026  -31.485 0.4000000060
17284  44.514  -61.520  -31.384 0.4000000060
170475  42.862  -62.046  -31.412 0.4000000060
17286  42.089  -62.055  -31.195 0.4000000060
18272  41.594  -61.433  -30.486 0.4000000060
18274  39.694  -60.876  -30.383 0.5000000000
18260  40.964  -60.801  -29.892 0.4000000060
19251  39.201  -60.186  -29.996 0.5000000000
18279  34.349  -60.747  -30.871 0.6000000238
18291  32.708  -61.057  -30.957 0.5000000000
18271  42.714  -61.464  -30.721 0.4000000060
15395  39.931  -64.251  -31.566 0.4000000060
152426  33.993  -63.518  -31.251 0.5000000000
13492  42.684  -65.719  -24.087 0.3000000119
169055  42.458  -62.696  -31.639 0.4000000060
17288  40.222  -61.787  -30.848 0.5000000000
17290  38.198  -61.264  -30.793 0.5000000000
18276  37.870  -60.368  -30.496 0.6000000238
11881  43.728  -67.429  -27.234 0.3000000119
13467  41.151  -65.064  -23.888 0.4000000060
14367  40.786  -64.333  -23.987 0.4000000060
14447  41.617  -64.234  -31.419 0.4000000060
14449  39.517  -64.504  -31.378 0.4000000060
14450  38.855  -64.610  -31.264 0.4000000060
15278  40.692  -63.548  -24.350 0.3000000119
15338  43.072  -63.098  -28.373 0.4000000060
15357  39.423  -64.245  -30.381 0.4000000060
15375  44.372  -63.541  -31.055 0.4000000060
15376  43.277  -64.064  -31.269 0.4000000060
15377  42.115  -64.327  -31.139 0.5000000000
15379  39.894  -64.537  -31.179 0.5000000000
15381  38.307  -64.494  -30.978 0.4000000060
15390  44.768  -63.141  -31.242 0.4000000060
15391  44.072  -63.476  -31.386 0.4000000060
15394  41.333  -64.055  -31.590 0.4000000060
15396  39.074  -64.350  -31.472 0.4000000060
15398  37.143  -63.731  -31.151 0.5000000000
15399  36.387  -63.383  -31.181 0.5000000000
16230  21.125  -62.512  -20.339 0.5000000000
16231  20.439  -62.655  -20.283 0.4000000060
16246  21.653  -62.791  -21.182 0.5000000000
16256  22.210  -62.733  -22.146 0.4000000060
16278  42.371  -62.703  -24.673 0.4000000060
16301  41.970  -62.572  -25.328 0.4000000060
16311  22.784  -62.549  -25.591 0.5000000000
16334  22.814  -62.585  -26.492 0.5000000000
16343  42.278  -62.633  -26.950 0.4000000060
16398  43.686  -63.087  -31.629 0.4000000060
16400  41.143  -63.559  -31.677 0.4000000060
16401  40.335  -63.612  -31.615 0.4000000060
16404  36.879  -62.862  -31.289 0.5000000000
16405  36.090  -62.554  -31.359 0.5000000000
16407  34.532  -62.874  -31.427 0.5000000000
17167  21.002  -60.897  -18.719 0.5000000000
17168  20.274  -60.722  -18.741 0.5000000000
17178  21.190  -61.428  -19.265 0.5000000000
17188  22.078  -61.489  -20.435 0.5000000000
17216  23.027  -61.298  -22.594 0.5000000000
17227  22.902  -61.670  -23.404 0.5000000000
17236  23.013  -61.733  -24.370 0.5000000000
17285  43.668  -61.702  -31.324 0.4000000060
17291  37.333  -60.978  -30.882 0.6000000238
17292  36.532  -60.856  -30.970 0.6000000238
17294  30.246  -61.274  -30.694 0.6000000238
17304  44.090  -62.236  -31.575 0.4000000060
17305  43.260  -62.486  -31.629 0.4000000060
17308  39.837  -62.688  -31.322 0.4000000060
17312  35.548  -61.898  -31.375 0.6000000238
17313  34.177  -61.815  -31.306 0.6000000238
17315  32.490  -61.982  -31.289 0.5000000000
18132  20.161  -60.042  -18.486 0.5000000000
18141  23.142  -60.415  -19.836 0.5000000000
18143  21.687  -60.860  -18.971 0.5000000000
18168  27.530  -60.312  -21.630 0.6000000238
18183  29.641  -60.368  -22.640 0.8000000119
18185  27.803  -60.443  -22.419 0.6999999881
18186  23.682  -60.475  -22.122 0.5000000000
18187  23.140  -60.931  -21.951 0.5000000000
18196  30.607  -60.274  -23.739 0.8000000119
18199  23.908  -60.368  -23.037 0.6000000238
18209  31.350  -60.211  -24.947 0.6999999881
18212  28.519  -60.509  -24.125 0.8000000119
18214  23.729  -60.390  -24.565 0.5000000000
18219  30.618  -60.322  -25.424 0.8000000119
18220  29.807  -60.288  -25.882 0.8000000119
18222  28.057  -60.286  -25.017 0.6999999881
18223  23.591  -60.397  -26.273 0.5000000000
18232  23.569  -60.448  -27.000 0.5000000000
18241  23.675  -60.441  -27.620 0.5000000000
18263  27.009  -60.203  -29.520 0.6000000238
18264  25.320  -60.360  -29.050 0.5000000000
18269  44.986  -60.914  -31.206 0.4000000060
18277  36.092  -60.119  -30.636 0.6000000238
18280  33.001  -60.214  -30.646 0.6999999881
18283  29.633  -60.410  -30.314 0.6000000238
18290  33.518  -60.987  -30.935 0.6000000238
19057  20.914  -58.740  -17.869 0.4000000060
19066  26.819  -59.428  -18.658 0.5000000000
19072  20.484  -59.436  -18.199 0.4000000060
19084  25.481  -59.778  -19.587 0.5000000000
19087  19.405  -59.486  -19.167 0.5000000000
19100  27.762  -59.945  -20.063 0.6000000238
19105  18.996  -59.395  -20.067 0.4000000060
19116  29.801  -59.685  -21.277 0.6999999881
19120  23.983  -60.226  -21.490 0.5000000000
19121  18.550  -59.194  -21.856 0.4000000060
19133  31.384  -59.050  -22.782 0.6999999881
19137  26.137  -60.204  -22.293 0.6999999881
19138  25.765  -60.109  -22.984 0.6000000238
19139  24.917  -59.892  -22.429 0.6000000238
19151  31.811  -59.500  -23.916 0.6000000238
19155  25.660  -59.938  -23.698 0.6000000238
19166  31.950  -59.838  -24.576 0.6999999881
19168  26.302  -60.049  -24.140 0.6999999881
19169  24.669  -59.692  -24.830 0.6000000238
19171  18.238  -59.313  -24.419 0.3000000119
19186  32.306  -59.832  -25.797 0.6999999881
19188  25.622  -59.513  -25.702 0.6999999881
19190  24.459  -59.633  -25.658 0.6000000238
19205  30.997  -59.890  -26.741 0.6000000238
19209  25.639  -59.396  -26.574 0.6999999881
19211  24.337  -59.631  -26.448 0.5000000000
19222  32.375  -59.427  -27.196 0.6000000238
19225  29.688  -59.384  -27.817 0.6999999881
19227  27.269  -59.359  -27.585 0.6999999881
19229  24.878  -59.500  -27.573 0.6999999881
19230  24.248  -59.708  -27.248 0.6000000238
19231  23.812  -60.061  -27.256 0.6000000238
19236  42.678  -59.722  -28.373 0.5000000000
19242  26.153  -59.454  -28.289 0.6999999881
19243  25.285  -59.547  -28.136 0.6999999881
19244  24.469  -59.770  -28.028 0.6000000238
19250  40.461  -60.245  -29.329 0.5000000000
19255  30.245  -59.198  -29.720 0.6000000238
19259  26.618  -59.623  -28.970 0.6000000238
19270  34.419  -59.766  -30.473 0.6999999881
19272  32.548  -59.444  -30.332 0.6999999881
19276  29.373  -59.714  -29.909 0.6000000238
20083  28.044  -57.936  -17.703 0.4000000060
20084  27.287  -58.206  -17.624 0.5000000000
20087  24.260  -58.329  -17.735 0.4000000060
20103  27.104  -58.994  -17.961 0.5000000000
20104  26.305  -59.109  -18.090 0.5000000000
20105  25.612  -59.161  -18.195 0.6000000238
20127  30.474  -58.638  -20.918 0.6000000238
20143  18.528  -58.435  -21.454 0.4000000060
20154  31.330  -58.328  -22.631 0.6000000238
20157  18.151  -58.062  -22.599 0.3000000119
20163  31.741  -58.570  -23.256 0.6999999881
20178  18.125  -58.870  -23.842 0.4000000060
20179  17.346  -58.673  -23.842 0.4000000060
20188  33.152  -59.114  -24.838 0.6000000238
20192  34.390  -58.442  -26.756 0.6999999881
20200  37.031  -58.454  -27.942 0.6999999881
20205  31.164  -59.150  -28.093 0.6999999881
20207  27.961  -59.277  -28.179 0.6999999881
20211  43.093  -58.933  -27.968 0.5000000000
20214  37.314  -58.852  -28.799 0.6000000238
20218  33.801  -58.734  -28.193 0.8000000119
20220  31.376  -58.833  -28.763 0.6999999881
20222  28.554  -59.204  -28.713 0.6999999881
20228  37.434  -59.232  -29.408 0.6999999881
20231  34.523  -58.806  -29.473 0.6999999881
20234  31.759  -58.799  -29.459 0.6999999881
20236  29.886  -59.062  -29.252 0.5000000000
20246  32.141  -58.958  -30.022 0.6000000238
20247  31.400  -58.959  -29.948 0.6000000238
21045  28.174  -57.238  -17.541 0.5000000000
21050  23.148  -57.518  -17.751 0.4000000060
21067  23.285  -56.851  -17.967 0.4000000060
21068  22.522  -57.264  -17.953 0.4000000060
21079  29.772  -57.448  -19.075 0.3000000119
21080  20.509  -57.294  -18.996 0.4000000060
21084  30.490  -58.080  -20.494 0.5000000000
21086  19.236  -57.796  -20.126 0.4000000060
21087  18.746  -57.674  -20.863 0.4000000060
21103  31.032  -57.950  -21.915 0.5000000000
21115  17.079  -57.266  -23.143 0.3000000119
21128  35.309  -57.406  -25.742 0.6000000238
21129  34.724  -57.390  -25.286 0.6000000238
21135  39.576  -57.132  -26.577 0.6000000238
21150  35.834  -58.070  -27.154 0.6999999881
21988  28.922  -55.796  -17.691 0.4000000060
21992  26.055  -57.050  -17.395 0.5000000000
22001  24.066  -56.300  -17.986 0.4000000060
22003  21.883  -56.930  -18.558 0.4000000060
22013  30.195  -56.299  -19.716 0.3000000119
22014  23.174  -56.040  -19.074 0.4000000060
22017  20.106  -56.982  -19.676 0.4000000060
22036  30.727  -57.246  -21.522 0.5000000000
22037  30.220  -55.953  -21.538 0.4000000060
22054  30.445  -56.170  -23.577 0.5000000000
22055  30.104  -55.944  -23.103 0.4000000060
22076  34.132  -56.934  -24.556 0.6000000238
22085  35.916  -57.059  -25.769 0.6999999881
22909  29.953  -55.748  -19.202 0.3000000119
22920  23.606  -55.091  -20.125 0.4000000060
22932  30.018  -55.336  -21.011 0.4000000060
22933  23.105  -55.075  -21.166 0.4000000060
22968  31.360  -55.817  -24.382 0.6000000238
22970  29.737  -55.272  -25.087 0.6000000238
22974  36.560  -55.070  -25.370 0.4000000060
22977  30.372  -55.510  -24.846 0.6000000238
22979  29.182  -54.761  -25.840 0.5000000000
23946  27.683  -54.173  -16.785 0.4000000060
23948  25.115  -54.364  -17.909 0.4000000060
23949  25.507  -55.091  -17.574 0.4000000060
23973  24.371  -54.409  -19.476 0.4000000060
24037  34.274  -54.321  -24.722 0.5000000000
24055  28.660  -54.161  -26.379 0.5000000000
24064  29.771  -54.153  -27.008 0.6000000238
24066  28.613  -54.017  -26.670 0.6000000238
25020  26.242  -53.680  -16.978 0.3000000119
25029  29.618  -53.872  -18.234 0.4000000060
25047  29.866  -53.977  -19.158 0.4000000060
25062  24.219  -53.311  -20.418 0.4000000060
25096  28.936  -53.052  -24.717 0.4000000060
25130  32.986  -53.518  -26.785 0.5000000000
25135  28.530  -53.792  -26.643 0.5000000000
25142  33.892  -53.485  -28.349 0.4000000060
26134  29.902  -52.390  -20.372 0.3000000119
26184  29.024  -52.314  -24.365 0.3000000119
26199  28.406  -52.684  -26.291 0.4000000060
26204  28.517  -53.311  -26.741 0.6000000238
26207  31.337  -53.114  -28.178 0.4000000060
27170  29.467  -51.644  -17.908 0.3000000119
27216  30.052  -51.710  -19.867 0.4000000060
28352  29.950  -50.647  -21.713 0.4000000060
28369  29.285  -50.769  -23.459 0.3000000119
28370  28.785  -50.438  -24.399 0.3000000119
28377  28.529  -50.035  -25.215 0.4000000060
28399  28.777  -51.009  -26.301 0.4000000060
30356  28.794  -48.331  -24.032 0.5000000000
31324  29.160  -47.895  -25.695 0.3000000119
31326  28.465  -47.382  -25.500 0.3000000119
143644  34.960  -53.187  -25.998 0.5000000000
143900  26.978  -60.080  -24.671 0.6999999881
143950  29.692  -55.316  -24.535 0.4000000060
143980  26.271  -55.130  -17.099 0.4000000060
143988  24.308  -51.933  -20.218 0.3000000119
144556  26.157  -60.124  -21.298 0.6999999881
145124  27.094  -55.183  -16.828 0.4000000060
146015  32.753  -57.234  -24.001 0.6000000238
146208  34.127  -63.801  -31.007 0.5000000000
146858  18.346  -58.064  -22.020 0.4000000060
147339  28.262  -55.851  -17.264 0.4000000060
149414  36.085  -58.916  -29.280 0.6999999881
151320  40.754  -58.271  -27.211 0.5000000000
152193  23.655  -60.366  -25.449 0.5000000000
153307  28.820  -51.696  -17.481 0.3000000119
153608  29.729  -55.310  -18.682 0.4000000060
153654  36.763  -61.763  -31.203 0.5000000000
154629  25.455  -56.469  -17.509 0.5000000000
155420  28.837  -53.221  -27.074 0.6000000238
155515  25.086  -58.118  -17.665 0.5000000000
156438  29.318  -60.549  -23.995 0.8000000119
156541  22.576  -61.962  -22.488 0.5000000000
157550  23.724  -60.477  -23.794 0.6000000238
157600  40.107  -57.604  -26.815 0.6000000238
157997  24.903  -58.952  -17.981 0.5000000000
159164  40.655  -64.077  -31.606 0.4000000060
159185  27.989  -60.511  -23.340 0.6999999881
160144  32.963  -57.921  -24.159 0.6000000238
160228  32.173  -60.220  -30.640 0.6000000238
161139  33.014  -62.637  -31.432 0.5000000000
161670  44.067  -63.631  -29.840 0.5000000000
162628  30.865  -59.665  -30.319 0.6000000238
162776  24.461  -59.391  -18.445 0.6000000238
163649  27.918  -55.023  -16.903 0.4000000060
163870  22.493  -58.734  -17.769 0.5000000000
164521  29.639  -54.092  -22.023 0.4000000060
165879  30.379  -56.889  -20.019 0.3000000119
166659  22.129  -60.487  -18.854 0.5000000000
167020  36.459  -59.288  -29.789 0.6999999881
167102  29.166  -53.769  -17.619 0.4000000060
167604  25.570  -59.705  -24.710 0.6000000238
167678  26.164  -56.378  -17.289 0.5000000000
168854  42.579  -63.292  -28.944 0.4000000060
168872  28.295  -47.740  -25.284 0.4000000060
169172  25.052  -59.882  -28.510 0.6999999881
169276  22.160  -61.845  -21.133 0.5000000000
169300  23.086  -60.650  -20.678 0.5000000000
169321  30.249  -50.328  -21.344 0.3000000119
170844  33.909  -58.669  -28.922 0.6999999881
170867  29.437  -60.366  -25.381 0.8000000119
171201  29.254  -60.001  -26.415 0.6999999881
171293  18.316  -59.046  -23.784 0.3000000119
172686  28.298  -58.967  -18.558 0.4000000060
173178  30.502  -56.625  -21.249 0.4000000060
173331  35.985  -59.175  -29.728 0.6999999881
