#!ascii label  , from subject sub-v2s12x28856_ses-1 vox2ras=TkReg
637
102542  -34.373  -50.060  10.133 0.5000000000
10251  -33.667  -51.417  9.486 0.8000000119
104678  -31.643  -49.167  11.200 0.8000000119
10835  -32.675  -50.851  9.907 0.8000000119
10836  -33.883  -50.497  9.341 0.8000000119
10831  -34.123  -50.466  12.223 0.5000000000
10252  -34.185  -50.763  9.351 0.5000000000
10837  -34.021  -49.625  9.582 0.6000000238
12080  -31.446  -48.246  11.795 0.6999999881
108038  -32.972  -49.592  9.956 0.8000000119
10824  -33.924  -49.777  13.046 0.6000000238
110053  -33.747  -49.436  12.147 0.5000000000
12711  -31.458  -46.372  12.905 0.6999999881
11431  -34.231  -49.190  10.350 0.6000000238
12077  -31.465  -47.317  12.430 0.6999999881
12083  -32.299  -48.389  10.446 0.6999999881
12082  -34.832  -48.048  10.586 0.6000000238
11432  -33.363  -48.677  9.812 0.8000000119
11434  -33.681  -48.248  9.699 0.8000000119
11433  -34.119  -48.874  9.737 0.6999999881
110494  -33.643  -48.848  13.325 0.4000000060
11429  -33.792  -48.693  12.359 0.6000000238
13296  -31.328  -45.411  13.278 0.6999999881
12081  -34.310  -48.674  10.785 0.6000000238
13299  -31.602  -45.701  12.471 0.6999999881
12714  -31.788  -46.643  11.836 0.6999999881
105638  -31.807  -47.474  10.927 0.6999999881
12084  -32.499  -47.645  9.891 0.6999999881
12088  -34.282  -47.879  9.725 0.6999999881
12726  -36.180  -46.283  9.928 0.5000000000
12718  -32.033  -46.838  10.529 0.6000000238
12719  -32.522  -46.848  9.726 0.6000000238
12724  -33.656  -46.995  9.583 0.6000000238
13309  -35.324  -46.059  9.687 0.6000000238
13308  -34.166  -46.285  9.618 0.6000000238
13964  -35.587  -45.114  9.891 0.5000000000
12078  -33.593  -47.929  13.676 0.4000000060
13950  -31.115  -44.556  13.559 0.6999999881
12715  -33.967  -47.873  12.550 0.6000000238
12716  -34.976  -47.280  11.745 0.6000000238
13304  -32.075  -46.064  11.611 0.6999999881
12721  -35.464  -47.206  10.262 0.5000000000
12723  -37.096  -45.619  10.367 0.6000000238
110355  -32.437  -46.320  10.653 0.6999999881
12720  -33.005  -46.253  9.928 0.6000000238
13310  -36.222  -45.616  9.779 0.5000000000
13311  -37.013  -45.386  9.900 0.5000000000
113232  -34.557  -45.601  9.879 0.5000000000
14625  -30.238  -43.959  16.785 0.6000000238
14627  -30.118  -42.762  15.414 0.6000000238
12706  -33.461  -46.843  14.158 0.5000000000
103721  -30.492  -43.867  14.868 0.6999999881
13948  -30.790  -44.369  14.358 0.6999999881
12712  -34.159  -46.695  13.145 0.5000000000
13298  -34.195  -45.769  13.319 0.4000000060
13300  -35.307  -46.189  12.452 0.5000000000
13951  -31.310  -44.774  12.847 0.6999999881
110085  -31.812  -45.075  12.132 0.6999999881
13962  -33.078  -44.800  11.384 0.6000000238
13301  -36.518  -45.850  11.473 0.5000000000
13306  -33.557  -45.455  10.511 0.6000000238
13302  -37.483  -45.141  11.198 0.5000000000
13963  -34.065  -44.510  11.075 0.5000000000
14644  -35.363  -44.013  11.035 0.5000000000
13969  -37.733  -44.568  9.912 0.5000000000
13965  -36.568  -44.442  10.015 0.5000000000
14646  -38.782  -43.299  10.300 0.3000000119
13952  -33.531  -45.084  13.865 0.3000000119
14620  -29.883  -43.233  17.348 0.6000000238
14624  -30.058  -43.037  16.345 0.6000000238
13297  -33.536  -46.012  13.849 0.4000000060
14631  -30.513  -43.445  14.181 0.6000000238
13955  -31.059  -43.995  13.170 0.6999999881
13956  -31.453  -44.116  12.542 0.6999999881
13961  -32.229  -44.296  11.955 0.5000000000
13958  -37.209  -44.904  11.968 0.5000000000
117338  -32.959  -44.012  11.659 0.5000000000
13959  -38.419  -44.157  11.355 0.4000000060
13960  -38.822  -43.857  10.515 0.3000000119
14641  -39.435  -43.280  11.069 0.4000000060
14645  -36.995  -43.374  10.695 0.5000000000
103768  -38.786  -42.598  10.517 0.4000000060
15318  -29.543  -42.374  17.461 0.6000000238
15322  -29.798  -42.181  16.025 0.6000000238
15326  -30.198  -42.658  14.545 0.6000000238
15329  -30.385  -42.698  13.843 0.6000000238
13953  -34.781  -44.947  13.057 0.3000000119
13957  -36.054  -45.347  12.402 0.4000000060
14633  -30.737  -43.355  13.497 0.6000000238
13954  -36.131  -44.212  12.573 0.3000000119
14637  -31.097  -43.322  12.923 0.6000000238
14639  -37.137  -43.148  12.429 0.3000000119
14638  -31.675  -43.301  12.351 0.6000000238
16014  -37.250  -41.793  12.575 0.3000000119
109854  -38.077  -43.848  11.972 0.3000000119
15337  -31.989  -42.451  12.168 0.5000000000
14642  -32.455  -43.245  11.916 0.5000000000
14643  -33.272  -43.263  11.615 0.5000000000
110706  -39.078  -41.640  11.891 0.3000000119
15335  -38.489  -42.240  12.143 0.3000000119
109190  -34.244  -43.335  11.464 0.5000000000
15336  -39.310  -41.984  11.396 0.3000000119
15339  -33.589  -42.401  11.494 0.5000000000
15341  -36.859  -42.435  11.314 0.4000000060
15342  -39.035  -41.818  10.850 0.3000000119
16000  -29.504  -41.690  16.750 0.5000000000
16001  -29.550  -41.365  15.860 0.6000000238
16003  -29.548  -41.090  15.133 0.5000000000
15333  -30.688  -42.662  13.276 0.6000000238
16009  -30.305  -41.382  13.310 0.5000000000
16011  -36.505  -41.306  13.170 0.3000000119
15334  -31.169  -42.434  12.725 0.6000000238
17471  -37.196  -39.922  13.320 0.3000000119
15338  -32.813  -42.419  11.730 0.5000000000
110014  -34.170  -41.640  11.389 0.5000000000
16746  -36.012  -40.888  11.544 0.4000000060
16726  -29.432  -40.526  15.753 0.5000000000
16006  -29.672  -41.249  14.407 0.5000000000
16733  -29.897  -40.675  13.451 0.5000000000
17467  -35.217  -39.222  14.136 0.3000000119
103979  -36.207  -39.270  13.771 0.3000000119
16012  -30.826  -41.518  12.860 0.6000000238
16013  -31.564  -41.651  12.442 0.6000000238
16017  -32.425  -41.673  12.040 0.5000000000
16018  -33.249  -41.662  11.598 0.5000000000
16021  -38.427  -41.009  11.438 0.4000000060
17482  -36.812  -40.345  11.550 0.4000000060
17459  -29.421  -39.690  15.414 0.5000000000
16730  -29.490  -40.388  14.659 0.5000000000
109360  -29.546  -39.908  13.731 0.5000000000
18231  -34.820  -38.419  14.614 0.4000000060
18984  -35.431  -37.642  14.610 0.4000000060
16738  -30.438  -40.716  12.956 0.5000000000
16739  -31.146  -40.835  12.585 0.5000000000
18232  -35.901  -38.480  14.159 0.4000000060
119214  -36.510  -38.275  13.853 0.3000000119
17474  -30.764  -39.955  12.584 0.4000000060
18234  -37.047  -38.985  13.519 0.3000000119
111156  -31.553  -40.262  12.370 0.5000000000
16742  -32.011  -40.906  12.306 0.4000000060
16743  -32.875  -40.919  11.980 0.4000000060
108814  -29.443  -38.840  15.163 0.5000000000
17461  -29.419  -39.422  14.477 0.5000000000
17468  -29.710  -39.160  13.216 0.5000000000
18982  -34.696  -37.627  15.068 0.4000000060
16737  -30.011  -39.941  13.064 0.5000000000
17473  -30.216  -39.192  12.746 0.4000000060
107260  -35.886  -36.918  14.493 0.4000000060
18985  -36.219  -37.721  14.146 0.4000000060
119511  -30.869  -39.183  12.462 0.4000000060
18989  -37.181  -38.114  13.478 0.4000000060
17478  -32.394  -40.069  12.142 0.4000000060
106712  -33.119  -39.494  11.814 0.4000000060
17480  -34.027  -40.004  11.483 0.4000000060
113239  -34.576  -40.805  11.369 0.4000000060
106154  -34.686  -39.483  11.416 0.4000000060
106153  -35.769  -39.556  11.440 0.4000000060
18247  -39.776  -39.984  10.951 0.4000000060
18246  -38.115  -39.445  11.267 0.4000000060
18229  -29.470  -38.014  14.814 0.5000000000
103164  -29.420  -38.669  14.377 0.4000000060
19734  -34.714  -36.450  15.766 0.4000000060
19737  -35.229  -36.833  15.164 0.4000000060
18991  -29.783  -37.831  13.187 0.5000000000
18236  -29.930  -38.467  12.888 0.4000000060
18238  -31.398  -38.710  12.235 0.4000000060
18986  -36.611  -37.079  13.903 0.4000000060
18241  -32.230  -39.086  11.994 0.4000000060
18240  -40.036  -39.850  11.209 0.3000000119
18983  -29.545  -37.218  14.355 0.4000000060
18987  -29.718  -37.203  13.627 0.5000000000
18988  -30.116  -37.166  13.069 0.4000000060
19738  -35.796  -36.141  14.902 0.4000000060
19747  -31.399  -36.870  12.428 0.4000000060
18237  -30.584  -38.503  12.555 0.4000000060
18994  -32.027  -37.243  11.932 0.4000000060
18998  -32.051  -38.159  11.899 0.4000000060
18242  -32.904  -38.598  11.718 0.4000000060
18243  -33.896  -38.948  11.574 0.4000000060
18244  -34.964  -38.831  11.403 0.4000000060
100867  -40.267  -39.142  10.974 0.4000000060
18245  -36.278  -38.965  11.415 0.4000000060
19004  -38.633  -38.711  10.922 0.4000000060
19740  -30.013  -36.478  13.564 0.4000000060
19741  -30.773  -36.584  13.143 0.4000000060
19742  -31.694  -36.172  12.838 0.4000000060
108945  -32.243  -36.435  12.167 0.4000000060
19752  -32.855  -36.836  11.792 0.4000000060
18999  -32.789  -37.720  11.709 0.4000000060
19000  -33.590  -37.411  11.601 0.4000000060
106848  -34.272  -38.106  11.479 0.4000000060
19001  -34.583  -37.189  11.494 0.4000000060
106175  -35.336  -38.111  11.391 0.4000000060
106174  -36.693  -38.311  11.316 0.4000000060
20454  -31.061  -35.856  13.628 0.4000000060
20455  -32.071  -35.550  13.404 0.4000000060
19743  -32.545  -35.741  12.560 0.4000000060
20459  -33.441  -35.296  12.380 0.4000000060
19748  -33.055  -35.997  11.965 0.4000000060
19753  -33.687  -36.512  11.682 0.4000000060
109023  -34.413  -36.251  11.590 0.4000000060
118050  -35.505  -35.888  11.443 0.4000000060
108243  -39.755  -38.325  10.670 0.3000000119
19003  -36.689  -37.421  11.210 0.4000000060
20449  -31.680  -35.165  14.043 0.4000000060
20450  -32.639  -35.117  14.033 0.4000000060
21173  -32.468  -34.616  14.466 0.4000000060
20456  -32.874  -35.244  13.188 0.4000000060
117156  -33.494  -34.921  13.082 0.4000000060
20463  -33.890  -35.685  11.835 0.4000000060
106078  -34.819  -35.556  11.632 0.4000000060
19750  -40.413  -37.962  11.466 0.4000000060
19005  -40.826  -38.081  10.724 0.3000000119
19755  -36.305  -36.327  11.230 0.4000000060
19756  -38.039  -37.225  10.736 0.5000000000
19757  -39.575  -37.236  10.484 0.4000000060
20465  -37.028  -35.744  10.982 0.5000000000
109846  -32.290  -34.027  14.707 0.4000000060
21174  -33.328  -34.760  14.489 0.4000000060
99273  -34.119  -34.370  14.807 0.4000000060
21175  -34.073  -34.734  13.931 0.4000000060
20464  -35.795  -35.299  11.458 0.4000000060
97794  -38.355  -36.089  10.511 0.5000000000
106779  -32.606  -33.419  15.053 0.4000000060
99523  -33.977  -33.874  15.190 0.4000000060
97790  -34.935  -33.559  14.755 0.4000000060
99442  -37.768  -34.959  10.716 0.5000000000
22719  -32.903  -32.668  15.420 0.4000000060
103732  -33.722  -32.619  15.343 0.4000000060
99547  -34.565  -32.655  15.059 0.4000000060
24323  -34.033  -30.228  16.060 0.4000000060
23503  -33.294  -31.848  15.649 0.4000000060
117558  -33.962  -31.402  15.583 0.4000000060
99248  -34.640  -31.351  15.141 0.4000000060
99733  -35.455  -31.178  14.473 0.5000000000
24322  -33.430  -30.921  15.928 0.4000000060
114675  -34.408  -42.498  11.485 0.5000000000
16745  -35.186  -41.390  11.457 0.5000000000
16020  -36.696  -41.663  11.530 0.4000000060
10834  -34.263  -51.236  11.110 0.5000000000
10833  -31.640  -50.119  10.905 0.8000000119
11430  -31.060  -49.676  11.935 0.8000000119
12079  -30.979  -48.946  12.446 0.6999999881
10825  -35.219  -51.066  12.813 0.5000000000
107300  -31.255  -47.088  13.544 0.6999999881
11424  -34.592  -49.863  13.768 0.5000000000
12710  -31.352  -46.211  13.886 0.6999999881
13295  -31.215  -45.269  14.162 0.6999999881
14628  -30.355  -43.719  15.712 0.6999999881
12072  -33.533  -47.519  14.558 0.4000000060
101484  -33.405  -46.938  15.092 0.4000000060
13928  -29.964  -44.241  17.627 0.6000000238
13291  -33.206  -45.852  14.647 0.4000000060
15315  -29.278  -42.323  18.204 0.6000000238
15996  -29.293  -41.632  17.619 0.5000000000
109934  -29.273  -41.052  17.131 0.5000000000
117781  -29.350  -40.385  16.418 0.5000000000
110468  -29.385  -39.021  16.130 0.4000000060
18980  -29.492  -37.215  15.318 0.4000000060
19732  -29.540  -36.319  14.656 0.4000000060
116568  -29.658  -36.588  13.979 0.4000000060
19736  -29.750  -35.880  13.990 0.4000000060
20448  -30.410  -35.054  13.987 0.4000000060
21947  -31.196  -34.306  14.324 0.4000000060
21936  -31.555  -33.409  14.592 0.4000000060
107581  -32.383  -31.999  15.430 0.4000000060
107023  -33.266  -30.193  16.232 0.4000000060
10250  -32.317  -52.090  9.932 0.8000000119
12086  -34.923  -47.947  9.882 0.6999999881
12725  -34.975  -47.115  9.812 0.6000000238
109166  -30.839  -43.921  13.711 0.6999999881
12717  -35.775  -46.660  11.233 0.5000000000
103758  -30.350  -43.271  14.908 0.6000000238
15340  -35.403  -43.022  11.426 0.5000000000
16008  -29.901  -41.347  13.782 0.6000000238
16019  -35.339  -42.149  11.530 0.5000000000
17481  -35.165  -40.154  11.390 0.4000000060
16744  -33.679  -40.889  11.519 0.4000000060
17483  -38.786  -40.692  11.282 0.4000000060
20453  -30.085  -35.725  13.790 0.4000000060
19002  -35.663  -37.488  11.355 0.4000000060
113542  -34.176  -31.980  15.328 0.4000000060
7896  -25.774  -53.823  20.930 0.4000000060
7897  -26.691  -53.774  21.073 0.4000000060
117101  -27.965  -52.837  20.910 0.4000000060
9049  -26.732  -52.569  20.504 0.4000000060
9050  -27.623  -52.277  20.412 0.4000000060
9051  -28.612  -52.370  20.357 0.4000000060
9626  -28.322  -51.966  19.738 0.4000000060
9642  -29.868  -51.243  19.197 0.5000000000
9061  -27.115  -52.473  19.519 0.4000000060
9062  -27.697  -52.262  19.428 0.4000000060
9641  -28.894  -51.621  19.032 0.5000000000
9663  -29.431  -51.552  18.395 0.5000000000
9677  -29.899  -51.681  16.987 0.6000000238
103514  -26.820  -53.092  18.133 0.4000000060
9078  -27.371  -52.835  18.036 0.4000000060
9662  -28.530  -52.339  17.553 0.4000000060
9664  -30.218  -51.089  18.608 0.5000000000
100394  -33.716  -48.376  14.298 0.3000000119
12060  -33.812  -47.767  15.115 0.4000000060
103540  -33.241  -46.265  15.544 0.3000000119
10214  -30.528  -50.987  18.004 0.5000000000
10243  -34.762  -52.314  13.553 0.5000000000
10224  -27.916  -52.116  16.685 0.4000000060
9676  -29.128  -52.175  17.161 0.5000000000
9674  -27.413  -52.394  17.117 0.4000000060
9096  -27.761  -52.654  17.140 0.4000000060
9678  -30.470  -51.690  16.358 0.6000000238
10232  -31.503  -51.056  16.609 0.6000000238
9692  -31.736  -51.930  15.275 0.6999999881
9687  -31.910  -51.272  16.016 0.6999999881
9694  -34.360  -51.691  14.863 0.6999999881
9693  -32.853  -51.232  15.590 0.6999999881
9698  -34.811  -52.410  13.915 0.6999999881
9684  -29.105  -52.180  16.400 0.5000000000
9685  -29.643  -52.082  16.057 0.6000000238
9691  -30.672  -52.430  15.042 0.6000000238
10231  -28.508  -51.648  16.331 0.4000000060
9683  -28.883  -51.978  16.215 0.5000000000
9111  -31.333  -52.686  14.363 0.6000000238
118589  -33.266  -46.447  14.880 0.3000000119
9686  -31.003  -51.763  15.804 0.6000000238
9112  -33.003  -52.356  14.553 0.6999999881
9702  -35.542  -52.586  12.735 0.6000000238
10246  -35.509  -51.852  12.430 0.5000000000
109457  -28.487  -50.342  16.020 0.6000000238
10237  -28.895  -51.148  15.511 0.6000000238
10238  -29.275  -51.308  14.954 0.6999999881
9696  -29.635  -51.885  14.682 0.6000000238
9697  -30.110  -52.494  14.154 0.6000000238
9115  -30.923  -52.977  13.224 0.6000000238
9690  -29.384  -51.921  15.628 0.6000000238
9116  -32.254  -53.187  13.530 0.6000000238
9117  -33.825  -52.976  13.372 0.6999999881
9122  -34.399  -53.212  12.133 0.6999999881
9118  -35.449  -52.751  12.836 0.6999999881
10241  -29.007  -50.461  14.603 0.6000000238
10242  -29.314  -51.018  14.164 0.6999999881
9701  -30.002  -52.415  12.695 0.6000000238
9710  -34.235  -52.356  11.055 0.5000000000
9120  -31.857  -53.422  12.334 0.6999999881
9121  -33.050  -53.357  12.622 0.6999999881
9706  -35.192  -52.813  12.004 0.6000000238
10245  -29.641  -50.912  12.474 0.6999999881
10247  -30.025  -51.693  11.537 0.6999999881
10244  -29.383  -50.901  13.189 0.6999999881
9703  -29.662  -51.694  12.378 0.6000000238
9704  -30.157  -52.430  11.519 0.5000000000
9700  -29.645  -51.751  13.518 0.6999999881
9123  -31.657  -53.424  10.978 0.6999999881
9709  -33.345  -52.502  9.950 0.5000000000
9125  -32.739  -53.185  10.487 0.6999999881
9126  -33.872  -52.953  11.110 0.6000000238
10832  -30.589  -50.537  11.806 0.6999999881
9708  -31.822  -53.007  10.182 0.6000000238
10248  -31.241  -51.251  10.773 0.6999999881
9707  -30.810  -52.473  10.657 0.6000000238
8456  -27.140  -52.900  21.041 0.4000000060
9063  -29.178  -51.723  19.699 0.4000000060
9079  -28.050  -52.428  18.332 0.4000000060
9675  -28.458  -52.323  16.688 0.4000000060
9699  -35.365  -52.574  13.315 0.6999999881
108611  -29.969  -52.309  15.390 0.6000000238
10823  -29.115  -50.063  13.744 0.5000000000
10818  -28.592  -50.019  14.977 0.5000000000
10813  -28.117  -49.561  16.603 0.4000000060
102392  -28.773  -49.603  14.218 0.5000000000
11422  -29.192  -49.160  13.908 0.5000000000
10829  -29.474  -50.254  13.178 0.6000000238
11427  -29.690  -49.434  13.465 0.5000000000
11428  -30.442  -48.922  13.235 0.6999999881
11423  -30.148  -48.520  13.938 0.6000000238
10812  -27.636  -49.125  17.203 0.5000000000
11406  -27.646  -48.801  16.019 0.5000000000
11411  -28.343  -49.195  14.549 0.5000000000
11421  -28.699  -48.957  14.351 0.5000000000
12070  -29.543  -48.332  14.539 0.6000000238
119601  -30.217  -48.005  14.460 0.5000000000
11410  -27.719  -48.724  14.656 0.5000000000
11420  -27.838  -48.557  14.578 0.5000000000
103546  -30.922  -48.068  13.147 0.6000000238
12059  -30.386  -47.442  14.871 0.5000000000
107189  -31.128  -46.950  14.346 0.6000000238
11405  -26.647  -48.334  15.911 0.5000000000
11409  -26.803  -48.510  14.327 0.5000000000
11419  -26.719  -48.483  13.538 0.5000000000
12068  -26.324  -48.063  12.790 0.5000000000
12694  -27.280  -47.283  14.456 0.6000000238
12056  -27.266  -48.029  13.969 0.4000000060
12681  -28.155  -46.912  15.786 0.4000000060
12057  -28.357  -47.732  15.047 0.5000000000
12058  -29.422  -47.592  15.339 0.5000000000
12069  -28.577  -48.358  14.680 0.4000000060
12664  -27.884  -46.291  16.818 0.4000000060
110930  -28.669  -46.541  16.609 0.5000000000
12047  -29.014  -47.067  16.054 0.5000000000
13256  -28.270  -45.878  17.716 0.4000000060
12705  -31.086  -46.297  14.905 0.6000000238
13290  -30.918  -45.278  15.086 0.6000000238
114123  -29.537  -45.661  17.371 0.5000000000
13272  -30.140  -45.525  16.887 0.5000000000
12682  -29.505  -46.327  16.757 0.5000000000
13913  -29.435  -44.550  18.286 0.4000000060
13241  -29.794  -45.069  17.631 0.5000000000
13284  -30.492  -45.426  15.966 0.6000000238
12695  -29.702  -46.896  16.124 0.6000000238
116923  -30.656  -46.040  15.631 0.6000000238
13929  -30.204  -44.753  17.123 0.5000000000
15314  -28.840  -42.350  18.815 0.3000000119
110956  -29.251  -43.079  18.617 0.4000000060
114875  -29.101  -43.891  18.819 0.4000000060
13939  -30.407  -44.684  16.336 0.5000000000
13944  -30.575  -44.548  15.370 0.6000000238
18225  -29.468  -38.117  15.799 0.3000000119
17455  -29.242  -39.233  17.231 0.3000000119
16723  -29.213  -40.268  17.133 0.4000000060
16715  -29.079  -40.891  17.801 0.4000000060
19727  -29.442  -36.335  15.826 0.3000000119
20447  -29.818  -35.009  14.130 0.3000000119
116240  -29.477  -35.687  15.047 0.3000000119
21171  -29.830  -34.076  14.451 0.3000000119
21172  -30.058  -34.136  14.223 0.3000000119
21946  -30.397  -33.323  14.315 0.3000000119
22726  -30.873  -32.600  14.484 0.3000000119
115310  -31.424  -31.992  14.848 0.3000000119
118384  -31.841  -31.497  15.356 0.3000000119
108270  -29.588  -42.931  18.054 0.5000000000
18977  -29.411  -37.308  16.390 0.3000000119
10830  -30.305  -49.789  12.751 0.5000000000
11407  -28.270  -49.406  15.378 0.5000000000
12696  -30.312  -46.842  15.639 0.6000000238
102193  -35.185  -50.852  14.303 0.3000000119
10239  -33.880  -50.551  15.930 0.6000000238
10240  -34.839  -51.633  14.671 0.6000000238
12049  -34.872  -47.414  15.838 0.3000000119
12061  -34.597  -48.748  14.936 0.3000000119
11412  -34.268  -48.896  14.574 0.3000000119
12050  -35.888  -47.365  15.831 0.3000000119
12048  -34.127  -47.259  15.810 0.3000000119
11413  -34.910  -50.198  14.061 0.3000000119
118209  -35.509  -50.735  15.082 0.4000000060
10805  -28.108  -50.714  16.726 0.4000000060
12687  -36.463  -46.285  16.421 0.3000000119
12685  -34.401  -46.686  16.492 0.3000000119
7900  -30.047  -54.106  19.957 0.5000000000
7912  -30.951  -54.224  19.385 0.5000000000
7898  -27.817  -53.849  20.971 0.4000000060
8457  -28.685  -53.422  20.714 0.4000000060
107288  -29.350  -54.037  20.398 0.4000000060
7911  -29.468  -54.760  19.793 0.5000000000
9644  -31.651  -51.502  19.278 0.5000000000
110732  -31.030  -52.559  19.698 0.5000000000
8458  -29.490  -53.207  20.384 0.5000000000
8459  -30.443  -53.096  19.951 0.5000000000
10217  -33.153  -50.527  18.324 0.6000000238
10216  -32.251  -50.593  18.337 0.6000000238
9065  -31.127  -51.919  19.560 0.5000000000
9052  -29.561  -52.357  20.076 0.4000000060
9064  -30.252  -51.907  19.698 0.5000000000
10227  -33.839  -50.106  17.531 0.6000000238
10226  -32.088  -50.462  17.453 0.6000000238
9643  -30.630  -51.012  18.965 0.4000000060
10198  -31.411  -50.932  18.828 0.5000000000
10234  -34.305  -50.098  16.591 0.6000000238
102584  -34.995  -50.458  13.811 0.3000000119
10215  -31.360  -50.668  18.194 0.4000000060
11414  -35.454  -49.847  14.008 0.3000000119
119243  -35.398  -48.391  15.322 0.3000000119
10819  -35.309  -51.159  14.062 0.3000000119
104190  -34.854  -50.595  15.389 0.5000000000
10233  -32.530  -50.611  16.477 0.6000000238
100113  -33.226  -50.110  17.044 0.6000000238
10218  -34.069  -50.540  18.188 0.5000000000
10228  -34.700  -50.130  17.455 0.4000000060
10806  -34.644  -49.958  16.899 0.5000000000
9665  -34.299  -51.181  18.416 0.5000000000
9646  -33.493  -51.209  18.706 0.5000000000
9679  -34.893  -50.756  17.988 0.4000000060
10807  -35.240  -50.115  16.543 0.4000000060
10814  -35.050  -50.400  15.922 0.5000000000
9645  -32.442  -51.054  18.923 0.5000000000
5922  -28.718  -57.840  14.922 0.3000000119
5944  -29.361  -58.004  14.086 0.3000000119
5945  -30.289  -58.099  14.504 0.3000000119
116322  -30.893  -58.168  13.903 0.4000000060
5923  -29.651  -57.975  15.116 0.3000000119
6474  -29.061  -57.750  15.766 0.3000000119
106022  -31.675  -58.089  14.105 0.4000000060
5946  -31.067  -58.082  14.732 0.4000000060
5924  -30.486  -57.965  15.333 0.3000000119
6453  -29.375  -57.628  16.567 0.3000000119
111937  -32.336  -58.026  14.429 0.4000000060
5926  -32.650  -57.826  15.272 0.4000000060
5925  -31.252  -57.860  15.522 0.4000000060
5906  -29.918  -57.833  15.949 0.4000000060
6431  -29.681  -57.373  17.282 0.4000000060
6454  -30.188  -57.622  16.683 0.4000000060
6457  -34.589  -57.086  15.987 0.3000000119
6476  -33.264  -57.568  15.913 0.4000000060
6475  -32.467  -57.496  16.192 0.4000000060
6433  -31.355  -57.148  17.129 0.4000000060
6432  -30.506  -57.269  17.272 0.4000000060
6937  -30.011  -56.892  17.863 0.4000000060
7468  -35.042  -56.148  16.388 0.3000000119
6942  -34.119  -56.505  16.635 0.4000000060
6940  -32.791  -56.396  17.308 0.4000000060
6957  -33.345  -56.725  16.792 0.4000000060
6434  -32.081  -56.754  17.247 0.4000000060
6920  -32.067  -56.079  17.844 0.4000000060
6939  -31.521  -56.585  17.624 0.4000000060
6919  -31.214  -56.166  18.147 0.4000000060
6938  -30.847  -56.757  17.746 0.4000000060
109637  -34.390  -55.082  17.351 0.4000000060
118790  -34.006  -55.528  17.340 0.4000000060
109308  -32.093  -54.796  18.532 0.4000000060
7445  -31.564  -55.410  18.459 0.4000000060
7443  -30.092  -55.796  18.808 0.4000000060
6918  -30.415  -56.301  18.317 0.4000000060
6917  -29.487  -56.345  18.534 0.4000000060
7456  -33.610  -55.112  17.690 0.4000000060
7447  -32.817  -54.908  18.169 0.4000000060
7930  -31.474  -54.703  18.824 0.4000000060
7432  -29.508  -55.578  19.218 0.4000000060
7932  -33.356  -54.255  18.184 0.4000000060
9080  -32.611  -52.538  19.017 0.4000000060
9066  -31.804  -52.434  19.446 0.4000000060
9082  -34.275  -52.741  18.082 0.4000000060
8484  -33.010  -53.405  18.586 0.4000000060
9081  -33.455  -52.457  18.596 0.4000000060
10229  -35.613  -50.342  17.252 0.3000000119
10808  -36.073  -50.414  16.040 0.3000000119
8469  -31.396  -53.319  19.467 0.4000000060
103803  -34.060  -51.890  18.400 0.4000000060
10815  -35.228  -51.354  14.502 0.3000000119
107859  -31.812  -57.931  14.943 0.4000000060
115645  -31.937  -57.745  15.663 0.4000000060
5908  -31.522  -57.566  16.317 0.4000000060
106340  -30.864  -57.513  16.724 0.4000000060
102233  -33.931  -57.513  15.790 0.4000000060
6455  -32.652  -56.999  16.801 0.4000000060
7458  -35.050  -55.249  16.841 0.3000000119
7457  -34.374  -55.783  16.990 0.4000000060
6941  -33.609  -56.004  17.255 0.4000000060
7455  -32.876  -55.656  17.747 0.4000000060
7933  -34.142  -54.319  17.730 0.4000000060
7931  -32.553  -54.153  18.557 0.4000000060
7444  -30.754  -55.612  18.643 0.4000000060
8470  -32.200  -53.351  18.994 0.4000000060
8485  -33.820  -53.489  18.157 0.4000000060
5967  -33.674  -58.429  13.523 0.3000000119
5438  -32.698  -58.879  11.812 0.3000000119
103992  -32.084  -58.522  12.580 0.3000000119
5947  -33.135  -58.106  14.415 0.3000000119
106103  -32.484  -58.286  13.546 0.3000000119
6477  -34.435  -57.753  15.326 0.3000000119
5927  -33.599  -57.833  15.222 0.3000000119
7946  -35.008  -54.357  17.276 0.3000000119
8486  -34.581  -53.569  17.701 0.3000000119
9097  -34.791  -51.915  17.937 0.3000000119
5907  -30.708  -57.742  16.096 0.4000000060
5948  -34.221  -58.194  14.463 0.3000000119
5994  -31.661  -58.727  11.769 0.3000000119
6456  -33.734  -57.136  16.283 0.4000000060
7433  -30.271  -55.028  19.268 0.4000000060
7446  -32.305  -55.401  18.187 0.4000000060
7913  -31.772  -54.093  18.926 0.4000000060
7929  -31.004  -54.997  18.917 0.4000000060
9067  -32.291  -51.807  19.238 0.5000000000
9119  -30.717  -53.048  11.890 0.6000000238
9124  -32.942  -53.368  11.555 0.6999999881
9695  -35.062  -52.211  14.065 0.6999999881
9705  -30.726  -53.075  10.779 0.6000000238
10197  -30.852  -50.859  18.595 0.4000000060
10225  -30.989  -51.015  17.309 0.5000000000
10249  -34.944  -52.185  11.816 0.6000000238
12071  -30.698  -47.661  14.117 0.5000000000
12085  -34.503  -48.419  9.836 0.6999999881
12087  -33.229  -47.536  9.608 0.6999999881
12665  -28.844  -46.067  17.302 0.5000000000
12683  -30.209  -46.250  16.266 0.6000000238
12722  -36.263  -46.377  10.487 0.5000000000
13303  -38.028  -44.751  10.522 0.3000000119
13305  -32.616  -45.514  11.299 0.6000000238
13307  -37.685  -44.982  10.061 0.5000000000
13966  -37.735  -44.075  9.827 0.5000000000
13967  -38.499  -43.781  10.106 0.5000000000
13968  -36.862  -44.890  9.769 0.5000000000
14613  -29.624  -43.672  18.218 0.5000000000
14640  -39.262  -42.973  11.574 0.3000000119
14647  -39.190  -43.300  10.452 0.3000000119
15320  -29.743  -42.493  16.774 0.6000000238
15325  -29.800  -41.891  15.051 0.6000000238
15328  -29.983  -41.985  14.153 0.6000000238
15343  -39.311  -42.874  10.783 0.3000000119
16016  -39.139  -41.385  11.657 0.3000000119
16732  -29.629  -40.727  13.949 0.5000000000
16735  -37.020  -40.660  13.166 0.3000000119
17464  -29.444  -38.959  13.778 0.5000000000
17470  -35.964  -39.942  13.627 0.3000000119
17475  -31.529  -39.548  12.278 0.4000000060
17479  -33.245  -40.271  11.847 0.4000000060
17484  -39.222  -40.419  11.341 0.4000000060
18233  -29.487  -38.045  13.883 0.4000000060
18992  -30.292  -37.793  12.738 0.4000000060
18993  -31.179  -37.762  12.342 0.4000000060
18996  -40.758  -38.490  10.981 0.4000000060
18997  -41.055  -37.681  10.718 0.3000000119
19746  -30.694  -37.220  12.701 0.4000000060
19754  -35.364  -36.558  11.423 0.4000000060
21166  -33.231  -34.169  15.040 0.4000000060
22718  -31.999  -32.684  14.952 0.4000000060
23502  -32.545  -31.290  15.774 0.3000000119
97795  -33.419  -33.357  15.274 0.4000000060
99668  -32.913  -50.232  17.825 0.6000000238
101432  -29.825  -51.443  17.870 0.6000000238
103950  -33.106  -57.220  16.416 0.4000000060
104366  -34.118  -33.254  15.186 0.4000000060
104554  -32.028  -57.225  16.750 0.4000000060
106152  -37.403  -39.868  11.443 0.4000000060
107793  -29.605  -35.521  14.436 0.4000000060
107956  -34.817  -35.802  15.964 0.4000000060
107988  -30.791  -51.303  19.269 0.5000000000
110008  -29.369  -40.871  16.489 0.5000000000
110119  -33.468  -38.156  11.587 0.4000000060
110507  -29.057  -45.387  18.046 0.4000000060
110631  -29.341  -39.869  16.338 0.5000000000
111027  -30.316  -42.019  13.600 0.6000000238
114040  -29.634  -38.486  13.363 0.5000000000
115529  -38.245  -44.415  10.099 0.3000000119
115593  -34.074  -51.732  10.047 0.5000000000
116685  -30.639  -42.018  13.156 0.6000000238
117107  -33.287  -35.004  13.863 0.4000000060
117182  -32.863  -51.758  18.993 0.4000000060
118095  -38.997  -43.468  11.528 0.4000000060
120124  -30.471  -36.198  13.548 0.4000000060
120426  -34.579  -39.012  14.503 0.4000000060
