#!ascii label  , from subject sub-v2s12x28856_ses-1 vox2ras=TkReg
1863
104263  -29.473  -29.857  15.945 0.5000000000
24330  -29.269  -30.021  14.911 0.5000000000
25262  -29.372  -28.995  14.540 0.4000000060
25269  -29.590  -29.243  14.432 0.5000000000
26202  -29.383  -28.464  14.313 0.5000000000
26187  -31.210  -28.220  16.291 0.5000000000
108989  -30.485  -11.003  9.480 0.5000000000
41796  -30.828  -10.362  9.624 0.4000000060
43776  -30.608  -8.999  9.281 0.4000000060
42754  -31.387  -9.669  9.688 0.4000000060
118989  -31.751  -9.022  9.643 0.5000000000
44815  -31.269  -7.491  8.939 0.5000000000
43777  -32.498  -8.603  9.771 0.5000000000
116234  -31.420  -8.293  9.407 0.4000000060
44807  -33.242  -8.084  9.860 0.5000000000
100097  -32.298  -7.716  9.495 0.5000000000
45814  -32.139  -6.681  9.058 0.4000000060
23495  -29.622  -31.696  16.406 0.5000000000
23500  -29.449  -30.837  14.720 0.4000000060
24331  -29.825  -30.079  14.316 0.5000000000
24332  -30.572  -30.226  14.625 0.5000000000
24320  -31.576  -29.984  15.756 0.5000000000
25253  -31.623  -29.073  16.111 0.5000000000
26993  -32.141  -27.584  16.931 0.5000000000
40869  -30.347  -11.942  10.104 0.5000000000
40894  -30.524  -11.750  9.720 0.5000000000
104629  -30.245  -10.705  9.001 0.5000000000
41808  -30.116  -10.246  9.051 0.5000000000
44806  -30.494  -8.173  8.767 0.6000000238
48490  -33.889  -3.485  6.904 0.3000000119
45813  -31.126  -6.728  8.268 0.4000000060
48475  -33.426  -3.634  7.317 0.3000000119
46721  -32.546  -5.669  8.728 0.4000000060
46728  -31.618  -5.884  8.118 0.3000000119
47586  -32.837  -4.735  8.339 0.4000000060
24319  -29.499  -30.776  15.805 0.5000000000
26196  -30.584  -28.352  14.820 0.5000000000
25264  -30.676  -29.169  14.832 0.5000000000
26992  -30.835  -27.542  16.436 0.5000000000
43784  -30.022  -8.799  8.477 0.6000000238
48476  -34.169  -3.321  7.628 0.3000000119
47601  -33.111  -3.984  7.834 0.3000000119
13932  -34.219  -44.962  18.065 0.3000000119
13931  -33.484  -44.536  17.719 0.3000000119
13941  -33.144  -44.810  17.086 0.4000000060
13940  -32.762  -44.151  16.784 0.4000000060
13274  -33.361  -45.657  16.805 0.4000000060
13273  -32.885  -44.936  16.275 0.4000000060
13945  -32.665  -44.105  16.110 0.4000000060
13285  -32.983  -45.396  15.462 0.4000000060
14632  -33.139  -43.425  14.814 0.4000000060
15327  -33.542  -42.659  14.471 0.4000000060
14622  -33.260  -43.823  18.063 0.3000000119
14621  -32.719  -43.319  17.979 0.3000000119
115137  -32.379  -42.694  17.779 0.4000000060
13930  -32.957  -43.998  17.458 0.4000000060
14626  -32.595  -43.415  17.268 0.4000000060
14629  -32.570  -43.456  16.459 0.4000000060
15323  -32.550  -42.737  16.009 0.4000000060
14630  -32.723  -43.467  15.634 0.4000000060
15324  -32.984  -42.702  15.213 0.4000000060
15330  -34.129  -41.932  14.068 0.4000000060
113328  -34.140  -42.702  13.942 0.4000000060
16704  -32.143  -40.908  19.365 0.3000000119
113603  -32.085  -41.411  18.877 0.3000000119
16716  -31.814  -40.922  18.541 0.3000000119
15319  -32.173  -41.969  17.318 0.4000000060
16002  -32.172  -41.228  16.772 0.4000000060
15321  -32.383  -42.736  16.894 0.4000000060
111227  -32.366  -41.987  16.400 0.4000000060
111264  -33.045  -41.210  15.222 0.4000000060
108656  -33.335  -41.953  14.820 0.4000000060
17465  -33.663  -39.682  14.819 0.4000000060
16007  -33.633  -41.155  14.416 0.4000000060
18228  -34.177  -38.193  15.085 0.4000000060
18230  -34.010  -38.903  14.850 0.4000000060
16731  -34.028  -40.363  14.164 0.4000000060
17441  -32.044  -40.041  19.811 0.3000000119
15301  -32.539  -41.851  19.164 0.3000000119
17449  -31.686  -40.202  19.114 0.3000000119
16725  -31.988  -40.513  17.098 0.3000000119
16004  -32.510  -41.230  15.962 0.4000000060
16728  -32.788  -40.476  15.664 0.4000000060
106358  -33.395  -39.153  15.277 0.4000000060
17463  -33.102  -39.755  15.448 0.4000000060
16729  -33.361  -40.438  14.969 0.4000000060
18981  -34.045  -37.652  15.500 0.4000000060
116989  -34.564  -37.104  15.501 0.4000000060
17440  -31.704  -39.567  19.519 0.3000000119
110058  -31.562  -39.424  18.832 0.3000000119
116190  -31.577  -38.503  18.452 0.3000000119
110367  -31.667  -39.261  17.896 0.4000000060
17460  -32.122  -39.786  16.731 0.4000000060
18223  -32.313  -38.936  16.503 0.4000000060
16727  -32.318  -40.485  16.349 0.4000000060
20430  -32.494  -35.473  17.696 0.3000000119
18978  -32.748  -37.558  16.568 0.4000000060
17462  -32.531  -39.726  16.037 0.4000000060
19729  -33.325  -36.849  16.494 0.3000000119
18979  -33.407  -37.631  16.031 0.4000000060
18224  -32.809  -38.277  16.143 0.4000000060
19733  -34.060  -36.974  15.972 0.4000000060
18928  -33.790  -36.883  21.982 0.3000000119
18940  -32.825  -37.294  21.589 0.3000000119
20368  -33.989  -35.465  22.741 0.3000000119
18200  -32.651  -38.682  20.842 0.3000000119
18950  -32.143  -37.692  20.971 0.3000000119
18199  -31.775  -38.368  20.331 0.3000000119
106783  -31.662  -37.645  20.441 0.3000000119
102467  -31.492  -37.104  20.130 0.3000000119
18205  -31.561  -38.774  19.481 0.3000000119
18965  -31.472  -37.063  19.220 0.3000000119
19719  -31.645  -36.972  18.326 0.3000000119
117284  -31.519  -37.714  18.754 0.3000000119
19708  -31.953  -36.244  18.010 0.3000000119
18217  -31.941  -38.467  17.361 0.3000000119
108669  -32.372  -36.287  17.414 0.3000000119
18973  -32.216  -37.597  17.167 0.4000000060
20431  -33.191  -35.073  17.239 0.3000000119
20443  -33.751  -35.114  16.674 0.4000000060
20444  -34.533  -35.203  16.217 0.4000000060
19668  -33.331  -36.079  22.612 0.3000000119
19680  -32.738  -36.513  22.034 0.3000000119
19667  -32.665  -35.892  22.434 0.3000000119
19679  -31.725  -36.291  21.280 0.3000000119
110806  -31.680  -35.130  19.677 0.3000000119
19693  -31.505  -36.380  19.674 0.3000000119
21132  -31.920  -34.956  19.071 0.3000000119
19707  -31.635  -36.302  18.800 0.3000000119
21133  -32.380  -34.783  18.380 0.3000000119
21144  -32.966  -34.562  17.748 0.3000000119
21907  -33.306  -33.892  17.725 0.3000000119
21157  -33.649  -34.318  17.171 0.3000000119
21908  -33.763  -33.548  17.379 0.3000000119
99319  -34.942  -34.651  16.030 0.4000000060
110497  -33.817  -34.784  22.663 0.3000000119
21072  -34.552  -34.802  22.866 0.3000000119
111223  -32.149  -36.094  21.906 0.3000000119
20380  -32.387  -35.356  22.102 0.3000000119
109910  -35.023  -34.073  22.763 0.3000000119
114969  -35.875  -32.487  22.338 0.3000000119
20379  -31.878  -35.549  21.515 0.3000000119
21070  -32.654  -34.536  22.096 0.3000000119
21833  -35.637  -33.309  22.453 0.3000000119
21864  -31.915  -33.429  20.072 0.3000000119
21101  -31.902  -34.230  20.671 0.3000000119
21087  -31.770  -35.043  21.011 0.3000000119
21878  -32.237  -33.455  19.270 0.3000000119
21116  -31.835  -34.343  19.716 0.3000000119
23469  -32.253  -31.947  19.717 0.3000000119
104682  -32.674  -33.058  18.644 0.3000000119
21893  -33.314  -33.165  17.999 0.3000000119
21158  -34.321  -34.324  16.469 0.4000000060
21925  -34.476  -33.577  16.519 0.4000000060
99788  -35.816  -33.869  15.368 0.5000000000
113281  -34.163  -34.075  22.535 0.3000000119
21071  -33.331  -34.273  22.371 0.3000000119
21832  -34.609  -33.293  22.436 0.3000000119
21088  -32.119  -34.757  21.515 0.3000000119
21847  -32.841  -33.661  21.966 0.3000000119
22622  -37.250  -32.467  22.037 0.3000000119
22636  -32.517  -32.429  21.196 0.3000000119
113665  -32.561  -33.203  21.424 0.3000000119
23420  -37.414  -31.771  22.114 0.3000000119
22655  -32.219  -32.385  20.445 0.3000000119
23421  -38.161  -31.631  22.001 0.3000000119
24288  -33.017  -30.173  19.686 0.3000000119
24287  -32.460  -31.076  19.648 0.3000000119
24268  -40.516  -30.693  21.609 0.3000000119
22686  -32.949  -32.360  18.481 0.3000000119
23481  -33.336  -31.515  18.294 0.3000000119
22698  -33.642  -32.366  17.837 0.3000000119
22699  -34.375  -32.389  17.223 0.3000000119
22709  -35.038  -32.020  16.740 0.4000000060
22710  -35.603  -32.141  16.163 0.5000000000
22619  -34.114  -32.521  22.386 0.3000000119
22620  -35.037  -32.514  22.471 0.3000000119
21848  -32.926  -32.830  21.821 0.3000000119
22618  -33.393  -32.484  22.152 0.3000000119
23417  -34.500  -31.694  22.547 0.3000000119
23418  -35.469  -31.750  22.494 0.3000000119
23439  -32.665  -31.528  21.159 0.3000000119
23419  -36.504  -31.918  22.238 0.3000000119
24277  -32.644  -30.802  20.485 0.3000000119
24250  -37.637  -31.107  22.230 0.3000000119
24251  -38.323  -30.638  22.279 0.3000000119
24252  -39.209  -30.560  22.143 0.3000000119
101845  -41.156  -28.973  21.694 0.3000000119
108331  -40.388  -29.132  22.050 0.3000000119
24301  -32.878  -30.774  18.906 0.3000000119
118161  -33.489  -30.712  18.386 0.3000000119
24313  -34.017  -31.053  17.865 0.3000000119
23490  -34.746  -31.409  17.284 0.3000000119
23416  -33.634  -31.763  22.311 0.3000000119
107169  -35.022  -30.901  22.639 0.3000000119
24264  -32.954  -30.753  21.217 0.3000000119
23440  -33.240  -31.198  21.852 0.3000000119
22637  -32.963  -32.013  21.844 0.3000000119
24248  -34.058  -30.827  22.378 0.3000000119
108458  -35.677  -30.202  22.654 0.3000000119
24249  -36.513  -30.266  22.736 0.3000000119
109151  -35.971  -30.992  22.598 0.3000000119
25215  -33.701  -29.645  21.288 0.3000000119
24266  -34.167  -29.924  22.018 0.3000000119
25193  -35.540  -29.494  22.492 0.3000000119
25172  -36.866  -28.953  23.027 0.3000000119
25195  -37.061  -29.609  22.987 0.3000000119
112246  -37.377  -30.392  22.582 0.3000000119
114443  -33.424  -29.402  20.150 0.3000000119
26942  -39.434  -27.852  22.887 0.3000000119
25174  -38.357  -29.088  22.916 0.3000000119
26139  -39.931  -28.463  22.446 0.3000000119
25198  -39.669  -29.206  22.344 0.3000000119
26959  -41.251  -27.226  21.373 0.3000000119
26943  -40.167  -27.664  22.495 0.3000000119
25240  -34.221  -29.559  18.526 0.4000000060
116794  -41.506  -27.646  21.015 0.3000000119
24314  -34.605  -30.664  17.607 0.4000000060
27794  -43.166  -26.825  17.973 0.3000000119
23496  -35.700  -31.281  16.653 0.4000000060
28556  -44.429  -25.953  16.558 0.3000000119
98606  -36.271  -32.073  15.505 0.5000000000
118363  -33.510  -29.504  20.722 0.3000000119
25216  -34.333  -29.232  21.574 0.3000000119
26938  -36.054  -28.122  22.281 0.3000000119
26137  -36.672  -28.399  22.737 0.3000000119
26941  -38.819  -27.186  22.969 0.3000000119
25229  -33.654  -29.379  19.346 0.4000000060
27752  -40.212  -26.881  22.466 0.3000000119
27770  -41.300  -26.530  21.036 0.3000000119
26165  -34.515  -28.703  19.058 0.4000000060
25241  -35.154  -29.174  18.094 0.5000000000
27780  -41.969  -26.757  19.855 0.3000000119
27793  -42.812  -26.026  17.973 0.4000000060
24315  -35.414  -30.598  17.244 0.5000000000
24324  -36.366  -30.424  16.827 0.6000000238
27807  -43.764  -25.917  16.859 0.3000000119
23504  -36.605  -30.893  16.291 0.6000000238
97796  -36.761  -31.285  15.539 0.6000000238
26152  -34.642  -28.583  21.240 0.3000000119
26957  -36.390  -27.241  22.058 0.3000000119
27748  -37.126  -26.817  22.424 0.3000000119
26159  -33.980  -28.772  19.901 0.3000000119
26939  -36.831  -27.707  22.603 0.3000000119
27750  -38.552  -26.392  22.565 0.3000000119
27751  -39.390  -26.583  22.597 0.3000000119
28474  -39.940  -26.062  22.246 0.4000000060
111524  -34.585  -28.248  19.777 0.4000000060
27769  -40.771  -26.487  21.811 0.4000000060
28491  -40.976  -25.819  21.223 0.4000000060
26166  -35.276  -27.890  19.302 0.5000000000
106092  -41.391  -25.980  20.688 0.4000000060
116583  -42.099  -25.388  19.304 0.4000000060
28519  -42.946  -25.088  17.643 0.4000000060
26176  -35.484  -28.375  18.445 0.5000000000
108278  -35.973  -28.801  17.651 0.6000000238
101828  -42.327  -26.182  19.070 0.4000000060
28511  -42.476  -25.290  18.491 0.4000000060
28533  -43.561  -25.292  17.229 0.4000000060
29304  -44.187  -24.863  17.351 0.4000000060
105035  -44.063  -25.504  16.940 0.3000000119
28535  -45.823  -25.501  17.156 0.4000000060
24325  -37.024  -30.266  16.514 0.6000000238
97802  -37.199  -30.424  15.793 0.6000000238
99407  -37.329  -30.959  14.776 0.6999999881
26955  -35.108  -27.942  20.981 0.3000000119
27767  -36.662  -26.433  21.807 0.3000000119
27768  -37.150  -26.048  22.056 0.3000000119
26962  -35.062  -27.765  20.165 0.3000000119
28473  -39.057  -25.861  22.283 0.3000000119
28489  -39.442  -25.250  21.812 0.4000000060
28500  -40.628  -25.210  21.197 0.4000000060
28501  -41.209  -25.240  20.666 0.4000000060
27784  -36.001  -26.485  19.446 0.5000000000
110384  -42.112  -24.670  19.021 0.4000000060
110127  -35.869  -27.170  19.012 0.5000000000
26180  -36.171  -28.061  17.979 0.6000000238
29294  -43.055  -24.328  17.772 0.4000000060
29305  -45.327  -24.888  17.572 0.4000000060
25248  -36.709  -29.118  17.104 0.6000000238
29306  -46.326  -24.839  17.611 0.4000000060
29307  -47.222  -24.616  17.496 0.4000000060
25266  -37.472  -29.691  15.752 0.6999999881
112943  -37.502  -30.157  14.798 0.6999999881
97778  -37.888  -31.522  14.048 0.6999999881
27778  -36.400  -26.179  21.198 0.4000000060
28487  -37.668  -25.484  21.853 0.4000000060
29260  -38.682  -24.663  21.564 0.4000000060
30038  -38.852  -23.995  21.267 0.4000000060
27777  -36.042  -26.473  20.431 0.4000000060
28499  -36.419  -25.599  20.718 0.4000000060
29261  -39.364  -24.555  21.445 0.4000000060
28508  -36.223  -25.767  19.859 0.4000000060
29272  -40.547  -24.609  20.902 0.4000000060
29273  -41.159  -24.425  20.346 0.4000000060
29285  -42.046  -23.824  18.727 0.4000000060
115027  -43.301  -23.752  18.021 0.4000000060
26977  -36.222  -27.301  18.247 0.6000000238
30082  -44.710  -24.094  17.876 0.4000000060
30083  -45.763  -24.053  17.925 0.4000000060
103927  -36.498  -27.577  17.408 0.6000000238
120250  -36.674  -28.052  17.017 0.6999999881
26996  -36.716  -27.707  16.597 0.6999999881
30085  -47.558  -23.776  17.819 0.4000000060
27006  -37.063  -28.449  16.052 0.6999999881
112676  -38.114  -30.611  13.733 0.6999999881
30037  -37.931  -24.128  21.196 0.4000000060
29270  -37.114  -24.138  20.806 0.4000000060
30048  -40.483  -23.904  20.537 0.4000000060
115363  -36.117  -25.874  19.147 0.6000000238
29282  -36.199  -25.127  19.330 0.5000000000
30049  -41.086  -23.813  20.046 0.4000000060
28518  -36.192  -25.881  17.985 0.6999999881
104692  -42.717  -23.771  18.206 0.4000000060
27804  -36.376  -26.664  17.754 0.6999999881
30072  -44.059  -23.330  18.222 0.4000000060
27815  -36.574  -26.800  16.957 0.6999999881
30075  -47.011  -23.144  18.146 0.4000000060
30074  -46.152  -23.244  18.198 0.4000000060
109636  -36.778  -27.502  15.683 0.6999999881
30087  -49.153  -23.110  17.429 0.4000000060
25267  -37.446  -29.015  15.491 0.6999999881
98597  -37.945  -29.849  13.853 0.6999999881
30949  -50.205  -22.221  16.846 0.4000000060
30950  -50.814  -21.658  16.260 0.4000000060
30045  -36.870  -23.645  20.184 0.4000000060
30046  -37.569  -23.450  20.619 0.4000000060
30047  -38.366  -23.375  20.879 0.4000000060
111963  -39.110  -23.458  20.964 0.4000000060
28517  -36.115  -25.475  18.576 0.6999999881
29283  -36.380  -24.189  19.588 0.5000000000
30061  -40.553  -23.186  20.009 0.4000000060
28531  -36.018  -24.977  17.777 0.6999999881
30069  -41.743  -23.096  18.839 0.4000000060
30071  -43.106  -23.097  18.322 0.4000000060
28532  -36.298  -25.893  17.256 0.6999999881
104457  -43.681  -22.373  18.428 0.4000000060
106866  -36.480  -26.014  16.325 0.6999999881
30926  -45.623  -22.537  18.417 0.4000000060
103740  -36.642  -26.923  16.244 0.6999999881
30927  -46.468  -22.485  18.371 0.4000000060
30076  -47.817  -22.972  18.075 0.4000000060
30929  -47.925  -22.252  18.157 0.4000000060
27013  -37.102  -28.168  14.978 0.6999999881
30935  -48.581  -22.593  17.869 0.4000000060
26204  -37.593  -28.716  14.200 0.6999999881
31864  -51.357  -21.145  15.858 0.4000000060
30901  -38.016  -22.736  20.423 0.4000000060
110309  -38.921  -22.764  20.562 0.4000000060
30902  -39.749  -22.730  20.267 0.4000000060
30059  -36.658  -23.215  19.394 0.6000000238
30060  -37.289  -22.937  20.033 0.5000000000
30913  -39.331  -22.144  20.014 0.5000000000
30914  -40.217  -22.394  19.763 0.4000000060
28553  -33.703  -25.545  16.861 0.4000000060
28554  -34.197  -25.206  16.142 0.5000000000
29292  -36.260  -23.798  18.856 0.6000000238
30923  -41.789  -22.449  18.661 0.4000000060
29302  -36.044  -24.125  17.184 0.6000000238
30924  -42.650  -22.213  18.471 0.4000000060
101499  -36.169  -25.052  16.769 0.6000000238
31826  -45.157  -21.813  18.440 0.4000000060
28555  -36.430  -25.123  15.892 0.6999999881
114227  -36.600  -25.783  15.549 0.6999999881
31829  -47.523  -21.657  18.367 0.4000000060
27832  -36.941  -27.072  14.494 0.6999999881
31830  -48.424  -21.636  18.126 0.4000000060
31841  -49.922  -21.047  17.578 0.4000000060
32703  -50.748  -20.208  16.852 0.4000000060
110517  -51.399  -19.881  16.237 0.4000000060
30912  -38.468  -22.121  20.028 0.5000000000
30922  -37.359  -22.019  19.165 0.6000000238
30911  -37.708  -22.299  19.812 0.5000000000
31809  -39.879  -21.690  19.548 0.5000000000
28552  -32.667  -25.148  17.022 0.3000000119
29319  -33.740  -24.544  16.730 0.4000000060
30081  -36.255  -23.263  17.599 0.6000000238
30910  -36.805  -22.530  18.861 0.6000000238
31810  -41.186  -21.858  18.913 0.4000000060
107387  -36.270  -23.348  16.677 0.6000000238
31823  -41.867  -21.615  18.556 0.5000000000
29330  -36.524  -24.405  15.368 0.6999999881
102211  -36.258  -24.253  16.268 0.6000000238
31825  -44.253  -21.665  18.375 0.4000000060
29339  -36.815  -24.599  14.396 0.8000000119
31827  -45.562  -21.329  18.367 0.4000000060
110866  -45.970  -21.861  18.504 0.4000000060
109019  -47.847  -21.029  18.403 0.4000000060
32685  -48.573  -20.569  18.276 0.4000000060
111138  -50.168  -19.977  17.389 0.4000000060
33481  -51.035  -19.276  16.716 0.4000000060
33482  -51.598  -19.136  16.099 0.4000000060
31819  -37.046  -21.905  18.399 0.6000000238
31821  -38.419  -21.031  18.906 0.6000000238
31807  -38.057  -21.643  19.450 0.5000000000
31808  -38.974  -21.422  19.535 0.5000000000
30093  -33.314  -23.646  16.638 0.4000000060
30094  -34.048  -23.737  16.436 0.4000000060
31838  -36.815  -21.844  17.562 0.6000000238
31822  -41.172  -21.022  18.789 0.5000000000
29329  -34.333  -24.373  15.840 0.5000000000
103739  -36.671  -22.863  15.108 0.6999999881
30105  -36.437  -23.507  15.730 0.6999999881
29337  -34.610  -23.874  14.910 0.5000000000
30971  -36.976  -22.278  14.603 0.6999999881
30115  -36.699  -23.732  14.721 0.6999999881
32678  -41.949  -20.655  18.403 0.5000000000
30121  -35.248  -23.358  13.232 0.6999999881
30114  -34.970  -23.238  14.314 0.6000000238
30122  -37.151  -24.018  13.537 0.6999999881
109440  -37.043  -23.040  13.856 0.6999999881
32680  -43.813  -20.911  18.139 0.5000000000
106577  -34.936  -21.766  10.865 0.6999999881
30977  -35.391  -22.600  12.575 0.6999999881
29346  -37.310  -24.826  13.252 0.6999999881
32681  -44.840  -21.030  18.144 0.4000000060
29347  -37.903  -24.357  11.982 0.6999999881
117998  -37.997  -25.013  11.971 0.8000000119
32682  -45.680  -20.759  18.166 0.4000000060
31828  -46.239  -21.204  18.481 0.4000000060
32684  -47.677  -20.339  18.600 0.4000000060
32695  -49.555  -20.330  17.766 0.4000000060
33470  -50.409  -19.365  17.240 0.4000000060
32674  -37.966  -20.742  18.165 0.6000000238
32675  -38.815  -20.304  18.382 0.6000000238
32665  -39.106  -20.775  19.017 0.6000000238
32666  -39.731  -20.974  19.219 0.5000000000
30946  -33.806  -22.828  16.354 0.4000000060
30959  -34.378  -22.510  15.683 0.4000000060
30104  -34.356  -23.379  15.808 0.6999999881
31849  -37.236  -21.132  16.342 0.6999999881
31839  -37.172  -21.258  17.103 0.6000000238
108962  -37.373  -21.301  17.876 0.6000000238
33447  -40.275  -19.919  18.503 0.5000000000
30113  -34.633  -23.055  15.119 0.6999999881
30972  -37.239  -21.723  14.339 0.6999999881
31875  -37.058  -21.710  15.099 0.6999999881
31862  -36.875  -21.736  15.877 0.6999999881
31848  -36.756  -21.801  16.701 0.6999999881
103029  -41.061  -20.194  18.595 0.5000000000
30970  -35.265  -22.456  13.821 0.6999999881
108600  -36.765  -22.202  15.385 0.6999999881
32679  -42.890  -20.772  18.199 0.5000000000
113434  -37.536  -22.729  12.562 0.6999999881
30978  -37.306  -22.160  13.539 0.6999999881
32693  -44.314  -20.351  17.675 0.4000000060
31893  -35.315  -21.852  11.811 0.6999999881
103162  -37.967  -21.964  11.732 0.6999999881
30123  -37.680  -23.521  12.239 0.6999999881
32746  -38.309  -20.893  11.289 0.6000000238
119118  -39.321  -21.671  10.135 0.6000000238
114608  -38.737  -22.983  10.782 0.6999999881
33450  -45.944  -20.124  17.838 0.4000000060
32750  -34.813  -20.954  10.651 0.6999999881
116548  -47.055  -20.221  18.645 0.4000000060
32751  -39.360  -21.459  9.592 0.6000000238
33452  -47.443  -19.529  18.590 0.4000000060
33453  -48.207  -19.064  18.627 0.4000000060
33454  -48.937  -19.518  18.307 0.4000000060
34288  -50.591  -18.570  17.088 0.4000000060
34289  -51.224  -18.479  16.503 0.4000000060
30958  -33.914  -21.885  16.032 0.6000000238
110614  -34.376  -21.807  15.527 0.6999999881
116918  -37.441  -20.616  15.126 0.6000000238
32702  -37.552  -20.424  16.534 0.6999999881
33459  -37.977  -19.844  16.841 0.6999999881
32691  -37.635  -20.621  17.290 0.6000000238
31863  -37.263  -21.159  15.517 0.6999999881
30969  -34.801  -22.263  14.877 0.6999999881
31885  -37.483  -21.210  13.388 0.6000000238
33449  -42.445  -20.116  18.056 0.5000000000
31884  -35.513  -21.695  13.256 0.6999999881
31874  -35.160  -21.515  14.351 0.6999999881
103072  -43.279  -20.161  17.749 0.4000000060
32745  -34.709  -21.118  11.055 0.6999999881
32694  -45.171  -20.357  17.640 0.4000000060
33467  -45.476  -19.736  17.264 0.4000000060
33451  -46.658  -19.792  18.324 0.4000000060
32753  -35.395  -20.550  10.453 0.6999999881
119612  -35.551  -21.152  10.563 0.6999999881
31897  -37.260  -21.642  10.387 0.6999999881
107854  -39.103  -21.384  9.387 0.6000000238
34257  -47.564  -18.614  18.443 0.4000000060
34258  -48.177  -18.366  18.462 0.4000000060
34272  -49.389  -18.839  18.099 0.4000000060
35049  -49.410  -17.996  18.106 0.4000000060
35060  -50.124  -17.840  17.548 0.4000000060
35899  -50.200  -16.920  17.298 0.3000000119
32692  -38.295  -20.073  17.608 0.6000000238
32711  -33.614  -20.567  15.422 0.5000000000
33508  -38.133  -19.086  14.383 0.6000000238
33490  -37.646  -19.822  15.068 0.6000000238
33476  -37.748  -19.721  16.036 0.6000000238
33460  -38.618  -19.357  17.160 0.6000000238
33445  -38.913  -19.657  17.801 0.6000000238
33462  -40.232  -19.323  17.985 0.6000000238
31861  -34.058  -21.214  15.597 0.6000000238
31873  -34.621  -21.313  15.120 0.5000000000
33507  -37.834  -19.784  14.021 0.6000000238
32726  -37.546  -20.472  14.310 0.6000000238
34266  -40.365  -18.707  17.423 0.5000000000
113586  -40.836  -19.604  18.276 0.4000000060
33448  -41.640  -19.682  18.158 0.5000000000
32724  -34.863  -20.662  14.672 0.6999999881
112103  -40.981  -19.129  17.847 0.5000000000
33463  -41.677  -19.067  17.704 0.4000000060
33464  -42.463  -19.460  17.659 0.4000000060
33506  -35.675  -20.167  13.351 0.8000000119
33519  -38.439  -19.365  12.829 0.6000000238
118265  -43.166  -19.621  17.410 0.4000000060
33465  -43.956  -19.629  17.161 0.4000000060
32736  -35.621  -20.939  12.657 0.6999999881
32747  -38.375  -19.971  11.606 0.6000000238
33526  -39.076  -19.357  10.781 0.6000000238
33466  -44.831  -19.852  17.102 0.4000000060
101747  -34.830  -20.258  10.513 0.6999999881
32752  -39.722  -20.255  9.466 0.6000000238
34271  -46.376  -18.524  17.641 0.4000000060
34256  -46.843  -18.955  18.242 0.4000000060
32754  -37.326  -20.865  10.378 0.6999999881
33532  -38.857  -20.291  9.531 0.6999999881
35046  -47.025  -18.074  18.156 0.4000000060
35047  -47.750  -17.827  18.277 0.4000000060
33535  -37.239  -20.081  10.400 0.6999999881
35058  -47.264  -17.263  18.012 0.4000000060
35897  -47.493  -16.499  17.796 0.3000000119
35059  -48.904  -17.127  17.972 0.4000000060
104405  -48.393  -16.272  17.736 0.4000000060
107880  -49.629  -17.280  17.739 0.3000000119
34311  -38.465  -18.283  14.806 0.6000000238
33491  -38.048  -19.005  15.453 0.6000000238
33477  -38.316  -19.136  16.361 0.6000000238
33478  -38.968  -18.639  16.711 0.6000000238
34281  -39.757  -18.299  16.828 0.5000000000
33489  -33.927  -19.961  15.059 0.6000000238
116171  -34.496  -20.107  14.779 0.6000000238
102434  -38.730  -18.460  13.612 0.6000000238
33505  -35.136  -19.877  14.186 0.6999999881
34284  -42.758  -18.423  16.562 0.5000000000
34267  -41.237  -18.606  17.341 0.4000000060
33518  -35.610  -20.115  12.190 0.6999999881
33517  -35.656  -19.327  13.239 0.6999999881
102320  -39.408  -18.644  11.707 0.6000000238
34268  -42.132  -18.693  17.272 0.5000000000
34269  -43.053  -19.121  17.078 0.5000000000
34325  -35.470  -19.181  11.942 0.8000000119
34285  -44.076  -18.999  16.240 0.4000000060
33525  -34.756  -20.188  10.742 0.8000000119
34333  -39.237  -18.740  10.351 0.6000000238
33479  -44.785  -19.371  16.413 0.4000000060
33533  -38.809  -19.813  9.590 0.6999999881
36910  -44.915  -16.528  14.669 0.5000000000
35923  -45.390  -17.922  14.455 0.5000000000
35086  -45.614  -17.992  15.130 0.5000000000
34299  -45.313  -18.744  15.253 0.4000000060
34287  -45.193  -19.079  16.069 0.4000000060
33534  -35.310  -19.682  10.390 0.6999999881
34345  -37.059  -19.236  10.494 0.6999999881
33536  -39.092  -19.781  9.404 0.6999999881
34342  -39.107  -19.086  9.980 0.6999999881
36924  -44.958  -15.421  14.581 0.5000000000
35924  -45.489  -16.808  15.353 0.5000000000
35909  -45.813  -16.908  16.182 0.4000000060
35071  -45.724  -17.920  16.161 0.4000000060
35057  -45.965  -18.081  17.054 0.4000000060
37967  -45.643  -14.834  15.140 0.4000000060
36911  -45.478  -15.724  15.318 0.5000000000
36896  -45.943  -15.948  16.039 0.4000000060
35910  -46.246  -16.164  16.768 0.4000000060
35896  -46.830  -16.016  17.384 0.4000000060
117891  -46.803  -16.817  17.670 0.4000000060
37968  -46.315  -14.354  15.559 0.4000000060
36912  -46.122  -15.090  15.857 0.4000000060
36897  -46.596  -15.281  16.693 0.4000000060
34293  -39.174  -17.690  15.162 0.6000000238
34280  -38.645  -18.414  15.835 0.6000000238
34310  -33.977  -18.760  14.291 0.5000000000
116581  -38.930  -17.786  14.190 0.6000000238
35080  -39.894  -17.128  14.837 0.6000000238
34294  -40.057  -17.605  15.918 0.5000000000
34295  -41.158  -17.514  16.005 0.5000000000
34282  -40.680  -18.156  16.730 0.5000000000
107615  -34.285  -19.501  14.539 0.6000000238
110206  -34.721  -19.012  13.932 0.6999999881
35096  -39.563  -18.094  13.004 0.6000000238
35082  -41.633  -17.493  15.187 0.5000000000
35070  -42.374  -17.871  15.756 0.5000000000
34296  -43.485  -18.319  15.793 0.5000000000
34283  -41.682  -18.184  16.658 0.5000000000
35084  -44.944  -18.795  14.058 0.5000000000
35083  -43.652  -18.150  14.959 0.5000000000
34339  -34.698  -19.376  10.892 0.8000000119
36923  -44.142  -16.294  13.798 0.5000000000
35118  -44.403  -18.076  12.271 0.5000000000
35101  -45.076  -18.481  13.703 0.5000000000
35085  -45.251  -18.686  14.445 0.5000000000
34297  -44.712  -18.873  15.056 0.5000000000
33531  -34.816  -19.613  10.522 0.8000000119
35933  -44.673  -18.042  12.912 0.5000000000
35934  -44.845  -17.564  13.943 0.5000000000
34298  -45.157  -18.922  14.698 0.5000000000
34344  -35.572  -18.676  10.367 0.8000000119
34346  -38.255  -18.926  10.361 0.6999999881
34341  -38.313  -18.274  10.706 0.6999999881
36936  -43.903  -15.156  13.435 0.5000000000
37981  -44.549  -14.902  13.942 0.4000000060
34309  -33.223  -18.546  14.453 0.5000000000
34312  -39.572  -17.245  14.016 0.6000000238
35081  -40.690  -17.222  15.048 0.5000000000
35095  -33.756  -17.926  14.045 0.5000000000
101476  -42.761  -17.743  14.612 0.5000000000
35094  -32.963  -17.655  14.130 0.5000000000
35112  -33.598  -17.146  13.574 0.5000000000
117231  -34.374  -18.257  13.687 0.5000000000
34326  -40.125  -18.276  11.317 0.6000000238
35099  -43.377  -18.296  13.039 0.5000000000
103337  -44.107  -18.550  13.759 0.5000000000
119010  -39.823  -18.286  10.713 0.6000000238
35131  -40.402  -18.051  10.794 0.6000000238
35117  -44.236  -18.354  12.189 0.5000000000
35100  -44.622  -18.332  12.956 0.5000000000
34332  -34.739  -18.486  11.668 0.6999999881
35142  -39.491  -18.384  10.609 0.6000000238
34338  -34.710  -18.854  10.540 0.6999999881
35949  -43.855  -17.292  12.216 0.5000000000
34343  -34.830  -18.859  10.240 0.8000000119
34340  -36.953  -18.322  10.691 0.6999999881
37996  -44.186  -14.253  13.399 0.5000000000
35146  -34.954  -18.159  9.732 0.6999999881
37982  -45.308  -14.522  14.401 0.4000000060
39913  -46.640  -12.526  14.298 0.4000000060
39914  -47.397  -13.014  14.135 0.5000000000
40850  -47.503  -12.135  14.291 0.5000000000
38980  -48.574  -13.175  14.454 0.5000000000
102529  -47.965  -12.826  14.102 0.5000000000
35097  -40.421  -17.151  13.942 0.6000000238
35098  -41.658  -17.549  13.928 0.5000000000
35114  -40.489  -17.899  12.404 0.6000000238
35115  -41.241  -17.650  12.454 0.6000000238
35947  -33.424  -16.699  12.964 0.5000000000
119724  -34.168  -17.521  13.472 0.5000000000
35113  -34.551  -17.842  12.816 0.6999999881
35948  -40.945  -17.642  10.760 0.6000000238
35134  -43.826  -17.696  11.613 0.5000000000
114113  -32.629  -16.847  13.482 0.5000000000
35128  -34.130  -16.982  12.718 0.6000000238
35130  -40.085  -18.066  10.534 0.6000000238
108983  -43.582  -18.161  11.948 0.5000000000
35129  -34.435  -17.564  11.938 0.6999999881
35961  -40.411  -17.728  10.630 0.6000000238
35140  -34.356  -18.093  10.654 0.6999999881
35960  -39.707  -17.827  10.653 0.6000000238
36935  -43.635  -15.841  12.920 0.5000000000
37995  -43.422  -14.768  12.735 0.6000000238
103840  -38.426  -17.522  11.194 0.6999999881
39921  -44.956  -12.028  13.429 0.4000000060
40859  -45.250  -11.409  13.787 0.4000000060
35141  -37.142  -17.377  10.801 0.6999999881
40848  -45.938  -11.680  14.268 0.4000000060
35983  -36.035  -17.098  9.876 0.6999999881
40849  -46.678  -11.582  14.461 0.4000000060
100251  -35.290  -17.512  9.405 0.6999999881
39915  -48.489  -12.981  14.010 0.5000000000
40851  -48.348  -12.341  14.069 0.5000000000
35116  -42.360  -17.665  12.329 0.5000000000
35132  -41.981  -17.532  10.844 0.5000000000
35957  -32.650  -16.408  12.535 0.6000000238
35958  -33.509  -16.615  12.056 0.6000000238
118047  -40.868  -17.401  10.438 0.6000000238
35133  -43.154  -17.760  10.985 0.5000000000
35970  -33.480  -16.700  10.730 0.6000000238
36945  -40.536  -16.968  10.729 0.5000000000
35964  -43.524  -17.010  10.667 0.5000000000
36949  -43.333  -16.059  11.655 0.5000000000
35959  -34.081  -17.052  11.425 0.6999999881
99922  -39.520  -16.815  11.448 0.6000000238
38010  -42.837  -15.006  11.615 0.6000000238
101654  -43.153  -13.955  12.217 0.5000000000
35971  -33.870  -17.610  9.712 0.6999999881
39929  -43.853  -12.236  12.135 0.5000000000
40864  -44.233  -11.158  12.123 0.4000000060
35973  -37.664  -16.541  11.201 0.6999999881
38989  -43.778  -13.671  12.859 0.5000000000
39930  -44.123  -12.822  12.786 0.5000000000
105479  -44.452  -11.990  12.797 0.4000000060
40858  -44.690  -11.261  13.106 0.4000000060
35145  -34.452  -18.229  9.892 0.6999999881
105617  -44.873  -10.668  13.643 0.4000000060
41759  -45.507  -10.721  14.153 0.4000000060
35981  -34.487  -17.553  9.109 0.6999999881
36971  -35.879  -16.294  9.933 0.6999999881
41760  -46.319  -10.737  14.465 0.4000000060
35982  -35.243  -17.014  8.950 0.6999999881
41761  -47.210  -10.917  14.633 0.4000000060
39922  -49.029  -12.623  13.727 0.5000000000
41762  -48.209  -11.130  14.533 0.5000000000
35962  -42.757  -17.298  9.882 0.5000000000
100409  -41.521  -17.237  10.158 0.5000000000
36947  -42.459  -16.655  9.650 0.5000000000
35975  -43.284  -16.774  9.596 0.5000000000
36948  -43.216  -16.108  10.156 0.5000000000
35969  -32.648  -16.219  11.338 0.6000000238
36946  -41.215  -16.319  10.711 0.5000000000
35963  -43.475  -17.296  10.371 0.5000000000
35980  -33.582  -16.900  9.421 0.6999999881
35974  -38.614  -16.720  11.582 0.6999999881
119568  -43.169  -13.491  11.638 0.5000000000
39942  -43.331  -12.756  11.322 0.5000000000
107746  -44.561  -10.361  12.745 0.4000000060
41772  -44.960  -10.019  14.157 0.4000000060
99734  -37.036  -15.191  11.836 0.6000000238
99901  -45.764  -9.859  14.534 0.4000000060
35972  -36.752  -16.430  10.566 0.6999999881
38019  -37.217  -14.363  12.109 0.6000000238
36978  -35.107  -16.113  9.239 0.6999999881
36958  -35.743  -15.345  10.334 0.6000000238
38018  -36.342  -14.635  11.286 0.6000000238
42717  -46.717  -9.897  14.844 0.4000000060
35989  -34.433  -16.949  8.698 0.6999999881
38032  -35.963  -13.651  11.012 0.6000000238
107008  -36.713  -13.742  11.580 0.6000000238
39009  -36.710  -12.974  11.384 0.6000000238
40852  -48.824  -11.695  14.122 0.5000000000
41773  -49.442  -11.549  13.651 0.5000000000
36961  -42.767  -16.000  9.724 0.6000000238
36956  -31.835  -15.665  10.791 0.5000000000
36957  -32.816  -16.218  10.151 0.6000000238
36970  -33.191  -16.181  9.588 0.6000000238
115044  -40.301  -15.825  11.709 0.6000000238
38009  -41.951  -15.700  10.363 0.6000000238
38022  -42.379  -15.061  10.901 0.5000000000
39015  -42.389  -14.037  10.680 0.5000000000
36975  -32.704  -15.404  9.551 0.6000000238
38007  -39.676  -14.846  11.943 0.6000000238
39952  -43.004  -12.948  10.130 0.5000000000
40888  -43.398  -11.458  10.251 0.5000000000
41789  -43.832  -10.626  11.029 0.4000000060
41790  -44.337  -10.245  11.782 0.4000000060
36977  -34.284  -15.938  9.101 0.6999999881
36976  -33.612  -15.698  9.264 0.6000000238
36944  -38.675  -15.707  11.816 0.6999999881
103861  -43.278  -12.218  10.564 0.5000000000
40875  -43.635  -11.698  11.301 0.5000000000
42738  -44.488  -9.509  13.058 0.4000000060
41771  -44.684  -10.018  13.574 0.4000000060
42715  -44.632  -9.412  13.913 0.4000000060
36960  -37.876  -15.732  11.557 0.6999999881
38005  -37.816  -14.928  12.310 0.6999999881
39011  -38.849  -13.155  12.396 0.6999999881
39024  -42.450  -13.455  9.977 0.5000000000
42716  -45.068  -9.243  14.463 0.4000000060
39010  -37.639  -13.234  11.833 0.6000000238
39940  -39.503  -12.470  11.841 0.6999999881
118290  -46.152  -9.452  14.930 0.4000000060
118875  -35.320  -15.206  9.833 0.6000000238
39939  -38.446  -12.388  11.668 0.6000000238
40874  -39.156  -11.738  11.292 0.6000000238
42707  -46.455  -8.959  15.250 0.4000000060
38031  -35.507  -14.459  10.096 0.6000000238
39938  -37.487  -12.328  11.440 0.6000000238
40873  -38.179  -11.603  11.294 0.6000000238
42708  -47.252  -9.360  15.231 0.4000000060
116988  -36.666  -12.238  11.267 0.6000000238
39937  -37.238  -11.561  11.213 0.6000000238
41763  -49.100  -10.771  14.417 0.5000000000
42719  -48.607  -10.015  14.886 0.4000000060
41774  -50.285  -10.951  13.489 0.5000000000
38008  -40.689  -15.201  11.569 0.6000000238
38021  -42.127  -15.004  10.872 0.6000000238
38033  -42.192  -14.129  10.520 0.5000000000
36969  -32.198  -15.581  10.009 0.6000000238
38020  -41.216  -14.580  11.217 0.6000000238
39023  -42.098  -13.620  9.950 0.5000000000
41802  -43.499  -10.747  9.978 0.5000000000
42746  -44.167  -9.673  11.194 0.4000000060
38039  -33.474  -14.671  9.052 0.6000000238
39002  -40.116  -14.112  11.964 0.6000000238
39012  -39.857  -13.203  12.295 0.6000000238
39022  -41.736  -13.258  9.723 0.5000000000
39963  -41.786  -12.478  8.747 0.5000000000
40900  -42.710  -12.393  7.879 0.5000000000
105032  -43.260  -12.385  8.097 0.5000000000
42747  -44.379  -9.593  12.088 0.4000000060
43759  -44.211  -8.805  12.532 0.4000000060
113295  -44.415  -8.889  13.476 0.4000000060
39001  -39.228  -13.887  12.509 0.6999999881
39941  -40.321  -12.765  11.527 0.5000000000
39964  -42.243  -12.864  8.928 0.5000000000
39965  -42.682  -12.697  9.026 0.5000000000
43740  -45.136  -8.441  14.753 0.4000000060
39032  -34.827  -13.992  8.809 0.6000000238
41801  -39.326  -10.670  9.888 0.6000000238
43724  -45.795  -8.275  15.248 0.4000000060
39948  -35.133  -12.541  10.169 0.6000000238
40885  -38.792  -11.007  10.852 0.6000000238
114986  -33.958  -17.270  8.917 0.6999999881
39949  -35.829  -12.744  10.995 0.6000000238
42709  -48.087  -9.172  15.291 0.4000000060
43726  -47.275  -8.614  15.430 0.4000000060
41764  -49.926  -10.466  14.268 0.5000000000
41765  -50.734  -10.088  14.005 0.4000000060
39014  -41.659  -13.975  10.577 0.5000000000
41815  -42.982  -11.115  7.965 0.5000000000
42773  -43.080  -10.513  9.553 0.5000000000
117344  -44.189  -9.069  11.565 0.4000000060
39031  -34.175  -13.868  8.078 0.6000000238
39013  -40.643  -13.677  11.387 0.6000000238
40899  -41.601  -11.687  8.105 0.5000000000
40901  -43.140  -11.883  7.334 0.5000000000
41816  -43.166  -11.528  8.773 0.5000000000
43749  -44.075  -8.169  13.611 0.4000000060
38040  -34.249  -14.668  8.905 0.6000000238
40887  -40.639  -11.873  9.664 0.5000000000
43739  -44.586  -8.680  14.185 0.4000000060
109259  -34.299  -13.490  8.016 0.6000000238
39962  -34.702  -13.233  8.743 0.6000000238
41800  -38.478  -10.293  10.423 0.6000000238
44752  -47.442  -7.681  15.513 0.4000000060
41798  -36.074  -10.843  10.495 0.6000000238
40883  -36.120  -11.723  10.889 0.6000000238
111006  -36.990  -10.876  10.860 0.6000000238
42710  -49.012  -9.172  15.108 0.4000000060
43741  -49.765  -8.997  14.936 0.4000000060
43742  -50.511  -8.686  14.769 0.3000000119
42720  -49.485  -9.850  14.771 0.5000000000
42721  -50.293  -9.582  14.617 0.4000000060
42729  -51.579  -9.768  13.871 0.3000000119
42772  -42.487  -10.110  9.131 0.5000000000
42758  -43.198  -9.459  9.974 0.5000000000
43779  -43.854  -8.948  10.760 0.5000000000
44800  -43.269  -7.694  11.960 0.5000000000
41826  -42.561  -11.414  7.528 0.5000000000
42785  -41.855  -10.756  7.898 0.6000000238
43770  -43.774  -8.441  11.711 0.4000000060
43758  -43.633  -8.010  12.679 0.5000000000
39961  -34.174  -12.915  7.986 0.6000000238
40897  -34.505  -12.289  9.439 0.6000000238
41814  -40.837  -10.815  8.155 0.6000000238
108844  -44.579  -7.890  14.443 0.4000000060
44768  -45.279  -7.534  14.957 0.4000000060
102258  -34.613  -11.412  9.709 0.6000000238
41813  -39.828  -10.410  8.642 0.6999999881
44751  -46.613  -7.243  15.419 0.3000000119
41809  -35.239  -10.730  10.004 0.6000000238
41812  -39.033  -9.969  9.432 0.6000000238
40882  -35.192  -11.567  10.264 0.6000000238
41810  -36.078  -9.983  10.157 0.6000000238
119423  -47.990  -8.336  15.462 0.4000000060
114717  -36.796  -10.298  10.505 0.6000000238
41799  -37.616  -10.179  10.604 0.6000000238
42781  -38.230  -8.621  9.155 0.6000000238
43727  -48.698  -8.465  15.351 0.3000000119
43728  -49.346  -8.535  15.194 0.3000000119
43729  -49.893  -8.181  14.995 0.3000000119
43743  -51.318  -8.354  14.577 0.3000000119
42723  -51.883  -8.944  14.217 0.3000000119
42771  -41.817  -9.715  8.643 0.6000000238
43789  -42.440  -9.037  9.536 0.5000000000
43778  -42.991  -8.533  10.301 0.5000000000
43769  -43.343  -8.065  11.038 0.5000000000
103471  -40.848  -10.511  8.124 0.6000000238
104546  -40.928  -9.818  8.124 0.6000000238
44789  -43.308  -7.379  12.686 0.4000000060
44777  -44.134  -7.299  14.078 0.4000000060
40896  -33.909  -11.900  9.075 0.6000000238
116554  -44.680  -7.176  14.537 0.3000000119
45731  -45.911  -6.800  15.136 0.3000000119
115875  -34.378  -10.717  9.414 0.6000000238
101094  -35.215  -10.112  9.672 0.6000000238
42767  -35.634  -9.405  9.631 0.6000000238
42769  -38.791  -9.305  9.001 0.6000000238
45734  -48.066  -7.066  15.412 0.3000000119
41811  -37.147  -9.607  10.278 0.6000000238
111292  -37.535  -8.957  9.880 0.6000000238
44753  -48.405  -7.711  15.430 0.3000000119
44769  -49.854  -7.289  14.963 0.3000000119
44770  -50.644  -7.763  14.789 0.3000000119
43744  -52.090  -8.122  14.298 0.3000000119
43802  -41.229  -8.994  8.523 0.6000000238
43788  -41.779  -8.550  9.122 0.6000000238
44818  -42.305  -8.064  9.827 0.5000000000
44810  -42.623  -7.673  10.621 0.5000000000
44799  -42.731  -7.316  11.470 0.4000000060
43801  -40.446  -8.876  7.906 0.6000000238
45784  -42.930  -6.445  12.585 0.4000000060
45774  -43.778  -6.627  13.705 0.4000000060
43813  -39.710  -9.097  7.210 0.6000000238
45775  -44.402  -6.519  14.281 0.4000000060
116045  -33.872  -10.177  8.926 0.6000000238
42783  -39.166  -9.685  7.279 0.6000000238
46649  -45.609  -6.025  14.625 0.3000000119
42782  -38.603  -9.358  7.485 0.6000000238
45754  -47.303  -6.023  14.873 0.3000000119
45755  -48.126  -6.373  15.065 0.3000000119
43786  -36.210  -8.518  9.522 0.6000000238
43787  -37.322  -8.336  9.542 0.6000000238
45756  -49.694  -6.388  14.748 0.3000000119
45757  -50.672  -6.739  14.597 0.3000000119
44830  -41.129  -8.118  8.710 0.6000000238
44817  -41.611  -7.632  9.446 0.5000000000
45808  -42.179  -6.870  10.996 0.5000000000
45796  -42.448  -6.417  11.866 0.4000000060
46684  -42.902  -5.707  12.510 0.4000000060
105520  -43.386  -6.072  13.177 0.4000000060
44841  -39.830  -8.386  7.413 0.6000000238
46668  -44.044  -5.656  13.848 0.4000000060
42766  -34.657  -9.750  9.312 0.6000000238
42790  -38.711  -9.395  6.888 0.6000000238
47490  -45.342  -5.123  14.224 0.3000000119
42780  -33.984  -9.285  8.685 0.6000000238
43785  -35.067  -8.864  9.242 0.6000000238
43800  -38.124  -8.965  6.903 0.6000000238
46650  -46.804  -5.447  14.546 0.3000000119
43799  -38.065  -8.674  7.663 0.6000000238
43798  -36.924  -7.638  9.307 0.6000000238
44816  -40.907  -7.196  9.106 0.6000000238
45806  -40.999  -6.179  10.183 0.4000000060
45807  -41.538  -6.448  10.562 0.4000000060
45795  -41.876  -6.012  11.182 0.4000000060
44829  -40.435  -7.728  8.276 0.5000000000
105867  -44.096  -4.643  13.562 0.4000000060
44840  -39.103  -8.134  6.958 0.5000000000
46669  -44.562  -5.080  13.999 0.3000000119
43811  -38.442  -8.767  6.763 0.5000000000
47510  -45.611  -4.258  13.751 0.3000000119
115036  -34.244  -8.063  8.442 0.6000000238
102019  -37.727  -8.305  7.224 0.5000000000
43796  -34.570  -8.407  8.732 0.6000000238
43797  -35.648  -7.835  9.167 0.6000000238
44827  -37.339  -7.282  8.537 0.6000000238
44825  -35.507  -7.154  8.788 0.6000000238
44826  -36.492  -7.011  8.974 0.6000000238
45822  -35.963  -6.442  8.562 0.5000000000
46731  -40.306  -5.791  8.936 0.4000000060
45815  -40.699  -6.368  9.532 0.3000000119
46713  -40.754  -5.685  9.883 0.4000000060
46701  -41.866  -5.333  11.057 0.4000000060
46702  -42.399  -5.350  11.719 0.3000000119
44828  -39.748  -7.346  7.789 0.5000000000
45825  -40.329  -6.746  8.643 0.4000000060
47548  -42.198  -4.792  11.222 0.3000000119
47549  -42.705  -4.327  11.759 0.3000000119
46685  -43.513  -5.137  13.149 0.3000000119
44839  -38.305  -7.844  6.638 0.5000000000
48408  -43.362  -3.773  12.385 0.3000000119
47527  -43.088  -4.730  12.427 0.3000000119
43810  -37.883  -8.288  6.758 0.5000000000
47508  -44.337  -3.841  13.179 0.3000000119
44838  -37.500  -7.613  7.011 0.5000000000
48393  -46.675  -3.751  13.303 0.3000000119
45823  -37.049  -6.550  8.292 0.5000000000
110135  -40.179  -5.101  8.689 0.3000000119
105677  -40.638  -4.959  9.352 0.3000000119
47570  -41.023  -5.093  10.123 0.3000000119
46743  -38.981  -6.053  7.477 0.3000000119
45824  -39.648  -6.356  8.113 0.4000000060
47571  -41.635  -4.735  10.631 0.3000000119
47572  -42.384  -4.047  11.054 0.3000000119
45848  -37.796  -7.256  6.536 0.4000000060
113282  -43.975  -3.515  12.738 0.3000000119
48410  -44.751  -3.198  12.516 0.3000000119
48412  -46.182  -3.140  12.840 0.3000000119
45837  -37.326  -6.751  6.863 0.5000000000
45836  -36.504  -5.851  7.889 0.4000000060
47602  -39.754  -4.740  8.178 0.3000000119
47603  -40.399  -4.533  8.667 0.3000000119
107414  -39.198  -5.241  7.653 0.3000000119
46730  -39.666  -5.520  8.222 0.3000000119
47591  -41.231  -4.380  9.849 0.3000000119
47616  -38.465  -5.458  6.708 0.3000000119
48445  -42.697  -3.258  10.820 0.3000000119
48426  -43.165  -3.312  11.670 0.3000000119
46754  -37.895  -6.075  6.297 0.3000000119
47629  -38.071  -4.697  6.020 0.3000000119
48409  -44.025  -3.126  12.191 0.3000000119
116295  -37.331  -5.716  6.421 0.3000000119
114233  -37.542  -6.522  6.539 0.4000000060
49392  -44.795  -2.780  11.932 0.3000000119
49393  -45.339  -2.565  11.997 0.3000000119
46742  -36.931  -5.983  6.810 0.4000000060
49395  -46.642  -2.936  12.274 0.3000000119
46741  -35.856  -5.287  7.390 0.4000000060
107443  -46.946  -3.469  12.750 0.3000000119
48413  -47.828  -3.388  12.257 0.3000000119
47617  -39.203  -4.552  7.348 0.3000000119
48479  -39.857  -4.103  7.835 0.3000000119
48465  -40.963  -4.136  9.044 0.3000000119
48466  -41.588  -3.564  9.445 0.3000000119
47630  -38.721  -4.202  6.281 0.3000000119
119522  -41.620  -3.138  8.971 0.3000000119
48467  -42.334  -3.123  10.001 0.3000000119
49436  -43.096  -2.656  10.506 0.3000000119
47638  -37.865  -4.068  5.224 0.3000000119
49408  -43.376  -2.788  11.192 0.3000000119
107098  -44.754  -2.339  11.278 0.3000000119
49410  -45.430  -2.167  11.526 0.3000000119
108392  -45.643  -2.255  11.815 0.3000000119
46753  -36.550  -5.046  6.734 0.4000000060
49411  -46.224  -2.273  11.843 0.3000000119
48446  -47.737  -2.437  10.786 0.3000000119
48427  -47.991  -2.975  11.458 0.3000000119
48447  -49.212  -3.426  10.137 0.3000000119
48493  -40.321  -3.493  7.372 0.3000000119
48480  -40.530  -3.847  8.342 0.3000000119
48481  -41.225  -3.414  8.716 0.3000000119
48492  -39.539  -3.771  6.784 0.3000000119
49446  -40.961  -3.058  7.932 0.3000000119
49447  -41.665  -2.636  8.477 0.3000000119
48503  -38.300  -3.820  5.025 0.3000000119
49435  -42.050  -2.859  9.246 0.3000000119
114690  -42.850  -2.532  9.661 0.3000000119
49423  -43.965  -2.435  10.951 0.3000000119
104100  -43.759  -2.232  10.063 0.3000000119
49424  -44.579  -2.132  10.717 0.3000000119
109805  -37.115  -4.259  5.707 0.4000000060
47627  -36.316  -3.902  6.344 0.4000000060
50536  -45.453  -1.748  10.948 0.3000000119
50525  -45.831  -1.891  11.382 0.3000000119
47626  -34.958  -3.551  6.554 0.4000000060
117969  -48.602  -3.043  10.882 0.3000000119
48504  -39.275  -3.609  5.190 0.3000000119
48505  -40.243  -3.289  5.862 0.3000000119
111273  -37.785  -4.242  3.634 0.3000000119
50535  -44.988  -1.701  10.498 0.3000000119
50548  -46.200  -1.543  10.442 0.3000000119
104027  -46.997  -2.051  10.306 0.3000000119
48501  -34.694  -2.946  6.650 0.3000000119
49438  -48.487  -2.768  9.981 0.3000000119
48483  -49.768  -4.194  8.489 0.3000000119
48469  -49.849  -4.029  9.524 0.3000000119
48514  -40.508  -3.652  3.745 0.3000000119
49469  -41.237  -3.188  5.194 0.3000000119
49458  -40.968  -3.022  6.710 0.3000000119
109994  -42.253  -2.005  6.727 0.3000000119
49448  -42.612  -2.293  8.823 0.3000000119
48513  -38.889  -4.115  3.424 0.3000000119
50558  -43.636  -1.921  7.992 0.3000000119
49449  -43.537  -2.106  9.118 0.3000000119
117809  -44.037  -2.005  9.369 0.3000000119
50546  -45.019  -1.435  9.312 0.3000000119
50547  -45.562  -1.385  9.948 0.3000000119
49437  -47.720  -2.255  9.742 0.3000000119
108176  -47.637  -2.245  8.721 0.3000000119
48468  -48.997  -3.232  8.989 0.3000000119
47604  -50.547  -5.665  8.415 0.3000000119
110590  -41.768  -2.681  6.107 0.3000000119
49489  -38.872  -3.325  2.873 0.3000000119
48522  -39.552  -3.747  2.983 0.3000000119
49480  -41.815  -3.568  3.597 0.3000000119
111076  -41.960  -3.674  3.931 0.3000000119
49470  -42.474  -3.429  4.707 0.3000000119
50573  -43.469  -2.052  6.514 0.3000000119
50545  -44.513  -1.838  8.430 0.3000000119
49487  -36.230  -2.265  3.690 0.3000000119
103190  -46.187  -1.414  9.381 0.3000000119
114145  -46.888  -1.819  9.352 0.3000000119
49451  -48.180  -2.722  8.142 0.3000000119
48482  -48.885  -3.339  7.663 0.3000000119
49490  -40.157  -3.084  2.873 0.3000000119
117260  -39.137  -2.579  3.019 0.3000000119
50594  -38.459  -1.844  4.022 0.3000000119
50602  -37.949  -2.435  3.516 0.3000000119
50601  -36.438  -1.781  3.667 0.3000000119
39033  -42.271  -13.246  9.476 0.5000000000
39950  -40.045  -12.051  11.056 0.6999999881
40886  -39.690  -11.345  10.436 0.6000000238
35147  -36.011  -17.928  10.264 0.6999999881
13933  -35.232  -45.092  18.165 0.3000000119
13258  -34.486  -45.643  17.616 0.3000000119
13257  -33.712  -45.387  17.440 0.3000000119
108531  -33.152  -45.778  16.150 0.4000000060
114417  -33.082  -44.966  14.710 0.4000000060
13949  -33.297  -44.171  14.370 0.4000000060
105421  -34.031  -44.109  13.694 0.4000000060
14635  -34.520  -43.289  13.633 0.4000000060
117246  -34.744  -40.725  13.794 0.4000000060
15331  -35.090  -42.418  13.566 0.4000000060
17466  -34.357  -39.526  14.365 0.4000000060
20446  -35.191  -35.266  15.777 0.4000000060
110082  -35.722  -34.158  22.712 0.3000000119
22621  -36.661  -32.986  22.193 0.3000000119
99332  -35.475  -34.581  15.571 0.5000000000
23442  -39.375  -31.863  21.362 0.3000000119
23443  -40.099  -31.500  21.216 0.3000000119
113562  -36.106  -34.562  15.208 0.5000000000
112694  -35.668  -32.940  15.548 0.5000000000
27818  -45.527  -26.141  15.645 0.3000000119
28557  -45.220  -25.920  16.422 0.3000000119
105877  -47.057  -25.539  15.956 0.3000000119
112971  -36.994  -31.824  14.811 0.6000000238
28537  -47.633  -24.991  16.787 0.4000000060
99549  -37.566  -32.379  14.269 0.6000000238
29308  -48.066  -24.303  17.322 0.4000000060
30106  -49.922  -23.858  15.991 0.4000000060
30961  -50.708  -22.532  15.935 0.4000000060
30962  -51.371  -21.978  15.504 0.4000000060
27802  -32.494  -26.715  17.204 0.4000000060
27803  -33.221  -26.653  17.098 0.5000000000
26986  -33.595  -27.018  16.798 0.5000000000
97798  -38.797  -29.740  12.574 0.6999999881
32715  -52.474  -20.610  14.850 0.4000000060
26209  -38.487  -28.358  12.820 0.6999999881
32714  -51.810  -20.435  15.588 0.4000000060
105733  -34.601  -24.876  14.751 0.5000000000
110133  -35.054  -24.240  13.826 0.6000000238
108130  -35.214  -24.120  12.698 0.8000000119
27842  -37.269  -26.213  13.625 0.8000000119
108247  -36.806  -26.034  14.781 0.6999999881
28591  -37.549  -25.554  12.785 0.8000000119
117838  -38.595  -27.618  12.441 0.6999999881
33492  -52.376  -19.817  15.153 0.4000000060
30986  -35.235  -22.636  11.158 0.8000000119
29353  -39.677  -24.686  10.235 0.8000000119
28592  -38.900  -25.526  11.194 0.8000000119
34300  -51.849  -18.413  15.881 0.4000000060
30131  -39.393  -23.895  10.291 0.8000000119
31896  -35.355  -21.705  10.706 0.6999999881
30994  -37.184  -22.352  10.397 0.6999999881
30139  -39.568  -24.101  9.775 0.8000000119
31898  -38.958  -22.333  9.351 0.6999999881
31895  -39.418  -22.195  9.479 0.6000000238
110611  -50.968  -16.932  16.657 0.3000000119
103752  -46.631  -14.579  16.256 0.4000000060
36890  -49.062  -15.705  17.403 0.4000000060
36891  -49.784  -16.103  17.246 0.4000000060
35911  -50.440  -16.128  16.824 0.3000000119
36898  -47.018  -14.533  16.724 0.4000000060
37954  -48.082  -14.681  17.191 0.4000000060
36889  -48.232  -15.355  17.449 0.4000000060
37983  -45.918  -14.168  14.794 0.4000000060
38960  -47.848  -13.675  16.143 0.4000000060
38967  -47.389  -13.416  14.964 0.5000000000
109948  -45.685  -13.956  14.215 0.5000000000
39912  -45.897  -12.677  14.107 0.4000000060
105897  -46.880  -13.283  14.405 0.5000000000
38968  -48.283  -13.373  15.185 0.5000000000
38969  -49.108  -13.342  15.237 0.4000000060
38981  -49.190  -13.160  14.183 0.5000000000
38990  -44.505  -13.365  13.309 0.5000000000
118912  -44.622  -12.605  13.237 0.5000000000
38991  -49.499  -13.156  13.316 0.5000000000
40860  -49.940  -11.819  13.018 0.5000000000
40861  -50.722  -11.472  12.929 0.5000000000
36943  -31.732  -15.870  12.016 0.5000000000
36968  -31.050  -14.945  10.513 0.6000000238
38030  -31.625  -14.924  9.859 0.6000000238
38038  -32.526  -14.627  9.409 0.6000000238
39030  -33.167  -13.771  8.755 0.6000000238
42730  -52.446  -9.476  13.636 0.3000000119
101360  -34.093  -13.216  7.779 0.6000000238
43751  -53.196  -8.825  13.427 0.3000000119
102475  -33.504  -12.391  8.478 0.6000000238
43795  -33.741  -8.444  8.324 0.6000000238
44823  -33.877  -7.595  8.127 0.6000000238
104268  -34.764  -7.673  8.603 0.6000000238
43809  -33.008  -8.120  7.669 0.6000000238
44824  -34.763  -6.808  8.279 0.5000000000
45835  -35.245  -5.913  7.908 0.5000000000
47615  -35.413  -4.486  6.796 0.4000000060
47614  -34.296  -4.191  6.665 0.4000000060
115387  -47.018  -2.007  8.358 0.3000000119
48494  -48.568  -3.410  6.621 0.3000000119
48495  -49.530  -4.591  7.273 0.3000000119
110160  -37.239  -1.522  4.160 0.3000000119
50593  -36.173  -0.862  4.467 0.3000000119
31865  -52.050  -21.355  15.248 0.4000000060
13946  -32.847  -44.349  15.312 0.4000000060
113555  -32.140  -41.845  18.307 0.3000000119
16005  -32.751  -41.985  15.582 0.4000000060
17456  -31.638  -40.058  18.286 0.3000000119
15997  -31.944  -41.187  17.647 0.3000000119
19730  -34.098  -36.066  16.356 0.4000000060
18941  -33.738  -37.709  21.579 0.3000000119
108877  -32.374  -38.155  16.720 0.4000000060
20390  -31.600  -35.675  20.850 0.3000000119
97788  -35.075  -33.821  16.012 0.4000000060
23422  -38.938  -31.355  21.891 0.3000000119
111277  -36.886  -31.060  22.384 0.3000000119
25196  -37.944  -29.733  22.736 0.3000000119
26155  -41.295  -28.079  21.435 0.3000000119
27785  -42.394  -27.051  19.319 0.3000000119
25194  -36.308  -29.550  22.770 0.3000000119
25192  -34.840  -29.408  22.166 0.3000000119
25173  -37.610  -28.991  23.161 0.3000000119
26118  -38.713  -27.928  23.215 0.3000000119
27817  -44.888  -26.382  16.021 0.3000000119
26153  -35.325  -28.321  21.708 0.3000000119
26940  -37.467  -27.471  22.846 0.3000000119
101049  -37.260  -29.292  16.415 0.6000000238
27766  -36.119  -26.863  21.321 0.3000000119
30095  -48.834  -23.928  17.090 0.4000000060
25270  -37.614  -29.442  14.643 0.6999999881
29259  -37.302  -24.790  21.321 0.4000000060
28509  -36.424  -24.944  20.143 0.4000000060
30073  -45.187  -23.292  18.242 0.4000000060
29291  -36.110  -24.570  18.698 0.6000000238
27823  -36.671  -26.559  15.550 0.6999999881
112677  -38.270  -29.146  13.388 0.6999999881
30915  -41.103  -22.635  19.274 0.4000000060
29301  -36.058  -23.963  18.089 0.6000000238
30937  -49.805  -21.724  17.490 0.4000000060
31850  -50.416  -21.206  17.035 0.4000000060
115793  -51.259  -20.520  16.220 0.4000000060
30934  -36.578  -22.518  18.024 0.6000000238
27014  -37.593  -27.839  13.706 0.6999999881
30947  -36.460  -22.516  17.127 0.6000000238
119574  -42.540  -21.342  18.406 0.5000000000
28567  -36.665  -25.220  15.046 0.6999999881
30960  -36.530  -22.532  16.108 0.6999999881
28580  -36.994  -25.402  14.060 0.8000000119
103925  -48.187  -19.808  18.595 0.4000000060
119085  -37.376  -20.862  16.822 0.6999999881
31894  -39.541  -22.332  9.579 0.6999999881
30993  -39.595  -23.235  9.488 0.6999999881
30995  -39.435  -22.712  9.214 0.8000000119
35087  -52.127  -17.671  15.722 0.4000000060
35074  -51.445  -17.704  16.283 0.3000000119
32737  -37.803  -20.237  13.025 0.6000000238
111543  -39.117  -20.390  9.191 0.6999999881
113992  -38.861  -22.742  9.368 0.8000000119
120356  -39.327  -20.513  9.550 0.6999999881
33461  -39.463  -19.071  17.467 0.4000000060
33480  -45.164  -19.475  16.672 0.3000000119
35892  -48.041  -17.071  18.117 0.3000000119
35898  -49.347  -16.548  17.603 0.3000000119
118569  -39.302  -18.111  16.156 0.5000000000
34324  -35.049  -18.549  12.980 0.6999999881
34286  -45.021  -19.053  15.425 0.4000000060
111613  -45.546  -18.631  16.257 0.4000000060
35072  -46.188  -16.982  17.128 0.4000000060
36888  -47.417  -15.063  17.230 0.4000000060
38977  -45.112  -13.917  13.804 0.5000000000
38979  -48.006  -13.143  14.321 0.5000000000
113349  -45.206  -12.906  13.687 0.4000000060
115927  -45.463  -12.133  13.886 0.4000000060
39003  -43.577  -13.141  12.215 0.5000000000
118872  -37.228  -15.833  11.097 0.6000000238
36959  -36.509  -15.573  10.848 0.6000000238
42718  -47.701  -10.091  15.006 0.4000000060
35988  -33.858  -16.759  8.969 0.6999999881
104702  -39.556  -15.824  11.868 0.6000000238
39000  -38.191  -14.062  12.605 0.6999999881
40902  -43.141  -12.280  9.411 0.5000000000
38006  -38.763  -14.761  12.214 0.6999999881
38041  -34.855  -15.047  9.421 0.6000000238
39021  -35.258  -13.498  9.880 0.6000000238
40884  -37.902  -10.825  11.045 0.6000000238
42759  -43.749  -9.896  10.378 0.4000000060
119297  -41.036  -13.326  10.673 0.5000000000
40909  -42.531  -11.880  7.451 0.5000000000
39951  -40.880  -12.647  10.279 0.5000000000
44750  -45.970  -7.581  15.364 0.4000000060
40898  -40.336  -11.083  9.113 0.6999999881
43725  -46.530  -8.066  15.485 0.4000000060
42786  -42.390  -10.776  8.000 0.6000000238
41825  -41.888  -11.291  7.743 0.6000000238
42757  -38.185  -9.464  9.955 0.6000000238
42722  -51.073  -9.234  14.387 0.3000000119
44788  -42.854  -7.040  12.330 0.4000000060
44776  -43.631  -7.400  13.364 0.4000000060
45753  -46.433  -6.083  14.792 0.3000000119
45732  -46.720  -6.568  15.181 0.3000000119
42770  -39.249  -9.890  8.187 0.6000000238
44754  -49.217  -7.842  15.276 0.3000000119
108623  -52.494  -8.656  13.892 0.3000000119
42784  -39.858  -9.719  7.590 0.6000000238
42768  -36.634  -9.129  9.880 0.6000000238
45735  -48.923  -6.916  15.182 0.3000000119
43812  -39.191  -9.051  6.838 0.6000000238
46648  -44.779  -5.796  14.377 0.4000000060
111342  -46.117  -5.546  14.463 0.3000000119
107337  -37.726  -7.911  8.847 0.6000000238
105310  -48.899  -5.963  14.830 0.3000000119
45816  -41.208  -6.829  9.919 0.5000000000
44809  -41.899  -7.256  10.254 0.5000000000
46714  -41.333  -5.629  10.550 0.4000000060
47528  -43.680  -4.195  12.990 0.3000000119
45839  -38.992  -7.095  7.194 0.5000000000
48392  -45.872  -3.536  13.333 0.3000000119
48391  -45.123  -3.633  13.204 0.3000000119
45838  -38.305  -6.754  6.600 0.4000000060
48444  -41.931  -3.857  10.300 0.3000000119
48411  -45.509  -3.054  12.660 0.3000000119
49394  -45.843  -2.561  12.299 0.3000000119
48428  -48.599  -3.307  11.594 0.3000000119
103603  -40.126  -4.298  8.306 0.3000000119
113479  -44.206  -2.678  11.599 0.3000000119
47628  -37.684  -4.737  6.032 0.3000000119
49412  -47.165  -2.718  11.631 0.3000000119
49426  -46.655  -2.095  11.116 0.3000000119
49459  -41.523  -2.429  7.382 0.3000000119
49460  -42.358  -1.905  7.703 0.3000000119
48521  -38.380  -3.951  3.226 0.3000000119
50572  -42.844  -2.563  5.578 0.3000000119
49488  -37.516  -3.067  3.323 0.3000000119
112144  -48.275  -2.574  9.125 0.3000000119
47619  -50.572  -6.360  7.449 0.3000000119
48523  -40.752  -3.400  3.187 0.3000000119
49481  -43.068  -3.972  3.897 0.3000000119
50600  -35.229  -1.287  3.850 0.3000000119
104795  -35.379  -0.996  4.492 0.3000000119
49462  -47.691  -3.098  7.018 0.3000000119
109978  -34.908  -43.945  13.228 0.4000000060
27833  -37.780  -27.004  12.998 0.6999999881
30145  -39.232  -23.273  9.268 0.8000000119
38961  -48.788  -13.597  16.101 0.4000000060
44837  -33.820  -6.828  7.684 0.5000000000
105083  -46.086  -13.717  14.411 0.4000000060
38025  -51.984  -14.379  10.828 0.3000000119
110972  -50.715  -13.702  12.033 0.4000000060
38034  -52.357  -14.493  9.610 0.3000000119
110959  -50.050  -13.394  13.267 0.4000000060
38992  -49.879  -13.178  12.672 0.4000000060
39018  -52.146  -13.784  10.256 0.3000000119
39005  -50.817  -13.460  11.642 0.4000000060
39017  -51.402  -13.696  11.079 0.3000000119
100906  -46.372  -13.265  14.250 0.3000000119
39004  -50.303  -13.303  12.101 0.4000000060
40876  -51.408  -12.254  11.800 0.3000000119
39931  -50.215  -12.539  12.489 0.4000000060
40877  -52.197  -12.071  11.444 0.3000000119
40865  -51.067  -11.914  12.320 0.4000000060
40867  -52.813  -11.163  12.077 0.3000000119
41781  -51.563  -11.047  12.822 0.3000000119
41782  -52.380  -10.711  12.721 0.3000000119
41775  -51.163  -10.584  13.409 0.3000000119
38029  -30.254  -14.061  10.339 0.5000000000
39958  -30.861  -12.587  9.553 0.5000000000
107785  -31.990  -13.157  9.315 0.5000000000
39959  -33.281  -12.837  8.287 0.5000000000
41783  -53.214  -10.277  12.630 0.3000000119
41776  -52.037  -10.324  13.376 0.3000000119
39971  -32.728  -12.155  8.490 0.5000000000
40895  -33.417  -11.163  8.743 0.5000000000
40906  -30.674  -11.042  8.623 0.5000000000
41829  -31.328  -9.905  7.613 0.5000000000
116993  -31.296  -10.576  8.022 0.5000000000
42778  -32.203  -10.018  7.829 0.4000000060
41828  -30.391  -9.936  7.816 0.5000000000
41821  -30.218  -10.315  8.378 0.5000000000
42788  -30.808  -9.305  7.477 0.4000000060
43808  -32.187  -8.491  7.347 0.5000000000
42787  -29.961  -9.268  7.869 0.4000000060
43806  -30.375  -8.468  7.490 0.4000000060
43807  -31.262  -8.569  7.243 0.4000000060
44814  -30.457  -7.475  8.197 0.4000000060
44844  -30.679  -6.847  6.773 0.5000000000
44833  -30.435  -7.552  7.368 0.4000000060
44835  -32.227  -7.605  6.997 0.4000000060
45845  -30.799  -6.238  6.522 0.5000000000
44845  -31.261  -6.960  6.622 0.4000000060
45820  -30.557  -6.800  7.474 0.3000000119
45846  -31.294  -5.887  6.306 0.4000000060
45834  -34.158  -6.065  7.512 0.4000000060
45832  -32.108  -6.580  6.582 0.3000000119
45821  -30.871  -6.127  7.441 0.3000000119
46749  -31.308  -5.560  6.335 0.3000000119
46739  -33.237  -5.266  6.665 0.3000000119
46750  -31.636  -4.890  5.990 0.3000000119
46729  -32.118  -5.080  7.744 0.3000000119
46738  -31.876  -4.611  6.747 0.3000000119
46740  -34.496  -5.084  7.092 0.3000000119
47624  -31.907  -4.357  5.969 0.3000000119
46751  -32.240  -4.553  6.017 0.3000000119
46752  -33.254  -4.395  6.525 0.3000000119
47600  -32.460  -4.311  7.287 0.3000000119
47613  -32.769  -3.930  6.855 0.3000000119
47625  -32.495  -4.254  6.443 0.3000000119
48500  -33.625  -3.841  6.698 0.3000000119
39028  -29.715  -12.799  10.207 0.5000000000
36963  -53.357  -15.774  10.455 0.3000000119
38993  -50.543  -13.652  12.771 0.4000000060
39947  -29.918  -12.604  10.282 0.4000000060
39957  -30.357  -12.136  9.738 0.5000000000
39969  -30.545  -11.433  9.263 0.4000000060
41820  -29.988  -9.959  8.533 0.5000000000
43794  -29.969  -8.460  7.903 0.5000000000
37958  -46.981  -13.920  16.100 0.4000000060
38978  -45.769  -13.431  14.056 0.3000000119
38970  -50.038  -13.419  15.237 0.4000000060
39923  -49.607  -12.578  13.048 0.4000000060
38037  -31.650  -14.049  9.638 0.5000000000
39960  -33.688  -12.758  8.091 0.5000000000
41823  -33.145  -10.115  8.363 0.5000000000
42779  -32.856  -9.124  7.988 0.5000000000
44836  -33.025  -7.202  7.360 0.4000000060
36962  -52.503  -15.147  10.048 0.3000000119
38012  -52.095  -14.415  12.053 0.4000000060
38011  -51.300  -14.062  12.465 0.4000000060
38024  -51.223  -13.966  11.614 0.3000000119
118935  -50.502  -13.469  14.802 0.4000000060
39943  -51.253  -12.949  11.343 0.3000000119
39932  -50.721  -12.812  11.858 0.4000000060
40866  -51.909  -11.484  12.187 0.3000000119
39029  -30.366  -13.306  9.911 0.5000000000
39970  -31.196  -11.836  8.936 0.5000000000
116024  -32.078  -12.498  8.915 0.5000000000
40908  -33.036  -11.865  8.447 0.5000000000
40907  -31.922  -11.379  8.389 0.5000000000
41822  -32.519  -10.836  8.289 0.5000000000
42789  -31.824  -9.307  7.471 0.4000000060
45833  -33.073  -6.232  7.055 0.3000000119
46737  -31.311  -5.373  6.937 0.3000000119
38982  -50.754  -13.697  14.071 0.4000000060
28590  -35.275  -25.700  12.354 0.6999999881
29360  -39.119  -24.719  9.517 0.6999999881
30138  -37.836  -23.918  10.195 0.6999999881
29359  -36.627  -24.750  10.892 0.6999999881
29352  -35.390  -24.430  11.741 0.6999999881
30137  -36.025  -24.020  11.029 0.6999999881
106215  -36.012  -23.296  10.903 0.6999999881
30130  -35.247  -23.519  11.832 0.6999999881
37955  -48.819  -14.860  17.127 0.3000000119
36899  -49.781  -15.289  16.890 0.3000000119
37960  -48.400  -14.180  16.723 0.3000000119
107612  -50.251  -14.637  16.435 0.3000000119
38962  -49.610  -13.573  15.969 0.3000000119
37961  -49.417  -14.258  16.523 0.3000000119
30992  -37.401  -23.047  10.290 0.6999999881
37959  -47.591  -14.294  16.770 0.3000000119
37962  -50.296  -13.888  16.067 0.3000000119
37984  -51.658  -14.237  14.683 0.3000000119
37985  -52.359  -14.567  14.222 0.3000000119
30991  -35.562  -22.462  10.890 0.6000000238
37969  -50.942  -13.829  15.347 0.3000000119
37997  -51.508  -14.105  13.593 0.3000000119
37998  -52.267  -14.463  13.205 0.3000000119
105999  -46.553  -13.711  14.948 0.3000000119
28603  -40.031  -25.430  9.869 0.6999999881
27862  -39.880  -26.162  9.928 0.6999999881
27841  -35.305  -26.392  12.988 0.6999999881
29361  -39.825  -24.864  9.610 0.6999999881
28615  -39.705  -25.419  9.420 0.6999999881
28614  -37.727  -25.466  10.477 0.6999999881
109889  -35.443  -25.103  11.773 0.6999999881
28579  -35.122  -25.684  13.387 0.6999999881
29345  -35.170  -24.924  12.815 0.6999999881
36900  -50.690  -15.356  16.458 0.3000000119
37963  -50.939  -14.558  16.049 0.3000000119
37970  -51.596  -14.710  15.450 0.3000000119
37986  -53.025  -14.943  13.822 0.3000000119
37999  -52.923  -14.959  12.745 0.3000000119
19744  -36.966  -36.379  13.656 0.4000000060
20457  -37.495  -35.712  13.348 0.4000000060
20452  -36.677  -35.568  13.952 0.4000000060
19739  -36.295  -36.258  14.242 0.4000000060
99009  -38.473  -36.205  12.662 0.4000000060
112697  -36.657  -32.669  15.038 0.5000000000
99283  -37.231  -33.956  14.234 0.4000000060
99509  -36.499  -34.827  14.548 0.4000000060
21176  -37.268  -34.784  13.652 0.4000000060
20451  -36.210  -35.616  14.611 0.4000000060
112826  -38.039  -33.837  13.243 0.5000000000
97775  -38.451  -34.877  12.718 0.4000000060
117013  -36.351  -33.376  15.134 0.4000000060
98811  -39.823  -35.782  12.047 0.5000000000
98705  -38.168  -32.979  13.952 0.5000000000
97776  -39.030  -33.758  12.416 0.5000000000
112349  -40.983  -35.588  11.158 0.5000000000
112629  -40.625  -36.037  10.528 0.5000000000
19758  -39.732  -36.151  10.357 0.5000000000
98519  -40.455  -34.373  11.661 0.5000000000
112894  -39.227  -32.726  12.753 0.6000000238
112561  -41.024  -35.454  10.921 0.5000000000
98592  -40.799  -33.748  11.119 0.5000000000
98485  -40.993  -34.383  10.846 0.5000000000
112628  -38.937  -34.217  10.496 0.6000000238
98576  -40.054  -35.083  10.329 0.5000000000
97786  -37.594  -33.946  10.953 0.5000000000
112631  -39.171  -31.892  13.398 0.6000000238
98426  -39.969  -33.133  11.729 0.6000000238
99600  -38.874  -31.164  13.343 0.6000000238
112870  -40.419  -34.138  10.387 0.6000000238
104890  -38.395  -33.299  10.691 0.6000000238
99034  -37.514  -32.907  10.865 0.5000000000
112471  -36.459  -32.565  13.723 0.5000000000
98862  -36.397  -32.512  12.519 0.5000000000
98629  -37.002  -32.326  11.387 0.5000000000
25256  -34.580  -29.488  15.976 0.4000000060
98775  -40.305  -31.597  12.336 0.6000000238
26197  -34.947  -28.661  15.648 0.5000000000
97779  -40.334  -31.104  12.433 0.6000000238
112477  -40.039  -32.556  11.367 0.5000000000
99420  -40.740  -30.958  11.654 0.6000000238
112378  -40.019  -31.881  11.182 0.6000000238
25265  -35.214  -29.499  15.128 0.5000000000
98826  -39.417  -31.809  10.715 0.6000000238
98742  -38.170  -32.011  10.508 0.6000000238
112859  -38.727  -32.502  10.585 0.5000000000
112957  -36.299  -32.082  14.356 0.5000000000
112727  -36.663  -31.809  11.971 0.5000000000
97792  -37.329  -31.100  11.572 0.5000000000
25255  -33.590  -29.428  16.337 0.4000000060
26190  -34.253  -28.686  16.262 0.5000000000
25254  -32.560  -29.737  16.297 0.4000000060
27011  -34.558  -26.970  15.033 0.5000000000
26198  -35.361  -28.660  14.622 0.5000000000
112643  -39.253  -30.487  12.532 0.6000000238
26203  -35.335  -27.827  14.095 0.5000000000
112379  -40.565  -30.919  10.971 0.6000000238
112889  -39.043  -31.401  10.763 0.6000000238
97793  -38.934  -30.839  11.101 0.6000000238
99019  -36.036  -31.148  13.782 0.5000000000
97781  -37.718  -31.504  11.084 0.6000000238
113776  -36.451  -31.734  13.091 0.5000000000
97797  -36.313  -31.141  12.217 0.5000000000
115754  -35.936  -30.961  12.837 0.5000000000
26189  -33.462  -28.541  16.499 0.4000000060
27004  -34.390  -27.218  15.703 0.5000000000
104360  -32.760  -29.047  16.475 0.4000000060
27830  -34.642  -26.377  14.720 0.5000000000
27831  -35.072  -26.348  13.927 0.5000000000
27019  -35.295  -27.095  13.574 0.5000000000
26210  -39.221  -28.798  11.930 0.6000000238
108480  -35.474  -27.815  13.240 0.5000000000
97808  -35.470  -29.563  13.985 0.5000000000
97799  -39.303  -29.267  11.298 0.6000000238
97800  -38.735  -29.786  11.299 0.6000000238
99768  -35.621  -30.411  13.445 0.5000000000
97805  -37.475  -29.954  11.404 0.5000000000
97807  -35.624  -29.684  12.870 0.5000000000
99044  -35.933  -30.393  12.345 0.5000000000
102367  -35.540  -27.234  12.493 0.5000000000
26216  -39.544  -27.862  11.269 0.6000000238
98558  -39.400  -29.293  11.195 0.6000000238
26208  -35.531  -28.704  13.357 0.5000000000
119716  -39.378  -28.792  10.962 0.6000000238
109139  -35.672  -28.201  12.363 0.5000000000
117449  -37.028  -29.525  11.357 0.5000000000
112753  -35.950  -29.746  12.131 0.5000000000
97804  -36.352  -29.359  11.647 0.5000000000
26994  -33.351  -27.741  16.749 0.4000000060
28578  -34.798  -25.683  14.316 0.4000000060
26188  -32.476  -28.401  16.645 0.4000000060
28602  -35.985  -25.611  11.429 0.6000000238
27851  -35.597  -26.386  11.940 0.6000000238
27025  -39.664  -26.945  10.430 0.6000000238
97803  -35.770  -29.094  12.219 0.5000000000
100709  -39.471  -26.740  10.026 0.6000000238
26215  -36.354  -28.589  11.528 0.5000000000
27814  -34.067  -26.763  16.269 0.5000000000
29338  -34.984  -25.098  13.838 0.5000000000
28566  -34.414  -25.692  15.261 0.4000000060
110615  -34.137  -26.017  16.185 0.4000000060
27860  -36.842  -26.258  11.106 0.6000000238
26219  -36.339  -27.692  11.498 0.5000000000
27033  -37.776  -27.038  10.735 0.5000000000
117868  -34.887  -30.794  15.027 0.5000000000
97806  -35.341  -30.342  14.523 0.5000000000
117939  -35.657  -30.749  14.081 0.5000000000
26985  -33.066  -27.145  17.078 0.4000000060
21167  -35.857  -35.301  15.241 0.4000000060
27843  -38.199  -26.255  12.123 0.6000000238
105720  -39.326  -27.024  11.351 0.6000000238
27852  -39.794  -26.260  10.474 0.6000000238
27034  -39.224  -27.435  10.434 0.6000000238
27026  -39.571  -27.733  10.706 0.6000000238
27861  -38.992  -26.154  9.938 0.6000000238
113221  -41.135  -34.613  11.019 0.5000000000
97789  -38.862  -35.262  10.416 0.5000000000
97791  -39.469  -33.259  10.676 0.6000000238
98420  -40.272  -33.302  10.955 0.6000000238
27005  -34.896  -27.734  15.104 0.5000000000
97780  -40.496  -30.513  11.311 0.6000000238
99339  -36.769  -30.556  11.738 0.5000000000
98444  -40.110  -29.758  11.204 0.6000000238
98888  -39.701  -29.916  11.258 0.6000000238
98967  -36.430  -29.965  11.728 0.5000000000
99025  -39.443  -28.558  10.970 0.6000000238
98853  -38.376  -29.244  11.171 0.6000000238
112945  -37.402  -28.891  11.172 0.6000000238
99250  -37.689  -28.040  10.939 0.5000000000
29320  -48.439  -24.604  16.573 0.3000000119
28559  -48.012  -25.194  15.941 0.3000000119
29332  -49.541  -24.567  15.515 0.3000000119
29333  -50.254  -24.230  15.287 0.3000000119
29340  -49.831  -24.916  14.776 0.3000000119
30124  -51.751  -23.886  13.951 0.3000000119
30125  -52.367  -23.387  13.650 0.3000000119
30096  -49.511  -23.517  16.728 0.3000000119
30107  -50.538  -23.414  15.591 0.3000000119
30117  -51.380  -23.676  14.556 0.3000000119
30126  -52.971  -22.926  13.231 0.3000000119
30108  -51.291  -22.991  15.116 0.3000000119
30118  -51.962  -23.181  14.400 0.3000000119
33509  -53.747  -19.790  14.435 0.3000000119
33493  -52.933  -19.938  14.494 0.3000000119
110290  -52.183  -19.094  15.498 0.3000000119
34302  -53.202  -18.406  14.942 0.3000000119
33494  -53.390  -19.128  14.595 0.3000000119
34301  -52.546  -18.401  15.389 0.3000000119
19751  -40.779  -36.894  11.352 0.4000000060
28571  -49.091  -25.232  14.978 0.3000000119
29348  -51.497  -24.522  13.379 0.3000000119
19006  -41.082  -37.275  10.646 0.4000000060
29355  -52.632  -24.017  12.359 0.3000000119
30132  -52.699  -23.526  12.983 0.3000000119
30963  -52.145  -22.262  14.758 0.3000000119
31877  -52.589  -21.397  14.508 0.3000000119
32728  -53.487  -20.567  14.272 0.3000000119
31879  -53.965  -21.064  13.978 0.3000000119
32729  -54.366  -20.414  14.232 0.3000000119
110969  -54.487  -19.664  14.382 0.3000000119
34313  -53.810  -18.359  14.549 0.3000000119
29349  -52.174  -24.030  13.165 0.3000000119
30133  -53.282  -23.261  12.357 0.3000000119
17454  -29.063  -39.711  17.717 0.4000000060
17455  -29.242  -39.233  17.231 0.3000000119
18222  -29.342  -38.234  16.833 0.3000000119
18977  -29.411  -37.308  16.390 0.3000000119
104092  -34.866  -34.313  13.369 0.4000000060
105238  -35.435  -33.845  12.951 0.4000000060
100154  -34.135  -34.732  12.698 0.4000000060
20460  -34.299  -34.993  11.978 0.4000000060
116693  -35.507  -32.646  14.653 0.4000000060
98903  -36.084  -32.967  14.247 0.4000000060
99091  -35.558  -33.722  13.966 0.4000000060
97784  -36.080  -33.150  13.244 0.4000000060
100067  -35.787  -33.731  12.168 0.4000000060
97785  -36.566  -33.786  11.439 0.4000000060
20461  -35.052  -34.883  11.775 0.4000000060
99107  -36.667  -34.674  11.260 0.4000000060
23501  -30.915  -31.260  14.698 0.3000000119
97801  -35.045  -31.944  14.833 0.4000000060
24321  -32.519  -30.530  16.069 0.3000000119
24333  -31.673  -30.835  15.509 0.3000000119
112625  -36.378  -33.068  11.847 0.4000000060
117782  -34.757  -30.237  15.451 0.4000000060
20459  -33.441  -35.296  12.380 0.4000000060
97787  -34.813  -34.262  14.286 0.4000000060
21180  -35.027  -34.421  12.301 0.4000000060
14636  -35.569  -43.234  13.065 0.3000000119
107421  -35.169  -41.461  13.654 0.3000000119
16734  -35.686  -40.700  13.578 0.3000000119
16015  -38.224  -41.270  12.299 0.3000000119
16736  -38.437  -40.655  12.316 0.3000000119
16741  -39.155  -40.994  11.706 0.3000000119
17472  -38.238  -39.859  12.588 0.3000000119
117418  -39.224  -39.940  11.942 0.3000000119
103800  -39.282  -40.884  11.542 0.3000000119
110244  -37.572  -37.344  13.269 0.3000000119
18990  -38.570  -38.543  12.548 0.3000000119
18239  -39.416  -39.598  11.792 0.3000000119
19745  -37.763  -36.605  13.149 0.3000000119
18995  -39.967  -39.021  11.451 0.3000000119
17469  -34.899  -40.044  13.824 0.3000000119
113028  -39.648  -36.913  12.109 0.3000000119
19749  -38.816  -37.528  12.443 0.3000000119
105523  -35.999  -41.888  13.271 0.3000000119
14634  -33.702  -43.355  14.100 0.4000000060
15332  -36.398  -42.434  12.810 0.3000000119
16010  -34.258  -41.112  13.927 0.4000000060
16724  -31.780  -40.527  17.801 0.3000000119
16740  -39.214  -41.048  11.680 0.3000000119
17426  -31.918  -39.250  20.170 0.3000000119
17457  -31.817  -39.892  17.462 0.3000000119
17476  -39.290  -40.477  11.634 0.3000000119
17477  -39.797  -39.856  11.258 0.3000000119
18187  -32.946  -38.006  21.311 0.3000000119
18226  -32.842  -39.019  15.749 0.4000000060
18227  -33.481  -38.403  15.495 0.4000000060
18235  -38.304  -39.194  12.683 0.3000000119
18939  -32.092  -36.823  21.481 0.3000000119
18949  -31.676  -37.023  20.875 0.3000000119
18956  -31.469  -37.871  19.677 0.3000000119
18972  -31.752  -37.677  17.890 0.3000000119
19686  -31.534  -36.395  20.540 0.3000000119
19720  -32.014  -36.922  17.582 0.4000000060
19728  -32.572  -36.851  16.995 0.3000000119
19735  -35.307  -35.968  15.509 0.4000000060
19759  -40.894  -37.156  10.517 0.4000000060
19760  -41.051  -36.446  10.754 0.5000000000
20367  -33.082  -35.238  22.623 0.3000000119
20403  -31.532  -35.707  20.063 0.3000000119
20419  -31.655  -35.663  19.275 0.3000000119
20420  -31.963  -35.559  18.507 0.3000000119
20442  -33.056  -35.942  16.932 0.3000000119
21117  -32.193  -34.286  18.961 0.3000000119
21865  -32.175  -33.196  20.733 0.3000000119
21909  -34.267  -33.195  17.015 0.4000000060
21924  -34.117  -33.794  16.939 0.4000000060
22669  -32.112  -32.741  19.814 0.3000000119
22685  -32.405  -32.487  19.158 0.3000000119
23457  -32.372  -31.601  20.390 0.3000000119
23480  -32.561  -31.623  18.988 0.3000000119
23489  -34.021  -31.760  17.678 0.3000000119
24265  -33.505  -30.377  21.635 0.3000000119
24267  -39.720  -31.019  21.791 0.3000000119
24278  -33.177  -30.053  20.739 0.3000000119
24302  -34.091  -30.334  18.157 0.4000000060
24334  -34.276  -30.842  15.581 0.4000000060
24339  -29.550  -29.969  14.548 0.5000000000
25223  -33.932  -29.016  20.760 0.3000000119
25239  -33.434  -30.077  18.802 0.3000000119
25247  -34.854  -29.970  17.735 0.5000000000
25257  -35.926  -29.695  17.297 0.6000000238
25258  -36.991  -29.832  16.828 0.6000000238
25263  -29.997  -29.105  14.280 0.5000000000
26116  -37.396  -28.242  23.052 0.3000000119
26117  -38.200  -28.405  23.220 0.3000000119
26135  -34.894  -28.861  21.853 0.3000000119
26136  -35.453  -28.843  22.237 0.3000000119
26138  -39.055  -28.668  22.791 0.3000000119
26154  -40.675  -28.264  22.051 0.3000000119
26160  -34.512  -28.365  20.455 0.3000000119
26181  -36.498  -28.369  17.305 0.6000000238
26191  -36.855  -28.522  16.749 0.6999999881
26195  -29.653  -27.998  14.248 0.5000000000
26929  -38.081  -27.677  23.189 0.3000000119
26956  -35.744  -27.610  21.539 0.3000000119
26958  -40.785  -27.409  22.028 0.3000000119
26963  -35.595  -27.278  20.707 0.3000000119
26964  -41.652  -27.209  20.592 0.3000000119
26968  -35.585  -27.135  19.814 0.5000000000
26978  -42.740  -26.896  18.623 0.3000000119
26995  -34.045  -27.452  16.403 0.4000000060
27012  -34.949  -27.032  14.414 0.5000000000
27032  -36.203  -26.938  11.556 0.5000000000
27749  -37.769  -26.206  22.352 0.3000000119
27779  -41.617  -26.474  20.420 0.3000000119
27792  -36.152  -26.427  18.591 0.6000000238
27805  -43.260  -25.704  17.371 0.4000000060
27806  -43.373  -26.367  17.369 0.3000000119
27822  -34.360  -26.511  15.501 0.5000000000
28472  -38.319  -25.807  22.225 0.3000000119
28486  -36.850  -25.573  21.474 0.4000000060
28488  -38.535  -25.297  21.897 0.4000000060
28490  -40.346  -25.581  21.676 0.4000000060
28502  -41.775  -25.856  19.999 0.4000000060
28510  -41.710  -24.942  19.880 0.4000000060
28529  -33.009  -26.068  17.195 0.4000000060
28530  -33.678  -26.346  16.842 0.5000000000
28534  -44.867  -25.522  17.084 0.3000000119
28536  -46.745  -25.335  17.034 0.4000000060
28558  -46.095  -25.748  16.288 0.3000000119
29262  -40.032  -24.853  21.402 0.4000000060
29269  -36.717  -24.816  20.894 0.4000000060
29271  -39.742  -24.072  21.082 0.4000000060
29284  -41.615  -24.174  19.606 0.4000000060
29293  -42.571  -24.476  18.241 0.4000000060
29295  -43.749  -24.192  17.766 0.4000000060
29303  -43.451  -24.738  17.478 0.4000000060
29321  -49.185  -24.232  16.297 0.4000000060
29331  -48.784  -24.886  15.758 0.3000000119
29341  -50.453  -24.520  14.657 0.3000000119
29342  -51.033  -24.397  14.204 0.3000000119
30062  -41.407  -23.437  19.433 0.4000000060
30070  -42.307  -23.098  18.472 0.4000000060
30084  -46.713  -23.989  17.935 0.4000000060
30086  -48.362  -23.482  17.648 0.4000000060
30097  -50.126  -23.060  16.363 0.3000000119
30116  -50.844  -23.881  14.926 0.3000000119
30925  -44.677  -22.500  18.424 0.4000000060
30928  -47.250  -22.380  18.284 0.4000000060
30936  -49.549  -22.431  17.413 0.4000000060
30948  -49.716  -22.863  16.979 0.4000000060
31820  -37.671  -21.417  18.695 0.6000000238
31824  -43.314  -21.518  18.374 0.4000000060
31840  -49.268  -21.243  17.876 0.4000000060
31851  -50.916  -20.940  16.447 0.4000000060
31860  -33.350  -21.240  15.827 0.5000000000
31876  -37.343  -21.165  14.694 0.6000000238
32667  -40.505  -21.334  19.163 0.5000000000
32676  -39.631  -20.351  18.734 0.6000000238
32677  -40.403  -20.602  18.892 0.5000000000
32683  -46.447  -20.527  18.392 0.4000000060
32696  -50.215  -20.573  17.360 0.4000000060
32712  -34.287  -20.608  15.200 0.6000000238
32713  -37.464  -20.464  15.796 0.6999999881
32725  -35.444  -20.794  13.853 0.8000000119
32738  -54.706  -21.077  13.700 0.3000000119
33446  -39.531  -19.724  18.187 0.6000000238
33468  -46.157  -19.393  17.670 0.4000000060
33469  -49.747  -19.460  17.701 0.4000000060
33504  -33.534  -19.329  14.699 0.5000000000
34259  -48.799  -18.586  18.409 0.4000000060
34270  -45.650  -19.045  16.916 0.3000000119
34273  -49.972  -18.686  17.635 0.4000000060
35048  -48.519  -17.793  18.290 0.4000000060
35073  -50.736  -17.743  16.879 0.4000000060
37971  -52.303  -14.866  14.945 0.3000000119
38023  -42.712  -14.117  11.368 0.5000000000
39016  -42.845  -13.495  10.825 0.5000000000
41824  -39.922  -10.091  7.845 0.6000000238
41827  -29.925  -9.763  8.169 0.5000000000
42706  -45.701  -9.033  14.921 0.4000000060
42753  -30.454  -9.778  9.317 0.4000000060
42765  -30.042  -9.579  8.766 0.5000000000
42777  -29.867  -9.383  8.202 0.6000000238
42791  -39.249  -9.558  6.984 0.6000000238
44822  -30.315  -7.580  7.637 0.4000000060
44834  -30.796  -7.674  7.024 0.5000000000
45733  -47.375  -6.794  15.341 0.3000000119
45752  -45.089  -6.643  14.702 0.3000000119
45830  -30.497  -6.788  6.997 0.5000000000
45831  -30.676  -6.106  6.799 0.5000000000
45847  -32.085  -5.424  6.187 0.3000000119
47492  -47.049  -4.834  14.252 0.3000000119
47509  -44.807  -4.391  13.679 0.3000000119
47611  -31.671  -4.694  6.106 0.3000000119
47612  -32.128  -4.222  6.311 0.3000000119
48489  -33.160  -3.838  6.729 0.3000000119
49409  -45.108  -2.395  11.596 0.3000000119
49425  -45.150  -2.103  11.209 0.3000000119
97777  -37.047  -33.256  14.600 0.5000000000
97782  -36.531  -34.012  14.909 0.4000000060
97783  -40.581  -31.440  11.536 0.6000000238
98728  -40.801  -35.199  10.638 0.5000000000
99167  -39.042  -28.386  10.733 0.6000000238
99330  -41.160  -36.663  10.793 0.4000000060
99480  -38.439  -30.345  11.322 0.6000000238
99733  -35.455  -31.178  14.473 0.5000000000
100477  -37.930  -26.905  22.828 0.3000000119
100782  -36.156  -28.892  22.620 0.3000000119
101966  -39.753  -23.338  20.612 0.4000000060
102152  -37.041  -4.821  6.206 0.4000000060
102666  -31.565  -7.893  7.010 0.4000000060
103308  -35.739  -34.415  11.706 0.4000000060
103541  -34.890  -32.873  16.434 0.4000000060
103677  -34.856  -30.132  22.434 0.3000000119
104719  -52.793  -19.142  14.946 0.3000000119
106173  -47.049  -20.937  18.669 0.4000000060
106250  -37.319  -29.901  16.387 0.6000000238
106580  -43.260  -6.835  13.030 0.4000000060
106599  -49.926  -13.407  14.039 0.4000000060
107024  -32.390  -33.932  21.398 0.3000000119
107890  -35.842  -27.763  18.610 0.5000000000
107894  -33.893  -32.947  17.492 0.3000000119
108216  -29.998  -8.112  8.113 0.4000000060
108449  -32.742  -33.890  18.385 0.3000000119
108838  -31.655  -35.011  20.334 0.3000000119
109466  -34.496  -27.966  16.029 0.5000000000
109573  -33.982  -28.068  16.449 0.4000000060
109737  -32.825  -24.280  16.826 0.3000000119
109962  -37.992  -24.856  21.568 0.4000000060
109967  -31.940  -39.252  17.152 0.4000000060
110444  -51.693  -16.935  16.081 0.3000000119
111645  -46.745  -21.753  18.490 0.4000000060
112069  -36.382  -23.188  18.482 0.6000000238
112339  -40.268  -30.208  11.030 0.6000000238
112541  -40.273  -32.188  11.945 0.6000000238
112698  -36.178  -31.541  16.040 0.6000000238
112869  -39.604  -32.491  10.836 0.6000000238
113682  -40.605  -21.999  19.319 0.4000000060
113822  -33.609  -33.311  22.219 0.3000000119
114254  -46.580  -17.587  17.658 0.4000000060
115662  -49.175  -22.059  17.801 0.4000000060
115944  -36.666  -24.307  20.352 0.4000000060
116060  -47.663  -15.803  17.581 0.4000000060
116105  -44.415  -1.845  9.795 0.3000000119
116467  -30.082  -28.507  14.338 0.5000000000
117399  -37.138  -22.580  19.473 0.6000000238
118189  -30.909  -6.406  6.501 0.4000000060
118260  -34.402  -13.868  8.233 0.6000000238
118577  -42.256  -12.147  7.783 0.5000000000
118639  -39.630  -27.222  22.741 0.3000000119
118685  -51.844  -19.678  15.685 0.4000000060
118701  -34.376  -25.055  15.475 0.5000000000
118751  -32.060  -32.914  20.262 0.3000000119
119134  -32.398  -31.981  20.825 0.3000000119
119826  -41.066  -37.556  10.673 0.4000000060
120045  -49.131  -22.561  17.659 0.4000000060
120320  -31.485  -38.221  19.094 0.3000000119
