#!ascii label  , from subject sub-v2s12x28856_ses-1 vox2ras=TkReg
1456
3055  -6.041  -65.022  14.050 0.5000000000
2327  -6.752  -67.013  12.342 0.5000000000
99793  -8.301  -67.453  11.943 0.5000000000
2341  -8.025  -67.972  11.986 0.5000000000
3756  -7.260  -63.645  15.112 0.5000000000
3406  -6.509  -64.326  14.569 0.5000000000
3391  -8.247  -64.066  15.477 0.5000000000
3057  -7.522  -65.178  14.338 0.5000000000
108195  -9.099  -64.575  14.824 0.6000000238
1967  -8.220  -68.469  12.200 0.5000000000
2696  -7.143  -66.161  12.621 0.5000000000
1968  -8.823  -68.345  12.345 0.5000000000
2711  -8.950  -67.305  11.754 0.6000000238
1969  -9.623  -68.151  12.352 0.6000000238
100137  -9.462  -67.463  11.387 0.6000000238
2343  -9.556  -67.899  11.597 0.6000000238
2328  -10.306  -67.810  12.721 0.6999999881
2356  -10.360  -67.817  10.969 0.6999999881
2713  -11.528  -67.200  11.268 0.6999999881
2345  -10.973  -67.475  12.062 0.6999999881
2329  -10.872  -67.260  13.374 0.6999999881
105590  -8.796  -63.706  15.638 0.5000000000
3393  -9.713  -64.073  15.123 0.6000000238
4102  -9.426  -63.194  15.067 0.6000000238
3757  -9.952  -63.544  14.463 0.6000000238
3073  -8.610  -65.560  13.136 0.5000000000
1954  -9.882  -68.096  13.312 0.5000000000
1941  -9.813  -68.116  14.202 0.5000000000
2296  -10.489  -67.305  16.538 0.6999999881
101564  -10.386  -67.555  14.869 0.6999999881
2307  -10.669  -67.077  15.753 0.6999999881
2697  -8.164  -66.431  12.338 0.6000000238
2712  -9.433  -66.776  11.510 0.6999999881
2308  -11.037  -66.822  14.960 0.6999999881
2726  -10.616  -67.580  10.655 0.6999999881
2357  -11.277  -67.341  10.519 0.6999999881
102003  -11.521  -65.618  15.676 0.6999999881
2714  -12.158  -66.412  11.777 0.6999999881
2699  -12.031  -66.135  12.781 0.6999999881
2698  -11.456  -66.722  13.093 0.6999999881
3379  -11.655  -64.936  16.126 0.6999999881
3075  -12.352  -65.465  13.253 0.6999999881
116158  -12.181  -64.469  14.537 0.6999999881
3044  -11.791  -65.116  15.175 0.6999999881
105192  -8.125  -62.495  15.520 0.5000000000
4113  -8.604  -62.293  14.583 0.6000000238
4498  -8.206  -61.473  14.153 0.6000000238
4114  -8.943  -62.607  13.615 0.6000000238
4126  -7.944  -61.970  12.610 0.6000000238
3424  -10.164  -64.358  13.490 0.6000000238
4127  -8.263  -62.498  12.146 0.6000000238
3435  -9.849  -64.822  12.558 0.6000000238
2657  -10.954  -66.869  17.189 0.6999999881
3084  -9.572  -65.730  12.014 0.6999999881
2668  -10.846  -66.709  16.471 0.6999999881
2642  -12.072  -67.197  18.232 0.6999999881
105266  -13.219  -67.156  18.139 0.6999999881
3449  -9.877  -65.014  11.575 0.6999999881
2658  -11.642  -66.424  17.724 0.6999999881
2286  -13.641  -67.361  17.547 0.6999999881
3093  -9.901  -66.095  11.062 0.6999999881
3103  -10.937  -65.765  9.898 0.6999999881
2676  -11.166  -66.284  15.855 0.6999999881
119755  -11.562  -65.695  17.247 0.6999999881
2643  -12.535  -66.346  18.220 0.6999999881
2659  -13.717  -66.456  17.946 0.6999999881
2381  -11.381  -67.025  10.283 0.6999999881
3111  -12.384  -65.709  9.795 0.6999999881
3031  -11.403  -65.569  16.522 0.6999999881
2645  -13.941  -65.763  18.232 0.6999999881
3085  -12.495  -65.611  12.310 0.6999999881
3032  -11.866  -64.997  17.133 0.6999999881
3364  -12.576  -65.129  17.794 0.6999999881
100662  -12.505  -64.955  13.644 0.6999999881
3380  -12.139  -64.335  16.454 0.6999999881
116040  -13.328  -64.998  18.196 0.6999999881
3381  -12.991  -63.817  16.698 0.6999999881
3746  -12.422  -63.687  15.531 0.6999999881
4497  -7.891  -61.474  14.995 0.5000000000
4512  -7.678  -60.789  13.882 0.6000000238
103918  -7.597  -60.320  13.502 0.6000000238
5417  -6.276  -59.877  13.495 0.5000000000
4917  -8.166  -60.269  13.406 0.6000000238
5399  -5.358  -59.889  14.037 0.5000000000
4916  -6.789  -60.276  13.655 0.5000000000
4931  -8.575  -60.955  13.207 0.6000000238
5420  -9.562  -59.783  13.570 0.6000000238
4522  -8.020  -61.839  12.226 0.6000000238
4918  -9.028  -60.311  13.271 0.6000000238
3766  -10.469  -63.964  13.376 0.6000000238
3436  -10.206  -64.227  12.390 0.6999999881
3774  -10.092  -63.352  11.678 0.6999999881
109514  -10.477  -64.626  10.364 0.6999999881
3450  -10.160  -64.234  10.991 0.6999999881
1914  -14.356  -67.568  15.860 0.6999999881
3474  -11.127  -65.053  9.612 0.6999999881
3787  -10.844  -63.936  10.397 0.6999999881
2287  -14.194  -66.670  17.322 0.6999999881
2309  -14.551  -67.578  14.897 0.6999999881
3794  -12.115  -64.251  9.840 0.6999999881
2660  -14.377  -65.829  17.846 0.6999999881
116152  -14.654  -66.688  16.407 0.6999999881
3437  -12.820  -64.652  11.710 0.6000000238
3001  -14.645  -65.118  18.269 0.6999999881
2670  -15.217  -65.857  16.667 0.6999999881
2310  -14.939  -66.938  15.344 0.6999999881
2320  -15.128  -67.056  14.441 0.6999999881
2330  -14.804  -67.502  13.270 0.6999999881
3425  -12.719  -64.930  12.712 0.6999999881
3354  -14.173  -64.914  18.366 0.6999999881
3367  -15.710  -64.454  17.825 0.6000000238
119537  -15.672  -65.708  16.045 0.6999999881
2677  -15.313  -66.262  15.737 0.6999999881
3758  -12.559  -63.566  14.322 0.6000000238
109224  -14.181  -63.477  16.905 0.6999999881
3365  -13.722  -64.356  17.694 0.6999999881
3366  -14.974  -64.375  18.070 0.6000000238
3016  -16.067  -64.780  17.543 0.6000000238
3759  -13.025  -62.945  14.950 0.6000000238
3747  -13.348  -63.150  15.914 0.6000000238
3732  -15.413  -63.506  17.320 0.6000000238
3733  -16.252  -63.642  17.414 0.5000000000
3368  -16.505  -64.253  17.498 0.5000000000
116946  -17.127  -64.383  16.486 0.5000000000
4089  -14.120  -62.789  15.991 0.6000000238
4105  -15.566  -62.456  15.773 0.5000000000
4091  -15.999  -62.972  16.702 0.5000000000
5418  -7.347  -59.786  13.503 0.6000000238
119377  -6.774  -59.101  13.911 0.6000000238
5402  -9.070  -59.390  14.079 0.5000000000
5383  -10.319  -59.496  15.377 0.6999999881
5400  -5.729  -59.829  13.718 0.5000000000
6484  -6.445  -58.251  14.557 0.6000000238
5914  -7.271  -58.327  14.743 0.6000000238
6482  -4.460  -57.995  14.711 0.6000000238
5932  -5.266  -59.016  14.448 0.6000000238
5403  -10.163  -59.517  14.358 0.4000000060
6483  -5.528  -58.153  14.549 0.6000000238
5421  -10.474  -59.743  13.509 0.5000000000
4932  -9.194  -61.037  12.798 0.6000000238
4523  -9.166  -61.593  11.999 0.6000000238
106587  -10.415  -63.561  11.103 0.6999999881
4140  -10.107  -62.834  11.536 0.6000000238
3788  -11.828  -63.673  10.391 0.6999999881
3790  -12.742  -64.252  10.670 0.6000000238
4156  -12.320  -63.272  10.878 0.6000000238
100015  -12.755  -64.222  12.515 0.6000000238
2678  -15.939  -65.884  15.337 0.6000000238
2687  -16.366  -66.145  14.547 0.6000000238
2700  -15.766  -66.650  14.023 0.6999999881
2331  -15.260  -67.139  13.591 0.6999999881
2347  -15.302  -67.234  12.593 0.6999999881
3767  -12.698  -63.434  13.218 0.6000000238
3045  -16.307  -65.319  15.976 0.6000000238
2359  -14.734  -67.645  11.754 0.6999999881
4116  -14.001  -61.990  14.784 0.6000000238
3369  -16.873  -63.899  17.283 0.4000000060
3035  -17.034  -64.878  15.872 0.4000000060
3060  -16.855  -65.518  15.153 0.5000000000
2688  -17.391  -65.831  14.251 0.6000000238
2715  -15.830  -66.826  13.238 0.6000000238
2360  -15.616  -67.294  11.088 0.6000000238
4104  -14.573  -62.280  15.427 0.5000000000
4487  -15.209  -61.997  15.058 0.5000000000
4092  -16.570  -63.420  16.833 0.5000000000
2701  -18.014  -66.213  13.349 0.6000000238
5360  -9.938  -59.470  16.249 0.6000000238
5382  -9.560  -59.356  15.170 0.6000000238
5362  -11.528  -59.569  16.708 0.6000000238
6464  -6.835  -57.647  15.084 0.6000000238
5915  -8.020  -58.418  15.174 0.5000000000
6443  -8.081  -57.912  16.106 0.6000000238
5878  -8.648  -58.454  16.870 0.6000000238
110757  -11.611  -59.490  15.860 0.6000000238
6461  -3.810  -57.407  15.139 0.6999999881
6441  -6.695  -57.068  15.775 0.6000000238
100859  -8.085  -57.488  16.950 0.6000000238
5404  -10.969  -59.529  14.083 0.5000000000
5384  -11.116  -59.484  15.014 0.6000000238
6962  -3.377  -56.695  16.030 0.6000000238
6953  -6.035  -56.566  16.623 0.6999999881
4920  -10.760  -60.066  12.839 0.5000000000
6952  -4.958  -56.086  16.769 0.6999999881
4933  -10.154  -60.834  12.506 0.6000000238
6927  -4.284  -55.600  17.062 0.6000000238
110701  -10.703  -62.456  11.352 0.6000000238
4524  -10.463  -61.359  11.806 0.6000000238
103024  -11.071  -61.823  11.387 0.6000000238
3780  -11.748  -62.583  11.081 0.6000000238
3781  -12.632  -63.449  11.079 0.6000000238
103017  -12.789  -62.653  11.630 0.6000000238
105021  -14.351  -61.483  12.986 0.6000000238
115350  -13.450  -62.144  13.655 0.6000000238
4526  -14.863  -61.255  12.014 0.6000000238
4499  -14.585  -61.763  14.620 0.6000000238
2717  -17.780  -66.719  12.691 0.6000000238
2348  -17.061  -67.076  11.587 0.6000000238
4500  -15.323  -61.738  14.378 0.5000000000
4117  -15.879  -62.208  14.992 0.5000000000
4106  -16.568  -62.943  15.910 0.5000000000
2373  -16.638  -67.690  9.754 0.6000000238
2702  -18.483  -65.975  12.828 0.4000000060
2349  -18.554  -66.920  11.845 0.6000000238
2362  -17.920  -67.409  10.936 0.6000000238
109715  -10.007  -59.411  17.075 0.6000000238
5322  -10.950  -59.166  18.158 0.5000000000
5323  -11.805  -59.188  18.174 0.6000000238
5871  -13.019  -58.351  18.326 0.5000000000
5897  -8.642  -58.884  16.049 0.6000000238
6398  -11.498  -57.657  18.603 0.6000000238
5361  -10.670  -59.552  16.906 0.5000000000
5880  -12.690  -59.111  18.067 0.5000000000
5342  -13.069  -59.292  17.228 0.5000000000
5868  -10.474  -58.549  18.315 0.5000000000
5338  -9.814  -59.147  17.574 0.6000000238
5320  -9.809  -58.588  18.006 0.5000000000
5363  -12.432  -59.439  16.317 0.6000000238
6928  -5.421  -56.243  17.381 0.6999999881
6418  -7.248  -56.918  17.246 0.6000000238
6395  -8.561  -57.362  18.299 0.6000000238
5431  -11.572  -59.838  12.495 0.5000000000
6905  -5.648  -56.585  17.921 0.5000000000
6417  -6.456  -56.621  17.741 0.6999999881
4934  -11.115  -60.562  12.100 0.5000000000
4535  -12.153  -61.547  11.113 0.5000000000
4150  -12.637  -62.159  11.203 0.6000000238
116340  -13.869  -61.109  10.892 0.6000000238
4142  -13.329  -61.979  11.613 0.5000000000
4538  -14.544  -60.962  11.086 0.6000000238
4525  -14.028  -61.467  11.598 0.6000000238
4516  -15.461  -61.567  13.445 0.5000000000
2718  -18.725  -66.349  12.043 0.5000000000
108655  -18.794  -66.734  11.093 0.5000000000
2363  -18.622  -67.214  10.450 0.6000000238
2374  -17.669  -67.583  9.943 0.6000000238
6891  -11.790  -55.973  19.019 0.6000000238
6399  -12.382  -57.596  18.600 0.6000000238
97691  -10.199  -55.085  18.185 0.6000000238
6400  -13.227  -57.415  18.525 0.5000000000
6384  -10.813  -56.700  18.708 0.6999999881
5899  -13.823  -58.983  16.935 0.6000000238
101852  -9.794  -57.001  18.659 0.6000000238
6420  -9.271  -57.828  18.017 0.6000000238
114229  -13.371  -59.196  16.287 0.6000000238
112240  -8.648  -57.319  19.174 0.6000000238
105641  -9.803  -56.605  19.363 0.6000000238
5422  -11.262  -59.576  13.371 0.5000000000
4935  -12.017  -60.338  11.619 0.5000000000
5866  -5.741  -57.644  18.515 0.5000000000
6394  -6.619  -57.166  18.283 0.6000000238
4536  -12.866  -61.309  10.995 0.5000000000
5443  -13.656  -60.049  11.056 0.6000000238
4537  -13.348  -61.427  11.031 0.5000000000
4948  -15.046  -60.420  10.815 0.5000000000
2728  -18.565  -66.316  9.604 0.6000000238
2364  -18.773  -66.909  9.543 0.6000000238
99524  -9.933  -54.482  17.302 0.6000000238
7918  -11.196  -54.720  17.816 0.5000000000
7421  -12.470  -55.431  18.845 0.5000000000
97688  -8.998  -54.875  17.891 0.6999999881
6908  -13.467  -56.602  18.878 0.5000000000
119785  -9.117  -55.069  19.265 0.6999999881
97690  -9.122  -55.216  18.769 0.6000000238
6401  -13.902  -57.193  18.491 0.5000000000
98927  -10.605  -55.628  19.832 0.6000000238
6421  -13.907  -57.987  18.031 0.5000000000
120303  -13.978  -58.867  16.194 0.6000000238
7413  -11.167  -55.878  20.477 0.6999999881
5916  -13.648  -58.831  15.498 0.6000000238
6382  -9.242  -56.997  19.281 0.6000000238
5405  -12.504  -59.033  14.602 0.6000000238
6375  -8.761  -57.524  20.055 0.6999999881
6376  -9.468  -57.149  20.281 0.6999999881
5423  -11.997  -59.236  13.092 0.5000000000
6374  -8.026  -57.795  19.792 0.6000000238
5432  -12.372  -59.610  12.113 0.5000000000
6361  -8.924  -57.664  20.998 0.5000000000
5433  -13.152  -59.399  11.716 0.6000000238
4945  -12.523  -60.890  11.095 0.5000000000
102493  -7.233  -58.378  20.208 0.6000000238
4946  -13.373  -60.853  10.933 0.5000000000
5444  -14.438  -59.828  10.909 0.6000000238
5985  -15.658  -58.790  11.085 0.5000000000
7953  -9.279  -54.014  17.005 0.6999999881
7954  -10.387  -54.036  16.942 0.5000000000
7939  -12.160  -54.362  17.584 0.5000000000
98910  -6.281  -53.803  18.493 0.8000000119
99166  -6.463  -54.024  17.672 0.6999999881
7919  -12.844  -54.746  18.451 0.5000000000
7438  -13.480  -55.325  19.315 0.5000000000
115104  -8.892  -54.330  19.770 0.6999999881
7891  -7.296  -54.248  19.115 0.6999999881
97689  -7.624  -54.752  18.257 0.8000000119
7902  -9.507  -54.897  19.645 0.6999999881
6894  -14.496  -55.904  19.495 0.5000000000
7893  -11.407  -55.115  20.828 0.6999999881
7412  -10.712  -55.261  20.237 0.6999999881
5882  -14.664  -57.960  17.324 0.6000000238
6422  -14.544  -57.290  18.039 0.5000000000
103077  -11.572  -55.864  21.189 0.6000000238
6884  -10.943  -56.265  20.741 0.6000000238
111222  -13.961  -58.460  14.939 0.6000000238
6363  -10.664  -56.803  21.532 0.6999999881
6377  -10.201  -56.716  20.495 0.6999999881
5971  -12.742  -58.898  12.696 0.6000000238
5933  -12.543  -58.812  13.752 0.6000000238
6362  -9.773  -57.364  21.414 0.6000000238
5972  -13.506  -58.656  12.333 0.6000000238
5434  -13.935  -59.212  11.408 0.6000000238
5844  -8.464  -58.186  21.625 0.6000000238
5984  -14.741  -59.018  11.232 0.6000000238
97692  -7.059  -52.553  17.272 0.6000000238
100121  -8.341  -52.827  16.974 0.5000000000
8503  -10.140  -53.554  16.929 0.5000000000
7920  -13.609  -54.529  18.564 0.5000000000
112970  -6.898  -52.898  18.801 0.8000000119
7903  -14.074  -54.908  19.470 0.5000000000
8450  -9.813  -53.760  20.246 0.6999999881
5900  -14.489  -58.453  16.524 0.6000000238
7345  -9.158  -55.505  24.644 0.6000000238
7849  -9.447  -54.842  24.975 0.6000000238
7403  -11.838  -55.686  21.967 0.6999999881
116890  -11.812  -55.212  21.535 0.8000000119
5917  -14.310  -58.526  15.630 0.6000000238
103835  -9.134  -57.499  23.754 0.6000000238
6873  -11.382  -56.289  21.737 0.6000000238
5955  -13.270  -58.414  13.425 0.6000000238
5956  -13.927  -58.058  13.001 0.6000000238
6334  -9.797  -57.444  23.125 0.6000000238
5845  -9.091  -57.868  21.788 0.6000000238
6348  -10.239  -57.229  22.358 0.6000000238
6504  -14.525  -57.818  12.576 0.6000000238
5974  -14.967  -58.189  11.746 0.5000000000
6509  -15.833  -57.878  11.516 0.5000000000
6506  -15.717  -56.536  11.809 0.5000000000
97693  -8.676  -50.923  17.281 0.5000000000
9086  -9.846  -51.989  17.098 0.5000000000
99189  -7.120  -51.358  18.398 0.6000000238
10182  -7.893  -50.574  18.289 0.5000000000
8449  -8.426  -53.510  19.648 0.8000000119
115615  -8.368  -52.471  19.432 0.6999999881
9047  -10.688  -52.871  20.500 0.8000000119
8451  -10.966  -54.000  20.825 0.8000000119
6931  -15.134  -56.693  18.182 0.6000000238
7423  -15.108  -55.433  19.541 0.5000000000
8391  -8.488  -53.439  25.212 0.6000000238
7889  -11.814  -54.258  21.475 0.8000000119
6911  -15.731  -56.139  18.336 0.5000000000
7834  -8.935  -54.181  25.248 0.6000000238
7386  -12.115  -54.847  22.078 0.8000000119
6466  -14.986  -58.122  15.663 0.6000000238
6444  -15.214  -57.806  16.495 0.6000000238
6423  -15.246  -57.279  17.327 0.6000000238
109483  -10.064  -55.403  24.554 0.6000000238
6485  -14.676  -57.831  14.145 0.6000000238
109892  -14.568  -58.172  14.899 0.6000000238
101468  -15.652  -57.487  15.548 0.6000000238
6843  -9.943  -56.784  23.743 0.6000000238
6858  -10.923  -56.659  22.480 0.6000000238
6845  -11.550  -56.068  22.612 0.5000000000
105209  -15.004  -57.160  13.494 0.6000000238
6335  -10.430  -56.962  23.073 0.6000000238
6505  -15.038  -57.296  12.175 0.6000000238
6502  -14.896  -56.335  12.450 0.6000000238
6983  -15.352  -55.505  12.041 0.5000000000
6988  -16.255  -55.121  11.882 0.5000000000
6987  -16.404  -55.755  11.670 0.5000000000
7496  -17.124  -55.398  11.600 0.5000000000
9629  -8.209  -50.811  18.904 0.6000000238
9046  -9.574  -52.654  19.860 0.6999999881
8993  -7.967  -52.772  24.959 0.6000000238
8445  -11.612  -53.152  21.068 0.8000000119
114529  -15.695  -55.760  19.125 0.5000000000
108970  -12.160  -53.387  21.654 0.8000000119
7439  -16.372  -55.564  18.589 0.5000000000
7881  -12.292  -54.509  22.749 0.8000000119
6445  -15.834  -57.069  16.487 0.6000000238
6933  -16.322  -55.952  17.543 0.6000000238
115345  -10.155  -54.747  25.076 0.8000000119
7385  -11.859  -55.214  22.700 0.6999999881
6486  -15.193  -57.720  14.722 0.6000000238
6965  -16.383  -56.634  15.393 0.6000000238
7346  -10.806  -55.522  24.017 0.6999999881
7370  -11.409  -55.520  23.352 0.6000000238
6467  -15.761  -56.977  14.341 0.6000000238
6966  -17.013  -55.858  14.748 0.6000000238
6844  -10.847  -56.289  23.341 0.6000000238
6975  -16.300  -56.130  13.862 0.5000000000
113929  -15.967  -55.459  12.474 0.5000000000
9624  -10.289  -51.540  20.097 0.6000000238
10172  -10.468  -50.791  19.884 0.5000000000
9586  -7.060  -51.407  23.743 0.6000000238
9042  -11.343  -51.971  20.820 0.6999999881
9006  -7.380  -52.198  24.393 0.6000000238
9043  -12.088  -52.248  21.572 0.6000000238
9571  -8.111  -51.905  25.007 0.6000000238
9587  -7.682  -51.317  24.496 0.6000000238
105291  -12.666  -53.126  22.119 0.6999999881
8392  -9.363  -53.459  25.558 0.8000000119
8446  -12.332  -53.985  22.127 0.6999999881
8438  -12.780  -53.774  22.754 0.6000000238
111855  -9.804  -54.210  25.444 0.8000000119
110890  -12.458  -54.258  23.535 0.8000000119
8408  -12.676  -53.984  24.383 0.6999999881
7835  -10.611  -54.294  25.422 0.6999999881
7850  -10.836  -54.825  24.689 0.6999999881
7851  -11.777  -54.490  24.374 0.6000000238
10148  -6.523  -50.559  23.244 0.6000000238
118679  -8.216  -51.178  24.986 0.6999999881
8425  -13.627  -52.926  23.611 0.6000000238
8994  -8.834  -52.528  25.394 0.6999999881
109391  -9.422  -51.918  25.590 0.6999999881
8424  -13.164  -53.618  23.530 0.6999999881
118928  -12.850  -53.751  25.112 0.6000000238
8995  -9.799  -52.696  25.829 0.8000000119
8393  -10.359  -53.573  25.884 0.6000000238
109363  -11.059  -53.917  25.807 0.5000000000
7837  -12.167  -54.046  25.181 0.6999999881
8395  -12.507  -53.589  25.804 0.6999999881
8396  -13.288  -53.375  25.547 0.6000000238
8385  -11.201  -53.387  26.232 0.6000000238
8394  -11.718  -53.778  25.827 0.6000000238
113384  -5.566  -50.029  22.655 0.6000000238
97654  -7.185  -49.953  23.766 0.6000000238
10135  -7.965  -50.464  24.542 0.6999999881
10134  -7.332  -50.742  23.947 0.6000000238
9572  -8.680  -50.720  25.224 0.6999999881
105399  -8.758  -51.543  25.345 0.6999999881
9573  -9.389  -51.113  25.608 0.6000000238
8409  -13.449  -53.413  24.519 0.6000000238
9574  -10.182  -51.724  25.959 0.6000000238
8982  -10.656  -52.784  26.323 0.6000000238
8996  -13.848  -53.014  25.173 0.5000000000
8387  -12.980  -53.118  26.410 0.6000000238
119647  -13.577  -52.559  26.465 0.5000000000
9563  -13.750  -51.956  26.854 0.5000000000
9555  -12.274  -51.671  26.991 0.6000000238
8972  -13.021  -52.376  26.929 0.5000000000
97660  -5.716  -48.318  22.010 0.6000000238
113064  -6.012  -49.311  22.781 0.6000000238
112786  -7.100  -49.180  23.634 0.6999999881
99188  -7.934  -49.401  24.292 0.6999999881
10118  -8.651  -49.887  24.951 0.6000000238
97627  -9.318  -50.233  25.470 0.5000000000
99120  -10.045  -50.600  25.896 0.6999999881
98766  -9.997  -49.613  25.672 0.6000000238
9561  -10.790  -50.971  26.321 0.6000000238
98969  -10.669  -49.999  26.298 0.6000000238
119983  -11.700  -52.061  26.686 0.6000000238
9562  -11.526  -51.272  26.651 0.5000000000
112938  -12.104  -49.882  26.869 0.5000000000
98803  -12.821  -50.248  27.394 0.5000000000
98459  -5.000  -46.661  20.406 0.6999999881
98583  -5.720  -46.385  20.982 0.6999999881
112833  -5.220  -46.047  21.065 0.6999999881
97670  -5.734  -45.571  21.263 0.6999999881
112462  -6.274  -44.897  21.234 0.6999999881
98565  -6.387  -43.910  21.158 0.6000000238
113247  -6.602  -48.628  23.184 0.6999999881
98746  -6.360  -46.916  22.396 0.6999999881
112640  -6.637  -46.394  22.238 0.6999999881
112613  -6.757  -45.651  21.255 0.6999999881
98985  -7.462  -48.485  23.898 0.6999999881
112695  -6.487  -47.849  23.008 0.6999999881
97640  -7.261  -45.880  22.744 0.6999999881
97645  -8.790  -48.985  24.723 0.6999999881
97596  -9.275  -49.531  25.212 0.6000000238
98573  -10.307  -48.862  25.528 0.6000000238
112578  -10.924  -48.361  25.590 0.6000000238
112642  -10.816  -49.182  25.950 0.6000000238
97589  -11.448  -49.536  26.401 0.5000000000
99225  -11.590  -48.758  26.019 0.6000000238
97623  -11.680  -48.012  25.677 0.6000000238
97590  -11.396  -50.367  26.628 0.5000000000
112553  -12.375  -48.321  26.051 0.5000000000
112505  -7.155  -43.653  20.656 0.6000000238
15289  -7.876  -43.292  20.311 0.4000000060
112504  -7.723  -45.436  21.783 0.6000000238
113220  -7.237  -45.302  20.950 0.5000000000
98500  -7.149  -44.599  20.682 0.5000000000
14588  -8.773  -43.697  20.080 0.4000000060
119645  -9.154  -42.677  20.258 0.5000000000
98605  -7.344  -47.405  23.765 0.8000000119
112648  -7.303  -46.513  23.487 0.6999999881
112710  -8.560  -45.048  22.036 0.5000000000
116049  -8.973  -44.711  21.253 0.4000000060
13890  -8.877  -44.314  20.533 0.4000000060
114150  -9.549  -43.089  20.145 0.4000000060
14578  -10.047  -43.240  20.599 0.4000000060
112696  -8.236  -47.023  24.220 0.8000000119
99267  -8.252  -46.159  23.871 0.8000000119
98892  -8.573  -45.451  23.144 0.6000000238
13880  -9.758  -44.071  21.154 0.4000000060
118385  -8.159  -48.753  24.370 0.6999999881
99452  -9.017  -47.506  24.544 0.6999999881
97613  -9.847  -47.411  24.787 0.5000000000
97646  -9.464  -44.777  22.514 0.5000000000
13870  -10.451  -44.192  22.392 0.4000000060
14567  -10.624  -43.451  21.492 0.4000000060
112577  -9.301  -48.195  24.832 0.6000000238
98538  -10.113  -48.222  25.217 0.5000000000
112573  -10.698  -47.641  25.213 0.5000000000
118368  -11.206  -47.825  25.453 0.6000000238
100001  -11.509  -47.284  25.277 0.6000000238
115925  -4.789  -45.254  21.709 0.6000000238
112612  -5.145  -44.748  21.814 0.5000000000
98448  -5.576  -44.035  21.842 0.5000000000
15245  -6.296  -43.304  22.287 0.4000000060
112385  -6.764  -43.223  21.326 0.5000000000
15275  -7.374  -42.845  20.923 0.5000000000
15276  -8.218  -42.620  20.535 0.5000000000
15957  -8.648  -41.960  21.143 0.5000000000
104959  -9.386  -41.841  21.149 0.5000000000
16669  -9.747  -40.875  21.832 0.5000000000
15277  -9.983  -42.627  20.686 0.5000000000
16678  -10.439  -40.141  21.666 0.5000000000
97659  -9.418  -45.990  24.109 0.5000000000
97641  -9.644  -45.377  23.508 0.5000000000
15278  -10.756  -42.161  21.298 0.5000000000
15959  -10.887  -40.952  21.499 0.5000000000
97658  -8.354  -48.058  24.395 0.8000000119
97612  -9.139  -46.776  24.387 0.6000000238
13871  -11.265  -43.738  22.468 0.5000000000
14579  -10.696  -42.897  21.139 0.4000000060
15949  -11.499  -41.789  21.707 0.5000000000
115909  -9.887  -46.648  24.512 0.5000000000
99052  -10.252  -46.224  24.396 0.5000000000
112655  -10.283  -45.639  24.033 0.6000000238
116212  -10.339  -44.929  23.353 0.5000000000
99511  -11.130  -44.457  23.244 0.5000000000
99464  -10.685  -46.815  24.774 0.5000000000
97619  -10.957  -45.979  24.435 0.5000000000
97634  -11.057  -45.199  23.962 0.5000000000
97620  -11.636  -46.428  24.833 0.6000000238
99066  -11.878  -45.544  24.386 0.6000000238
98401  -4.785  -44.158  22.576 0.5000000000
115737  -5.478  -43.681  22.800 0.5000000000
15246  -7.355  -42.815  23.532 0.4000000060
15264  -7.122  -42.668  21.956 0.4000000060
112414  -4.862  -43.679  23.577 0.5000000000
15947  -7.839  -42.240  21.509 0.5000000000
15948  -8.996  -41.275  21.816 0.5000000000
16670  -10.257  -39.847  21.937 0.4000000060
17409  -10.599  -38.849  21.458 0.4000000060
15225  -7.343  -42.904  24.797 0.4000000060
15247  -8.470  -42.325  23.651 0.4000000060
15265  -7.766  -42.285  22.568 0.5000000000
15933  -8.416  -41.732  22.288 0.5000000000
15934  -9.146  -41.347  22.731 0.5000000000
15227  -9.375  -41.991  23.938 0.4000000060
16644  -10.305  -41.319  24.074 0.5000000000
16660  -10.367  -40.135  23.180 0.4000000060
17399  -10.348  -38.950  21.979 0.4000000060
18174  -10.656  -38.173  21.213 0.4000000060
111002  -8.132  -42.611  24.483 0.4000000060
15226  -8.837  -42.272  24.579 0.4000000060
15899  -8.224  -41.759  25.334 0.4000000060
15900  -9.330  -41.545  25.119 0.4000000060
15916  -9.614  -41.765  24.713 0.4000000060
106527  -10.500  -41.175  25.016 0.4000000060
16645  -11.007  -40.653  24.551 0.5000000000
17388  -10.951  -39.607  23.834 0.4000000060
17354  -10.931  -40.437  25.156 0.4000000060
18140  -11.049  -38.818  25.124 0.4000000060
18154  -11.117  -38.825  24.377 0.4000000060
18164  -10.610  -38.330  22.315 0.4000000060
16626  -7.064  -40.975  25.626 0.4000000060
17351  -7.170  -39.866  25.577 0.3000000119
16628  -9.583  -40.918  25.299 0.3000000119
17353  -10.132  -40.351  25.247 0.4000000060
120143  -7.664  -38.632  25.268 0.4000000060
108816  -7.942  -39.158  25.117 0.3000000119
17352  -8.612  -39.975  25.152 0.3000000119
108821  -9.056  -39.315  25.052 0.4000000060
18139  -10.329  -38.370  25.285 0.5000000000
18141  -11.745  -38.179  25.055 0.4000000060
18897  -12.308  -37.645  24.134 0.3000000119
18881  -9.282  -37.700  25.269 0.5000000000
104338  -10.218  -37.438  25.430 0.5000000000
18882  -11.169  -37.872  25.321 0.4000000060
119397  -11.828  -37.567  25.524 0.4000000060
18883  -12.437  -37.450  25.352 0.3000000119
105100  -7.446  -38.009  25.377 0.4000000060
104612  -8.418  -37.871  25.184 0.5000000000
18879  -7.817  -37.145  25.235 0.4000000060
18880  -8.568  -37.183  25.222 0.5000000000
103465  -9.221  -36.783  25.230 0.5000000000
116778  -9.582  -36.186  25.072 0.4000000060
19633  -11.734  -36.366  25.567 0.4000000060
19615  -12.308  -37.098  25.702 0.3000000119
19632  -8.765  -35.950  24.717 0.3000000119
20320  -10.482  -36.225  25.254 0.3000000119
18136  -6.790  -38.787  25.600 0.4000000060
19612  -7.235  -36.216  25.278 0.3000000119
20319  -7.819  -35.683  24.691 0.4000000060
20338  -10.835  -35.500  24.750 0.3000000119
18878  -6.760  -37.107  25.563 0.3000000119
116114  -7.030  -35.299  25.180 0.3000000119
5401  -7.965  -59.024  14.061 0.6000000238
5381  -8.745  -59.061  15.031 0.5000000000
8386  -12.022  -53.299  26.384 0.6000000238
115985  -11.464  -52.754  26.561 0.6000000238
104837  -7.323  -67.749  12.007 0.5000000000
2355  -9.608  -67.839  11.416 0.6000000238
3058  -8.361  -65.140  14.191 0.5000000000
2344  -10.241  -67.924  11.514 0.6999999881
120257  -10.810  -67.187  14.269 0.6999999881
2318  -11.310  -66.684  14.080 0.6999999881
2727  -12.119  -66.701  10.703 0.6999999881
2684  -11.615  -66.039  14.819 0.6999999881
3059  -12.091  -65.348  14.181 0.6999999881
4139  -8.656  -62.332  11.712 0.5000000000
2999  -12.972  -65.604  18.280 0.6999999881
3105  -12.816  -65.140  10.342 0.6999999881
3095  -12.829  -65.176  11.046 0.6999999881
3000  -13.753  -65.404  18.312 0.6999999881
106107  -12.565  -64.323  13.511 0.6999999881
2661  -15.309  -65.306  17.741 0.6999999881
116380  -12.764  -63.519  12.013 0.6000000238
4115  -13.510  -62.309  14.472 0.6000000238
4090  -14.992  -62.809  16.387 0.5000000000
6463  -6.058  -57.457  14.993 0.6999999881
4141  -13.087  -62.538  12.702 0.6000000238
120020  -16.807  -66.464  13.579 0.6000000238
2716  -16.297  -66.883  12.466 0.6000000238
4514  -13.965  -61.684  13.972 0.5000000000
4501  -15.980  -61.984  13.971 0.5000000000
120011  -18.409  -66.413  12.606 0.5000000000
6465  -7.436  -57.662  15.511 0.6000000238
6963  -4.505  -56.677  15.919 0.6999999881
107317  -11.771  -59.249  14.169 0.6000000238
4129  -13.724  -61.799  12.846 0.5000000000
112106  -14.981  -61.324  13.037 0.5000000000
99970  -18.107  -65.798  10.235 0.5000000000
100092  -10.710  -56.084  20.028 0.6000000238
6910  -15.084  -56.128  19.073 0.5000000000
6833  -9.612  -56.154  24.326 0.6000000238
5973  -14.244  -58.430  12.018 0.6000000238
6834  -10.296  -56.061  24.016 0.6000000238
6974  -15.191  -55.962  12.994 0.6000000238
7464  -16.795  -55.808  16.831 0.6000000238
7867  -11.795  -54.794  23.434 0.6000000238
7347  -11.270  -54.980  23.956 0.6999999881
7836  -11.372  -54.276  25.280 0.6000000238
110255  -11.053  -51.937  26.416 0.6000000238
113012  -12.078  -50.718  26.985 0.5000000000
112624  -9.631  -48.908  25.202 0.5000000000
112654  -12.247  -49.109  26.443 0.5000000000
112641  -5.163  -46.941  20.457 0.6999999881
114155  -5.689  -47.612  21.245 0.6000000238
112405  -6.307  -46.093  21.215 0.6999999881
114584  -8.017  -44.158  20.259 0.5000000000
98535  -8.135  -45.033  20.850 0.5000000000
14568  -11.356  -43.138  21.907 0.5000000000
15958  -10.208  -41.467  21.365 0.5000000000
15224  -6.172  -43.277  24.014 0.5000000000
16659  -9.654  -40.685  22.325 0.5000000000
119424  -8.834  -41.851  23.198 0.6000000238
15898  -7.086  -41.948  25.500 0.4000000060
15211  -8.081  -42.458  25.087 0.4000000060
15915  -8.929  -42.107  25.077 0.4000000060
16627  -8.313  -40.786  25.307 0.3000000119
17373  -11.226  -39.858  24.912 0.5000000000
108820  -10.519  -39.485  25.201 0.4000000060
18165  -11.226  -37.959  23.124 0.4000000060
18137  -8.281  -38.588  25.084 0.3000000119
18138  -9.258  -38.557  25.134 0.4000000060
19614  -11.160  -37.076  25.623 0.4000000060
19613  -8.231  -36.520  24.967 0.5000000000
1259  -14.675  -69.941  9.998 0.5000000000
1251  -15.376  -70.089  11.358 0.5000000000
968  -15.614  -70.687  11.894 0.5000000000
1231  -15.926  -70.446  13.539 0.5000000000
104148  -15.754  -70.074  11.833 0.5000000000
940  -16.628  -71.040  14.070 0.6000000238
1263  -13.920  -69.772  9.373 0.5000000000
1260  -15.459  -69.649  10.383 0.5000000000
1601  -16.287  -69.544  10.770 0.5000000000
110077  -16.800  -70.525  15.199 0.6000000238
1588  -16.020  -69.763  12.807 0.6000000238
1575  -15.763  -70.023  13.438 0.6000000238
1998  -12.832  -69.081  9.322 0.4000000060
103376  -12.879  -69.913  16.249 0.4000000060
1561  -13.152  -69.416  14.649 0.4000000060
1574  -12.928  -69.417  13.539 0.5000000000
1587  -13.038  -69.195  12.599 0.5000000000
1586  -12.265  -69.693  12.444 0.5000000000
1600  -12.696  -69.237  11.658 0.5000000000
1970  -13.443  -68.749  11.955 0.5000000000
1599  -12.213  -69.382  10.621 0.5000000000
1991  -12.912  -68.725  9.372 0.5000000000
1206  -17.549  -70.494  16.040 0.6000000238
110068  -19.051  -69.959  17.008 0.6000000238
1999  -13.538  -68.747  8.985 0.5000000000
1623  -14.975  -68.903  8.834 0.5000000000
2000  -14.526  -68.440  8.944 0.5000000000
1204  -16.568  -69.997  15.243 0.6000000238
1614  -16.230  -69.149  9.700 0.5000000000
1602  -17.642  -69.452  10.863 0.6000000238
101382  -16.806  -69.479  13.151 0.6000000238
1195  -17.651  -70.038  16.586 0.6000000238
1577  -18.169  -69.299  12.874 0.6000000238
1944  -17.369  -69.185  15.238 0.6000000238
114119  -17.497  -69.186  16.202 0.6999999881
1957  -18.727  -68.886  13.662 0.6000000238
1945  -18.156  -68.786  14.651 0.6999999881
1517  -12.751  -68.885  18.222 0.6000000238
1523  -13.106  -69.149  17.607 0.6000000238
106991  -13.503  -68.341  17.198 0.6000000238
1533  -13.390  -69.184  16.615 0.5000000000
1547  -13.291  -69.400  15.609 0.5000000000
1930  -14.057  -68.254  15.389 0.6000000238
1955  -13.581  -68.775  13.040 0.5000000000
102651  -13.602  -68.806  14.036 0.5000000000
1982  -14.025  -68.276  11.142 0.5000000000
1971  -14.163  -68.265  12.390 0.5000000000
1992  -13.796  -68.286  9.561 0.5000000000
1527  -20.989  -69.228  16.844 0.6999999881
1526  -19.816  -69.379  17.379 0.6000000238
1901  -20.462  -68.789  17.754 0.8000000119
1624  -15.924  -68.876  9.006 0.5000000000
1615  -17.293  -69.124  10.034 0.5000000000
1534  -17.702  -69.512  16.719 0.6999999881
1525  -18.774  -69.261  17.517 0.6999999881
1589  -17.211  -69.515  12.289 0.6000000238
1931  -18.241  -68.465  15.585 0.6999999881
1590  -18.933  -69.567  11.807 0.6000000238
1578  -19.393  -69.131  12.553 0.6000000238
1972  -20.207  -68.819  12.323 0.6999999881
1946  -19.025  -68.332  14.451 0.6999999881
2312  -19.286  -67.642  15.195 0.6000000238
1884  -11.608  -68.833  18.672 0.5000000000
1898  -13.139  -68.523  17.789 0.6000000238
1956  -14.239  -68.146  13.438 0.6000000238
2346  -14.644  -67.686  12.708 0.6000000238
109844  -14.627  -67.774  10.562 0.5000000000
1902  -21.894  -68.444  17.677 0.6999999881
2371  -14.899  -67.833  9.688 0.5000000000
2372  -15.830  -67.630  9.823 0.5000000000
112223  -21.066  -68.384  18.201 0.5000000000
1889  -22.423  -68.123  18.711 0.6000000238
2382  -15.326  -67.967  9.121 0.6000000238
1616  -18.395  -69.159  10.317 0.5000000000
1887  -20.185  -68.260  18.458 0.6000000238
1617  -19.445  -69.187  10.584 0.5000000000
1915  -17.918  -68.873  16.951 0.6999999881
1899  -18.712  -68.432  17.723 0.6000000238
1604  -19.821  -69.491  11.182 0.5000000000
2311  -18.616  -67.807  16.318 0.6000000238
2299  -19.250  -67.002  16.114 0.6000000238
1605  -20.527  -69.279  11.127 0.5000000000
1973  -21.017  -68.682  11.521 0.6000000238
105760  -19.718  -67.853  14.178 0.5000000000
1974  -21.309  -67.767  12.101 0.5000000000
2689  -19.845  -66.737  15.214 0.5000000000
2267  -11.611  -68.078  18.321 0.6000000238
2268  -12.192  -68.130  18.399 0.6000000238
2284  -10.589  -67.619  17.314 0.4000000060
2361  -16.686  -67.331  10.501 0.5000000000
2273  -20.934  -67.859  19.068 0.6000000238
2384  -16.977  -68.164  9.469 0.5000000000
2272  -20.090  -67.646  18.883 0.5000000000
1627  -18.872  -68.633  9.948 0.5000000000
1885  -19.125  -67.751  18.176 0.5000000000
2271  -19.583  -67.433  18.600 0.5000000000
2260  -20.591  -67.316  19.396 0.5000000000
1993  -19.945  -68.440  10.007 0.5000000000
2298  -18.863  -67.269  17.021 0.5000000000
2671  -19.241  -66.379  16.880 0.5000000000
1994  -20.899  -68.388  9.922 0.6000000238
2377  -22.332  -67.541  9.827 0.6000000238
2365  -21.966  -67.402  10.993 0.6000000238
2350  -21.602  -66.943  12.098 0.5000000000
1929  -10.049  -67.828  15.800 0.4000000060
2385  -17.948  -68.148  9.675 0.5000000000
2635  -20.735  -66.897  19.643 0.5000000000
2005  -19.440  -68.055  9.504 0.5000000000
2006  -20.662  -67.785  8.930 0.5000000000
102497  -19.931  -65.550  18.122 0.5000000000
3002  -20.561  -65.539  18.519 0.5000000000
3372  -20.446  -63.853  17.721 0.5000000000
4478  -22.883  -61.817  15.947 0.5000000000
2388  -21.995  -67.291  8.069 0.6000000238
119803  -23.101  -66.949  8.127 0.6000000238
2679  -19.592  -66.127  16.039 0.5000000000
2741  -22.930  -66.888  9.674 0.6000000238
3047  -20.457  -65.093  15.130 0.5000000000
120202  -22.611  -65.444  9.781 0.5000000000
103789  -22.382  -65.032  10.855 0.5000000000
2729  -19.031  -66.017  9.005 0.5000000000
3017  -19.509  -65.839  17.555 0.5000000000
3371  -19.966  -63.939  17.639 0.5000000000
3726  -20.312  -63.388  17.357 0.5000000000
4080  -20.848  -62.831  17.021 0.5000000000
2740  -19.941  -66.424  8.663 0.5000000000
3106  -19.840  -65.242  8.896 0.6000000238
3036  -19.483  -65.405  16.829 0.5000000000
3725  -19.888  -63.740  17.242 0.5000000000
4094  -21.623  -62.505  16.408 0.5000000000
4493  -23.991  -61.128  15.325 0.5000000000
4897  -24.791  -60.994  14.922 0.5000000000
3114  -23.359  -65.864  8.224 0.5000000000
3046  -19.857  -65.249  15.996 0.5000000000
3749  -20.720  -63.022  15.893 0.5000000000
3096  -18.481  -64.828  8.945 0.5000000000
4508  -23.917  -60.602  14.354 0.5000000000
4108  -22.183  -62.085  15.664 0.5000000000
97483  -25.354  -60.912  14.264 0.5000000000
100068  -26.472  -62.448  11.327 0.4000000060
97490  -24.523  -60.595  14.141 0.4000000060
4902  -6.555  -60.522  14.554 0.4000000060
7848  -8.604  -54.843  24.722 0.5000000000
8407  -7.281  -53.127  24.568 0.5000000000
9603  -6.362  -51.498  23.027 0.5000000000
9005  -6.714  -52.166  23.619 0.5000000000
7833  -8.119  -54.142  24.858 0.5000000000
97621  -4.082  -47.007  20.239 0.5000000000
99812  -4.158  -45.233  22.001 0.5000000000
2376  -19.173  -66.989  9.227 0.5000000000
2386  -18.944  -67.778  9.582 0.5000000000
1217  -16.227  -70.199  14.309 0.6000000238
1563  -17.394  -69.269  14.062 0.6000000238
1603  -18.840  -69.508  11.076 0.6000000238
116394  -13.674  -68.840  15.796 0.6000000238
1625  -16.848  -68.698  9.484 0.5000000000
1591  -20.067  -69.346  11.675 0.6000000238
1958  -19.756  -68.424  13.343 0.6000000238
1959  -20.624  -68.106  12.663 0.6000000238
2004  -18.364  -68.368  9.689 0.5000000000
1618  -20.377  -69.107  10.674 0.5000000000
1984  -21.612  -68.261  10.587 0.6000000238
2332  -20.351  -67.646  13.580 0.5000000000
2680  -20.196  -65.922  15.226 0.5000000000
2270  -19.321  -67.154  18.199 0.5000000000
2646  -19.617  -66.440  18.211 0.5000000000
2007  -21.519  -67.827  9.042 0.5000000000
2730  -22.468  -66.170  10.319 0.5000000000
2387  -19.842  -67.370  8.915 0.5000000000
3115  -22.597  -66.013  7.715 0.5000000000
3112  -21.287  -65.982  8.122 0.5000000000
3736  -20.349  -63.112  16.884 0.5000000000
3384  -20.151  -63.674  16.521 0.5000000000
4093  -21.023  -62.699  16.275 0.5000000000
4107  -21.711  -62.340  15.579 0.4000000060
99375  -26.148  -61.240  12.422 0.4000000060
3007  -26.039  -66.010  17.668 0.5000000000
118154  -25.312  -66.164  17.844 0.6000000238
3006  -24.296  -66.133  17.927 0.6000000238
2264  -24.283  -66.771  19.464 0.6000000238
2277  -25.759  -67.146  18.677 0.4000000060
3005  -23.121  -65.790  18.292 0.4000000060
2985  -21.971  -66.078  19.424 0.4000000060
2986  -22.770  -65.988  19.264 0.5000000000
2648  -23.456  -66.329  19.314 0.6000000238
2637  -22.614  -66.633  19.732 0.5000000000
2636  -21.651  -66.781  19.852 0.4000000060
2276  -24.762  -67.301  19.073 0.5000000000
2262  -22.305  -67.213  19.903 0.5000000000
1891  -24.329  -67.970  18.706 0.6000000238
1903  -22.805  -68.367  17.580 0.6000000238
1917  -22.378  -68.677  16.522 0.6000000238
1537  -21.904  -69.113  15.925 0.6000000238
1536  -20.199  -69.928  16.499 0.6000000238
108782  -21.246  -69.794  15.768 0.6000000238
1197  -19.431  -70.540  16.157 0.5000000000
1207  -18.643  -70.892  15.672 0.5000000000
1218  -17.880  -71.032  15.029 0.4000000060
941  -18.460  -71.471  13.643 0.5000000000
99555  -26.939  -62.229  12.070 0.3000000119
7453  -17.052  -55.401  17.581 0.4000000060
100997  -16.926  -55.922  15.932 0.5000000000
99300  -12.435  -47.492  25.617 0.5000000000
120335  -12.741  -46.975  25.469 0.5000000000
112575  -13.304  -47.122  25.617 0.5000000000
97617  -12.969  -46.532  25.343 0.4000000060
13208  -12.400  -44.886  24.149 0.4000000060
13834  -14.944  -45.687  25.182 0.4000000060
13207  -11.814  -44.743  23.759 0.4000000060
13841  -13.070  -44.681  24.232 0.4000000060
97624  -12.776  -45.373  24.596 0.4000000060
14552  -11.792  -44.119  23.155 0.4000000060
13854  -12.534  -44.220  23.502 0.4000000060
13842  -14.835  -44.713  24.855 0.4000000060
113462  -12.048  -43.465  22.719 0.4000000060
103147  -12.863  -43.441  23.087 0.4000000060
13856  -14.234  -43.656  24.012 0.4000000060
14569  -11.920  -42.936  22.211 0.4000000060
14553  -12.436  -43.013  22.555 0.4000000060
15266  -11.388  -42.598  21.740 0.4000000060
15267  -12.149  -42.434  22.219 0.4000000060
16679  -11.001  -39.345  21.352 0.3000000119
18175  -10.822  -37.903  21.413 0.3000000119
116674  -10.888  -37.985  20.873 0.3000000119
17400  -11.570  -38.295  20.883 0.3000000119
17410  -10.820  -38.109  20.888 0.3000000119
98674  -14.269  -46.162  25.262 0.4000000060
13203  -14.141  -45.357  24.981 0.4000000060
97629  -13.406  -45.871  25.081 0.4000000060
98442  -13.669  -46.532  25.376 0.4000000060
113539  -13.452  -45.158  24.707 0.4000000060
118608  -14.522  -44.178  24.458 0.4000000060
13855  -13.393  -43.968  23.742 0.4000000060
117272  -22.454  -60.777  19.170 0.3000000119
113753  -23.796  -59.847  18.800 0.3000000119
109911  -21.667  -62.040  19.346 0.4000000060
4447  -22.186  -61.434  19.030 0.3000000119
98740  -23.599  -63.847  19.511 0.3000000119
3717  -22.060  -62.478  19.067 0.3000000119
113018  -22.667  -62.607  18.652 0.4000000060
3339  -24.290  -64.270  19.687 0.3000000119
113072  -24.221  -63.389  18.793 0.3000000119
112783  -24.056  -62.628  17.651 0.3000000119
2987  -25.302  -63.616  18.933 0.3000000119
97478  -24.841  -62.852  17.772 0.3000000119
112587  -25.942  -62.837  17.197 0.3000000119
2988  -26.510  -63.351  18.439 0.3000000119
3358  -27.191  -63.063  17.542 0.3000000119
98486  -27.230  -62.898  16.030 0.3000000119
3347  -27.687  -63.368  18.502 0.3000000119
112479  -28.197  -63.156  17.363 0.3000000119
98921  -28.341  -63.488  15.883 0.3000000119
2627  -29.069  -65.475  19.955 0.3000000119
3349  -28.641  -63.772  18.477 0.3000000119
3359  -28.622  -63.265  17.674 0.3000000119
3023  -28.599  -63.403  16.648 0.3000000119
3022  -28.536  -63.869  16.187 0.3000000119
2991  -29.108  -65.409  18.780 0.4000000060
4458  -22.851  -60.958  18.553 0.3000000119
3712  -21.530  -63.117  19.691 0.4000000060
4457  -22.484  -61.895  18.501 0.4000000060
98669  -23.250  -62.231  17.836 0.4000000060
2989  -26.428  -64.349  19.427 0.3000000119
99586  -24.768  -62.407  16.216 0.4000000060
112478  -25.879  -62.255  14.851 0.4000000060
2974  -26.929  -65.371  19.947 0.3000000119
97484  -27.026  -63.271  14.348 0.4000000060
2975  -28.309  -65.625  20.737 0.4000000060
3021  -27.863  -64.381  14.695 0.4000000060
109533  -27.683  -65.428  16.948 0.3000000119
2618  -29.206  -65.634  20.865 0.3000000119
5324  -24.626  -59.619  18.598 0.3000000119
5347  -24.990  -59.677  17.772 0.3000000119
101995  -26.694  -59.490  17.745 0.3000000119
113607  -23.516  -60.530  18.132 0.3000000119
99638  -25.377  -59.819  17.008 0.3000000119
3344  -21.131  -63.583  20.481 0.4000000060
97479  -22.878  -61.622  18.110 0.3000000119
112116  -23.196  -61.219  17.911 0.3000000119
2972  -25.124  -64.848  19.881 0.3000000119
3338  -23.446  -64.372  20.201 0.4000000060
112708  -23.766  -62.248  16.938 0.4000000060
98773  -23.161  -62.244  17.308 0.3000000119
113032  -24.992  -62.601  14.822 0.4000000060
112980  -24.294  -62.787  15.902 0.4000000060
2961  -25.591  -65.482  21.230 0.3000000119
98924  -25.426  -63.385  13.798 0.4000000060
97481  -24.576  -63.915  14.806 0.4000000060
110743  -27.291  -65.590  20.657 0.3000000119
2962  -26.731  -65.624  21.648 0.3000000119
98777  -24.559  -65.178  13.963 0.4000000060
100797  -23.580  -65.385  15.405 0.5000000000
113795  -26.369  -65.622  20.788 0.3000000119
3020  -26.713  -65.486  14.860 0.4000000060
107825  -25.108  -66.028  14.987 0.4000000060
3019  -23.242  -65.787  16.196 0.5000000000
2619  -30.377  -65.627  20.918 0.3000000119
112371  -26.197  -59.595  16.958 0.3000000119
104664  -27.120  -59.549  16.995 0.3000000119
113287  -23.227  -64.600  21.004 0.4000000060
99299  -23.074  -62.088  17.178 0.4000000060
112981  -22.722  -62.361  16.797 0.4000000060
2960  -24.690  -65.170  21.437 0.4000000060
97477  -23.567  -63.830  16.312 0.4000000060
3357  -21.781  -64.900  17.905 0.4000000060
116452  -26.003  -65.440  22.044 0.3000000119
3018  -22.714  -65.320  16.984 0.4000000060
2954  -26.550  -65.524  22.614 0.3000000119
3004  -22.276  -65.521  18.505 0.4000000060
3003  -21.404  -65.537  18.705 0.4000000060
113371  -28.002  -65.666  22.134 0.3000000119
2965  -29.454  -65.714  21.706 0.3000000119
2611  -30.502  -65.772  21.965 0.3000000119
105341  -24.676  -60.192  17.144 0.3000000119
118453  -24.054  -60.661  17.289 0.3000000119
3327  -23.843  -64.770  21.619 0.4000000060
3727  -22.302  -63.047  17.393 0.5000000000
107389  -21.378  -63.906  17.721 0.4000000060
2953  -25.224  -65.252  22.236 0.4000000060
112618  -27.981  -65.342  23.657 0.3000000119
99928  -27.196  -65.512  23.154 0.3000000119
97415  -27.987  -65.582  22.827 0.3000000119
99428  -28.914  -65.485  23.252 0.3000000119
97417  -30.619  -65.730  22.878 0.3000000119
98688  -23.560  -61.232  17.340 0.3000000119
112805  -23.911  -61.361  16.603 0.4000000060
4081  -21.953  -62.610  16.946 0.4000000060
112447  -27.955  -65.192  24.536 0.3000000119
100498  -28.974  -64.923  24.982 0.3000000119
112375  -28.824  -65.100  24.190 0.3000000119
97411  -29.545  -65.119  24.642 0.3000000119
112258  -30.546  -65.553  23.847 0.3000000119
112976  -29.294  -65.065  25.761 0.3000000119
98839  -30.027  -64.814  26.614 0.3000000119
112398  -29.767  -65.060  25.528 0.3000000119
98456  -30.767  -65.414  26.133 0.3000000119
112536  -30.591  -65.441  24.922 0.3000000119
99487  -25.335  -60.674  15.553 0.3000000119
114266  -24.192  -61.370  16.036 0.4000000060
112815  -30.828  -64.866  27.263 0.3000000119
117796  -31.575  -65.614  27.404 0.3000000119
4923  -28.466  -60.410  13.382 0.3000000119
115209  -26.750  -60.441  14.784 0.3000000119
113201  -25.987  -61.087  14.353 0.3000000119
4938  -28.474  -60.581  12.317 0.3000000119
103256  -27.498  -60.740  13.312 0.3000000119
113038  -27.565  -61.014  12.486 0.3000000119
113631  -12.285  -46.791  25.262 0.5000000000
16671  -11.613  -40.739  21.656 0.5000000000
15950  -12.101  -41.628  22.040 0.4000000060
99115  -12.487  -46.079  24.939 0.4000000060
1890  -23.398  -68.068  18.797 0.6000000238
2275  -22.902  -67.599  19.514 0.5000000000
2984  -21.054  -66.245  19.343 0.4000000060
112090  -21.018  -63.086  17.511 0.4000000060
4095  -22.443  -62.226  16.477 0.4000000060
97492  -25.469  -60.919  14.821 0.4000000060
97487  -26.598  -60.783  12.330 0.3000000119
113153  -13.149  -47.859  26.025 0.5000000000
112552  -14.238  -46.931  25.610 0.4000000060
3713  -22.271  -63.241  19.307 0.3000000119
2990  -27.966  -63.947  19.204 0.3000000119
2626  -28.259  -65.238  19.715 0.3000000119
3345  -21.953  -63.790  20.083 0.4000000060
112920  -26.318  -64.891  13.464 0.4000000060
3337  -22.560  -64.301  20.547 0.4000000060
2959  -24.224  -64.848  20.584 0.3000000119
2973  -25.842  -65.371  20.234 0.3000000119
98843  -23.351  -62.814  16.749 0.4000000060
3373  -22.576  -64.462  17.063 0.4000000060
98819  -29.637  -65.668  22.561 0.3000000119
99347  -23.412  -61.683  16.669 0.4000000060
112495  -26.419  -65.380  23.414 0.3000000119
112975  -31.901  -65.630  26.791 0.3000000119
1549  -20.577  -70.482  15.525 0.5000000000
117655  -21.367  -70.273  15.162 0.5000000000
1538  -22.833  -69.037  15.201 0.5000000000
1918  -23.187  -68.559  16.284 0.5000000000
118956  -25.892  -66.517  18.573 0.5000000000
2649  -26.464  -66.417  18.336 0.3000000119
2651  -28.843  -65.343  18.010 0.3000000119
3009  -28.942  -64.118  18.037 0.3000000119
3008  -28.749  -64.662  17.525 0.3000000119
97410  -25.012  -65.006  23.129 0.3000000119
3304  -23.662  -64.420  23.146 0.3000000119
3317  -24.347  -64.818  22.495 0.3000000119
4437  -21.349  -61.516  19.784 0.3000000119
3315  -21.992  -64.381  22.154 0.3000000119
107220  -22.972  -64.527  21.842 0.3000000119
3335  -20.991  -64.034  21.302 0.3000000119
4061  -20.664  -62.920  20.645 0.3000000119
102131  -20.483  -62.148  20.887 0.3000000119
119811  -21.544  -64.145  22.534 0.3000000119
3314  -21.058  -64.147  22.072 0.3000000119
3325  -21.549  -64.294  21.546 0.3000000119
4056  -20.296  -62.964  21.521 0.3000000119
4446  -20.982  -62.219  20.012 0.3000000119
5306  -22.519  -60.361  19.699 0.3000000119
3688  -20.480  -63.467  22.257 0.3000000119
5292  -22.801  -60.082  20.539 0.3000000119
4860  -21.879  -60.437  20.357 0.3000000119
953  -16.473  -71.211  12.915 0.3000000119
1892  -25.126  -67.888  18.387 0.5000000000
1904  -23.729  -68.335  17.568 0.4000000060
2650  -27.581  -66.227  17.887 0.3000000119
14540  -15.944  -43.553  24.601 0.3000000119
14539  -15.100  -43.807  24.429 0.3000000119
15248  -12.988  -42.666  22.807 0.3000000119
1219  -19.285  -71.371  14.247 0.4000000060
1221  -21.793  -70.512  14.919 0.4000000060
1201  -27.961  -69.574  16.898 0.4000000060
104737  -26.485  -69.914  15.433 0.4000000060
1567  -26.417  -69.120  15.000 0.4000000060
1933  -25.476  -68.906  15.019 0.4000000060
1920  -24.942  -68.570  16.011 0.4000000060
1565  -23.917  -69.738  14.436 0.4000000060
1551  -23.654  -69.423  14.567 0.4000000060
1539  -23.593  -68.829  15.236 0.4000000060
1518  -28.567  -69.423  18.244 0.3000000119
101306  -28.515  -69.310  17.270 0.4000000060
1569  -27.510  -68.786  15.412 0.4000000060
1550  -23.031  -69.647  14.509 0.4000000060
1213  -27.065  -69.768  15.833 0.4000000060
1224  -25.118  -69.688  14.668 0.4000000060
1193  -27.863  -69.940  17.750 0.3000000119
1540  -27.703  -69.429  16.150 0.4000000060
1555  -27.342  -69.178  15.462 0.4000000060
1552  -24.821  -69.316  14.683 0.4000000060
1947  -26.330  -68.950  14.997 0.4000000060
1921  -25.868  -68.498  16.176 0.4000000060
1519  -29.297  -69.117  18.579 0.3000000119
1528  -29.248  -69.037  17.621 0.3000000119
1924  -28.804  -68.438  15.927 0.3000000119
1542  -29.096  -68.746  16.646 0.3000000119
2301  -27.865  -67.667  16.244 0.3000000119
2300  -26.986  -67.612  17.282 0.3000000119
1934  -26.978  -68.628  15.360 0.3000000119
2289  -26.628  -67.194  18.227 0.3000000119
2278  -26.432  -66.916  18.418 0.3000000119
1922  -26.849  -68.217  16.179 0.3000000119
1906  -26.111  -67.818  17.671 0.3000000119
107817  -25.349  -68.280  17.232 0.3000000119
1772  -27.220  -68.690  31.940 0.3000000119
115168  -26.085  -67.947  31.722 0.3000000119
113105  -26.848  -65.619  25.574 0.3000000119
2200  -23.666  -67.500  29.357 0.3000000119
2201  -24.636  -67.431  29.455 0.3000000119
118898  -24.462  -67.085  28.242 0.3000000119
2220  -24.765  -66.763  27.752 0.3000000119
98469  -24.677  -66.364  27.053 0.3000000119
112726  -24.876  -66.169  26.380 0.3000000119
98759  -25.642  -66.110  26.164 0.3000000119
112906  -24.999  -65.775  25.698 0.3000000119
118178  -22.287  -67.273  28.597 0.3000000119
2218  -22.883  -67.107  28.180 0.3000000119
112622  -23.207  -66.570  27.575 0.3000000119
113010  -24.030  -66.478  27.324 0.3000000119
98880  -23.470  -65.859  27.035 0.3000000119
1936  -28.325  -68.246  15.715 0.3000000119
103123  -26.497  -67.830  31.201 0.3000000119
2214  -26.121  -66.820  28.997 0.3000000119
2186  -26.048  -67.424  30.441 0.3000000119
2185  -25.107  -67.534  30.289 0.3000000119
2202  -25.570  -67.268  29.595 0.3000000119
102824  -24.200  -67.306  28.682 0.3000000119
2928  -21.516  -65.674  27.887 0.3000000119
952  -15.693  -70.360  12.705 0.5000000000
969  -16.647  -71.601  12.052 0.3000000119
1196  -18.315  -70.345  16.566 0.6000000238
1200  -27.344  -70.035  16.864 0.4000000060
1205  -17.095  -69.915  16.024 0.6000000238
1208  -19.909  -71.105  14.962 0.4000000060
1212  -25.908  -69.613  14.911 0.4000000060
1264  -14.562  -69.339  9.069 0.5000000000
1396  -27.589  -68.839  31.685 0.3000000119
1520  -29.895  -68.917  18.905 0.3000000119
1524  -18.142  -69.091  17.271 0.6999999881
1535  -18.162  -69.754  17.056 0.6999999881
1541  -28.408  -69.092  16.310 0.4000000060
1548  -16.944  -69.717  15.558 0.6000000238
1553  -25.498  -69.361  14.831 0.4000000060
1554  -26.681  -69.372  15.238 0.4000000060
1556  -28.080  -68.865  15.629 0.4000000060
1562  -16.596  -69.745  14.761 0.6000000238
1564  -22.829  -70.053  14.556 0.4000000060
1566  -24.648  -69.610  14.569 0.4000000060
1568  -26.980  -69.057  15.120 0.4000000060
1576  -16.204  -69.778  13.707 0.6000000238
1613  -15.312  -69.236  9.328 0.5000000000
1620  -12.863  -69.635  9.636 0.4000000060
1621  -13.407  -69.324  9.125 0.4000000060
1622  -14.110  -69.009  8.845 0.5000000000
1626  -17.856  -68.712  9.744 0.5000000000
1886  -19.438  -68.051  18.379 0.5000000000
1888  -21.640  -68.151  18.658 0.6000000238
1900  -19.496  -68.714  17.946 0.6000000238
1905  -24.612  -68.329  17.449 0.4000000060
1907  -29.703  -68.428  17.090 0.3000000119
1913  -13.832  -68.314  16.280 0.6000000238
1916  -18.381  -68.197  17.153 0.6000000238
1919  -24.039  -68.549  16.139 0.4000000060
1923  -27.602  -68.191  15.700 0.3000000119
1932  -24.405  -68.966  14.918 0.4000000060
1935  -27.584  -68.495  15.540 0.3000000119
1942  -13.665  -68.849  14.996 0.5000000000
1943  -14.133  -68.220  14.464 0.6000000238
1948  -26.966  -68.875  15.166 0.4000000060
1966  -7.528  -68.444  12.021 0.5000000000
1980  -12.313  -69.108  9.749 0.4000000060
1981  -12.898  -68.715  10.407 0.5000000000
1983  -21.097  -68.858  10.654 0.6000000238
1990  -12.424  -69.522  9.824 0.4000000060
1995  -21.634  -68.122  9.871 0.6000000238
2001  -15.511  -68.457  8.954 0.6000000238
2002  -16.441  -68.506  9.193 0.6000000238
2003  -17.378  -68.508  9.511 0.5000000000
2168  -26.688  -68.356  31.910 0.3000000119
2169  -27.468  -68.233  31.303 0.3000000119
2212  -23.486  -67.317  28.575 0.3000000119
2213  -25.086  -67.051  28.690 0.3000000119
2219  -23.856  -67.074  27.970 0.3000000119
2259  -20.060  -67.118  19.151 0.5000000000
2261  -21.335  -67.274  19.726 0.5000000000
2263  -23.306  -67.065  19.824 0.5000000000
2265  -25.849  -66.772  18.681 0.3000000119
2269  -12.815  -68.025  18.155 0.6000000238
2274  -21.920  -67.717  19.442 0.6000000238
2285  -11.310  -67.365  17.860 0.6000000238
2288  -18.913  -67.618  17.693 0.5000000000
2290  -27.467  -67.090  17.650 0.3000000119
2297  -14.033  -67.521  16.773 0.6999999881
2313  -28.254  -67.920  15.687 0.3000000119
2317  -10.365  -67.677  13.847 0.5000000000
2319  -14.666  -67.575  14.012 0.6999999881
2342  -8.803  -68.008  11.899 0.6000000238
2358  -11.570  -66.977  10.328 0.6999999881
2370  -11.009  -67.604  10.469 0.6999999881
2375  -18.633  -67.559  9.677 0.6000000238
2383  -16.085  -67.998  9.172 0.5000000000
2389  -22.365  -67.483  8.881 0.6000000238
2390  -23.411  -66.284  8.113 0.5000000000
2391  -22.906  -66.429  7.836 0.5000000000
2582  -21.952  -66.355  27.919 0.3000000119
2583  -22.507  -66.611  27.816 0.3000000119
2644  -13.265  -66.209  18.322 0.6999999881
2647  -20.193  -66.436  18.880 0.5000000000
2662  -19.234  -66.774  17.615 0.5000000000
2669  -11.170  -66.187  16.899 0.6999999881
2685  -11.842  -66.053  13.734 0.6999999881
2686  -15.547  -66.489  14.877 0.6000000238
2695  -6.281  -66.103  12.926 0.5000000000
2710  -7.603  -67.123  12.109 0.5000000000
2725  -9.919  -67.385  10.986 0.6000000238
2736  -10.276  -66.758  10.659 0.6999999881
2737  -10.885  -66.869  10.274 0.6999999881
2738  -12.305  -66.320  10.113 0.6999999881
2739  -12.661  -65.820  10.498 0.6999999881
2742  -23.290  -66.114  8.950 0.5000000000
2746  -11.383  -66.417  9.945 0.6999999881
2747  -11.870  -66.492  9.942 0.6999999881
2748  -20.891  -67.042  8.007 0.6000000238
2749  -23.213  -66.879  8.773 0.6000000238
2750  -21.963  -66.564  7.793 0.5000000000
2751  -23.230  -65.959  7.836 0.5000000000
2963  -27.655  -65.667  21.525 0.3000000119
2964  -28.529  -65.692  21.562 0.3000000119
3015  -12.177  -65.674  17.770 0.6999999881
3033  -15.865  -65.284  16.858 0.6000000238
3034  -16.636  -64.715  16.826 0.5000000000
3056  -6.760  -65.157  14.304 0.5000000000
3072  -7.691  -65.617  13.343 0.5000000000
3074  -9.436  -65.223  12.891 0.6000000238
3083  -9.047  -66.196  12.267 0.6999999881
3086  -12.750  -65.180  11.828 0.6999999881
3094  -12.616  -65.827  11.346 0.6999999881
3102  -10.362  -65.906  10.396 0.6999999881
3104  -12.688  -65.621  10.073 0.6999999881
3110  -11.696  -65.560  9.624 0.6999999881
3303  -22.908  -64.209  23.345 0.3000000119
3316  -23.556  -64.577  22.368 0.3000000119
3326  -22.312  -64.446  21.312 0.4000000060
3336  -21.667  -64.210  20.848 0.4000000060
3346  -22.809  -63.850  19.767 0.3000000119
3348  -28.443  -63.363  18.266 0.3000000119
3355  -20.133  -64.618  17.973 0.5000000000
3356  -20.838  -64.727  18.075 0.5000000000
3360  -28.701  -63.343  17.415 0.3000000119
3370  -19.730  -64.684  17.513 0.5000000000
3382  -17.034  -64.200  17.069 0.5000000000
3383  -19.716  -64.447  16.751 0.5000000000
3392  -8.999  -64.179  15.526 0.6000000238
3394  -9.849  -63.785  15.007 0.6000000238
3395  -11.910  -64.433  15.594 0.6999999881
3397  -20.225  -64.429  15.844 0.5000000000
3407  -7.433  -64.630  14.908 0.5000000000
3408  -8.261  -64.664  15.013 0.5000000000
3409  -9.277  -64.904  13.858 0.6000000238
3410  -10.306  -63.945  14.321 0.6000000238
3451  -12.833  -64.666  10.825 0.6000000238
3462  -10.169  -65.128  10.636 0.6999999881
3463  -11.049  -64.621  9.874 0.6999999881
3464  -11.582  -64.246  9.914 0.6999999881
3465  -12.719  -64.622  10.223 0.6999999881
3475  -11.783  -64.680  9.514 0.6999999881
3476  -12.417  -64.586  9.780 0.6999999881
3477  -12.685  -65.086  9.863 0.6999999881
3699  -20.578  -63.734  21.676 0.3000000119
3711  -21.080  -62.914  20.031 0.3000000119
3718  -28.653  -63.276  16.984 0.3000000119
3724  -16.313  -64.031  17.708 0.5000000000
3734  -16.997  -63.609  16.604 0.4000000060
3735  -17.257  -64.029  16.656 0.4000000060
3745  -9.317  -63.754  15.469 0.6000000238
3765  -10.075  -63.466  13.501 0.6000000238
3773  -9.762  -63.297  12.306 0.6000000238
3779  -10.973  -63.181  10.945 0.6999999881
3782  -12.833  -64.168  11.315 0.6000000238
3789  -12.510  -64.056  10.291 0.6000000238
4069  -21.413  -62.570  19.632 0.3000000119
4101  -8.758  -63.022  15.577 0.6000000238
4103  -13.718  -62.533  15.278 0.6000000238
4128  -13.007  -62.776  13.941 0.6000000238
4138  -8.002  -62.175  11.848 0.5000000000
4148  -8.302  -62.196  11.753 0.5000000000
4149  -9.499  -62.085  11.582 0.6000000238
4436  -20.828  -61.587  20.381 0.3000000119
4479  -23.682  -61.588  15.993 0.4000000060
4486  -8.239  -62.147  15.349 0.6000000238
4491  -22.395  -61.531  14.852 0.4000000060
4492  -23.102  -61.301  15.117 0.5000000000
4513  -8.247  -61.029  13.382 0.6000000238
4515  -14.723  -61.454  13.824 0.5000000000
4859  -21.081  -60.927  20.406 0.3000000119
4866  -21.822  -60.914  19.682 0.3000000119
4867  -23.064  -60.321  19.009 0.3000000119
4874  -24.248  -60.027  17.943 0.3000000119
4903  -7.353  -61.117  15.188 0.5000000000
4909  -27.948  -60.372  14.131 0.3000000119
4915  -5.891  -60.075  13.687 0.5000000000
4919  -9.917  -60.262  13.085 0.5000000000
4944  -11.618  -61.064  11.389 0.5000000000
4947  -14.133  -60.587  10.855 0.6000000238
5321  -10.306  -59.070  18.018 0.6000000238
5339  -10.502  -59.352  17.605 0.6000000238
5340  -11.298  -59.468  17.566 0.6000000238
5341  -12.193  -59.439  17.443 0.5000000000
5348  -25.807  -59.529  17.694 0.3000000119
5359  -9.209  -59.259  15.938 0.6000000238
5385  -12.074  -59.350  15.222 0.6000000238
5386  -12.908  -59.148  15.395 0.6000000238
5419  -8.514  -59.711  13.541 0.6000000238
5442  -12.864  -60.207  11.323 0.5000000000
5445  -15.365  -59.629  10.776 0.5000000000
5858  -8.101  -58.104  20.744 0.6000000238
5867  -6.608  -57.918  18.920 0.5000000000
5869  -11.264  -58.541  18.456 0.6000000238
5870  -12.145  -58.493  18.464 0.6000000238
5879  -9.191  -58.614  17.528 0.5000000000
5881  -13.481  -58.805  17.728 0.5000000000
5898  -9.272  -59.217  16.827 0.6000000238
5934  -13.238  -58.636  14.531 0.6000000238
5935  -13.980  -58.117  14.086 0.6000000238
6331  -9.267  -56.817  24.255 0.6000000238
6347  -9.489  -57.728  22.405 0.6000000238
6380  -7.334  -57.924  19.356 0.6000000238
6381  -8.031  -57.504  19.062 0.6000000238
6383  -10.226  -56.674  18.772 0.6000000238
6396  -9.873  -57.778  18.338 0.6000000238
6397  -10.584  -57.586  18.510 0.6999999881
6416  -4.760  -56.084  17.396 0.5000000000
6419  -8.680  -57.763  17.546 0.6000000238
6442  -7.472  -57.192  16.317 0.6000000238
6462  -4.958  -57.399  14.956 0.6999999881
6501  -14.441  -57.716  13.378 0.6000000238
6889  -10.384  -56.253  19.491 0.6000000238
6890  -10.772  -56.063  19.224 0.6999999881
6892  -12.969  -55.970  19.105 0.5000000000
6893  -13.830  -55.969  19.492 0.5000000000
6906  -11.656  -56.729  18.737 0.6000000238
6907  -12.588  -56.681  18.780 0.6000000238
6909  -14.331  -56.569  18.892 0.5000000000
6929  -6.429  -56.561  17.198 0.6999999881
6930  -6.819  -56.825  16.624 0.6999999881
6932  -15.784  -56.579  17.408 0.6000000238
6951  -3.953  -55.559  16.922 0.6999999881
6954  -16.378  -56.348  16.618 0.6000000238
6964  -5.601  -56.864  15.798 0.6999999881
7422  -14.272  -55.386  19.648 0.5000000000
7437  -11.295  -55.406  18.627 0.6000000238
7892  -10.268  -54.558  20.287 0.6999999881
7938  -11.210  -54.157  17.070 0.5000000000
8983  -12.264  -52.631  26.728 0.6000000238
9055  -8.966  -51.542  19.550 0.6999999881
9085  -8.270  -51.760  17.103 0.5000000000
9100  -9.520  -52.765  16.981 0.5000000000
9630  -9.404  -50.692  19.386 0.5000000000
14577  -9.395  -43.531  20.241 0.4000000060
14587  -8.313  -43.583  20.148 0.4000000060
15290  -8.626  -43.149  20.043 0.4000000060
17411  -11.229  -37.889  20.862 0.3000000119
97387  -24.433  -65.724  26.083 0.3000000119
97404  -28.474  -65.165  25.399 0.3000000119
97416  -29.581  -65.280  23.912 0.3000000119
97480  -23.233  -61.680  17.344 0.4000000060
97482  -22.995  -61.912  16.667 0.5000000000
97486  -24.616  -60.994  15.741 0.4000000060
97488  -25.740  -61.070  13.453 0.4000000060
97686  -7.892  -53.630  17.091 0.6999999881
97687  -8.221  -54.365  17.431 0.6999999881
98440  -27.111  -65.250  23.896 0.3000000119
98627  -25.528  -66.389  27.108 0.3000000119
98842  -9.928  -55.330  19.389 0.6999999881
98894  -23.236  -63.134  18.799 0.3000000119
98898  -7.481  -50.886  17.617 0.5000000000
98957  -27.315  -65.623  22.340 0.3000000119
99045  -10.259  -55.521  18.879 0.6000000238
99470  -10.661  -55.808  19.210 0.6000000238
99488  -26.389  -61.774  11.581 0.4000000060
101562  -10.824  -67.731  10.814 0.6999999881
101567  -25.296  -66.597  18.784 0.5000000000
101925  -6.156  -52.512  18.010 0.8000000119
102178  -13.933  -44.528  24.469 0.4000000060
102602  -10.600  -65.130  10.024 0.6999999881
102812  -12.700  -67.114  18.249 0.6999999881
103276  -12.698  -64.560  17.364 0.6999999881
103343  -7.788  -51.696  19.036 0.6000000238
103958  -23.862  -65.875  15.111 0.5000000000
104164  -23.854  -67.437  19.365 0.5000000000
104381  -25.070  -65.273  20.573 0.3000000119
105074  -20.581  -63.718  15.585 0.5000000000
105407  -24.307  -69.482  14.514 0.4000000060
105454  -12.110  -69.678  11.456 0.5000000000
105465  -9.262  -57.279  18.526 0.6000000238
105600  -20.635  -63.529  21.134 0.3000000119
105644  -14.709  -66.042  17.252 0.6999999881
105745  -24.193  -67.581  30.182 0.3000000119
107937  -7.979  -57.226  17.746 0.6000000238
108029  -10.859  -59.554  16.031 0.6999999881
108261  -8.010  -54.794  19.043 0.6999999881
108323  -22.241  -69.809  14.942 0.5000000000
108527  -18.061  -68.494  16.515 0.6999999881
109143  -16.628  -69.607  11.625 0.6000000238
109881  -26.306  -68.700  15.350 0.4000000060
110389  -17.923  -69.547  11.500 0.6000000238
110400  -15.862  -64.031  17.891 0.6000000238
110981  -13.777  -52.866  25.911 0.5000000000
111377  -22.854  -64.391  22.661 0.3000000119
111806  -6.035  -58.971  14.060 0.6000000238
112076  -10.113  -36.720  25.395 0.5000000000
112288  -25.824  -65.671  25.446 0.3000000119
112369  -25.934  -61.374  13.522 0.5000000000
112370  -26.809  -60.802  13.872 0.3000000119
112428  -24.205  -66.024  26.677 0.3000000119
112496  -25.788  -65.343  22.896 0.3000000119
112784  -22.867  -61.989  18.088 0.3000000119
112843  -29.044  -65.129  26.335 0.3000000119
113025  -6.853  -54.300  18.580 0.8000000119
113308  -29.826  -65.528  23.272 0.3000000119
113390  -13.268  -67.909  17.759 0.6000000238
113514  -7.824  -53.485  24.848 0.5000000000
113663  -14.701  -57.209  12.816 0.6000000238
114305  -9.840  -64.341  14.410 0.6000000238
114377  -7.548  -57.401  18.537 0.6000000238
114542  -9.116  -53.433  16.954 0.5000000000
114811  -11.632  -66.776  12.250 0.6999999881
115437  -21.705  -68.779  16.852 0.6000000238
115745  -14.122  -58.506  17.340 0.6000000238
115918  -18.237  -68.668  17.298 0.6999999881
116093  -17.195  -71.078  14.664 0.4000000060
116331  -28.723  -65.674  22.344 0.3000000119
116495  -28.792  -63.815  16.998 0.3000000119
117814  -12.315  -65.040  9.505 0.6999999881
118155  -8.304  -54.595  19.389 0.6999999881
118256  -12.045  -54.877  18.375 0.5000000000
118365  -9.188  -43.204  19.926 0.4000000060
118503  -23.363  -69.825  14.401 0.4000000060
118862  -26.947  -62.821  11.447 0.3000000119
118917  -7.034  -60.968  15.631 0.4000000060
118945  -30.008  -65.307  24.304 0.3000000119
119177  -7.245  -56.911  17.975 0.6999999881
119182  -26.160  -65.554  21.451 0.3000000119
119463  -8.391  -50.282  18.099 0.5000000000
119781  -21.245  -68.704  17.460 0.6999999881
120302  -12.817  -64.196  11.868 0.6000000238
120340  -12.446  -68.555  18.388 0.6000000238
120364  -6.111  -59.567  13.651 0.5000000000
120407  -19.669  -66.913  18.689 0.5000000000
