#!ascii label  , from subject sub-v2s12x28864_ses-1 vox2ras=TkReg
1449
5838  26.694  -76.702  -22.104 0.5000000000
14256  25.966  -66.222  -13.476 0.6000000238
162641  26.420  -65.848  -14.159 0.6000000238
14270  24.845  -66.857  -14.958 0.6000000238
14268  25.764  -66.160  -14.698 0.6999999881
166332  24.306  -66.872  -15.299 0.6000000238
15257  26.721  -65.690  -15.154 0.6999999881
14281  25.976  -65.856  -15.719 0.6000000238
9473  23.073  -71.475  -17.669 0.5000000000
11260  24.520  -68.434  -19.800 0.6000000238
10334  24.440  -69.283  -19.131 0.6000000238
9488  22.652  -70.249  -18.628 0.5000000000
11281  25.309  -68.377  -20.401 0.5000000000
11272  24.373  -68.413  -20.064 0.4000000060
10347  23.209  -69.030  -19.826 0.5000000000
10335  23.474  -69.569  -19.042 0.6000000238
10248  22.670  -70.915  -11.836 0.5000000000
155965  27.202  -72.625  -21.583 0.4000000060
10247  23.394  -70.559  -12.253 0.5000000000
157495  22.717  -70.235  -11.777 0.5000000000
11149  24.389  -69.704  -12.727 0.6000000238
158700  25.665  -68.228  -12.571 0.6000000238
14232  26.489  -66.509  -12.688 0.6000000238
15221  27.176  -66.029  -12.780 0.6999999881
13165  25.152  -67.556  -13.108 0.6000000238
15236  26.727  -65.896  -13.345 0.6999999881
15254  29.153  -65.228  -14.297 0.6000000238
172074  27.800  -65.500  -14.134 0.6999999881
16367  30.515  -64.792  -15.149 0.6000000238
16368  29.710  -64.882  -15.071 0.6000000238
15256  27.626  -65.471  -14.996 0.6999999881
149548  30.198  -64.432  -15.620 0.6999999881
14282  24.775  -66.410  -15.696 0.6000000238
8670  23.648  -72.115  -17.022 0.5000000000
162991  23.556  -70.738  -18.216 0.6000000238
9472  24.175  -71.540  -17.519 0.5000000000
11271  25.636  -67.785  -20.043 0.6000000238
10333  25.476  -68.918  -19.283 0.6999999881
9487  24.328  -70.495  -18.322 0.6000000238
10355  25.959  -69.409  -20.544 0.4000000060
152091  25.396  -70.780  -13.203 0.5000000000
9412  23.946  -71.306  -12.753 0.5000000000
7228  27.201  -74.815  -22.176 0.5000000000
10245  24.903  -70.273  -12.888 0.5000000000
12119  27.282  -67.836  -12.399 0.6999999881
11148  25.145  -69.504  -12.792 0.6000000238
13142  27.738  -67.065  -12.276 0.6999999881
12120  26.429  -67.999  -12.436 0.6000000238
11147  25.945  -68.980  -12.575 0.6000000238
13143  26.877  -67.161  -12.344 0.6999999881
13144  26.012  -67.295  -12.552 0.6000000238
14231  27.396  -66.498  -12.457 0.6999999881
15253  30.077  -65.091  -14.085 0.6000000238
15233  29.413  -65.430  -13.200 0.6000000238
16356  30.851  -64.924  -14.432 0.6000000238
15234  28.405  -65.521  -13.443 0.6000000238
16377  31.777  -64.548  -15.979 0.6000000238
16390  32.268  -64.323  -16.913 0.6999999881
15282  27.148  -64.490  -16.928 0.6999999881
14293  24.733  -65.915  -16.353 0.5000000000
16379  29.361  -64.336  -15.671 0.6999999881
15271  28.197  -64.986  -15.579 0.6999999881
15274  25.939  -65.577  -16.471 0.6000000238
9471  25.666  -71.191  -17.557 0.5000000000
9460  25.075  -71.776  -17.035 0.5000000000
8654  24.368  -72.234  -16.617 0.5000000000
10332  26.840  -69.686  -18.623 0.6999999881
159151  24.928  -71.179  -17.751 0.6000000238
11270  26.636  -67.609  -20.033 0.5000000000
169648  26.329  -68.403  -19.542 0.6999999881
9486  25.209  -70.331  -18.364 0.6000000238
11279  27.026  -68.397  -20.421 0.4000000060
11280  26.158  -68.461  -20.297 0.4000000060
12254  25.581  -67.860  -20.080 0.5000000000
10257  26.151  -70.454  -13.338 0.5000000000
11166  26.446  -69.582  -12.917 0.5000000000
11167  25.657  -69.932  -12.896 0.5000000000
12118  28.153  -67.781  -12.472 0.6000000238
11146  26.816  -68.698  -12.621 0.5000000000
13141  28.605  -67.051  -12.263 0.6999999881
15216  31.444  -65.715  -12.511 0.6000000238
163540  29.419  -66.222  -12.341 0.6999999881
14230  28.233  -66.445  -12.375 0.6999999881
16342  31.708  -65.201  -12.782 0.6000000238
15217  30.586  -65.769  -12.539 0.6000000238
15219  28.842  -65.857  -12.568 0.6999999881
16353  33.089  -64.401  -14.432 0.6999999881
16355  31.259  -64.974  -13.521 0.6000000238
160753  30.263  -65.381  -12.965 0.6000000238
17494  34.299  -64.266  -16.649 0.6000000238
16364  33.060  -64.544  -15.760 0.6999999881
16365  32.380  -64.617  -15.272 0.6999999881
17511  34.576  -63.561  -18.271 0.6000000238
160920  33.825  -64.387  -17.468 0.6000000238
17495  33.456  -64.534  -16.674 0.6999999881
16404  25.525  -64.103  -17.566 0.6000000238
17501  33.116  -64.353  -17.499 0.6999999881
16380  27.987  -64.349  -16.429 0.6999999881
15298  25.759  -64.747  -17.333 0.6000000238
19709  34.626  -62.886  -18.478 0.6999999881
18628  33.765  -63.409  -18.421 0.6000000238
17502  32.498  -63.846  -17.519 0.8000000119
154481  31.900  -64.015  -16.950 0.6999999881
16392  30.816  -64.085  -16.020 0.6999999881
164794  29.009  -63.717  -15.971 0.6999999881
10331  27.888  -69.789  -18.508 0.6999999881
162925  27.604  -70.427  -17.956 0.6999999881
10316  26.160  -70.426  -18.144 0.6000000238
11269  27.568  -67.781  -19.789 0.5000000000
11259  27.239  -68.626  -19.283 0.6999999881
12251  27.961  -67.339  -20.340 0.4000000060
13250  27.922  -67.410  -20.270 0.5000000000
10271  26.515  -70.914  -14.149 0.5000000000
8612  25.482  -71.905  -14.265 0.5000000000
10256  27.048  -70.134  -13.741 0.5000000000
12141  28.597  -68.482  -13.011 0.6000000238
13164  29.996  -67.703  -12.774 0.6000000238
12142  27.715  -68.559  -12.751 0.6999999881
13139  30.493  -66.946  -12.403 0.6999999881
12117  29.070  -67.752  -12.605 0.6999999881
15215  32.262  -65.476  -12.522 0.6000000238
14227  31.003  -66.275  -12.396 0.6000000238
13140  29.522  -66.913  -12.296 0.6999999881
17477  35.180  -63.416  -13.991 0.6999999881
17461  33.830  -64.069  -13.618 0.6999999881
148068  33.164  -64.482  -12.987 0.6999999881
18619  26.734  -62.688  -16.783 0.6000000238
18595  35.618  -63.519  -15.832 0.6000000238
148235  34.862  -63.793  -15.396 0.6999999881
16354  32.360  -64.618  -13.799 0.6999999881
19707  36.739  -62.048  -18.349 0.6000000238
18626  36.317  -62.951  -18.198 0.6000000238
18612  36.304  -63.240  -17.886 0.6000000238
17493  35.200  -63.900  -16.853 0.6000000238
17478  33.839  -64.225  -15.299 0.6999999881
18629  26.990  -62.804  -17.143 0.6000000238
19708  35.681  -62.423  -18.375 0.6000000238
17500  35.544  -63.597  -17.988 0.6000000238
18616  30.098  -63.114  -15.869 0.6999999881
18617  29.081  -63.124  -15.993 0.6000000238
16395  27.704  -63.569  -16.912 0.6999999881
16403  27.132  -63.601  -17.270 0.6000000238
20870  36.223  -61.595  -18.289 0.5000000000
19702  35.649  -61.507  -18.014 0.6000000238
19704  33.724  -62.361  -17.917 0.8000000119
19705  32.750  -62.375  -17.143 0.8000000119
18596  32.027  -62.519  -16.562 0.8000000119
18614  31.804  -63.346  -16.791 0.8000000119
17504  30.475  -63.453  -16.019 0.6999999881
163192  28.964  -63.226  -16.035 0.6999999881
18613  32.984  -63.163  -17.911 0.8000000119
159453  32.367  -63.058  -17.325 0.8000000119
10315  27.008  -70.676  -17.689 0.6999999881
9470  26.452  -71.153  -17.267 0.6999999881
9458  26.703  -71.316  -16.289 0.6999999881
8641  25.238  -72.171  -16.026 0.6000000238
11257  29.279  -69.121  -18.841 0.6999999881
157311  26.060  -71.695  -15.868 0.6000000238
12229  28.873  -67.949  -19.416 0.6000000238
9447  25.757  -71.861  -15.123 0.5000000000
158352  27.188  -70.691  -14.760 0.5000000000
17426  25.579  -64.122  -11.329 0.6000000238
10270  27.786  -70.122  -14.522 0.5000000000
17427  25.268  -64.036  -12.104 0.5000000000
11182  27.766  -69.660  -13.840 0.5000000000
17445  26.651  -63.539  -12.520 0.6000000238
152063  29.446  -68.899  -14.004 0.6999999881
11163  28.931  -68.978  -13.827 0.6000000238
13163  30.898  -67.679  -12.948 0.6999999881
12140  29.490  -68.438  -13.400 0.6999999881
18572  27.106  -63.112  -14.077 0.6000000238
156729  32.856  -65.732  -12.378 0.6999999881
14226  32.019  -66.210  -12.389 0.6000000238
17460  34.572  -63.725  -13.075 0.6999999881
17442  34.095  -64.222  -12.767 0.6999999881
15214  32.974  -65.058  -12.505 0.6999999881
18601  27.528  -62.711  -15.653 0.6000000238
18584  27.660  -62.851  -14.620 0.6000000238
18579  35.843  -63.032  -14.736 0.6000000238
18583  29.135  -62.585  -14.803 0.6000000238
18603  26.049  -62.834  -16.149 0.6000000238
19694  37.551  -61.713  -16.975 0.6000000238
18594  36.594  -62.899  -16.924 0.6000000238
18581  30.413  -62.392  -14.775 0.6999999881
18600  29.048  -62.839  -15.675 0.6000000238
150578  28.065  -62.860  -16.254 0.6000000238
18610  37.047  -62.430  -18.114 0.6000000238
19691  33.290  -61.563  -15.084 0.6000000238
19692  32.465  -61.731  -14.819 0.6000000238
19700  31.818  -62.071  -15.528 0.6999999881
18598  30.509  -62.757  -15.649 0.6000000238
17507  27.327  -63.017  -17.111 0.6000000238
19690  34.088  -61.352  -15.286 0.6000000238
19699  32.577  -61.917  -15.932 0.8000000119
19697  34.385  -61.476  -16.683 0.6000000238
19698  33.454  -61.737  -16.360 0.6999999881
18597  31.339  -62.700  -16.060 0.8000000119
10314  28.360  -70.463  -17.765 0.6999999881
10299  27.757  -70.790  -17.151 0.6999999881
9469  27.090  -71.034  -16.958 0.6999999881
10329  29.773  -70.007  -18.196 0.6999999881
10330  28.845  -69.947  -18.369 0.6999999881
9457  27.440  -70.934  -16.308 0.6000000238
170273  27.172  -70.998  -15.607 0.6000000238
147625  26.172  -63.937  -9.905 0.6000000238
159687  24.550  -64.471  -9.836 0.6000000238
17408  25.894  -64.080  -10.587 0.6000000238
16312  25.115  -64.339  -10.613 0.6000000238
10269  28.330  -70.138  -15.025 0.6000000238
166363  26.204  -63.901  -11.224 0.5000000000
12164  30.772  -68.741  -14.329 0.6999999881
17424  27.929  -63.420  -11.339 0.4000000060
17425  26.719  -63.673  -11.542 0.5000000000
13162  31.715  -67.693  -13.195 0.6999999881
12138  31.253  -68.252  -13.725 0.8000000119
17443  28.095  -63.259  -12.035 0.5000000000
13137  32.275  -67.106  -12.787 0.6000000238
12139  30.396  -68.302  -13.553 0.6999999881
18557  28.441  -62.972  -12.934 0.6000000238
16340  33.725  -64.724  -12.551 0.6999999881
161716  33.588  -65.386  -12.393 0.6999999881
18570  29.363  -62.604  -13.596 0.6999999881
146356  28.432  -62.748  -14.148 0.6000000238
18567  35.801  -62.876  -13.311 0.6999999881
17459  35.344  -63.428  -12.803 0.6999999881
18555  30.990  -62.252  -13.140 0.5000000000
19688  37.471  -61.341  -15.436 0.6000000238
18578  36.527  -62.618  -15.409 0.6000000238
18566  36.354  -62.401  -13.972 0.6999999881
168477  29.791  -62.476  -14.444 0.6999999881
19695  37.146  -62.234  -16.211 0.6000000238
172115  36.146  -63.169  -15.968 0.6000000238
19683  32.395  -61.678  -13.815 0.5000000000
18568  31.032  -62.202  -14.138 0.6000000238
18593  37.177  -62.429  -17.580 0.6000000238
20854  34.510  -60.814  -14.287 0.6000000238
19681  33.817  -61.300  -14.392 0.5000000000
18580  31.111  -62.261  -15.137 0.6999999881
20860  35.236  -60.319  -14.702 0.6000000238
10313  29.234  -70.420  -17.592 0.6999999881
10298  28.678  -70.593  -16.795 0.6999999881
146944  28.034  -70.681  -16.298 0.6000000238
146764  27.794  -70.561  -15.468 0.6000000238
17393  25.871  -63.925  -9.093 0.4000000060
16275  24.836  -64.237  -8.930 0.5000000000
11205  28.975  -69.922  -15.148 0.6000000238
17391  27.790  -63.499  -9.489 0.5000000000
16313  23.660  -64.591  -9.995 0.6000000238
11204  29.767  -69.721  -15.388 0.6999999881
11179  30.253  -69.221  -14.848 0.6999999881
11181  28.481  -69.596  -14.351 0.6000000238
150670  27.386  -63.582  -10.997 0.5000000000
13161  32.426  -67.782  -13.544 0.6999999881
18538  29.233  -63.012  -11.471 0.4000000060
146749  35.630  -64.678  -12.303 0.6999999881
173889  34.773  -65.465  -12.428 0.6999999881
14255  33.742  -66.647  -12.818 0.6999999881
18556  29.341  -62.800  -12.393 0.6000000238
167625  36.682  -62.747  -12.122 0.6999999881
17421  36.363  -63.411  -12.139 0.6999999881
15213  34.264  -65.088  -12.354 0.6999999881
166438  33.451  -66.048  -12.409 0.6999999881
152003  31.001  -62.323  -12.102 0.5000000000
148610  30.179  -62.504  -12.760 0.5000000000
19680  36.747  -61.744  -13.267 0.6000000238
155692  36.402  -62.402  -12.736 0.6999999881
17440  35.656  -63.700  -12.397 0.6999999881
16339  34.509  -64.498  -12.492 0.6999999881
163063  31.748  -61.922  -12.534 0.5000000000
156120  37.784  -60.578  -15.416 0.5000000000
19679  37.219  -61.199  -13.912 0.6000000238
19689  36.908  -61.916  -14.695 0.6000000238
10297  29.504  -70.451  -16.822 0.6999999881
11225  30.158  -70.118  -16.320 0.6999999881
17380  25.490  -63.758  -8.251 0.4000000060
150577  30.945  -69.927  -16.252 0.6999999881
10284  29.260  -70.211  -16.030 0.6999999881
160648  23.917  -64.301  -8.592 0.4000000060
11203  30.603  -69.625  -15.600 0.6999999881
16296  23.253  -64.530  -9.135 0.6000000238
12163  31.733  -68.650  -14.523 0.8000000119
11178  31.127  -69.183  -15.080 0.6999999881
13160  34.153  -67.254  -13.595 0.6000000238
13184  32.980  -67.959  -13.942 0.6000000238
17382  20.230  -63.865  -8.662 0.6000000238
158573  35.383  -65.399  -12.464 0.6999999881
14254  34.621  -66.656  -13.107 0.6999999881
13136  33.162  -67.331  -13.298 0.6000000238
16325  36.792  -63.746  -11.958 0.6000000238
19664  37.631  -61.408  -12.080 0.6000000238
18508  18.150  -62.250  -9.310 0.5000000000
20852  37.478  -60.538  -13.205 0.6000000238
150647  37.233  -61.202  -12.721 0.6999999881
22102  38.185  -59.159  -14.075 0.5000000000
11202  31.999  -69.166  -15.393 0.6999999881
16256  23.608  -64.017  -7.993 0.4000000060
12185  32.607  -68.724  -14.950 0.8000000119
16277  23.237  -64.292  -8.464 0.5000000000
13182  34.604  -67.694  -14.519 0.8000000119
16258  21.850  -64.164  -8.208 0.4000000060
16257  22.821  -64.078  -8.060 0.4000000060
12161  33.166  -68.313  -14.552 0.6999999881
17366  20.108  -63.306  -8.107 0.4000000060
17420  37.437  -63.181  -11.812 0.6000000238
15212  36.137  -65.285  -12.486 0.6000000238
14222  35.842  -65.978  -12.874 0.6999999881
18483  19.959  -62.409  -7.722 0.4000000060
19647  37.787  -61.963  -11.812 0.6000000238
18537  37.287  -62.569  -11.857 0.6000000238
18498  18.574  -62.092  -8.475 0.4000000060
17383  19.703  -63.281  -8.644 0.6000000238
20840  37.970  -60.064  -12.603 0.6000000238
22103  37.796  -59.844  -13.629 0.5000000000
18479  23.653  -63.133  -7.039 0.4000000060
11201  32.920  -69.103  -15.810 0.8000000119
170582  22.881  -63.140  -7.145 0.4000000060
12160  33.923  -68.203  -14.891 0.6999999881
18481  21.611  -63.504  -7.630 0.4000000060
14252  36.326  -66.358  -13.631 0.6000000238
13159  34.896  -67.136  -13.843 0.6999999881
16336  37.336  -64.441  -12.241 0.6000000238
15211  37.020  -65.148  -12.568 0.6000000238
19602  20.199  -61.627  -7.491 0.4000000060
19603  19.501  -61.544  -7.617 0.4000000060
164475  38.326  -60.508  -12.035 0.6000000238
19604  18.627  -61.446  -7.788 0.4000000060
22091  38.376  -59.239  -12.886 0.4000000060
18467  24.101  -62.376  -6.656 0.4000000060
12183  34.590  -68.238  -15.367 0.6999999881
18480  22.523  -62.435  -6.994 0.4000000060
14267  36.075  -66.829  -14.180 0.6999999881
13181  35.532  -67.298  -14.466 0.6000000238
160434  21.639  -62.518  -7.284 0.4000000060
17439  37.613  -63.825  -11.981 0.6000000238
159275  20.022  -60.760  -7.425 0.4000000060
152851  39.032  -60.666  -11.790 0.6000000238
20782  18.533  -60.024  -7.491 0.3000000119
20839  38.714  -59.904  -12.118 0.4000000060
23258  38.980  -58.651  -12.775 0.4000000060
23257  39.605  -58.512  -12.550 0.4000000060
19601  21.450  -61.594  -7.329 0.4000000060
163015  20.870  -60.500  -7.495 0.4000000060
169370  38.703  -62.816  -11.801 0.6000000238
19662  39.377  -61.567  -11.817 0.6000000238
18551  39.396  -62.542  -11.972 0.6000000238
22089  40.105  -59.250  -12.247 0.4000000060
169286  40.849  -59.814  -12.327 0.5000000000
24391  40.851  -57.629  -12.700 0.4000000060
24365  19.487  -57.454  -10.490 0.3000000119
23255  41.461  -58.527  -12.466 0.4000000060
23168  23.657  -58.658  -6.943 0.4000000060
24364  20.383  -57.745  -10.081 0.3000000119
24404  18.871  -58.275  -13.715 0.4000000060
24320  24.488  -57.664  -6.066 0.4000000060
152952  23.084  -57.955  -8.290 0.4000000060
23224  22.331  -58.918  -10.711 0.3000000119
152210  22.719  -58.763  -10.366 0.3000000119
24382  19.635  -57.481  -11.707 0.3000000119
146411  20.280  -57.579  -11.011 0.3000000119
24383  18.839  -57.834  -12.333 0.3000000119
25634  23.247  -56.865  -7.363 0.4000000060
25644  22.879  -56.553  -8.180 0.4000000060
24350  23.016  -58.826  -9.499 0.4000000060
156999  22.102  -58.789  -11.401 0.3000000119
24381  20.767  -57.700  -11.889 0.3000000119
28082  18.788  -54.414  -13.583 0.4000000060
147359  18.014  -53.161  -12.643 0.3000000119
149157  19.025  -52.739  -12.491 0.3000000119
148780  20.326  -57.615  -12.726 0.3000000119
24403  19.893  -57.837  -13.800 0.3000000119
24339  22.841  -57.444  -9.118 0.4000000060
149923  22.700  -58.018  -10.597 0.3000000119
168564  22.625  -57.931  -11.264 0.3000000119
24379  22.391  -58.260  -11.879 0.3000000119
25711  19.307  -57.202  -14.592 0.3000000119
24400  22.130  -57.977  -12.859 0.3000000119
29237  18.690  -53.508  -13.222 0.3000000119
24402  21.084  -57.734  -13.621 0.3000000119
29235  20.171  -52.976  -13.925 0.4000000060
29219  19.746  -52.759  -13.189 0.3000000119
30400  20.614  -52.703  -13.763 0.3000000119
30389  20.906  -52.495  -11.851 0.3000000119
25650  22.813  -56.311  -9.115 0.4000000060
25661  22.635  -56.872  -10.732 0.4000000060
25672  22.576  -57.356  -11.770 0.3000000119
26914  19.443  -55.080  -14.162 0.4000000060
159128  22.558  -56.780  -12.499 0.3000000119
154653  20.812  -56.305  -15.246 0.3000000119
28095  20.108  -54.226  -14.370 0.4000000060
26928  20.450  -55.278  -14.833 0.4000000060
30388  21.341  -52.078  -12.423 0.3000000119
162160  23.045  -55.312  -9.487 0.4000000060
26884  22.740  -55.648  -10.403 0.4000000060
26895  22.614  -55.965  -11.498 0.4000000060
26904  22.579  -55.665  -12.613 0.4000000060
25679  22.392  -57.312  -13.299 0.3000000119
26925  22.330  -55.581  -14.874 0.3000000119
26927  21.441  -55.440  -15.260 0.3000000119
28093  22.010  -54.592  -15.252 0.3000000119
146268  22.164  -52.797  -14.618 0.5000000000
29254  20.684  -53.534  -14.427 0.4000000060
30413  21.280  -52.824  -14.337 0.4000000060
31509  21.507  -51.484  -11.790 0.3000000119
28042  23.294  -54.225  -10.416 0.4000000060
28055  22.677  -54.824  -11.876 0.4000000060
28067  22.640  -54.672  -13.033 0.3000000119
29233  23.018  -52.885  -13.766 0.3000000119
30398  23.192  -52.099  -14.037 0.3000000119
146434  23.635  -50.608  -13.641 0.3000000119
26913  22.554  -55.586  -13.797 0.3000000119
28080  22.513  -54.503  -14.324 0.3000000119
164754  22.493  -53.101  -14.465 0.3000000119
30410  22.992  -52.013  -14.422 0.3000000119
32734  23.228  -50.621  -14.318 0.3000000119
28092  22.222  -54.669  -15.064 0.3000000119
30412  22.103  -51.976  -14.402 0.3000000119
30399  21.435  -52.108  -13.881 0.3000000119
147997  21.412  -50.272  -11.467 0.3000000119
29159  24.951  -53.324  -8.295 0.3000000119
30336  24.881  -52.937  -9.009 0.3000000119
29171  24.428  -53.110  -9.574 0.3000000119
30358  23.837  -52.124  -11.009 0.3000000119
31508  23.640  -51.573  -11.954 0.3000000119
145097  23.814  -49.526  -12.970 0.3000000119
29187  23.562  -53.473  -10.738 0.3000000119
30370  23.500  -52.439  -12.004 0.3000000119
30387  23.330  -52.306  -13.160 0.3000000119
157633  23.642  -51.082  -12.846 0.3000000119
33926  23.617  -49.499  -13.930 0.3000000119
33927  23.374  -49.319  -14.012 0.3000000119
32726  22.391  -50.538  -14.137 0.3000000119
33915  21.985  -50.010  -13.344 0.3000000119
31521  21.704  -51.164  -13.256 0.3000000119
33899  21.474  -49.547  -12.264 0.3000000119
31466  25.691  -51.634  -7.419 0.3000000119
162619  24.930  -52.260  -8.842 0.3000000119
173586  24.168  -52.191  -10.240 0.3000000119
144522  23.726  -51.146  -11.225 0.3000000119
32694  23.667  -50.246  -12.075 0.3000000119
35168  23.645  -48.432  -13.379 0.3000000119
155989  22.849  -48.839  -13.842 0.3000000119
150654  22.062  -48.928  -13.379 0.3000000119
33889  20.630  -49.241  -10.632 0.3000000119
33898  23.489  -49.311  -11.927 0.3000000119
33914  23.717  -48.613  -13.005 0.3000000119
147349  22.057  -47.582  -13.211 0.3000000119
35153  21.146  -47.670  -12.690 0.3000000119
35140  21.307  -48.531  -12.581 0.3000000119
35141  20.519  -48.187  -11.926 0.3000000119
35125  22.915  -47.793  -11.781 0.3000000119
35139  23.158  -47.508  -12.680 0.3000000119
36368  22.805  -47.727  -13.288 0.3000000119
35110  22.654  -48.112  -10.359 0.3000000119
36327  22.622  -46.896  -11.765 0.3000000119
36340  22.476  -46.654  -12.478 0.3000000119
36369  22.234  -47.007  -13.052 0.3000000119
36353  21.515  -46.970  -12.874 0.3000000119
36354  20.586  -46.981  -12.478 0.3000000119
36355  19.813  -46.953  -12.039 0.3000000119
6453  27.356  -75.656  -22.143 0.5000000000
146708  25.923  -74.477  -21.975 0.5000000000
7979  26.345  -73.777  -21.815 0.4000000060
158464  27.125  -65.656  -14.206 0.6999999881
15273  26.619  -65.383  -16.280 0.6999999881
10354  26.817  -69.426  -20.698 0.4000000060
7978  27.415  -73.739  -21.977 0.5000000000
168529  30.697  -65.129  -13.507 0.6000000238
11165  27.326  -69.325  -13.145 0.5000000000
11180  29.395  -69.300  -14.539 0.6999999881
22108  37.901  -59.908  -14.795 0.5000000000
16338  35.236  -64.218  -12.370 0.6999999881
17367  19.412  -62.696  -8.290 0.4000000060
23286  38.641  -58.546  -14.566 0.5000000000
18552  38.558  -62.100  -11.729 0.6000000238
23275  39.267  -58.066  -13.003 0.4000000060
15231  36.653  -65.779  -13.047 0.6000000238
16335  38.188  -64.297  -12.411 0.6000000238
22024  20.383  -59.879  -7.537 0.3000000119
20838  39.655  -60.032  -12.022 0.4000000060
171439  40.268  -59.890  -12.177 0.4000000060
24331  23.442  -57.857  -7.248 0.4000000060
28030  23.390  -54.491  -9.738 0.3000000119
31478  25.393  -51.910  -8.186 0.3000000119
13179  37.141  -66.958  -15.133 0.5000000000
13199  35.992  -67.602  -15.133 0.5000000000
13200  35.340  -67.880  -15.216 0.6999999881
12197  34.303  -68.659  -16.101 0.6999999881
146817  32.188  -69.559  -16.210 0.6000000238
14266  36.770  -66.648  -14.407 0.5000000000
156670  33.964  -68.458  -15.507 0.6000000238
11239  30.788  -69.905  -18.046 0.6000000238
12209  34.913  -68.880  -16.753 0.6999999881
11238  32.872  -69.556  -17.549 0.6000000238
10295  31.631  -69.925  -17.445 0.6000000238
11221  34.244  -69.071  -16.803 0.6999999881
145414  32.264  -69.791  -16.985 0.6000000238
10312  30.096  -70.344  -17.365 0.6000000238
15252  37.922  -65.851  -14.252 0.5000000000
11252  34.160  -68.917  -18.405 0.6999999881
11254  32.681  -69.259  -18.334 0.6999999881
11255  31.752  -69.328  -18.428 0.6000000238
168766  30.910  -69.006  -18.792 0.6000000238
11236  34.587  -69.071  -17.544 0.6000000238
11237  33.713  -69.371  -17.359 0.6999999881
146051  32.249  -69.654  -17.748 0.6000000238
12207  36.140  -68.402  -17.488 0.6000000238
15228  39.126  -65.154  -14.023 0.5000000000
14251  37.170  -66.109  -13.908 0.5000000000
11235  35.054  -68.721  -18.285 0.6999999881
12225  33.347  -68.661  -18.784 0.6000000238
11256  30.152  -69.140  -18.753 0.6000000238
148154  38.341  -65.353  -13.699 0.5000000000
18565  40.993  -62.697  -13.133 0.5000000000
16352  39.484  -64.516  -13.477 0.5000000000
18549  40.923  -61.946  -12.693 0.4000000060
13186  24.195  -67.458  -14.715 0.4000000060
14269  25.298  -66.783  -13.805 0.4000000060
13166  24.364  -67.971  -13.755 0.5000000000
12143  24.837  -68.416  -12.944 0.5000000000
12144  24.143  -68.509  -13.359 0.5000000000
17436  40.101  -63.078  -12.598 0.5000000000
12122  23.864  -69.012  -12.893 0.5000000000
11136  20.508  -69.478  -10.946 0.6000000238
12121  24.593  -69.058  -12.827 0.5000000000
146000  23.272  -69.184  -12.537 0.5000000000
11134  22.300  -69.586  -11.616 0.5000000000
13167  23.306  -67.808  -14.093 0.5000000000
12166  23.930  -68.009  -14.144 0.5000000000
13168  22.376  -67.606  -13.834 0.5000000000
152640  22.944  -68.126  -13.542 0.5000000000
12147  21.224  -68.076  -12.805 0.5000000000
151428  23.095  -68.613  -12.986 0.5000000000
148113  21.729  -68.446  -12.351 0.5000000000
12108  21.669  -68.876  -11.705 0.5000000000
18550  40.228  -62.235  -12.336 0.5000000000
12123  22.516  -68.893  -12.262 0.5000000000
19659  42.074  -61.172  -13.061 0.4000000060
19660  41.215  -61.295  -12.636 0.4000000060
20836  41.495  -60.517  -12.573 0.4000000060
15285  24.542  -65.412  -17.024 0.5000000000
13169  21.396  -67.633  -13.563 0.5000000000
17437  39.266  -63.347  -12.231 0.5000000000
20837  40.529  -60.541  -12.218 0.4000000060
17516  25.241  -63.506  -17.461 0.5000000000
162175  24.710  -63.320  -17.331 0.5000000000
17518  23.039  -63.474  -17.453 0.5000000000
16405  24.606  -63.977  -17.628 0.5000000000
162447  41.757  -59.618  -12.496 0.4000000060
18620  25.780  -62.822  -16.700 0.5000000000
18632  24.371  -63.011  -17.035 0.5000000000
18604  25.187  -62.809  -16.118 0.5000000000
18605  24.342  -62.738  -16.062 0.5000000000
18633  23.401  -62.940  -17.044 0.5000000000
17519  22.157  -63.644  -17.497 0.4000000060
18587  24.693  -62.933  -15.449 0.5000000000
18623  22.799  -62.672  -16.529 0.6000000238
18635  21.612  -63.256  -17.087 0.6000000238
17479  25.935  -63.205  -14.727 0.5000000000
17481  24.228  -63.113  -14.708 0.5000000000
18588  23.901  -62.815  -15.450 0.5000000000
18589  22.609  -62.824  -15.131 0.6000000238
18624  21.860  -62.880  -16.538 0.6000000238
18636  20.919  -63.416  -17.035 0.6000000238
16411  19.224  -64.619  -17.420 0.5000000000
153170  18.355  -64.370  -17.145 0.5000000000
16412  17.565  -64.522  -17.181 0.5000000000
17463  26.432  -63.277  -14.016 0.5000000000
154264  26.270  -63.482  -13.305 0.5000000000
17465  24.654  -63.478  -13.812 0.5000000000
17482  23.421  -62.960  -14.850 0.5000000000
17466  23.616  -63.408  -13.961 0.6000000238
18608  21.185  -62.841  -15.857 0.6000000238
164470  20.520  -63.098  -16.150 0.6000000238
17522  19.681  -63.864  -17.119 0.6000000238
17524  17.919  -64.157  -16.746 0.5000000000
14257  16.272  -66.609  -13.177 0.5000000000
16398  15.387  -64.240  -16.056 0.5000000000
17462  26.942  -63.315  -13.360 0.5000000000
17446  25.701  -63.692  -12.854 0.5000000000
17447  24.782  -63.837  -12.861 0.6000000238
16357  23.303  -63.939  -13.073 0.6000000238
17449  21.791  -63.583  -13.413 0.6000000238
17484  21.226  -62.975  -14.562 0.6000000238
17468  21.123  -63.073  -13.883 0.6000000238
17496  20.363  -63.098  -15.434 0.6000000238
17486  19.874  -63.238  -14.805 0.6000000238
17509  19.393  -63.658  -16.558 0.6000000238
17498  17.529  -64.100  -16.320 0.5000000000
16397  17.124  -64.127  -16.676 0.5000000000
145612  16.364  -64.107  -16.228 0.5000000000
15275  16.870  -65.059  -15.319 0.5000000000
16382  15.525  -64.276  -15.688 0.5000000000
16370  15.773  -64.700  -15.069 0.5000000000
16343  24.521  -64.206  -12.084 0.6000000238
148724  23.051  -64.477  -12.286 0.6000000238
16346  21.527  -64.141  -12.549 0.6000000238
17450  20.063  -63.100  -12.904 0.6000000238
145487  20.885  -63.366  -13.156 0.6000000238
168149  19.915  -63.147  -14.216 0.6000000238
17470  19.797  -63.141  -13.510 0.6000000238
17487  19.302  -63.714  -15.108 0.5000000000
17471  19.058  -63.919  -14.182 0.5000000000
165642  17.920  -64.317  -15.853 0.5000000000
15237  18.071  -65.347  -14.446 0.5000000000
16359  18.157  -65.168  -13.524 0.6000000238
15259  16.601  -65.515  -14.690 0.5000000000
15239  16.681  -66.165  -13.954 0.5000000000
14234  17.012  -66.480  -13.132 0.5000000000
14209  15.595  -66.942  -11.427 0.5000000000
170471  21.062  -64.297  -12.016 0.6000000238
147803  19.821  -63.237  -12.076 0.6000000238
17451  19.318  -62.981  -12.498 0.6000000238
16348  18.548  -63.866  -13.178 0.6000000238
15222  17.600  -65.698  -12.744 0.6000000238
14207  17.120  -66.491  -12.240 0.5000000000
16330  20.614  -64.173  -11.467 0.6000000238
16349  18.057  -64.578  -12.536 0.6000000238
15204  17.438  -65.564  -11.665 0.6000000238
150279  16.971  -66.495  -11.327 0.5000000000
16299  20.354  -64.172  -9.436 0.6000000238
16317  20.480  -64.238  -10.357 0.6000000238
17409  19.897  -63.776  -10.106 0.6000000238
18540  19.009  -62.610  -11.255 0.6000000238
17453  18.261  -63.638  -12.144 0.6000000238
16318  17.344  -64.733  -10.873 0.5000000000
17394  19.657  -63.461  -9.395 0.6000000238
18523  18.966  -62.564  -10.647 0.6000000238
152458  18.598  -62.497  -9.946 0.6000000238
17431  18.040  -63.301  -11.392 0.6000000238
17395  17.308  -63.131  -9.982 0.6000000238
17396  16.741  -63.723  -9.356 0.5000000000
18499  17.709  -62.004  -8.673 0.4000000060
11224  31.572  -69.886  -16.589 0.6000000238
11222  33.617  -69.085  -16.414 0.6999999881
15210  37.900  -64.978  -12.838 0.5000000000
16334  39.023  -64.113  -12.589 0.5000000000
16351  40.305  -64.268  -13.866 0.5000000000
17458  39.819  -63.830  -12.982 0.5000000000
12124  21.020  -68.411  -12.077 0.6000000238
168504  22.882  -63.140  -14.378 0.6000000238
17467  22.687  -63.561  -13.652 0.6000000238
148061  19.237  -63.577  -15.953 0.6000000238
164716  17.760  -65.064  -15.268 0.5000000000
17428  19.754  -63.397  -11.050 0.6000000238
18558  18.979  -62.757  -11.768 0.6000000238
18525  17.925  -62.866  -10.685 0.6000000238
17411  17.051  -64.093  -10.162 0.6000000238
5837  27.204  -76.736  -21.554 0.4000000060
165055  26.772  -75.195  -18.940 0.5000000000
7183  27.402  -74.767  -19.608 0.5000000000
6430  27.058  -75.581  -19.802 0.4000000060
6443  27.763  -75.554  -21.212 0.4000000060
161950  27.303  -76.160  -21.970 0.4000000060
7182  27.678  -74.380  -18.640 0.5000000000
149358  26.965  -74.755  -18.399 0.5000000000
7198  28.335  -74.745  -20.784 0.5000000000
7216  28.380  -75.100  -21.854 0.5000000000
158763  27.979  -75.320  -22.036 0.4000000060
151857  29.101  -74.148  -19.733 0.5000000000
148475  29.473  -74.198  -20.637 0.5000000000
7215  29.048  -74.467  -21.380 0.5000000000
7226  28.721  -74.643  -21.763 0.5000000000
7227  28.332  -74.749  -22.055 0.4000000060
146474  28.330  -73.835  -21.980 0.4000000060
7196  30.048  -73.922  -19.890 0.5000000000
7214  29.720  -73.977  -20.794 0.5000000000
7966  30.890  -73.538  -20.524 0.5000000000
7967  30.062  -73.656  -20.779 0.5000000000
8725  29.612  -73.176  -21.500 0.5000000000
166027  27.750  -73.233  -21.817 0.4000000060
12241  29.461  -67.070  -19.782 0.5000000000
12243  27.984  -67.280  -20.192 0.4000000060
13249  28.444  -67.133  -20.054 0.4000000060
12250  28.669  -67.285  -20.281 0.4000000060
12264  28.579  -68.139  -20.721 0.4000000060
11292  27.647  -69.388  -20.868 0.4000000060
145988  30.254  -73.366  -21.071 0.5000000000
10367  28.315  -70.401  -21.175 0.4000000060
9528  27.307  -71.607  -21.272 0.4000000060
8724  30.805  -72.750  -21.083 0.4000000060
166442  30.191  -72.778  -21.324 0.5000000000
8727  28.089  -72.682  -21.657 0.4000000060
8726  28.935  -73.550  -21.770 0.4000000060
168888  29.130  -66.868  -20.111 0.4000000060
12263  29.395  -67.661  -20.814 0.4000000060
11290  29.237  -69.012  -21.173 0.4000000060
8723  31.607  -72.725  -20.760 0.4000000060
10366  29.141  -70.223  -21.255 0.4000000060
160015  29.036  -71.329  -21.375 0.4000000060
9525  31.258  -71.868  -20.973 0.4000000060
9526  30.461  -71.972  -21.227 0.4000000060
10365  29.862  -71.111  -21.273 0.4000000060
163910  28.952  -72.434  -21.582 0.4000000060
162601  30.379  -67.819  -19.300 0.5000000000
163407  30.230  -66.629  -19.904 0.4000000060
13247  30.778  -66.356  -20.180 0.4000000060
13260  30.787  -66.422  -20.374 0.4000000060
12261  31.249  -67.648  -21.262 0.4000000060
11289  30.041  -68.783  -21.276 0.4000000060
146203  30.732  -69.668  -21.305 0.4000000060
149761  29.972  -69.997  -21.280 0.4000000060
152778  31.755  -70.951  -20.997 0.4000000060
164627  31.390  -70.149  -21.212 0.4000000060
12227  31.377  -68.097  -19.162 0.5000000000
162662  31.787  -67.204  -19.630 0.5000000000
12226  32.420  -68.184  -19.109 0.6000000238
13246  31.576  -66.413  -20.229 0.5000000000
13267  31.470  -66.484  -20.889 0.4000000060
146689  32.730  -67.803  -21.368 0.4000000060
11286  32.944  -68.935  -21.351 0.4000000060
10362  33.234  -70.077  -21.088 0.4000000060
12239  32.458  -66.735  -19.984 0.4000000060
159431  34.058  -67.945  -19.228 0.5000000000
13245  33.318  -66.604  -20.612 0.4000000060
150888  32.940  -66.767  -21.176 0.4000000060
13244  34.323  -66.715  -20.661 0.5000000000
13257  34.019  -66.584  -20.987 0.4000000060
13258  33.100  -66.365  -21.002 0.4000000060
13265  33.810  -66.879  -21.148 0.4000000060
12224  34.838  -68.108  -18.995 0.6000000238
13243  35.185  -66.713  -20.652 0.5000000000
13255  35.777  -66.636  -21.000 0.4000000060
12196  35.286  -68.434  -16.024 0.5000000000
149818  23.743  -64.500  -11.474 0.5000000000
16315  22.251  -64.695  -10.672 0.5000000000
16297  22.489  -64.573  -9.287 0.5000000000
170068  23.668  -64.570  -10.677 0.5000000000
153111  22.798  -64.616  -9.921 0.5000000000
16328  22.667  -64.684  -11.497 0.5000000000
153194  28.195  -74.331  -19.636 0.5000000000
13261  29.237  -66.861  -20.119 0.4000000060
13268  30.753  -66.788  -20.837 0.4000000060
10364  30.789  -70.852  -21.161 0.4000000060
13259  31.529  -66.248  -20.577 0.4000000060
13266  32.262  -66.356  -20.910 0.4000000060
11288  31.415  -69.131  -21.366 0.4000000060
10363  32.219  -69.860  -21.209 0.4000000060
12259  33.476  -67.900  -21.349 0.4000000060
162745  33.955  -67.044  -19.947 0.5000000000
12237  34.637  -67.181  -19.815 0.6000000238
13264  34.729  -66.941  -21.154 0.5000000000
12235  36.176  -67.209  -19.525 0.5000000000
18591  43.707  -63.297  -15.654 0.3000000119
172244  42.941  -63.341  -16.103 0.3000000119
17474  42.661  -63.185  -15.397 0.3000000119
18575  43.742  -62.692  -15.077 0.3000000119
19685  44.993  -61.963  -14.330 0.3000000119
18562  45.817  -62.020  -13.125 0.3000000119
19674  45.464  -61.813  -13.662 0.3000000119
17491  42.917  -63.715  -16.577 0.3000000119
15280  41.483  -64.845  -17.403 0.4000000060
16389  40.884  -65.224  -16.614 0.4000000060
17490  43.162  -63.478  -16.212 0.3000000119
16375  40.922  -64.984  -15.665 0.4000000060
16361  41.612  -64.326  -15.502 0.4000000060
15251  38.670  -65.661  -14.585 0.4000000060
14264  38.209  -66.195  -15.038 0.4000000060
17488  44.668  -63.098  -14.833 0.3000000119
17475  41.958  -63.604  -14.921 0.3000000119
17476  41.135  -63.971  -14.398 0.4000000060
20849  45.118  -61.006  -13.210 0.3000000119
18564  42.432  -62.332  -14.139 0.3000000119
14316  39.466  -66.144  -18.421 0.4000000060
13221  38.673  -66.732  -18.058 0.4000000060
13223  37.026  -67.733  -18.023 0.4000000060
148627  37.395  -67.608  -16.958 0.4000000060
16402  42.035  -64.633  -17.482 0.4000000060
15296  40.716  -65.353  -17.742 0.4000000060
15297  39.798  -65.939  -17.496 0.4000000060
13210  38.210  -66.981  -16.901 0.4000000060
14280  38.351  -66.570  -15.914 0.4000000060
16400  42.865  -64.345  -16.951 0.3000000119
15281  40.072  -65.654  -16.633 0.4000000060
13198  36.688  -67.505  -15.489 0.4000000060
16385  43.551  -63.817  -16.088 0.3000000119
15250  39.525  -65.468  -14.980 0.4000000060
151056  37.754  -66.670  -15.358 0.4000000060
17473  44.578  -63.680  -14.622 0.3000000119
16363  39.900  -64.884  -14.352 0.4000000060
17456  41.464  -63.265  -13.999 0.4000000060
14320  38.710  -66.393  -19.830 0.4000000060
13235  36.927  -67.205  -19.240 0.4000000060
15316  40.170  -65.864  -19.119 0.4000000060
14317  38.998  -66.310  -19.056 0.4000000060
13233  38.334  -66.682  -18.937 0.4000000060
12222  36.273  -67.957  -18.551 0.4000000060
15294  42.355  -65.254  -17.644 0.3000000119
15295  41.449  -65.112  -18.084 0.4000000060
15266  43.613  -65.073  -15.012 0.3000000119
16373  43.788  -64.347  -15.680 0.3000000119
13211  36.750  -67.820  -16.228 0.4000000060
16350  44.339  -64.206  -14.179 0.3000000119
13240  37.491  -66.491  -20.029 0.4000000060
19678  41.704  -61.968  -13.323 0.3000000119
20851  43.042  -61.036  -13.240 0.3000000119
164847  41.749  -62.648  -13.820 0.3000000119
12195  36.108  -68.321  -16.477 0.4000000060
146513  35.682  -68.491  -18.159 0.4000000060
12223  35.580  -68.058  -18.831 0.4000000060
13242  36.019  -66.667  -20.564 0.4000000060
16388  42.205  -64.319  -16.576 0.3000000119
19686  44.240  -62.118  -14.409 0.3000000119
156625  45.292  -61.590  -13.678 0.3000000119
16362  40.708  -64.627  -14.783 0.4000000060
15269  39.579  -65.778  -15.810 0.4000000060
15249  40.265  -65.141  -15.065 0.4000000060
14279  38.902  -65.965  -15.444 0.4000000060
173916  39.873  -65.865  -18.965 0.4000000060
13222  37.892  -67.205  -17.950 0.4000000060
14305  38.979  -66.469  -17.267 0.4000000060
16401  42.391  -64.695  -17.332 0.3000000119
14278  39.185  -66.159  -16.406 0.4000000060
16386  43.312  -64.411  -16.517 0.3000000119
15315  40.750  -65.775  -19.060 0.4000000060
14314  41.882  -65.674  -18.224 0.3000000119
15279  43.112  -65.267  -16.384 0.3000000119
5152  29.567  -77.804  -15.898 0.3000000119
4550  30.180  -78.134  -16.174 0.3000000119
5139  28.700  -77.174  -14.492 0.3000000119
5151  30.141  -77.783  -15.417 0.3000000119
5153  28.705  -77.621  -15.867 0.3000000119
5166  29.333  -77.984  -16.618 0.3000000119
5771  27.845  -76.757  -14.190 0.3000000119
5126  28.722  -76.879  -13.718 0.3000000119
5138  29.679  -77.405  -14.405 0.3000000119
5761  26.677  -76.053  -14.298 0.3000000119
5772  27.053  -76.629  -14.681 0.3000000119
155287  28.273  -77.686  -16.525 0.3000000119
5812  26.941  -76.451  -19.797 0.3000000119
5748  27.875  -75.693  -12.527 0.3000000119
5759  28.830  -76.439  -12.734 0.3000000119
5760  26.873  -75.788  -13.590 0.3000000119
156088  27.671  -76.259  -13.308 0.3000000119
5125  29.657  -77.048  -13.408 0.3000000119
5169  26.760  -77.151  -16.860 0.3000000119
7167  26.699  -74.890  -17.452 0.3000000119
5803  26.308  -76.204  -17.925 0.3000000119
7111  26.614  -75.068  -14.364 0.3000000119
5783  26.567  -76.293  -15.133 0.3000000119
170394  26.432  -75.368  -15.351 0.3000000119
7130  27.073  -74.603  -15.707 0.3000000119
7149  26.485  -75.102  -16.727 0.3000000119
5799  26.323  -76.441  -16.993 0.3000000119
7166  27.331  -74.520  -17.631 0.3000000119
7195  31.024  -74.084  -19.583 0.4000000060
162390  29.186  -74.141  -18.148 0.4000000060
164886  32.793  -78.693  -11.473 0.3000000119
3386  32.084  -79.977  -9.987 0.3000000119
5137  30.810  -77.765  -14.840 0.3000000119
4533  31.404  -78.056  -14.934 0.3000000119
5734  30.838  -76.420  -11.605 0.3000000119
5745  31.428  -77.009  -12.041 0.3000000119
5111  32.736  -77.774  -12.303 0.3000000119
161632  32.851  -78.271  -12.075 0.3000000119
3398  32.109  -79.635  -10.722 0.3000000119
6350  28.603  -75.067  -11.535 0.3000000119
5746  30.562  -76.815  -12.372 0.3000000119
5112  32.130  -77.521  -12.622 0.3000000119
3960  32.380  -78.978  -12.979 0.3000000119
3946  32.527  -78.930  -12.099 0.3000000119
5758  29.833  -76.741  -12.714 0.3000000119
5124  30.458  -77.163  -13.109 0.3000000119
5135  32.215  -77.955  -13.927 0.3000000119
4531  32.223  -78.503  -13.915 0.3000000119
5136  31.556  -77.793  -14.254 0.3000000119
155670  31.830  -78.122  -14.468 0.3000000119
5154  27.336  -77.352  -16.356 0.3000000119
5168  27.666  -77.674  -17.149 0.3000000119
5747  28.674  -75.714  -11.962 0.3000000119
6406  26.255  -75.748  -16.409 0.3000000119
4484  33.010  -78.925  -9.986 0.3000000119
3993  31.570  -79.093  -14.833 0.3000000119
5735  29.765  -76.213  -11.988 0.3000000119
5102  32.245  -77.229  -11.728 0.3000000119
5113  31.242  -77.303  -12.834 0.3000000119
5122  32.516  -77.899  -13.198 0.3000000119
3450  31.677  -79.497  -13.912 0.3000000119
7165  28.306  -74.239  -17.756 0.3000000119
9485  36.885  -71.536  -18.565 0.3000000119
8684  36.286  -72.164  -18.089 0.3000000119
8698  35.561  -72.333  -19.131 0.3000000119
7949  34.856  -72.686  -19.342 0.4000000060
8711  33.645  -72.807  -20.167 0.4000000060
7975  32.102  -73.204  -20.477 0.3000000119
7976  30.991  -73.187  -20.821 0.3000000119
9505  36.681  -71.374  -19.248 0.3000000119
9514  35.528  -71.421  -20.121 0.4000000060
9515  34.725  -71.786  -20.289 0.4000000060
9522  34.110  -71.393  -20.625 0.4000000060
9524  32.158  -71.825  -20.780 0.3000000119
11285  34.852  -69.458  -21.155 0.4000000060
10361  34.253  -70.384  -20.902 0.4000000060
144548  33.877  -69.177  -21.282 0.3000000119
172384  36.236  -71.970  -16.456 0.3000000119
9456  36.666  -71.557  -17.177 0.3000000119
164620  35.723  -72.604  -18.466 0.4000000060
151622  34.590  -73.374  -18.839 0.4000000060
7963  34.099  -73.094  -19.587 0.3000000119
7965  32.495  -73.625  -20.097 0.3000000119
7211  32.129  -74.042  -19.787 0.3000000119
10293  37.549  -70.743  -17.227 0.3000000119
9467  37.270  -71.244  -17.789 0.3000000119
10311  38.129  -70.628  -17.904 0.3000000119
10328  38.043  -70.651  -18.566 0.3000000119
9513  36.295  -71.065  -19.927 0.3000000119
160115  34.966  -71.038  -20.541 0.4000000060
10327  38.521  -70.116  -18.965 0.3000000119
10344  38.054  -69.880  -19.791 0.3000000119
10345  37.784  -70.471  -19.345 0.3000000119
10351  36.594  -70.365  -20.375 0.4000000060
10353  35.178  -70.315  -20.780 0.4000000060
11275  37.790  -69.143  -20.568 0.3000000119
156586  36.829  -69.425  -20.770 0.4000000060
11284  35.360  -68.724  -21.277 0.4000000060
12255  36.886  -67.111  -21.076 0.3000000119
12256  36.209  -67.420  -21.261 0.4000000060
11276  36.133  -68.566  -21.222 0.4000000060
12258  34.509  -68.063  -21.325 0.4000000060
13252  38.456  -66.929  -20.428 0.3000000119
13262  36.223  -66.783  -21.072 0.4000000060
13254  36.680  -66.649  -20.851 0.3000000119
7866  36.739  -73.381  -13.135 0.3000000119
7887  35.962  -73.808  -14.043 0.3000000119
7888  35.388  -73.884  -14.525 0.3000000119
7108  35.068  -74.267  -15.240 0.3000000119
159610  36.447  -71.377  -14.859 0.3000000119
8624  36.561  -72.931  -14.943 0.3000000119
7912  35.949  -73.397  -16.370 0.3000000119
7143  34.362  -74.500  -16.575 0.3000000119
159957  37.149  -69.498  -14.949 0.3000000119
10283  36.504  -70.859  -15.505 0.3000000119
8640  36.264  -72.829  -15.933 0.3000000119
7925  35.701  -73.408  -17.155 0.3000000119
7926  35.173  -73.889  -17.527 0.3000000119
168502  34.473  -74.204  -17.932 0.3000000119
7192  33.331  -74.295  -18.807 0.3000000119
7193  32.516  -74.349  -19.126 0.3000000119
7178  31.461  -74.360  -18.808 0.3000000119
149046  30.056  -74.049  -18.136 0.3000000119
11200  37.844  -69.774  -15.923 0.3000000119
11274  38.391  -68.509  -20.539 0.3000000119
12249  36.974  -68.265  -21.103 0.3000000119
169703  39.575  -68.179  -19.897 0.3000000119
12248  37.719  -67.870  -20.865 0.3000000119
13238  39.854  -66.760  -19.952 0.3000000119
13251  38.976  -66.672  -20.097 0.3000000119
14323  37.404  -66.599  -20.472 0.3000000119
8578  37.411  -72.722  -12.107 0.3000000119
7864  37.531  -73.294  -12.994 0.3000000119
168839  36.495  -73.612  -13.873 0.3000000119
7107  35.676  -74.053  -14.846 0.3000000119
9424  36.702  -71.430  -14.266 0.3000000119
7898  36.239  -73.522  -15.166 0.3000000119
7164  29.386  -74.137  -17.381 0.3000000119
9381  36.877  -71.952  -11.586 0.3000000119
173414  37.769  -73.157  -12.795 0.3000000119
8588  37.988  -73.047  -12.812 0.3000000119
8603  37.656  -73.133  -13.304 0.3000000119
8623  37.136  -73.190  -13.973 0.3000000119
10267  36.639  -70.476  -13.933 0.3000000119
9380  37.741  -72.315  -11.507 0.3000000119
8587  38.508  -72.324  -12.113 0.3000000119
9403  38.622  -71.889  -12.306 0.3000000119
10255  37.257  -71.581  -13.655 0.3000000119
7179  30.605  -74.107  -18.918 0.3000000119
7212  31.352  -73.913  -19.991 0.3000000119
153418  31.711  -73.649  -20.248 0.3000000119
8721  33.225  -72.502  -20.461 0.3000000119
166974  33.494  -70.955  -20.810 0.4000000060
12257  35.422  -67.692  -21.314 0.4000000060
14318  40.449  -66.269  -19.445 0.3000000119
8697  36.223  -71.973  -18.833 0.3000000119
9468  36.490  -71.878  -17.613 0.3000000119
8709  35.198  -72.067  -19.763 0.4000000060
9516  33.899  -72.152  -20.427 0.4000000060
9523  33.164  -71.792  -20.651 0.4000000060
11277  35.855  -69.718  -20.885 0.4000000060
10282  37.144  -70.453  -16.234 0.3000000119
8653  36.167  -72.412  -16.871 0.3000000119
7937  35.233  -73.281  -18.262 0.3000000119
8685  35.705  -73.022  -17.801 0.3000000119
7175  34.122  -74.086  -18.502 0.4000000060
7951  32.925  -74.023  -19.551 0.3000000119
11220  38.117  -70.198  -16.773 0.3000000119
10292  38.655  -70.067  -17.355 0.3000000119
10310  38.726  -70.107  -17.830 0.3000000119
10350  37.398  -70.082  -20.153 0.4000000060
12247  38.447  -67.601  -20.602 0.3000000119
7899  35.830  -73.958  -15.509 0.3000000119
7913  35.575  -73.949  -16.692 0.3000000119
7160  34.439  -74.421  -17.349 0.3000000119
12233  39.985  -67.574  -19.804 0.3000000119
11151  23.026  -69.690  -12.110 0.4000000060
2843  32.080  -80.330  -9.283 0.3000000119
3387  32.017  -80.091  -9.846 0.3000000119
3413  32.052  -79.419  -12.429 0.3000000119
3433  31.450  -79.872  -13.440 0.3000000119
3449  31.968  -79.209  -13.780 0.3000000119
3470  31.514  -79.482  -14.469 0.3000000119
3936  32.505  -79.184  -11.153 0.3000000119
3937  32.190  -79.372  -11.620 0.3000000119
3972  32.228  -78.933  -13.641 0.3000000119
3973  31.925  -79.016  -14.180 0.3000000119
4471  33.120  -78.416  -9.744 0.3000000119
4485  33.213  -78.333  -10.460 0.3000000119
4493  32.880  -78.919  -10.672 0.3000000119
4505  32.594  -78.471  -12.698 0.3000000119
4519  32.408  -78.085  -13.595 0.3000000119
4532  31.871  -78.545  -14.420 0.3000000119
5100  32.985  -77.906  -11.856 0.3000000119
5110  32.722  -77.997  -12.782 0.3000000119
5123  31.933  -77.679  -13.456 0.3000000119
5167  28.740  -77.984  -17.285 0.3000000119
5792  26.517  -76.536  -16.093 0.3000000119
6348  30.424  -75.732  -11.211 0.3000000119
6376  26.677  -75.419  -13.995 0.3000000119
6385  26.488  -75.616  -14.800 0.3000000119
6396  26.327  -75.817  -15.589 0.3000000119
6414  26.308  -75.582  -17.256 0.3000000119
6422  26.508  -75.360  -18.134 0.3000000119
6452  27.798  -75.662  -21.923 0.4000000060
6461  26.571  -76.110  -22.272 0.5000000000
7106  36.185  -73.811  -14.542 0.3000000119
7110  26.897  -74.646  -14.270 0.3000000119
7123  34.947  -74.513  -15.936 0.3000000119
7142  35.047  -74.413  -16.688 0.3000000119
7148  26.994  -74.678  -16.648 0.3000000119
7162  31.025  -74.288  -18.056 0.3000000119
7180  29.602  -74.009  -18.920 0.3000000119
7181  28.605  -74.167  -18.790 0.5000000000
7194  31.785  -74.257  -19.368 0.4000000060
7197  28.862  -74.407  -20.505 0.5000000000
7213  30.515  -73.777  -20.265 0.3000000119
7865  37.077  -73.399  -13.121 0.3000000119
7875  37.062  -73.399  -13.456 0.3000000119
7876  36.527  -73.484  -13.514 0.3000000119
7886  36.652  -73.500  -14.213 0.3000000119
7938  34.735  -73.787  -18.197 0.3000000119
7950  33.737  -73.754  -19.208 0.4000000060
7964  33.300  -73.437  -19.886 0.3000000119
7977  28.818  -74.337  -21.887 0.4000000060
8589  37.281  -73.199  -12.755 0.3000000119
8604  36.034  -73.298  -13.320 0.3000000119
8669  36.002  -72.702  -17.320 0.3000000119
8671  22.953  -72.176  -16.896 0.5000000000
8710  34.422  -72.443  -19.974 0.4000000060
8712  32.897  -73.081  -20.387 0.3000000119
8722  32.517  -72.557  -20.582 0.3000000119
9404  38.125  -71.838  -12.948 0.3000000119
9423  37.401  -72.628  -13.813 0.3000000119
9427  25.831  -71.230  -13.746 0.5000000000
9437  36.707  -72.346  -14.583 0.3000000119
9438  26.055  -71.453  -14.469 0.5000000000
9445  36.298  -71.927  -15.530 0.3000000119
9446  26.547  -71.321  -15.173 0.6000000238
9459  25.899  -71.645  -16.712 0.6000000238
9484  37.507  -71.106  -18.293 0.3000000119
9504  37.401  -71.040  -18.949 0.3000000119
9506  35.934  -71.699  -19.508 0.3000000119
9527  29.719  -72.187  -21.431 0.4000000060
10228  22.081  -70.323  -11.410 0.5000000000
10246  24.189  -70.458  -12.676 0.5000000000
10268  36.544  -70.593  -14.654 0.3000000119
10285  28.514  -70.370  -15.773 0.6000000238
10294  36.581  -71.183  -16.437 0.3000000119
10296  30.920  -70.239  -16.986 0.6000000238
10346  37.042  -70.739  -19.676 0.3000000119
10352  35.800  -70.716  -20.466 0.4000000060
11135  21.402  -69.585  -11.132 0.6000000238
11150  23.724  -69.758  -12.506 0.6000000238
11164  28.147  -69.120  -13.476 0.6000000238
11177  36.808  -70.071  -15.248 0.3000000119
11223  32.951  -69.494  -16.687 0.6000000238
11253  33.357  -69.279  -18.151 0.6999999881
11258  28.261  -68.711  -19.126 0.6999999881
11261  23.887  -68.717  -19.762 0.6000000238
11268  28.219  -67.708  -19.704 0.5000000000
11278  27.834  -68.350  -20.585 0.4000000060
11282  24.512  -68.433  -20.279 0.5000000000
11287  32.115  -68.442  -21.390 0.4000000060
11291  28.449  -69.267  -21.030 0.4000000060
12137  31.935  -68.182  -13.835 0.6999999881
12145  23.607  -68.357  -13.552 0.5000000000
12146  22.206  -68.127  -13.010 0.5000000000
12162  32.475  -68.302  -14.225 0.6000000238
12165  29.943  -68.803  -14.151 0.6999999881
12182  36.043  -67.989  -15.728 0.5000000000
12184  33.369  -68.610  -15.261 0.6999999881
12198  33.614  -68.748  -15.837 0.6000000238
12208  35.337  -68.800  -17.518 0.6000000238
12228  29.626  -68.223  -19.207 0.6000000238
12234  39.031  -68.349  -20.274 0.3000000119
12236  35.407  -67.229  -19.673 0.6000000238
12238  33.298  -67.482  -19.567 0.5000000000
12240  30.981  -66.881  -19.744 0.4000000060
12242  28.581  -67.101  -19.973 0.4000000060
12244  27.364  -67.533  -20.221 0.5000000000
12245  25.007  -68.029  -20.045 0.4000000060
12246  39.231  -67.334  -20.293 0.3000000119
12252  27.315  -67.490  -20.206 0.4000000060
12253  26.458  -67.685  -20.007 0.5000000000
12260  32.131  -67.038  -21.217 0.4000000060
12262  30.320  -67.600  -21.112 0.4000000060
13138  31.413  -66.996  -12.551 0.6999999881
13180  36.368  -67.182  -14.790 0.5000000000
13183  33.679  -67.837  -14.121 0.6000000238
13185  24.644  -67.403  -14.182 0.4000000060
13187  23.662  -67.459  -14.700 0.5000000000
13197  37.507  -67.243  -15.961 0.4000000060
13234  37.648  -67.021  -19.007 0.4000000060
13239  38.047  -66.447  -19.804 0.4000000060
13241  36.824  -66.624  -20.337 0.4000000060
13248  29.914  -66.486  -20.090 0.4000000060
13253  37.627  -66.877  -20.678 0.3000000119
13256  34.923  -66.661  -21.008 0.4000000060
13263  35.564  -66.841  -21.124 0.4000000060
13269  30.041  -66.778  -20.479 0.4000000060
14208  16.474  -66.887  -11.882 0.5000000000
14223  35.078  -66.075  -12.694 0.6999999881
14224  34.233  -65.925  -12.479 0.6999999881
14225  32.907  -66.484  -12.566 0.6000000238
14228  30.103  -66.281  -12.364 0.6999999881
14229  28.919  -66.460  -12.302 0.6999999881
14233  25.706  -66.776  -12.950 0.6000000238
14253  35.476  -66.632  -13.532 0.6999999881
14265  37.532  -66.411  -14.698 0.5000000000
14291  38.658  -66.567  -16.561 0.4000000060
14292  25.375  -65.936  -16.117 0.6000000238
14319  39.638  -66.335  -19.591 0.3000000119
14321  37.903  -66.491  -20.179 0.3000000119
14322  38.074  -66.614  -20.286 0.3000000119
15193  17.147  -65.810  -10.661 0.5000000000
15218  29.750  -65.782  -12.577 0.6999999881
15220  27.889  -65.900  -12.677 0.6999999881
15229  38.701  -64.760  -13.159 0.5000000000
15230  37.531  -65.544  -13.374 0.5000000000
15232  31.005  -65.356  -12.829 0.6000000238
15235  27.497  -65.694  -13.325 0.6999999881
15238  17.508  -65.844  -13.742 0.5000000000
15240  15.727  -66.112  -13.762 0.5000000000
15255  28.357  -65.311  -14.662 0.6999999881
15258  17.287  -65.589  -14.602 0.5000000000
15268  40.216  -65.432  -15.752 0.4000000060
15270  28.901  -64.895  -15.221 0.6000000238
15272  27.420  -65.130  -15.966 0.6999999881
15283  26.259  -65.057  -17.034 0.6000000238
15284  25.410  -65.426  -16.890 0.6000000238
15293  42.818  -64.886  -17.025 0.3000000119
15299  25.009  -64.777  -17.394 0.5000000000
15300  24.127  -64.759  -17.445 0.5000000000
15307  17.028  -65.019  -17.348 0.5000000000
15312  41.272  -65.561  -18.590 0.3000000119
15313  40.772  -65.503  -18.639 0.4000000060
15314  40.181  -65.731  -18.520 0.4000000060
16276  24.521  -63.872  -7.958 0.4000000060
16278  22.577  -64.413  -8.657 0.5000000000
16279  21.812  -64.551  -9.008 0.5000000000
16280  20.989  -64.335  -8.768 0.6000000238
16294  25.426  -64.239  -9.797 0.6000000238
16295  24.039  -64.485  -9.263 0.5000000000
16298  21.126  -64.514  -9.628 0.6000000238
16314  23.124  -64.646  -10.690 0.5000000000
16316  21.311  -64.593  -10.585 0.6000000238
16326  35.985  -64.018  -12.179 0.6999999881
16327  24.772  -64.305  -11.388 0.6000000238
16329  21.643  -64.607  -11.583 0.6000000238
16331  17.725  -64.266  -11.671 0.6000000238
16337  36.425  -64.529  -12.223 0.6000000238
16341  32.352  -64.864  -12.845 0.6000000238
16344  23.920  -64.151  -12.515 0.6000000238
16345  22.453  -64.109  -12.858 0.6000000238
16347  20.625  -63.715  -12.401 0.6000000238
16358  18.557  -64.733  -14.155 0.5000000000
16360  44.173  -64.306  -14.881 0.3000000119
16366  31.604  -64.759  -14.563 0.6999999881
16369  18.553  -64.630  -15.077 0.5000000000
16371  14.909  -64.532  -15.047 0.5000000000
16374  43.514  -64.933  -15.902 0.3000000119
16376  32.674  -64.560  -16.522 0.6999999881
16378  31.060  -64.473  -15.789 0.6000000238
16381  16.998  -64.245  -15.914 0.5000000000
16387  42.625  -64.312  -16.907 0.3000000119
16391  31.591  -64.286  -16.441 0.6999999881
16393  29.781  -63.706  -15.883 0.6999999881
16394  28.381  -63.571  -16.383 0.6999999881
16396  26.413  -64.112  -17.426 0.6000000238
16408  21.843  -64.432  -17.630 0.4000000060
16410  20.185  -64.526  -17.490 0.5000000000
16413  16.687  -64.359  -16.890 0.5000000000
16415  41.925  -65.001  -18.047 0.3000000119
17362  23.917  -63.615  -7.503 0.4000000060
17363  23.224  -63.639  -7.555 0.4000000060
17364  22.436  -63.654  -7.639 0.4000000060
17365  20.862  -63.833  -8.080 0.4000000060
17392  26.838  -63.694  -9.459 0.5000000000
17406  28.217  -63.427  -10.452 0.5000000000
17410  19.377  -63.036  -10.394 0.6000000238
17423  28.541  -63.268  -11.351 0.4000000060
17429  19.210  -62.810  -11.630 0.6000000238
17430  18.558  -63.038  -11.769 0.6000000238
17438  38.331  -63.473  -11.959 0.6000000238
17441  34.880  -63.925  -12.589 0.6999999881
17444  27.522  -63.276  -12.723 0.5000000000
17448  24.058  -63.756  -13.241 0.6000000238
17452  18.825  -63.106  -12.420 0.6000000238
17455  44.679  -63.738  -13.799 0.3000000119
17457  40.636  -63.527  -13.466 0.5000000000
17464  25.601  -63.442  -13.826 0.5000000000
17469  20.431  -63.058  -14.387 0.6000000238
17480  25.089  -63.225  -14.688 0.5000000000
17483  22.005  -63.131  -14.304 0.6000000238
17485  20.957  -62.959  -15.106 0.6000000238
17489  44.200  -63.669  -15.337 0.3000000119
17492  42.449  -63.728  -15.881 0.3000000119
17497  18.546  -63.965  -15.922 0.5000000000
17499  43.081  -63.880  -16.718 0.3000000119
17503  31.302  -63.742  -16.432 0.6999999881
17505  29.719  -63.196  -15.887 0.6999999881
17506  27.997  -63.109  -16.519 0.6999999881
17508  20.252  -63.411  -16.713 0.6000000238
17510  18.544  -63.951  -16.416 0.5000000000
17512  33.793  -64.102  -18.133 0.6000000238
17513  33.212  -63.879  -18.071 0.6000000238
17514  26.773  -63.144  -17.340 0.6000000238
17515  25.967  -63.379  -17.384 0.5000000000
17517  23.950  -63.423  -17.353 0.5000000000
17521  20.523  -63.819  -17.266 0.6000000238
17523  18.814  -64.013  -16.904 0.6000000238
18468  23.273  -62.420  -6.781 0.4000000060
18478  24.576  -63.168  -7.123 0.4000000060
18482  20.752  -63.039  -7.628 0.4000000060
18484  19.197  -62.096  -7.900 0.4000000060
18507  19.025  -62.687  -9.088 0.6000000238
18509  17.505  -62.519  -9.284 0.4000000060
18510  16.903  -62.961  -9.123 0.5000000000
18524  18.444  -62.617  -10.480 0.6000000238
18536  37.985  -62.646  -11.728 0.6000000238
18539  28.734  -63.079  -12.033 0.5000000000
18541  18.638  -62.736  -11.141 0.6000000238
18553  37.078  -61.961  -12.223 0.6999999881
18554  36.043  -63.078  -12.481 0.6999999881
18569  30.290  -62.387  -13.788 0.6999999881
18571  27.678  -63.059  -13.626 0.6000000238
18574  44.556  -62.606  -14.759 0.3000000119
18577  42.212  -62.942  -14.545 0.3000000119
18582  29.787  -62.624  -15.262 0.6999999881
18585  26.821  -62.990  -14.923 0.6000000238
18586  25.497  -63.009  -15.467 0.5000000000
18590  21.680  -62.867  -15.145 0.6000000238
18592  43.151  -63.076  -15.665 0.3000000119
18599  29.756  -62.953  -15.754 0.6000000238
18602  26.808  -62.682  -15.996 0.6000000238
18606  23.486  -62.633  -16.091 0.5000000000
18607  22.152  -62.696  -15.867 0.6000000238
18609  19.883  -63.265  -16.088 0.6000000238
18611  36.787  -62.918  -17.994 0.6000000238
18615  30.969  -63.194  -16.132 0.6999999881
18618  27.368  -62.829  -16.864 0.6000000238
18621  24.843  -62.807  -16.651 0.5000000000
18622  23.961  -62.813  -16.588 0.5000000000
18625  21.036  -63.122  -16.562 0.6000000238
18627  35.337  -63.126  -18.327 0.6000000238
18630  26.370  -62.901  -17.080 0.5000000000
18631  25.349  -63.019  -17.103 0.5000000000
18634  22.486  -63.065  -17.112 0.5000000000
19661  40.358  -61.414  -12.216 0.4000000060
19663  38.324  -61.253  -11.820 0.6000000238
19675  44.667  -61.559  -13.823 0.3000000119
19682  33.189  -61.481  -14.063 0.5000000000
19693  31.722  -61.931  -14.512 0.6999999881
19701  37.576  -61.904  -17.967 0.6000000238
19703  34.842  -62.011  -18.047 0.6000000238
19706  37.357  -61.862  -18.177 0.6000000238
20781  19.065  -60.730  -7.528 0.4000000060
20835  42.421  -60.451  -12.795 0.4000000060
20859  37.571  -60.549  -14.393 0.6000000238
20861  34.827  -60.909  -15.506 0.6000000238
22088  40.911  -59.105  -12.371 0.5000000000
22090  39.212  -59.232  -12.329 0.4000000060
23207  22.687  -59.324  -9.936 0.3000000119
23225  22.040  -59.067  -10.693 0.3000000119
23226  21.379  -58.619  -10.300 0.3000000119
23241  22.236  -58.631  -11.423 0.3000000119
23242  22.097  -58.457  -12.018 0.3000000119
23243  18.141  -58.513  -13.023 0.4000000060
23256  40.417  -58.400  -12.459 0.4000000060
23276  38.716  -58.540  -13.465 0.4000000060
24321  23.841  -57.753  -6.576 0.4000000060
24362  22.507  -58.519  -11.094 0.3000000119
24363  21.406  -58.353  -11.131 0.3000000119
24380  21.854  -58.444  -12.081 0.3000000119
24390  41.934  -57.743  -12.655 0.4000000060
24401  21.890  -58.100  -12.831 0.3000000119
24425  22.012  -57.474  -13.952 0.3000000119
24426  21.376  -57.534  -14.517 0.3000000119
25618  23.593  -57.107  -6.745 0.4000000060
25651  22.686  -57.120  -9.858 0.3000000119
25691  18.460  -56.638  -14.143 0.3000000119
25707  22.116  -56.333  -15.057 0.3000000119
26833  23.672  -56.301  -6.667 0.4000000060
26874  22.703  -56.213  -9.880 0.4000000060
26926  22.032  -55.641  -15.319 0.3000000119
26929  19.905  -56.244  -14.745 0.3000000119
28014  24.406  -53.569  -8.978 0.3000000119
28043  22.856  -54.900  -10.899 0.4000000060
28054  23.064  -54.075  -11.275 0.4000000060
28066  22.869  -53.915  -12.291 0.3000000119
28081  19.355  -53.918  -13.761 0.4000000060
28094  21.112  -54.437  -14.887 0.4000000060
29158  25.302  -52.649  -8.321 0.3000000119
29172  23.823  -53.705  -9.794 0.3000000119
29220  18.788  -52.912  -12.844 0.3000000119
29234  22.555  -53.481  -14.316 0.3000000119
29236  19.409  -53.151  -13.469 0.3000000119
29251  22.807  -52.727  -14.257 0.3000000119
29252  22.218  -53.647  -14.753 0.3000000119
29253  21.722  -53.645  -14.837 0.5000000000
30326  25.802  -52.373  -7.567 0.3000000119
30347  24.510  -52.462  -9.595 0.3000000119
30357  24.060  -52.854  -10.295 0.3000000119
30372  20.116  -52.757  -12.044 0.3000000119
30411  22.670  -51.997  -14.503 0.3000000119
31490  23.867  -51.088  -10.216 0.3000000119
31520  23.461  -51.498  -13.512 0.3000000119
31532  23.310  -51.166  -14.186 0.3000000119
31533  22.703  -51.126  -14.411 0.3000000119
31534  22.095  -51.349  -14.213 0.3000000119
31544  23.043  -51.384  -14.438 0.3000000119
32695  21.610  -50.580  -12.199 0.3000000119
32711  23.786  -49.815  -13.646 0.3000000119
32724  23.540  -50.196  -14.068 0.3000000119
32725  23.041  -50.156  -14.341 0.3000000119
33888  21.159  -49.713  -11.137 0.3000000119
33900  20.952  -48.903  -11.559 0.3000000119
33928  22.644  -49.586  -14.005 0.3000000119
33938  23.430  -49.924  -14.177 0.3000000119
35124  23.021  -48.707  -11.173 0.3000000119
35138  23.445  -48.260  -12.395 0.3000000119
35152  23.584  -47.986  -12.982 0.3000000119
35169  23.354  -48.455  -13.578 0.3000000119
35170  22.524  -48.235  -13.503 0.3000000119
36341  20.150  -47.537  -12.022 0.3000000119
36351  23.409  -47.949  -13.134 0.3000000119
36352  22.718  -47.309  -12.940 0.3000000119
37662  22.021  -46.207  -12.705 0.3000000119
37663  21.623  -46.237  -12.760 0.3000000119
143936  23.685  -52.840  -11.107 0.3000000119
144306  23.516  -51.782  -12.675 0.3000000119
145039  23.781  -50.315  -12.971 0.3000000119
145926  17.496  -63.667  -10.837 0.6000000238
146345  38.028  -72.830  -12.355 0.3000000119
146863  26.222  -62.966  -15.467 0.6000000238
147035  26.038  -63.838  -11.951 0.5000000000
148234  16.350  -66.917  -11.145 0.5000000000
148501  31.832  -64.822  -13.416 0.6000000238
148690  28.665  -64.304  -15.933 0.6999999881
148806  29.156  -77.508  -15.176 0.3000000119
149061  19.153  -63.248  -13.246 0.6000000238
149139  19.721  -63.329  -15.495 0.6000000238
150094  19.103  -62.753  -9.925 0.6000000238
150342  27.370  -63.456  -11.870 0.4000000060
150601  31.413  -69.594  -15.837 0.6999999881
150842  17.956  -62.536  -10.006 0.6000000238
151081  27.536  -76.186  -21.473 0.4000000060
151137  22.541  -52.695  -14.477 0.3000000119
151459  37.749  -60.773  -12.305 0.6000000238
153464  39.536  -66.118  -19.286 0.4000000060
153664  32.670  -70.944  -20.894 0.4000000060
153695  32.442  -78.435  -13.336 0.3000000119
153710  19.171  -62.737  -11.045 0.6000000238
153931  37.973  -72.636  -13.183 0.3000000119
154439  19.502  -57.774  -12.851 0.3000000119
154838  35.441  -74.260  -16.078 0.3000000119
154901  35.951  -63.481  -16.985 0.6000000238
155531  20.778  -62.094  -7.437 0.4000000060
155592  23.751  -49.066  -13.546 0.3000000119
155689  20.828  -61.210  -7.407 0.4000000060
155713  21.966  -64.644  -9.830 0.5000000000
156444  31.134  -64.722  -15.305 0.6000000238
156810  36.710  -68.049  -16.987 0.6000000238
156949  34.436  -63.785  -14.196 0.6999999881
157326  18.472  -65.117  -17.524 0.5000000000
157751  32.128  -74.468  -18.746 0.3000000119
157925  36.950  -71.578  -18.089 0.3000000119
158067  24.928  -68.121  -20.085 0.6000000238
158428  39.768  -60.827  -11.924 0.4000000060
158554  19.106  -56.151  -14.340 0.3000000119
158688  27.085  -76.308  -13.961 0.3000000119
159204  35.389  -74.266  -15.479 0.3000000119
159544  21.774  -57.778  -13.581 0.3000000119
159944  34.917  -64.834  -12.344 0.6999999881
160235  22.729  -69.499  -19.421 0.5000000000
160689  28.340  -62.695  -15.295 0.6000000238
160796  26.485  -75.111  -15.921 0.3000000119
160806  27.319  -62.690  -16.443 0.6000000238
160810  20.758  -52.456  -12.853 0.3000000119
162028  22.212  -63.114  -7.288 0.4000000060
162037  19.582  -63.375  -14.163 0.6000000238
162685  22.273  -64.566  -12.161 0.6000000238
162910  19.424  -59.932  -7.449 0.3000000119
163008  16.173  -64.256  -15.731 0.5000000000
163038  32.297  -66.360  -20.720 0.4000000060
163059  18.325  -60.705  -7.604 0.3000000119
163334  30.544  -77.447  -13.918 0.3000000119
163404  23.249  -62.715  -15.495 0.5000000000
164072  28.189  -71.509  -21.356 0.4000000060
164233  24.243  -64.494  -10.648 0.5000000000
164588  25.347  -66.273  -15.491 0.6000000238
165087  30.739  -68.611  -21.329 0.4000000060
165259  26.736  -74.926  -13.833 0.3000000119
165396  38.527  -70.304  -18.236 0.3000000119
165574  27.037  -76.974  -15.612 0.3000000119
165669  38.283  -72.512  -12.639 0.3000000119
165859  23.610  -48.921  -13.701 0.3000000119
166664  23.036  -54.878  -10.162 0.4000000060
166773  22.854  -62.601  -15.853 0.6000000238
167234  41.532  -64.684  -16.550 0.4000000060
167321  34.560  -64.089  -17.702 0.6000000238
167447  26.564  -75.875  -18.864 0.3000000119
167461  32.166  -78.182  -14.080 0.3000000119
167481  31.442  -73.301  -20.568 0.3000000119
167734  19.896  -53.448  -13.991 0.4000000060
167986  35.576  -68.664  -16.794 0.4000000060
168355  22.436  -57.718  -12.520 0.3000000119
168635  23.664  -50.859  -12.207 0.3000000119
169387  31.132  -77.471  -13.513 0.3000000119
169640  28.021  -77.191  -15.114 0.3000000119
169697  26.667  -63.770  -10.567 0.6000000238
169877  44.283  -63.085  -15.236 0.3000000119
170049  20.419  -63.082  -13.574 0.6000000238
170387  22.372  -54.063  -14.705 0.3000000119
170798  35.220  -72.861  -18.791 0.4000000060
170980  17.752  -64.975  -12.157 0.6000000238
171169  21.291  -57.853  -12.692 0.3000000119
171350  22.529  -56.422  -13.305 0.3000000119
171422  26.846  -77.026  -16.219 0.3000000119
171486  41.838  -64.584  -17.112 0.4000000060
171901  22.820  -58.104  -9.916 0.3000000119
172304  21.837  -48.140  -13.171 0.3000000119
172378  23.392  -47.827  -12.650 0.3000000119
172462  29.343  -74.014  -21.395 0.5000000000
172590  35.732  -73.924  -16.176 0.3000000119
172815  38.145  -72.736  -12.537 0.3000000119
172966  25.193  -63.614  -13.345 0.5000000000
173053  23.386  -62.717  -16.598 0.5000000000
173473  35.376  -63.422  -14.976 0.6000000238
173584  36.888  -63.108  -11.888 0.6000000238
173610  27.848  -77.404  -15.881 0.3000000119
173709  25.305  -68.881  -12.688 0.6000000238
