#!ascii label  , from subject sub-v2s12x28881_ses-1 vox2ras=TkReg
885
54162  -22.493  -9.667  14.494 0.4285714328
55214  -22.555  -8.573  13.262 0.2857142985
54181  -22.467  -9.014  13.819 0.4285714328
55215  -23.159  -8.538  13.642 0.4285714328
55216  -24.718  -8.073  13.831 0.4285714328
56339  -23.034  -7.788  12.237 0.2857142985
144098  -23.736  -7.649  12.710 0.4285714328
56340  -24.347  -7.196  12.382 0.4285714328
56382  -23.681  -7.047  11.000 0.4285714328
56360  -24.250  -6.933  11.602 0.4285714328
129432  -24.460  -6.472  10.013 0.4285714328
57565  -25.109  -6.244  10.411 0.4285714328
58613  -24.830  -5.917  8.818 0.5714285970
57578  -25.003  -6.098  9.607 0.5714285970
126823  -25.717  -5.704  9.983 0.4285714328
58614  -26.323  -5.232  9.486 0.2857142985
58625  -25.381  -5.446  8.359 0.7142857313
58626  -26.112  -5.115  8.682 0.7142857313
60864  -26.841  -3.824  8.021 0.7142857313
59731  -27.240  -4.212  8.691 0.4285714328
59729  -25.840  -4.924  7.929 0.7142857313
59730  -26.536  -4.544  8.303 0.5714285970
62035  -27.823  -2.639  8.255 0.5714285970
59747  -26.219  -4.287  7.539 0.5714285970
60883  -27.069  -2.948  7.866 0.5714285970
62050  -26.778  -2.434  7.177 0.5714285970
62051  -27.431  -2.156  7.656 0.5714285970
60882  -26.446  -3.407  7.206 0.5714285970
63253  -28.107  -1.822  8.007 0.4285714328
63268  -27.665  -1.400  7.416 0.5714285970
64503  -28.562  -0.325  7.395 0.5714285970
63288  -26.515  -1.733  6.547 0.7142857313
64502  -27.860  -0.633  7.125 0.7142857313
64516  -28.163  0.083  6.816 0.7142857313
65644  -28.867  0.366  7.148 0.5714285970
63289  -27.187  -1.070  6.818 0.5714285970
62089  -25.166  -2.619  5.378 0.5714285970
64515  -27.390  -0.213  6.426 0.8571428657
65662  -28.465  0.806  6.484 0.7142857313
65663  -29.156  0.938  6.870 0.5714285970
64514  -26.641  -0.834  6.187 0.7142857313
63307  -26.053  -1.340  5.805 0.5714285970
66745  -28.976  1.479  6.398 0.7142857313
66746  -29.670  1.459  6.888 0.5714285970
65661  -27.838  0.436  6.337 0.7142857313
67822  -29.483  2.119  6.350 0.5714285970
65676  -27.895  0.901  6.007 0.7142857313
66747  -30.244  2.132  6.773 0.5714285970
65675  -27.356  0.500  5.876 0.5714285970
66765  -27.487  1.297  5.446 0.7142857313
127084  -28.820  2.068  5.861 0.7142857313
68861  -29.727  3.407  5.722 0.7142857313
67823  -29.977  2.801  6.281 0.7142857313
67842  -28.085  2.156  5.340 0.7142857313
148716  -28.720  2.606  5.455 0.7142857313
68860  -29.013  3.242  5.314 0.7142857313
68862  -30.214  4.129  5.673 0.7142857313
67861  -28.345  2.943  5.003 0.7142857313
66782  -26.760  1.339  4.792 0.5714285970
69900  -30.738  4.819  5.650 0.5714285970
70929  -31.221  5.510  5.579 0.5714285970
67860  -27.910  3.320  4.395 0.8571428657
142907  -27.761  2.652  4.748 0.8571428657
70927  -29.888  5.359  4.852 0.7142857313
69921  -29.440  4.900  4.666 0.7142857313
68874  -28.615  3.695  4.706 0.8571428657
69920  -28.849  4.469  4.421 0.7142857313
71995  -29.607  6.287  4.017 0.8571428657
70949  -30.193  6.022  4.678 0.5714285970
70948  -29.518  5.587  4.331 0.8571428657
70965  -28.641  5.325  3.450 0.8571428657
68892  -28.166  4.162  3.984 0.8571428657
148047  -28.567  4.784  3.848 0.8571428657
73042  -29.557  7.665  3.048 0.8571428657
73988  -29.646  8.418  2.766 0.8571428657
74007  -29.398  8.911  2.270 0.8571428657
70966  -29.130  5.763  3.680 0.8571428657
74006  -29.034  8.070  2.223 0.8571428657
136828  -28.371  8.019  1.501 1.0000000000
72034  -28.871  6.575  2.708 0.8571428657
74030  -28.732  8.697  1.627 1.0000000000
73059  -28.603  7.483  1.957 1.0000000000
76004  -28.608  9.734  1.090 1.0000000000
76026  -27.607  9.650  0.097 0.7142857313
75011  -28.467  9.131  1.184 1.0000000000
74045  -27.625  8.643  0.534 1.0000000000
76027  -28.204  9.953  0.496 1.0000000000
79071  -27.828  13.172  -0.945 1.0000000000
78118  -27.228  12.830  -1.705 0.8571428657
79082  -27.310  13.734  -2.170 0.8571428657
81921  -27.460  16.453  -3.435 0.8571428657
80994  -27.205  15.624  -3.300 0.8571428657
80972  -27.621  15.437  -2.554 1.0000000000
82789  -26.529  16.731  -5.119 0.8571428657
82790  -27.457  17.434  -4.489 0.8571428657
145417  -26.050  16.634  -6.005 0.7142857313
81950  -25.870  16.224  -5.763 0.5714285970
82812  -25.048  16.585  -7.282 0.7142857313
83639  -25.797  17.921  -6.842 0.5714285970
82801  -24.680  16.683  -6.426 0.5714285970
81949  -25.516  16.365  -6.018 0.5714285970
83626  -24.140  17.209  -7.007 0.4285714328
84502  -23.274  18.106  -7.795 0.4285714328
84484  -23.772  19.180  -4.387 0.2857142985
134210  -23.538  19.586  -5.055 0.2857142985
85387  -24.224  20.365  -4.086 0.2857142985
55233  -23.096  -8.159  12.973 0.2857142985
63267  -27.084  -1.756  7.123 0.5714285970
71978  -30.858  6.012  5.236 0.5714285970
68875  -29.383  4.102  5.134 0.7142857313
69899  -29.983  4.808  5.251 0.7142857313
73043  -30.227  7.598  3.805 0.8571428657
76041  -28.041  10.973  -0.073 0.8571428657
86200  -25.478  21.202  -3.111 0.1428571492
55232  -22.213  -8.334  12.532 0.2857142985
130996  -23.698  -7.354  11.999 0.2857142985
57535  -25.155  -6.422  11.369 0.4285714328
139727  -23.076  -7.241  10.673 0.2857142985
148641  -23.702  -7.205  11.514 0.4285714328
58578  -25.880  -5.851  10.836 0.4285714328
57577  -24.202  -6.385  9.292 0.5714285970
59717  -26.840  -4.766  9.036 0.4285714328
58639  -25.127  -5.322  7.581 0.2857142985
60881  -25.805  -4.041  6.851 0.5714285970
64488  -29.543  -1.091  8.405 0.4285714328
60903  -25.902  -3.380  6.592 0.7142857313
62073  -26.198  -2.684  6.592 0.7142857313
63269  -28.343  -1.056  7.695 0.5714285970
64487  -29.023  -0.715  7.918 0.4285714328
135480  -25.428  -1.781  5.273 0.5714285970
67824  -30.795  2.841  6.672 0.5714285970
64531  -26.238  -0.665  5.587 0.5714285970
66766  -28.303  1.436  5.904 0.7142857313
68839  -30.479  3.510  6.210 0.5714285970
65674  -26.761  0.626  5.285 0.8571428657
72018  -30.227  6.840  4.265 0.5714285970
75012  -29.085  9.395  1.663 1.0000000000
73075  -28.090  7.285  1.485 1.0000000000
77063  -26.647  10.711  -0.912 0.7142857313
78094  -28.731  11.960  0.232 1.0000000000
78107  -27.529  12.265  -0.850 0.7142857313
77065  -28.036  11.804  -0.364 1.0000000000
145447  -27.647  13.627  -1.448 0.8571428657
79998  -27.456  14.568  -2.401 1.0000000000
79987  -27.798  14.333  -1.629 1.0000000000
82802  -25.190  16.479  -6.857 0.7142857313
82788  -24.588  16.750  -5.205 0.4285714328
84492  -22.740  19.063  -6.361 0.2857142985
84501  -22.277  19.158  -7.377 0.4285714328
145910  -24.711  17.144  -7.673 0.4285714328
84514  -22.210  19.043  -8.391 0.4285714328
85402  -22.889  20.093  -5.572 0.2857142985
59746  -25.493  -4.723  7.199 0.4285714328
59767  -25.025  -4.472  6.511 0.4285714328
130540  -23.519  18.307  -5.922 0.4285714328
55213  -21.806  -8.906  13.232 0.2857142985
55197  -23.828  -8.507  14.039 0.4285714328
56320  -23.826  -8.046  13.408 0.4285714328
57564  -24.364  -6.654  10.740 0.4285714328
57563  -23.543  -6.836  10.018 0.4285714328
137510  -24.647  -5.731  8.053 0.2857142985
135507  -25.571  -5.588  9.152 0.4285714328
144601  -29.191  -0.085  7.596 0.5714285970
63287  -25.809  -2.154  5.986 0.7142857313
62072  -25.555  -2.977  6.074 0.7142857313
64532  -26.744  -0.088  5.755 0.5714285970
67843  -29.310  2.688  5.798 0.7142857313
66783  -27.306  2.050  4.812 0.8571428657
72017  -29.225  6.398  3.323 0.8571428657
134295  -29.659  6.966  3.598 0.8571428657
72033  -28.493  6.855  2.111 1.0000000000
75029  -27.997  9.229  0.607 1.0000000000
76040  -27.330  10.231  -0.394 0.8571428657
81939  -26.987  16.663  -4.203 0.8571428657
135125  -25.463  16.449  -6.577 0.7142857313
82803  -25.945  17.046  -6.545 0.7142857313
82811  -24.834  16.750  -7.333 0.5714285970
81948  -25.006  16.437  -5.975 0.5714285970
142049  -24.347  17.721  -4.038 0.4285714328
83617  -24.116  17.696  -5.132 0.4285714328
84478  -24.270  19.921  -3.428 0.2857142985
85388  -24.748  20.651  -3.232 0.2857142985
56359  -23.135  -7.445  11.421 0.2857142985
77064  -27.373  11.239  -0.661 1.0000000000
83637  -24.464  17.143  -7.670 0.5714285970
87133  -21.054  21.960  -9.521 0.2857142985
87985  -21.205  22.818  -8.397 0.1428571492
85416  -21.499  19.857  -9.415 0.2857142985
86235  -21.474  21.185  -10.718 0.2857142985
87125  -20.940  22.956  -7.616 0.1428571492
87976  -21.252  24.819  -7.537 0.1428571492
86226  -21.073  21.136  -6.886 0.1428571492
85409  -21.525  19.930  -7.651 0.2857142985
86236  -22.998  21.023  -10.900 0.2857142985
84518  -28.809  19.923  -7.014 0.2857142985
85419  -26.449  20.334  -8.345 0.2857142985
87977  -21.281  24.323  -7.189 0.1428571492
84515  -22.743  18.897  -9.032 0.2857142985
131115  -26.615  19.314  -6.891 0.2857142985
85417  -22.453  19.862  -10.342 0.2857142985
83630  -29.628  18.816  -5.314 0.1428571492
85410  -27.192  19.939  -7.322 0.2857142985
84517  -25.252  20.329  -8.622 0.2857142985
134819  -20.906  22.179  -7.026 0.1428571492
139135  -24.957  19.467  -7.964 0.2857142985
81951  -31.601  16.747  -5.695 0.1428571492
82813  -30.918  18.004  -5.810 0.1428571492
84493  -28.171  19.220  -5.937 0.4285714328
83638  -25.276  18.647  -7.423 0.2857142985
81924  -30.495  16.637  -2.981 0.2857142985
83618  -27.995  18.239  -4.776 0.4285714328
83640  -27.106  18.832  -6.241 0.2857142985
84503  -23.971  17.965  -8.207 0.2857142985
126510  -31.084  16.051  -2.782 0.1428571492
82793  -30.471  17.614  -4.303 0.2857142985
83628  -27.554  18.535  -5.534 0.4285714328
82778  -29.075  17.362  -3.549 0.5714285970
82804  -26.827  17.595  -5.402 0.7142857313
80960  -31.031  15.039  -1.569 0.1428571492
80975  -30.483  16.041  -2.233 0.1428571492
81923  -29.498  16.890  -2.962 0.4285714328
79982  -31.415  13.979  -0.672 0.2857142985
79990  -30.440  14.837  -1.106 0.7142857313
82777  -27.935  17.226  -3.680 0.7142857313
80958  -28.864  15.543  -1.627 0.8571428657
81906  -28.814  16.437  -2.492 0.5714285970
78110  -32.035  13.077  0.033 0.2857142985
79067  -31.545  13.518  -0.207 0.2857142985
80993  -26.399  15.086  -3.719 0.5714285970
80973  -28.329  15.861  -2.141 0.8571428657
78098  -32.556  12.505  0.351 0.1428571492
127312  -29.945  13.803  -0.104 0.7142857313
78083  -32.271  12.217  1.104 0.1428571492
71017  -26.111  5.969  0.541 0.5714285970
73074  -27.629  7.935  0.838 0.8571428657
74044  -27.085  8.335  0.188 0.8571428657
73091  -26.807  7.538  0.284 0.4285714328
75028  -27.333  8.998  0.123 0.5714285970
77054  -29.211  11.566  0.898 0.8571428657
147765  -28.346  13.431  -0.648 0.8571428657
77034  -31.765  11.799  1.793 0.2857142985
78109  -29.299  13.064  0.209 0.8571428657
79065  -28.986  13.772  -0.396 0.8571428657
80957  -28.012  15.155  -1.852 0.8571428657
76008  -33.103  11.089  1.989 0.4285714328
78096  -30.703  12.604  1.048 0.7142857313
69982  -25.158  4.859  0.631 0.2857142985
72050  -27.413  6.989  1.005 0.5714285970
141881  -26.651  6.583  0.584 0.5714285970
74029  -28.108  8.629  1.029 0.8571428657
76028  -28.765  10.605  0.970 0.8571428657
77053  -28.583  11.132  0.498 0.8571428657
76007  -31.205  11.215  2.363 0.4285714328
77032  -29.643  11.192  1.529 0.8571428657
78095  -29.669  12.461  0.776 0.8571428657
75990  -32.632  10.723  2.743 0.4285714328
66792  -25.618  1.369  3.613 0.7142857313
67887  -25.310  2.597  2.460 0.4285714328
148937  -26.099  1.898  3.815 0.7142857313
68890  -26.719  3.317  3.402 0.8571428657
68906  -26.361  3.726  2.657 0.5714285970
69967  -25.530  4.547  1.297 0.5714285970
68940  -24.924  4.256  0.976 0.4285714328
69951  -27.553  4.893  2.678 0.8571428657
141410  -26.321  4.909  1.571 0.5714285970
69983  -25.827  5.317  0.940 0.5714285970
72016  -28.738  5.949  3.052 0.8571428657
129944  -27.282  6.136  1.362 0.7142857313
140991  -26.566  5.731  1.135 0.5714285970
74008  -30.123  9.028  2.866 0.7142857313
76005  -29.367  10.234  1.631 0.7142857313
74983  -33.308  9.427  3.310 0.2857142985
74981  -31.577  9.628  3.486 0.4285714328
74994  -31.397  10.188  3.130 0.5714285970
64553  -26.073  -0.110  5.031 0.4285714328
65684  -25.652  0.720  4.015 0.4285714328
66810  -25.100  1.363  2.911 0.4285714328
68891  -27.458  3.657  3.720 0.7142857313
70981  -28.222  5.484  2.814 0.8571428657
73044  -30.954  8.254  4.005 0.7142857313
73990  -31.863  8.894  4.032 0.2857142985
73989  -30.194  8.359  3.372 0.5714285970
64530  -25.665  -0.958  5.140 0.4285714328
63340  -24.761  -1.242  3.871 0.5714285970
65685  -26.182  0.666  4.613 0.5714285970
66781  -26.152  1.318  4.200 0.5714285970
67859  -27.149  2.810  4.177 0.7142857313
71996  -30.959  6.635  4.852 0.4285714328
73027  -31.815  7.993  4.463 0.4285714328
73979  -32.592  8.392  4.360 0.4285714328
60915  -24.854  -3.433  5.523 0.5714285970
66732  -30.491  1.458  7.365 0.4285714328
69901  -31.602  4.900  5.998 0.4285714328
70931  -33.256  5.577  5.737 0.4285714328
71979  -31.687  6.293  5.397 0.4285714328
58600  -26.495  -5.373  10.313 0.1428571492
68840  -31.370  3.539  6.567 0.4285714328
69883  -31.988  4.255  6.453 0.4285714328
69902  -32.602  4.917  6.173 0.4285714328
58615  -27.052  -4.901  9.810 0.1428571492
59718  -27.570  -4.507  9.335 0.1428571492
62036  -28.551  -2.287  8.597 0.2857142985
65647  -31.913  0.832  8.175 0.2857142985
66749  -34.454  1.575  6.620 0.2857142985
66734  -32.541  1.474  7.845 0.2857142985
65646  -30.431  -0.016  8.208 0.4285714328
67827  -34.161  2.271  6.954 0.2857142985
67807  -32.147  2.200  7.464 0.2857142985
66733  -31.479  1.491  7.663 0.2857142985
139947  -33.652  2.770  7.028 0.2857142985
67826  -32.799  2.853  7.174 0.4285714328
58601  -27.312  -5.205  10.556 0.1428571492
59703  -27.840  -4.770  10.054 0.1428571492
60851  -28.601  -3.576  9.426 0.2857142985
63256  -30.791  -1.078  8.843 0.2857142985
137919  -32.070  -0.394  8.737 0.2857142985
65630  -31.401  0.022  8.438 0.2857142985
145839  -30.394  -2.493  9.672 0.2857142985
60834  -28.937  -3.960  10.064 0.2857142985
62022  -29.704  -2.564  9.484 0.2857142985
60852  -29.326  -3.282  9.747 0.2857142985
60850  -28.005  -4.012  8.942 0.2857142985
63244  -30.185  -1.961  9.319 0.2857142985
56321  -24.494  -7.525  13.099 0.2857142985
57536  -26.118  -6.096  11.619 0.1428571492
58579  -26.700  -5.629  11.086 0.1428571492
128843  -23.295  -9.542  14.688 0.2857142985
53060  -23.032  -10.106  15.098 0.2857142985
53059  -22.220  -10.353  15.095 0.2857142985
57515  -25.609  -6.536  12.207 0.2857142985
51998  -21.873  -10.883  15.651 0.1428571492
59719  -28.253  -4.270  9.674 0.1428571492
63245  -30.690  -1.564  9.205 0.2857142985
65631  -32.396  0.167  8.517 0.2857142985
64489  -30.217  -0.740  8.481 0.2857142985
66735  -33.486  1.222  7.788 0.2857142985
67806  -31.097  2.210  7.236 0.4285714328
68843  -34.231  3.114  6.459 0.2857142985
67872  -25.926  3.013  3.030 0.7142857313
69884  -33.009  4.177  6.487 0.4285714328
69968  -27.080  5.307  1.844 0.5714285970
73028  -32.743  7.751  4.757 0.2857142985
73991  -33.099  8.905  3.880 0.2857142985
74982  -32.498  9.563  3.581 0.5714285970
76006  -30.193  10.811  2.167 0.7142857313
79072  -28.271  13.963  -0.991 0.8571428657
81938  -26.237  15.923  -4.924 0.4285714328
79979  -28.972  14.491  -0.797 0.8571428657
81905  -27.856  16.209  -2.717 0.8571428657
79066  -30.820  13.734  -0.045 0.5714285970
82779  -30.091  17.301  -3.567 0.4285714328
87126  -22.112  23.071  -6.693 0.1428571492
84494  -29.177  19.360  -5.894 0.2857142985
83620  -30.087  18.275  -4.748 0.1428571492
85418  -23.864  20.787  -10.539 0.2857142985
54163  -23.865  -9.081  14.536 0.1428571492
54161  -21.604  -9.523  13.948 0.2857142985
57514  -24.856  -6.750  12.091 0.2857142985
58602  -28.216  -5.123  10.853 0.1428571492
59705  -29.332  -4.428  10.591 0.1428571492
60866  -28.244  -3.153  8.821 0.2857142985
62021  -28.936  -2.766  9.209 0.2857142985
63255  -30.128  -1.387  8.836 0.2857142985
64491  -32.735  -0.404  8.768 0.2857142985
63254  -28.821  -1.460  8.288 0.2857142985
149688  -33.621  0.593  8.044 0.2857142985
64552  -25.321  -0.596  4.323 0.5714285970
64504  -29.687  -0.332  8.042 0.2857142985
65718  -24.555  0.676  2.624 0.2857142985
67828  -34.501  2.317  6.224 0.2857142985
68863  -34.403  3.776  5.774 0.2857142985
139922  -26.369  2.553  3.675 0.7142857313
67905  -24.496  2.888  1.328 0.4285714328
68905  -25.607  3.361  2.256 0.5714285970
69885  -33.975  4.007  6.297 0.4285714328
148615  -24.962  5.635  -0.201 0.2857142985
69903  -33.607  4.775  6.109 0.2857142985
69882  -31.028  4.220  6.157 0.4285714328
69950  -26.739  4.505  2.298 0.7142857313
72069  -25.911  6.498  0.066 0.2857142985
142269  -34.038  5.203  5.701 0.1428571492
71998  -33.032  6.992  5.255 0.4285714328
147640  -32.306  6.694  5.341 0.4285714328
73030  -34.314  6.946  4.309 0.1428571492
73029  -33.689  7.432  4.656 0.1428571492
74980  -30.890  9.004  3.510 0.5714285970
75979  -33.023  10.075  3.113 0.2857142985
75989  -31.722  10.758  2.852 0.5714285970
77055  -31.460  12.301  1.338 0.7142857313
79988  -28.546  14.778  -1.309 0.8571428657
77036  -33.372  11.287  1.126 0.2857142985
77056  -33.006  11.938  0.747 0.1428571492
85401  -21.974  19.973  -6.531 0.2857142985
78097  -31.729  12.714  0.748 0.4285714328
77035  -32.697  11.648  1.507 0.4285714328
78111  -32.797  12.772  -0.449 0.1428571492
80959  -30.442  15.440  -1.640 0.5714285970
79068  -32.236  13.467  -0.809 0.1428571492
79991  -31.215  14.542  -1.161 0.1428571492
80976  -31.251  15.446  -2.226 0.1428571492
86227  -22.480  21.750  -6.380 0.1428571492
81907  -29.738  16.386  -2.359 0.5714285970
127667  -31.669  14.743  -1.836 0.1428571492
80995  -31.291  16.322  -3.474 0.1428571492
83619  -29.176  18.367  -4.671 0.2857142985
82794  -31.120  17.288  -4.586 0.1428571492
142792  -31.497  16.867  -4.998 0.1428571492
82806  -31.256  17.421  -5.322 0.1428571492
84506  -28.640  19.692  -6.499 0.2857142985
84508  -30.022  19.415  -6.901 0.1428571492
83641  -30.507  18.636  -6.419 0.1428571492
133620  -25.242  -8.629  14.385 0.1428571492
58580  -27.513  -5.577  11.300 0.1428571492
65649  -34.137  0.743  7.567 0.2857142985
74009  -33.875  8.924  3.205 0.2857142985
138400  -31.217  17.479  -7.559 0.1428571492
84519  -29.221  19.737  -7.547 0.2857142985
54182  -23.171  -9.018  14.225 0.2857142985
56322  -25.425  -7.483  13.337 0.1428571492
56341  -25.119  -7.025  12.697 0.1428571492
60865  -27.534  -3.482  8.457 0.4285714328
65645  -29.782  0.585  7.526 0.4285714328
70930  -32.147  5.590  5.779 0.4285714328
66793  -26.626  2.022  4.289 0.7142857313
69937  -28.146  4.834  3.354 0.7142857313
74992  -29.900  9.793  2.370 0.7142857313
128341  -28.363  6.168  2.389 0.8571428657
72051  -27.940  6.500  1.695 0.8571428657
127283  -27.861  10.230  0.098 0.8571428657
81920  -26.668  15.882  -3.967 0.5714285970
83627  -26.623  18.100  -5.993 0.5714285970
73026  -30.988  7.439  4.449 0.4285714328
60902  -25.271  -3.733  6.255 0.5714285970
67825  -31.733  2.873  6.992 0.4285714328
78108  -28.384  12.772  -0.366 0.8571428657
69936  -27.667  4.338  3.373 0.8571428657
86234  -20.804  21.321  -8.966 0.2857142985
87124  -20.712  22.175  -8.365 0.2857142985
85408  -20.762  20.776  -8.041 0.2857142985
86225  -20.576  21.889  -7.681 0.1428571492
85411  -28.131  20.020  -7.103 0.2857142985
84504  -26.064  19.806  -7.606 0.2857142985
84505  -27.712  19.619  -6.588 0.2857142985
84516  -23.616  19.363  -9.236 0.2857142985
83629  -28.654  18.824  -5.292 0.2857142985
84495  -29.937  19.210  -6.059 0.1428571492
83631  -30.329  18.527  -5.494 0.1428571492
82814  -31.355  17.348  -6.141 0.1428571492
82805  -30.747  17.925  -4.983 0.1428571492
140258  -31.054  17.925  -6.732 0.1428571492
84507  -29.393  19.603  -6.615 0.1428571492
126805  -30.880  17.007  -3.830 0.1428571492
82791  -28.571  17.810  -4.140 0.5714285970
125997  -31.793  15.894  -3.919 0.1428571492
82792  -29.658  17.825  -4.131 0.4285714328
81922  -28.411  16.831  -3.077 0.7142857313
80974  -29.721  15.846  -1.777 0.5714285970
79981  -30.594  14.277  -0.567 0.5714285970
79980  -29.716  14.420  -0.643 0.7142857313
79989  -29.537  15.108  -1.208 0.7142857313
79058  -31.188  13.226  0.418 0.5714285970
73090  -26.438  8.120  -0.201 0.4285714328
72070  -26.264  7.111  0.037 0.4285714328
78082  -29.947  11.986  1.301 0.8571428657
77033  -30.679  11.756  1.735 0.4285714328
77024  -32.212  11.293  2.291 0.5714285970
79057  -30.267  13.243  0.488 0.8571428657
65695  -25.152  0.681  3.319 0.5714285970
67871  -25.596  2.175  3.229 0.4285714328
68907  -27.088  4.072  3.026 0.7142857313
68922  -25.950  4.125  1.946 0.5714285970
68921  -25.129  3.681  1.485 0.4285714328
68939  -24.376  3.692  0.820 0.2857142985
70999  -27.779  5.742  2.098 0.8571428657
74993  -30.746  9.685  3.025 0.5714285970
75988  -30.818  10.407  2.674 0.7142857313
143057  -25.670  0.168  4.387 0.5714285970
134951  -25.225  0.038  3.755 0.5714285970
71997  -31.907  7.160  5.015 0.4285714328
73980  -33.481  8.160  4.238 0.2857142985
71980  -32.642  6.246  5.512 0.4285714328
68841  -32.357  3.524  6.769 0.4285714328
62037  -29.394  -1.910  8.898 0.2857142985
67808  -33.332  2.074  7.446 0.2857142985
129448  -30.879  0.744  7.904 0.2857142985
68842  -33.380  3.426  6.749 0.4285714328
64490  -31.474  -0.750  8.832 0.2857142985
59704  -28.568  -4.581  10.347 0.1428571492
60853  -30.115  -3.041  10.017 0.2857142985
53040  -22.692  -10.681  15.625 0.1428571492
54148  -23.958  -9.771  15.142 0.1428571492
54164  -24.685  -9.207  14.748 0.1428571492
55217  -25.801  -8.028  13.957 0.1428571492
80012  -26.617  14.325  -3.389 0.5714285970
79081  -26.864  13.119  -2.691 0.4285714328
78133  -26.116  12.675  -2.808 0.4285714328
79997  -27.055  13.927  -3.000 0.5714285970
78134  -26.610  12.270  -2.325 0.4285714328
80013  -27.119  14.758  -3.152 0.4285714328
76058  -26.041  10.310  -1.242 0.4285714328
77077  -26.820  11.658  -1.491 0.4285714328
77076  -26.198  11.471  -2.110 0.4285714328
75041  -26.995  9.396  -0.336 0.5714285970
65677  -34.589  0.695  5.647 0.1428571492
137258  -34.617  2.224  5.429 0.1428571492
57586  -24.044  -6.170  8.434 0.2857142985
66748  -34.145  1.468  7.276 0.1428571492
141999  -32.971  -0.932  3.517 0.1428571492
64555  -34.406  -0.096  5.159 0.1428571492
64579  -32.217  -0.696  2.641 0.1428571492
65686  -34.005  0.198  4.154 0.1428571492
64602  -31.250  -0.595  1.507 0.1428571492
57576  -23.260  -6.724  8.802 0.2857142985
64505  -34.379  -0.464  7.495 0.1428571492
64533  -34.527  -0.744  6.040 0.1428571492
65650  -34.374  0.217  7.359 0.1428571492
63329  -34.020  -1.153  5.032 0.1428571492
146801  -30.563  -1.545  1.359 0.1428571492
63328  -33.232  -1.577  4.040 0.1428571492
62127  -33.673  -2.228  1.449 0.1428571492
62125  -30.721  -1.644  0.934 0.1428571492
63356  -32.544  -1.507  0.801 0.1428571492
142862  -22.751  -7.070  9.414 0.2857142985
124824  -32.357  -1.767  9.484 0.1428571492
63258  -33.868  -1.527  8.564 0.1428571492
63257  -33.284  -0.868  8.808 0.1428571492
63246  -31.495  -1.478  9.297 0.1428571492
64493  -33.949  -0.670  8.224 0.1428571492
63308  -33.696  -2.159  5.015 0.1428571492
63270  -34.545  -1.910  6.872 0.1428571492
62110  -32.269  -2.127  3.356 0.1428571492
63309  -34.278  -1.606  5.681 0.1428571492
62116  -30.506  -2.275  1.493 0.1428571492
60945  -31.115  -2.557  1.044 0.1428571492
62118  -34.409  -2.756  2.304 0.1428571492
62126  -32.204  -2.167  1.054 0.1428571492
140577  -22.600  -7.281  10.102 0.2857142985
56381  -21.822  -7.600  10.240 0.2857142985
62005  -31.059  -2.811  10.085 0.1428571492
62026  -33.438  -2.702  9.491 0.1428571492
63247  -33.189  -1.743  9.306 0.1428571492
62039  -34.338  -2.232  8.142 0.1428571492
60925  -33.140  -2.991  4.612 0.1428571492
139047  -34.502  -2.261  7.457 0.1428571492
62108  -30.332  -3.056  2.028 0.1428571492
62124  -30.577  -2.294  1.320 0.1428571492
62119  -35.315  -2.253  2.717 0.1428571492
60836  -30.602  -3.591  10.467 0.1428571492
62006  -32.127  -2.955  10.174 0.1428571492
60837  -31.549  -3.560  10.509 0.1428571492
60867  -34.475  -3.651  8.014 0.1428571492
60855  -33.744  -3.622  9.536 0.1428571492
60917  -33.182  -3.697  5.121 0.1428571492
62038  -33.873  -2.359  8.866 0.1428571492
60916  -32.419  -3.657  4.235 0.1428571492
60905  -34.049  -3.510  6.465 0.1428571492
59792  -31.137  -3.482  3.047 0.1428571492
60940  -33.712  -3.493  2.259 0.1428571492
60937  -30.349  -3.441  1.727 0.1428571492
62111  -35.106  -2.824  3.034 0.1428571492
129190  -31.922  -4.126  10.799 0.1428571492
60835  -29.728  -3.735  10.342 0.1428571492
58628  -34.317  -5.058  8.729 0.1428571492
59721  -34.237  -4.363  9.144 0.1428571492
60838  -32.532  -3.758  10.474 0.1428571492
59749  -34.183  -4.389  7.409 0.1428571492
60856  -34.286  -3.673  8.793 0.1428571492
60854  -33.030  -3.186  10.051 0.1428571492
59784  -31.664  -4.416  3.903 0.1428571492
146836  -32.780  -4.909  5.454 0.1428571492
59791  -30.485  -4.315  2.724 0.1428571492
59811  -30.284  -3.923  1.600 0.1428571492
60939  -32.257  -3.438  1.532 0.1428571492
58640  -34.050  -5.850  8.212 0.1428571492
58616  -33.904  -5.230  9.907 0.1428571492
59709  -33.355  -4.694  10.443 0.1428571492
58657  -33.178  -5.818  6.328 0.1428571492
129623  -33.646  -6.040  7.148 0.1428571492
58680  -32.064  -5.263  4.780 0.1428571492
58668  -32.688  -5.566  5.653 0.1428571492
60938  -31.606  -4.069  1.569 0.1428571492
60930  -29.916  -4.276  1.865 0.1428571492
58641  -34.072  -5.167  7.762 0.1428571492
147399  -33.991  -3.054  9.063 0.1428571492
59768  -33.757  -4.243  6.486 0.1428571492
62074  -33.682  -3.009  5.468 0.1428571492
64476  -32.408  -1.014  9.133 0.1428571492
63343  -36.012  -1.769  3.190 0.1428571492
62117  -33.021  -2.851  1.544 0.1428571492
136035  -31.129  -1.809  2.315 0.1428571492
65687  -34.482  0.812  4.873 0.1428571492
62112  -35.697  -2.467  3.469 0.1428571492
63344  -36.866  -1.405  3.496 0.1428571492
76039  -26.509  9.868  -0.723 0.4285714328
63351  -35.649  -1.520  2.425 0.1428571492
63350  -34.831  -1.993  1.945 0.1428571492
144047  -30.555  -1.174  1.076 0.1428571492
63357  -34.211  -1.579  1.227 0.1428571492
66784  -34.548  1.664  4.724 0.1428571492
67844  -34.568  2.952  5.641 0.1428571492
84520  -29.858  19.364  -7.964 0.1428571492
85421  -28.353  20.057  -7.837 0.1428571492
62024  -31.783  -2.256  9.711 0.1428571492
64492  -34.053  0.099  7.930 0.1428571492
69904  -34.245  4.547  5.753 0.1428571492
65664  -34.494  0.758  6.931 0.1428571492
127482  -34.606  0.258  6.173 0.1428571492
66767  -34.625  1.487  5.720 0.1428571492
64554  -33.676  -0.649  4.251 0.1428571492
129708  -33.182  -0.248  3.383 0.1428571492
63342  -32.232  -1.409  2.997 0.1428571492
63341  -31.116  -1.168  1.934 0.1428571492
64603  -32.344  0.121  2.303 0.1428571492
63349  -30.551  -1.135  1.103 0.1428571492
63259  -34.402  -1.418  7.691 0.1428571492
133894  -34.566  -1.013  6.909 0.1428571492
64517  -34.564  -0.139  6.857 0.1428571492
140187  -30.578  -1.554  1.115 0.1428571492
62025  -32.692  -2.424  9.730 0.1428571492
131993  -34.266  -2.333  6.022 0.1428571492
62100  -33.011  -2.367  4.165 0.1428571492
62052  -34.406  -2.816  6.825 0.1428571492
62109  -31.201  -2.592  2.645 0.1428571492
62099  -32.291  -2.882  3.722 0.1428571492
132712  -34.496  -2.918  7.703 0.1428571492
60944  -30.625  -3.160  1.388 0.1428571492
59707  -31.100  -4.196  10.873 0.1428571492
59708  -32.615  -4.427  10.782 0.1428571492
59732  -34.364  -4.394  8.334 0.1428571492
60839  -33.300  -3.964  10.211 0.1428571492
60904  -33.647  -3.661  5.886 0.1428571492
143038  -32.608  -4.386  4.884 0.1428571492
59777  -33.238  -4.330  5.651 0.1428571492
60884  -34.323  -3.607  7.143 0.1428571492
60931  -30.118  -3.669  2.126 0.1428571492
59801  -31.030  -4.675  1.602 0.1428571492
58669  -33.246  -5.016  6.066 0.1428571492
59748  -33.675  -5.125  6.850 0.1428571492
51996  -20.043  -11.191  15.628 0.1428571492
53039  -21.525  -10.573  15.146 0.1428571492
52011  -19.714  -10.878  15.072 0.1428571492
53038  -20.865  -10.493  14.795 0.1428571492
53058  -21.644  -10.116  14.610 0.1428571492
53071  -21.053  -10.016  14.266 0.1428571492
54191  -20.922  -9.357  13.264 0.1428571492
55231  -21.062  -8.802  12.422 0.1428571492
55241  -21.581  -8.279  11.831 0.1428571492
56338  -22.317  -7.885  11.659 0.1428571492
55230  -19.997  -8.884  11.892 0.1428571492
55240  -20.842  -8.411  11.534 0.1428571492
56358  -21.540  -7.949  11.053 0.1428571492
56380  -21.055  -7.743  10.421 0.1428571492
56400  -21.267  -7.382  9.757 0.1428571492
57575  -22.305  -6.901  8.865 0.1428571492
56401  -22.043  -7.273  9.533 0.1428571492
57585  -23.329  -6.292  7.883 0.1428571492
143510  -23.993  -5.961  7.766 0.1428571492
57584  -22.520  -6.493  8.131 0.2857142985
58638  -24.361  -5.657  7.285 0.2857142985
62088  -24.454  -3.124  4.735 0.4285714328
63327  -25.094  -1.476  4.496 0.4285714328
74058  -26.095  8.521  -0.576 0.2857142985
129656  -25.704  8.975  -0.852 0.2857142985
137038  -25.254  12.116  -2.865 0.2857142985
125631  -25.378  13.054  -3.149 0.2857142985
79080  -26.251  13.577  -3.244 0.2857142985
57583  -21.723  -6.469  8.430 0.1428571492
57595  -22.585  -5.950  7.330 0.2857142985
55250  -20.791  -8.059  10.966 0.1428571492
57574  -21.473  -6.927  9.107 0.1428571492
58636  -21.652  -5.544  7.387 0.2857142985
58637  -23.554  -5.873  7.187 0.2857142985
58655  -23.067  -5.629  6.492 0.2857142985
58656  -23.967  -5.575  6.509 0.2857142985
59745  -24.739  -5.195  6.821 0.2857142985
60901  -24.554  -4.233  5.748 0.4285714328
60914  -24.171  -3.924  4.937 0.4285714328
60924  -23.930  -3.375  4.367 0.2857142985
146120  -26.210  7.602  -0.184 0.2857142985
74057  -25.561  8.379  -0.757 0.2857142985
75040  -26.301  9.140  -0.635 0.2857142985
74077  -25.199  8.891  -1.009 0.2857142985
75057  -25.856  9.614  -0.995 0.2857142985
142941  -26.253  10.974  -1.536 0.2857142985
77097  -25.470  11.372  -2.399 0.2857142985
77096  -24.712  11.273  -2.656 0.2857142985
73105  -25.904  7.932  -0.506 0.2857142985
73104  -25.363  7.734  -0.707 0.2857142985
75056  -25.315  9.522  -1.192 0.2857142985
76057  -24.909  10.178  -1.621 0.2857142985
143461  -25.465  10.121  -1.416 0.2857142985
147016  -25.216  10.451  -1.735 0.2857142985
76072  -24.297  10.651  -2.187 0.2857142985
74076  -24.638  8.775  -1.200 0.2857142985
75054  -24.006  9.408  -1.437 0.2857142985
62098  -24.774  -2.297  4.604 0.4285714328
129423  -22.409  -7.582  10.841 0.1428571492
127391  -20.811  -9.770  13.822 0.1428571492
148059  -25.975  11.958  -2.547 0.2857142985
76073  -25.000  10.773  -2.105 0.2857142985
52012  -20.362  -10.845  15.160 0.1428571492
54180  -20.156  -9.774  13.460 0.1428571492
129579  -20.175  -8.268  11.266 0.1428571492
58624  -21.923  -6.099  7.829 0.2857142985
59776  -23.952  -4.617  5.292 0.4285714328
76056  -24.375  10.060  -1.609 0.2857142985
63339  -24.279  -1.391  3.394 0.2857142985
63326  -24.444  -1.925  3.899 0.2857142985
65694  -24.619  -0.013  3.101 0.2857142985
87159  -26.973  22.858  -11.638 0.1428571492
86267  -26.744  22.684  -13.208 0.1428571492
86246  -26.028  22.011  -11.643 0.1428571492
125154  -26.617  20.792  -9.680 0.1428571492
132004  -27.588  20.424  -9.374 0.1428571492
87149  -27.845  22.916  -11.169 0.1428571492
85426  -25.553  21.185  -9.954 0.1428571492
86244  -23.644  21.810  -11.116 0.1428571492
87987  -24.143  23.641  -8.465 0.1428571492
64578  -24.718  -0.685  3.514 0.2857142985
85429  -28.511  20.012  -9.178 0.1428571492
85434  -26.851  22.148  -13.184 0.1428571492
85420  -27.473  20.198  -8.082 0.1428571492
87147  -25.348  22.728  -11.080 0.1428571492
87136  -24.699  23.030  -10.110 0.1428571492
87146  -24.091  22.287  -10.995 0.1428571492
87134  -21.763  22.298  -10.322 0.1428571492
87986  -22.509  23.236  -8.573 0.1428571492
86243  -22.770  22.006  -11.200 0.1428571492
86255  -26.183  22.465  -11.922 0.1428571492
87148  -26.455  23.089  -10.649 0.1428571492
85427  -26.869  21.448  -11.828 0.1428571492
86245  -24.865  22.135  -11.171 0.1428571492
144725  -27.373  23.085  -9.952 0.1428571492
73119  -23.353  7.736  -1.412 0.1428571492
73121  -25.022  8.239  -0.928 0.1428571492
76055  -23.655  10.216  -1.860 0.1428571492
76053  -21.553  10.533  -1.898 0.1428571492
76070  -22.442  11.162  -2.396 0.1428571492
72085  -24.996  6.988  -0.692 0.1428571492
77094  -21.817  12.013  -2.207 0.1428571492
78131  -23.331  12.211  -2.691 0.1428571492
125850  -22.669  13.044  -2.412 0.2857142985
142670  -25.041  2.930  1.843 0.2857142985
67904  -24.063  2.142  1.297 0.1428571492
69994  -23.940  4.940  -0.346 0.1428571492
71033  -25.180  6.268  -0.355 0.1428571492
72084  -24.219  6.784  -0.941 0.1428571492
75991  -33.439  10.359  2.343 0.1428571492
74075  -23.935  8.541  -1.330 0.1428571492
77095  -23.868  11.332  -2.674 0.1428571492
78132  -24.667  12.720  -3.109 0.1428571492
79078  -23.750  13.037  -2.834 0.1428571492
80011  -24.869  14.588  -3.613 0.2857142985
81904  -24.086  16.541  -3.111 0.2857142985
85382  -24.597  20.075  -2.644 0.1428571492
125788  -25.879  14.355  -3.630 0.2857142985
124619  -23.805  13.939  -2.952 0.2857142985
81937  -25.861  15.815  -5.108 0.2857142985
80991  -24.931  15.211  -3.870 0.2857142985
80971  -24.107  15.490  -3.263 0.2857142985
81936  -25.191  16.223  -5.064 0.2857142985
81919  -24.736  15.912  -3.998 0.2857142985
83611  -24.055  18.854  -3.720 0.1428571492
82767  -23.686  17.464  -2.426 0.2857142985
85393  -24.060  20.708  -4.795 0.1428571492
85394  -24.896  21.270  -3.985 0.1428571492
80956  -22.879  16.076  -2.220 0.1428571492
79077  -22.187  13.604  -2.003 0.2857142985
83608  -23.922  18.398  -2.827 0.1428571492
84474  -24.177  19.437  -2.778 0.1428571492
78129  -21.092  12.788  -1.744 0.2857142985
82754  -22.790  18.102  -0.636 0.1428571492
84472  -24.092  19.785  -1.187 0.1428571492
83598  -23.149  18.960  -0.764 0.1428571492
78088  -20.058  12.185  -1.001 0.1428571492
76009  -33.726  10.592  1.493 0.1428571492
73992  -34.279  8.311  3.113 0.1428571492
69981  -24.673  5.009  -0.016 0.1428571492
71031  -23.627  5.860  -0.781 0.1428571492
72100  -23.383  6.751  -1.259 0.1428571492
73118  -22.178  8.095  -1.524 0.1428571492
74073  -21.347  8.869  -1.534 0.1428571492
76071  -23.321  10.828  -2.419 0.1428571492
136499  -24.307  12.045  -2.933 0.1428571492
79076  -21.668  13.022  -1.890 0.2857142985
79995  -23.940  14.703  -3.212 0.1428571492
149449  -24.416  15.010  -3.526 0.2857142985
80970  -23.224  15.323  -2.552 0.1428571492
82761  -23.158  17.385  -1.507 0.2857142985
139204  -23.469  18.230  -1.605 0.1428571492
83602  -23.794  19.175  -1.684 0.1428571492
143688  -24.285  19.700  -2.063 0.1428571492
74995  -33.819  9.554  2.657 0.1428571492
75013  -34.082  9.881  1.842 0.1428571492
82776  -24.502  16.729  -4.161 0.2857142985
141568  -24.615  4.414  0.500 0.1428571492
68938  -23.637  3.626  0.565 0.1428571492
146153  -26.122  15.489  -4.466 0.2857142985
72086  -25.723  7.184  -0.384 0.1428571492
73045  -34.220  7.738  3.799 0.1428571492
80992  -25.553  14.878  -3.855 0.2857142985
79996  -25.239  13.845  -3.421 0.1428571492
132236  -24.014  7.344  -1.179 0.1428571492
126925  -23.172  8.786  -1.467 0.1428571492
75053  -23.038  9.674  -1.671 0.1428571492
72099  -22.447  7.043  -1.369 0.1428571492
76054  -22.579  10.447  -2.137 0.1428571492
136772  -22.863  11.590  -2.555 0.1428571492
131347  -24.509  6.310  -0.659 0.1428571492
78130  -22.416  12.367  -2.398 0.1428571492
79079  -24.551  13.437  -3.213 0.2857142985
141562  -24.449  14.102  -3.350 0.2857142985
144761  -24.205  17.485  -3.366 0.2857142985
81903  -23.366  16.707  -2.219 0.1428571492
85377  -24.806  20.034  -1.841 0.1428571492
81010  -25.778  15.309  -4.254 0.2857142985
81009  -25.378  15.629  -4.475 0.2857142985
126748  -23.587  16.050  -2.620 0.1428571492
86205  -24.655  21.497  -4.850 0.1428571492
145479  -23.282  14.521  -2.630 0.1428571492
59728  -20.991  -5.072  7.642 0.1428571492
59744  -22.106  -5.296  6.700 0.1428571492
59742  -20.592  -4.330  7.515 0.1428571492
60898  -20.673  -3.005  6.622 0.1428571492
62071  -21.118  -2.652  5.991 0.1428571492
59763  -21.664  -4.485  6.296 0.1428571492
60900  -22.144  -4.115  5.631 0.1428571492
59765  -23.544  -5.183  5.848 0.1428571492
62086  -21.469  -2.364  5.294 0.1428571492
60912  -22.691  -3.626  5.083 0.1428571492
60913  -23.655  -3.935  4.852 0.1428571492
60923  -23.229  -3.212  4.518 0.1428571492
62085  -20.791  -1.939  5.771 0.1428571492
62094  -21.887  -2.116  4.655 0.1428571492
62096  -23.643  -2.731  4.038 0.1428571492
63337  -23.306  -1.571  3.534 0.1428571492
64601  -24.094  0.024  2.568 0.1428571492
59764  -22.576  -4.992  5.954 0.1428571492
59766  -24.290  -4.964  6.073 0.1428571492
58623  -21.165  -5.725  8.134 0.1428571492
59762  -20.954  -3.896  6.809 0.1428571492
66809  -24.550  1.394  2.223 0.1428571492
62097  -24.136  -2.713  4.028 0.1428571492
59743  -21.289  -4.794  7.030 0.1428571492
59775  -23.143  -4.483  5.381 0.1428571492
62107  -23.884  -2.065  3.575 0.1428571492
62049  -19.985  -2.523  7.152 0.1428571492
60899  -21.361  -3.514  6.121 0.1428571492
60911  -21.785  -3.205  5.443 0.1428571492
62087  -22.255  -2.861  4.827 0.1428571492
63306  -21.139  -1.487  5.103 0.1428571492
62095  -22.742  -2.522  4.313 0.1428571492
146144  -20.296  -1.681  6.222 0.1428571492
58612  -19.966  -5.116  9.135 0.1428571492
59720  -33.810  -4.466  9.799 0.1428571492
59809  -29.853  -4.485  1.843 0.1428571492
62023  -30.934  -2.087  9.546 0.2857142985
62027  -34.322  -2.976  8.453 0.1428571492
63290  -34.490  -1.535  6.308 0.1428571492
65632  -33.346  -0.003  8.445 0.1428571492
65648  -32.917  0.788  8.267 0.2857142985
65717  -24.014  0.826  2.009 0.1428571492
70928  -30.448  5.435  5.252 0.7142857313
70947  -29.005  5.145  4.070 0.8571428657
71016  -25.421  5.661  0.186 0.2857142985
71032  -24.483  5.648  -0.424 0.1428571492
73060  -29.001  7.239  2.489 1.0000000000
73120  -24.711  7.531  -0.926 0.2857142985
75055  -24.798  9.485  -1.334 0.2857142985
75978  -32.173  10.239  3.266 0.2857142985
77075  -25.652  10.768  -1.831 0.2857142985
85435  -27.565  21.327  -12.742 0.1428571492
86256  -26.452  22.354  -12.840 0.1428571492
86266  -26.648  22.701  -12.711 0.1428571492
125461  -26.698  8.740  -0.262 0.2857142985
125914  -24.314  8.015  -1.200 0.1428571492
126603  -34.577  0.982  6.269 0.1428571492
134913  -34.036  -3.095  6.116 0.1428571492
139271  -29.298  6.936  2.992 0.8571428657
141370  -33.874  8.418  3.647 0.1428571492
142230  -29.108  16.099  -1.991 0.7142857313
143938  -25.052  1.937  2.532 0.4285714328
143956  -30.839  -0.525  8.558 0.2857142985
144869  -33.010  -4.192  10.529 0.1428571492
145304  -28.287  10.543  0.375 0.8571428657
