#!ascii label  , from subject sub-v2s12x28881_ses-1 vox2ras=TkReg
2018
24089  27.279  -31.729  32.479 0.8999999762
23189  27.380  -32.608  32.732 0.8000000119
22275  28.091  -32.846  32.025 0.8000000119
21410  28.113  -34.325  32.327 0.6999999881
21434  29.000  -34.610  30.629 0.8000000119
24079  25.959  -31.808  33.458 0.8999999762
23208  27.772  -32.167  32.111 1.0000000000
143365  28.532  -31.873  30.425 1.0000000000
23224  28.566  -32.582  30.735 0.8999999762
22289  28.710  -33.820  30.959 0.8000000119
22299  29.120  -33.981  29.193 0.8000000119
21447  28.982  -33.895  30.077 0.8999999762
21454  29.293  -34.692  28.992 0.8000000119
20614  29.242  -35.303  28.341 0.6999999881
20626  29.197  -35.878  27.903 0.6999999881
24080  25.392  -31.137  33.389 0.8000000119
25055  25.978  -30.877  33.110 0.8999999762
130542  26.015  -30.071  32.731 0.8999999762
25056  25.195  -30.358  33.182 0.8999999762
25058  22.671  -30.625  33.062 0.8999999762
152808  27.697  -30.954  31.607 0.8999999762
24106  28.155  -31.180  31.106 1.0000000000
22300  28.896  -33.107  29.515 0.8999999762
24151  28.691  -31.680  28.735 1.0000000000
23258  28.663  -32.429  28.171 0.8999999762
22311  28.872  -33.294  28.490 0.8999999762
21455  29.022  -34.263  28.390 0.8000000119
139816  28.705  -35.587  27.412 0.6999999881
25975  26.401  -29.489  32.261 0.8999999762
25976  25.399  -29.542  32.785 0.8999999762
25957  24.448  -29.602  32.983 0.8999999762
25057  23.500  -30.072  33.109 0.8999999762
25978  22.578  -29.705  32.746 0.8999999762
139770  26.631  -30.171  32.322 0.8999999762
25068  27.678  -30.377  31.323 0.8999999762
24138  28.627  -31.334  29.659 1.0000000000
152920  28.376  -33.352  27.202 0.8000000119
130983  28.337  -33.979  27.036 0.8000000119
21483  27.666  -34.991  26.227 0.8000000119
142449  27.170  -35.138  25.694 0.8000000119
141458  26.679  -35.272  25.352 0.8000000119
20650  26.411  -35.868  25.140 0.8000000119
137103  24.162  -28.843  32.751 0.8999999762
26878  22.125  -28.941  32.437 0.8999999762
25992  21.390  -29.762  31.552 0.8999999762
132169  26.430  -28.776  32.082 0.8999999762
27783  21.901  -28.230  32.193 0.8999999762
26899  21.363  -28.834  31.293 0.8000000119
26007  21.312  -29.610  30.548 0.8000000119
25069  27.017  -29.918  31.793 0.8999999762
131212  21.457  -27.898  30.936 0.6999999881
26913  21.340  -28.707  30.285 0.6999999881
26046  21.387  -29.282  28.645 0.6999999881
26006  27.919  -29.201  30.487 0.8999999762
26960  21.260  -28.422  28.578 0.6999999881
26047  20.754  -29.348  28.011 0.6999999881
26029  28.319  -29.275  29.719 1.0000000000
26962  20.244  -28.460  28.181 0.6000000238
25100  28.487  -30.539  29.865 1.0000000000
140291  28.462  -30.037  28.495 1.0000000000
25113  28.606  -30.717  29.034 1.0000000000
24161  28.490  -31.703  27.795 1.0000000000
23270  28.419  -32.350  27.510 0.8999999762
132910  28.534  -30.882  28.163 1.0000000000
24182  28.092  -31.892  26.946 0.8999999762
23283  28.231  -32.740  27.020 0.8000000119
22341  28.017  -33.329  26.658 0.8000000119
22358  27.241  -33.767  25.715 0.8000000119
21498  26.733  -34.438  25.360 0.8000000119
21511  26.198  -35.039  24.927 0.8000000119
21512  25.489  -34.917  24.510 0.8000000119
21499  25.989  -34.022  24.730 0.8000000119
21513  24.720  -34.914  24.073 0.8000000119
134159  24.944  -28.834  32.706 0.8999999762
145956  22.835  -28.925  32.652 0.8999999762
26875  25.375  -28.092  32.502 0.8999999762
26876  24.349  -28.039  32.615 0.8999999762
133040  22.602  -28.259  32.496 0.8999999762
27806  21.782  -27.578  31.720 0.8999999762
26898  26.872  -28.219  31.669 0.8999999762
147423  21.427  -28.008  29.892 0.6999999881
26897  27.415  -28.763  31.114 0.8999999762
27845  21.474  -27.778  28.997 0.6000000238
26961  20.969  -28.385  28.295 0.6000000238
144233  28.250  -28.316  29.843 1.0000000000
26963  18.522  -28.690  28.486 0.5000000000
26045  28.452  -29.291  28.893 1.0000000000
27870  18.295  -27.992  28.993 0.5000000000
26064  28.389  -29.266  27.966 1.0000000000
25130  28.274  -30.187  27.663 1.0000000000
26065  27.979  -29.570  27.118 1.0000000000
24162  28.203  -31.024  27.333 1.0000000000
24183  27.608  -31.771  26.220 0.8999999762
23297  27.584  -33.321  26.120 0.8000000119
151606  26.818  -31.466  25.451 0.8999999762
23299  26.522  -32.619  25.162 0.8000000119
22359  26.614  -33.469  25.239 0.8000000119
24197  26.334  -31.703  24.975 0.8999999762
23309  25.847  -32.466  24.646 0.8000000119
24208  25.476  -31.657  24.417 0.8999999762
22371  25.460  -33.207  24.451 0.8000000119
21514  24.201  -34.038  23.667 0.8000000119
22381  23.134  -33.002  23.096 0.8000000119
139892  22.776  -33.679  22.914 0.8000000119
133552  22.759  -26.781  32.296 0.8999999762
26874  26.192  -28.122  32.250 0.8999999762
28704  26.374  -26.622  32.282 0.8999999762
28734  21.810  -26.841  30.916 0.6999999881
27828  21.591  -27.275  29.860 0.8000000119
130353  27.469  -28.040  31.128 0.8999999762
152098  26.931  -26.687  31.959 0.8999999762
28771  21.586  -26.125  29.038 0.6999999881
27867  20.779  -27.611  28.429 0.6000000238
27868  19.964  -27.511  28.464 0.6000000238
29722  21.172  -25.658  28.945 0.6999999881
28795  20.530  -26.976  28.556 0.6000000238
28797  18.933  -27.291  29.030 0.5000000000
26935  28.366  -28.695  29.368 1.0000000000
150851  18.991  -26.545  29.262 0.5000000000
27846  18.055  -27.344  29.351 0.5000000000
26959  28.435  -28.589  28.577 1.0000000000
26982  28.099  -28.750  27.293 1.0000000000
26085  27.691  -29.003  26.522 1.0000000000
129565  27.553  -29.820  26.297 1.0000000000
151113  27.106  -30.709  25.694 0.8999999762
26999  27.832  -28.309  26.766 1.0000000000
26102  27.213  -29.217  25.702 0.8999999762
153557  26.956  -30.117  25.565 0.8999999762
138873  26.303  -30.175  24.876 0.8999999762
26103  26.532  -29.443  25.054 0.8999999762
26104  25.633  -30.111  24.418 0.8999999762
24209  24.709  -31.685  23.932 0.8999999762
23311  24.326  -32.404  23.714 0.8999999762
152340  26.019  -29.617  24.623 0.8999999762
25176  25.068  -30.800  24.055 0.8999999762
23324  23.549  -32.376  23.303 0.8999999762
25191  24.284  -30.269  23.479 0.8999999762
27780  24.984  -27.269  32.567 0.8999999762
137766  24.132  -27.174  32.582 0.8999999762
151953  22.557  -26.392  32.020 0.8999999762
139614  23.734  -25.887  32.419 0.8999999762
29694  23.070  -25.255  31.568 1.0000000000
28756  22.297  -25.958  30.184 0.8000000119
29672  26.189  -25.852  32.425 0.8999999762
136910  21.845  -26.447  29.614 0.6999999881
27844  28.197  -27.767  30.040 0.8999999762
28755  27.777  -26.651  30.927 0.8999999762
29721  21.789  -25.423  29.278 0.6999999881
143824  20.784  -24.901  29.242 0.6999999881
28772  19.466  -26.009  29.245 0.5000000000
141782  28.373  -27.301  29.597 1.0000000000
140684  18.560  -25.970  29.508 0.5000000000
28774  17.343  -26.898  29.604 0.5000000000
131775  28.491  -27.080  28.831 1.0000000000
128500  28.397  -27.122  27.892 1.0000000000
28818  28.377  -26.340  27.557 1.0000000000
28819  28.083  -27.019  27.097 1.0000000000
27011  27.456  -28.288  25.936 1.0000000000
28836  27.716  -26.872  26.332 1.0000000000
28835  28.069  -26.210  26.767 1.0000000000
27916  27.072  -27.702  25.295 0.8999999762
26120  26.046  -29.002  24.587 0.8999999762
129253  25.460  -28.740  24.136 0.8999999762
134973  19.361  -32.861  20.676 0.6999999881
131042  18.234  -32.772  21.186 0.8000000119
22416  18.082  -33.753  21.526 0.8000000119
23339  18.076  -33.158  22.076 0.8000000119
29693  26.895  -25.986  32.169 0.8999999762
137996  25.963  -25.182  32.505 1.0000000000
29673  24.385  -25.396  32.448 1.0000000000
140250  23.580  -24.529  31.631 1.0000000000
30612  23.137  -24.533  30.733 0.6999999881
29720  22.339  -25.276  29.682 0.6999999881
28754  28.245  -26.179  30.386 0.8999999762
29692  27.413  -25.432  31.873 0.8999999762
30638  21.442  -24.870  29.290 0.6999999881
29724  18.952  -25.261  29.547 0.6000000238
28793  28.623  -26.138  28.964 1.0000000000
28768  28.442  -26.583  29.635 0.8999999762
29705  28.384  -25.425  30.472 0.8999999762
145997  17.319  -25.414  29.661 0.4000000060
153271  28.527  -26.475  28.274 1.0000000000
134589  27.660  -26.080  26.012 1.0000000000
141540  26.750  -27.145  24.853 1.0000000000
28850  27.280  -25.935  25.304 1.0000000000
24228  21.038  -31.271  22.502 0.8999999762
152734  22.164  -32.401  20.566 0.6000000238
135506  20.648  -32.912  20.526 0.6000000238
23355  20.241  -32.136  20.572 0.8000000119
23357  18.319  -31.945  21.206 0.8000000119
141946  19.016  -33.052  22.417 0.8999999762
139967  20.646  -32.049  22.478 0.8999999762
30609  27.397  -24.647  32.033 0.8999999762
29671  26.760  -25.140  32.341 0.8999999762
30621  23.007  -23.888  30.199 0.8000000119
30637  22.079  -24.705  29.487 0.6999999881
138056  20.891  -24.273  29.473 0.6999999881
30640  19.314  -24.642  29.630 0.6000000238
30642  17.346  -24.691  29.661 0.4000000060
29742  28.829  -25.256  29.084 1.0000000000
29719  28.552  -25.719  29.757 0.8999999762
29764  28.656  -25.635  28.184 1.0000000000
29776  28.374  -25.518  27.248 1.0000000000
29777  27.957  -25.390  26.459 1.0000000000
29789  27.529  -25.294  25.728 1.0000000000
147080  27.298  -24.672  25.468 1.0000000000
29799  26.442  -25.115  24.584 1.0000000000
152468  22.174  -30.513  22.582 0.8999999762
26142  21.342  -29.161  22.552 0.8999999762
128804  21.055  -29.856  22.531 0.8999999762
25195  18.519  -30.423  22.282 0.8999999762
24229  19.973  -31.302  22.503 0.8999999762
25219  23.450  -30.887  20.910 0.6000000238
24252  23.037  -31.580  20.829 0.6000000238
23354  21.389  -32.256  20.520 0.6000000238
24254  21.075  -31.468  20.554 0.8000000119
24256  18.804  -31.280  21.042 0.8000000119
24231  18.147  -31.321  22.069 0.8999999762
31614  25.602  -23.911  32.447 0.8999999762
31615  24.742  -23.898  32.298 0.8999999762
30611  23.522  -23.855  30.938 0.6999999881
143350  25.160  -23.335  32.325 0.8999999762
31625  24.516  -23.204  31.934 0.8999999762
141327  21.633  -24.129  29.545 0.6000000238
30619  28.333  -24.823  30.940 1.0000000000
149900  28.411  -23.410  31.158 1.0000000000
31612  27.273  -23.886  32.177 1.0000000000
32789  21.668  -23.244  29.906 0.6000000238
31650  21.017  -23.658  29.706 0.6000000238
31652  19.147  -23.789  29.923 0.5000000000
136754  29.131  -24.390  29.083 1.0000000000
30636  28.734  -24.762  29.976 1.0000000000
31648  29.084  -23.759  29.758 1.0000000000
146312  28.906  -24.847  28.486 1.0000000000
30680  28.687  -24.802  27.746 1.0000000000
30692  28.317  -24.688  26.910 1.0000000000
140281  27.745  -24.513  26.117 1.0000000000
30707  27.242  -23.987  25.553 1.0000000000
30708  26.738  -24.345  24.958 1.0000000000
30717  25.859  -24.340  24.321 1.0000000000
29800  26.130  -25.831  24.287 1.0000000000
29812  25.465  -25.696  23.787 1.0000000000
28876  25.000  -26.348  23.529 1.0000000000
28877  24.099  -26.263  23.170 1.0000000000
27944  23.879  -27.353  23.111 0.8999999762
27943  24.659  -27.721  23.497 0.8999999762
26141  22.381  -29.170  22.599 0.8999999762
132731  20.361  -30.402  22.525 0.8999999762
25205  18.145  -30.625  21.905 0.8999999762
26175  24.979  -29.221  20.893 0.6000000238
153485  24.400  -29.533  20.801 0.6000000238
25220  23.158  -30.196  20.636 0.6000000238
139380  22.715  -30.921  20.673 0.6000000238
24255  19.850  -31.319  20.693 0.8000000119
25223  18.533  -30.646  21.399 0.8000000119
31624  25.887  -23.219  32.409 0.8999999762
32767  24.212  -22.535  31.514 0.6999999881
31635  22.605  -23.222  30.129 0.6000000238
32775  22.107  -22.466  30.357 0.6000000238
31621  28.391  -22.834  31.216 0.8999999762
32776  21.138  -22.312  30.353 0.6000000238
32790  20.494  -22.968  30.126 0.5000000000
141907  28.629  -23.973  30.654 1.0000000000
31675  29.307  -23.511  28.875 1.0000000000
31633  28.852  -22.912  30.428 0.8999999762
127167  29.066  -23.289  27.980 1.0000000000
132267  28.530  -23.176  27.110 1.0000000000
31703  28.210  -23.868  26.647 1.0000000000
31704  27.623  -23.604  26.082 1.0000000000
31721  27.140  -23.293  25.660 1.0000000000
32862  26.070  -22.701  24.851 1.0000000000
31730  26.212  -23.629  24.699 1.0000000000
30729  25.251  -24.865  23.731 1.0000000000
29813  24.699  -25.490  23.421 1.0000000000
136902  23.382  -25.828  22.916 1.0000000000
28879  22.383  -26.753  22.652 0.8999999762
27946  22.105  -27.545  22.591 0.8999999762
27046  20.745  -28.390  22.556 0.8999999762
27048  18.900  -28.284  22.352 0.8999999762
140957  24.508  -28.813  20.501 0.6000000238
26176  23.932  -29.451  20.610 0.6000000238
25221  22.384  -30.321  20.582 0.6000000238
131525  21.902  -29.157  20.599 0.6999999881
26179  20.425  -29.788  20.761 0.6999999881
132347  19.469  -30.465  20.943 0.6999999881
25214  18.342  -30.049  21.724 0.8000000119
26167  18.394  -29.321  21.935 0.8999999762
27074  25.777  -28.128  20.741 0.6000000238
27079  20.216  -28.999  20.904 0.6999999881
129920  19.046  -30.102  21.216 0.8000000119
27081  18.752  -28.565  21.699 0.8999999762
33835  23.231  -22.040  30.855 0.6999999881
33837  21.635  -21.630  30.654 0.6000000238
32764  27.056  -22.293  32.167 0.8999999762
33824  25.997  -21.898  32.326 0.8000000119
33825  24.509  -21.803  31.812 0.6999999881
33822  27.662  -21.585  31.760 0.8000000119
131087  29.276  -22.958  29.488 1.0000000000
146125  28.859  -21.873  30.482 0.8000000119
128627  29.204  -21.489  29.014 0.8999999762
136399  29.229  -22.127  29.675 0.8000000119
32829  28.778  -22.402  27.611 1.0000000000
32842  28.077  -22.302  26.695 1.0000000000
140651  26.832  -21.919  25.678 1.0000000000
134145  26.297  -22.035  25.249 1.0000000000
31732  24.658  -22.888  23.962 1.0000000000
30730  24.423  -24.539  23.410 1.0000000000
29814  23.801  -25.178  23.092 1.0000000000
28900  22.618  -25.919  22.738 0.8999999762
135674  21.648  -26.882  22.575 0.8999999762
27947  21.119  -27.488  22.566 0.8999999762
141707  19.727  -26.978  22.438 0.8999999762
134390  23.277  -29.440  20.569 0.6000000238
27078  21.636  -28.334  20.617 0.6999999881
27057  18.585  -28.288  22.077 0.8999999762
27980  25.555  -27.851  20.136 0.6000000238
27075  25.225  -28.499  20.529 0.6000000238
146359  20.765  -28.481  20.760 0.6999999881
27080  19.417  -28.765  21.295 0.6999999881
33826  23.787  -21.939  31.261 0.6999999881
33836  22.556  -21.832  30.744 0.6000000238
33823  26.750  -21.363  32.202 0.8000000119
34901  25.773  -20.966  32.308 0.8000000119
138632  23.973  -21.297  31.615 0.6999999881
33827  23.143  -21.292  31.261 0.6999999881
34899  28.153  -20.985  31.409 0.6999999881
34900  27.392  -20.819  31.922 0.8000000119
33849  29.020  -21.106  29.921 0.6999999881
34920  28.938  -20.643  29.156 0.6999999881
33887  28.510  -20.815  27.758 0.8000000119
33888  28.033  -20.668  27.008 0.8000000119
33906  27.699  -21.280  26.565 0.8000000119
34962  27.475  -20.458  26.417 0.8000000119
135315  27.371  -21.831  26.169 0.8999999762
33928  26.911  -20.999  25.958 0.8999999762
32863  25.744  -21.673  24.835 1.0000000000
32875  25.118  -22.193  24.394 1.0000000000
30732  23.144  -23.463  23.153 1.0000000000
32876  24.498  -22.159  23.969 1.0000000000
32890  24.069  -22.503  23.549 1.0000000000
153143  23.218  -24.671  23.021 1.0000000000
30751  22.558  -24.137  22.871 1.0000000000
29832  22.083  -25.090  22.686 0.8999999762
29833  21.286  -25.131  22.552 0.8999999762
28880  20.928  -26.568  22.556 0.8999999762
28881  20.102  -26.384  22.460 0.8999999762
27088  24.962  -28.089  20.005 0.6000000238
27981  24.225  -28.090  20.153 0.6000000238
27077  22.697  -28.704  20.542 0.6000000238
27983  22.419  -27.717  20.463 0.6999999881
28883  19.127  -26.995  22.198 0.8999999762
27987  18.789  -27.756  21.839 0.8999999762
28928  20.996  -26.749  20.626 0.6999999881
135711  20.103  -28.172  21.057 0.6999999881
145675  19.566  -26.825  21.422 0.8999999762
28930  19.276  -26.603  21.691 0.8999999762
34888  26.128  -20.135  32.389 0.6999999881
34889  25.221  -20.204  32.372 0.6000000238
34903  23.693  -20.485  31.799 0.6000000238
33828  22.155  -21.014  31.075 0.6000000238
143613  27.901  -20.257  31.600 0.6999999881
35706  25.667  -19.477  32.477 0.6000000238
35718  28.291  -19.791  31.155 0.6999999881
128137  28.806  -20.281  29.796 0.6999999881
35745  28.699  -19.809  29.232 0.6999999881
34961  27.791  -20.031  26.802 0.8000000119
34978  27.094  -20.147  25.841 0.8000000119
34979  26.498  -20.429  25.209 0.8000000119
33929  26.271  -21.261  25.303 0.8000000119
33943  25.249  -21.329  24.277 1.0000000000
33942  25.834  -20.888  24.694 0.8000000119
146899  24.063  -21.905  23.002 1.0000000000
31749  23.360  -22.784  23.201 1.0000000000
31750  22.621  -23.200  22.761 1.0000000000
33984  23.907  -22.153  22.351 1.0000000000
32911  23.138  -22.585  22.727 1.0000000000
31768  21.926  -23.438  22.283 1.0000000000
31785  21.942  -23.261  21.785 1.0000000000
31769  21.293  -23.999  22.248 1.0000000000
30753  20.672  -24.726  22.279 0.8999999762
27982  23.348  -27.936  20.343 0.6000000238
28882  19.487  -26.421  22.241 0.8999999762
27997  25.335  -27.486  19.530 0.6000000238
28000  23.001  -27.137  20.112 0.6999999881
29834  19.429  -25.944  22.037 0.8999999762
28946  22.591  -26.383  19.761 0.6999999881
29861  20.612  -25.761  20.408 0.6999999881
29862  19.904  -25.428  20.789 0.8999999762
35721  23.098  -19.640  31.796 0.5000000000
148496  26.456  -19.492  32.402 0.6000000238
36435  25.238  -18.751  32.545 0.5000000000
36457  28.156  -18.910  31.228 0.6999999881
35719  27.740  -19.483  31.738 0.6999999881
35726  28.438  -19.429  30.660 0.6999999881
36473  28.594  -18.891  29.324 0.6999999881
35735  28.625  -19.553  30.009 0.6999999881
35759  28.497  -19.342  27.909 0.6999999881
36506  28.632  -18.771  26.620 0.6999999881
35774  27.603  -19.792  26.286 0.8000000119
35790  27.073  -19.881  25.232 0.8000000119
35802  26.947  -19.887  24.521 0.8000000119
34992  26.312  -20.374  24.260 0.8000000119
35825  26.948  -19.918  23.571 0.8000000119
35014  26.366  -20.441  23.280 0.8000000119
33982  25.333  -21.215  22.614 0.8999999762
33983  24.610  -21.633  22.697 1.0000000000
35034  26.356  -20.471  22.441 0.8000000119
33998  25.242  -21.336  21.907 0.8999999762
33999  24.670  -21.696  21.541 1.0000000000
133219  23.155  -22.550  21.835 1.0000000000
32912  22.488  -22.941  22.265 1.0000000000
31786  21.230  -23.706  21.553 1.0000000000
30768  20.548  -24.283  21.837 0.8999999762
30733  19.922  -25.354  22.131 0.8999999762
134137  20.027  -24.590  21.292 0.8999999762
31787  20.396  -24.038  20.980 0.8999999762
31788  19.634  -24.236  20.537 0.8999999762
28010  25.148  -27.137  18.982 0.6000000238
27999  23.892  -27.406  19.824 0.6000000238
140740  22.188  -25.584  19.419 0.6999999881
29878  20.118  -25.014  19.997 0.8000000119
29863  19.709  -25.356  21.110 0.8999999762
28958  25.486  -26.498  18.502 0.6000000238
29876  22.842  -25.039  18.812 0.6999999881
29877  21.114  -25.327  19.671 0.6999999881
30814  19.439  -23.722  19.058 0.8000000119
31803  19.044  -23.346  19.721 0.8999999762
30796  20.578  -24.606  19.283 0.6999999881
31816  18.893  -23.225  19.303 0.8999999762
36434  26.266  -18.712  32.493 0.5000000000
37224  24.733  -17.964  32.601 0.5000000000
36458  27.730  -18.139  31.613 0.6999999881
37223  25.664  -17.924  32.595 0.5000000000
36466  28.202  -18.171  31.014 0.6999999881
153664  28.594  -18.301  29.646 0.6999999881
136904  28.453  -18.614  30.307 0.6999999881
36482  28.706  -18.686  28.395 0.6999999881
36481  29.169  -18.015  28.009 0.6999999881
36505  29.332  -18.176  26.150 0.6999999881
35788  28.134  -19.207  26.008 0.6999999881
35801  27.662  -19.510  24.742 0.8000000119
35824  27.613  -19.461  23.862 0.8000000119
35841  26.911  -19.893  22.528 0.8000000119
35049  25.887  -20.840  21.895 0.8000000119
34000  24.030  -22.241  21.011 1.0000000000
32927  23.265  -22.568  20.539 1.0000000000
32928  22.571  -23.074  21.088 1.0000000000
35048  26.549  -20.062  21.629 0.8000000119
35050  25.381  -21.061  20.942 0.8000000119
34012  23.950  -22.009  20.007 0.8999999762
34013  23.117  -22.126  19.702 1.0000000000
32929  21.839  -23.299  20.720 1.0000000000
34028  23.621  -21.403  19.436 0.8999999762
139349  21.268  -22.104  19.625 1.0000000000
32930  20.779  -23.321  20.462 1.0000000000
32945  19.719  -22.815  19.887 1.0000000000
34017  19.041  -22.397  19.791 0.8999999762
29875  23.173  -25.915  19.174 0.6999999881
34016  19.365  -21.919  19.519 0.8999999762
28944  24.396  -27.011  19.192 0.6000000238
29890  23.805  -25.551  18.642 0.6000000238
34031  18.411  -22.266  19.206 0.8999999762
150062  23.007  -24.508  18.501 0.6999999881
30795  21.715  -24.814  19.014 0.6999999881
30812  21.225  -24.049  18.616 0.6999999881
149833  19.746  -23.446  18.676 0.6999999881
31829  18.949  -23.186  18.941 0.8000000119
148724  20.597  -23.567  18.479 0.6999999881
34040  18.245  -21.844  19.017 0.8000000119
35080  18.149  -21.217  18.978 0.8999999762
32967  19.517  -22.775  18.437 0.6999999881
36459  27.092  -18.319  32.216 0.6000000238
37222  26.474  -17.875  32.431 0.5000000000
37261  28.457  -17.161  30.423 0.6999999881
37262  27.972  -17.357  31.193 0.5000000000
139263  29.466  -17.201  28.427 0.6999999881
37275  28.895  -17.877  29.069 0.6999999881
37281  29.671  -17.379  27.542 0.6999999881
37292  29.777  -17.506  26.609 0.6999999881
37306  29.767  -17.569  25.671 0.6999999881
36525  28.801  -18.646  25.637 0.6999999881
37325  29.565  -17.682  24.787 0.6999999881
36535  28.976  -18.457  24.641 0.6999999881
36556  28.680  -18.399  23.691 0.8000000119
131390  27.540  -19.405  22.957 0.8000000119
36557  28.136  -18.926  23.306 0.8000000119
150364  26.964  -19.606  21.876 0.8000000119
145876  26.020  -20.419  21.011 0.8000000119
36578  27.178  -18.437  21.529 0.8000000119
35861  26.260  -19.554  20.645 0.8000000119
35059  25.032  -20.875  19.991 0.8000000119
35075  23.982  -20.655  19.220 0.8999999762
34029  22.751  -21.326  19.229 0.8999999762
34014  22.104  -21.994  19.527 1.0000000000
35862  25.549  -19.429  19.890 0.8000000119
35863  24.922  -19.397  19.540 0.8000000119
34015  20.382  -21.786  19.522 1.0000000000
35060  21.322  -21.381  19.325 1.0000000000
29889  24.459  -25.203  18.218 0.6000000238
35062  19.604  -20.940  19.257 1.0000000000
30811  22.345  -24.223  18.492 0.6999999881
150630  21.886  -23.706  18.312 0.6999999881
35063  18.620  -21.623  19.296 0.8999999762
35079  18.562  -20.655  19.064 1.0000000000
32979  21.192  -22.407  17.719 0.6999999881
32980  20.237  -22.234  17.846 0.8000000119
34052  18.347  -21.447  18.580 0.8000000119
38249  29.991  -16.594  27.982 0.6999999881
138714  30.074  -15.861  28.271 0.6999999881
38259  30.178  -16.759  27.091 0.6999999881
38279  30.202  -16.851  26.115 0.6999999881
131040  30.065  -16.828  25.075 0.6999999881
37344  29.586  -17.028  24.196 0.6999999881
148055  28.812  -17.793  23.368 0.6999999881
37345  29.098  -17.151  23.505 0.6999999881
141871  28.361  -18.196  22.844 0.8000000119
36569  27.861  -18.822  22.648 0.8000000119
36584  26.576  -18.553  20.878 0.8000000119
37367  27.392  -17.565  21.775 0.8000000119
36585  25.900  -18.600  20.257 0.8000000119
35872  23.468  -19.994  18.959 0.8999999762
142209  23.201  -20.661  19.030 0.8999999762
36598  24.376  -18.977  19.428 0.8000000119
149148  22.778  -19.621  18.902 0.8999999762
35077  21.427  -20.408  18.953 0.8999999762
30809  23.603  -24.754  18.420 0.6000000238
36600  22.450  -18.731  19.112 0.8999999762
36601  21.578  -18.709  19.025 0.8999999762
35061  20.652  -20.877  19.200 1.0000000000
30825  24.212  -24.212  18.029 0.6000000238
35864  19.375  -19.896  18.975 0.8999999762
130012  22.097  -22.566  17.675 0.6999999881
35875  18.549  -19.739  18.843 0.8999999762
152419  19.495  -21.283  17.707 0.8000000119
35089  18.118  -20.912  18.663 0.8999999762
35877  17.495  -19.600  18.239 0.8000000119
38248  30.362  -15.944  27.556 0.6999999881
38258  30.448  -16.066  26.608 0.6999999881
38295  30.263  -16.026  24.970 0.6999999881
37359  28.579  -17.316  22.919 0.6999999881
38314  29.344  -16.345  23.683 0.6999999881
38329  28.180  -16.659  22.557 0.6999999881
36586  25.023  -18.518  19.723 0.8000000119
36599  23.470  -18.993  19.208 0.8000000119
36587  23.990  -18.125  19.600 0.8000000119
36588  22.959  -17.833  19.491 0.8000000119
35874  21.200  -19.487  18.882 0.8999999762
30810  23.213  -24.056  18.260 0.6000000238
36589  22.032  -17.897  19.332 0.8999999762
36602  20.707  -18.896  18.939 0.8999999762
146632  19.959  -19.191  18.926 0.8999999762
134558  23.523  -23.382  17.875 0.6000000238
31827  22.501  -23.389  18.048 0.6999999881
36603  19.220  -18.997  18.944 0.8999999762
34050  21.031  -21.598  17.468 0.6999999881
36605  17.484  -18.933  18.388 0.8000000119
35111  19.445  -20.102  17.455 0.6999999881
35882  17.311  -19.461  17.992 0.8000000119
39341  30.583  -15.369  26.132 0.6999999881
39360  30.105  -15.444  24.589 0.6999999881
39376  29.571  -15.510  23.898 0.6999999881
37376  25.425  -17.731  20.264 0.8000000119
37377  24.545  -17.468  20.005 0.8000000119
37378  23.617  -17.141  19.875 0.8000000119
37379  22.369  -17.211  19.564 0.8000000119
36590  21.098  -17.868  19.245 0.8999999762
134236  20.454  -17.430  19.324 0.8999999762
32978  22.976  -22.650  17.639 0.6000000238
36591  20.037  -18.271  19.090 0.8999999762
34049  22.601  -21.903  17.376 0.6999999881
34068  21.685  -20.953  17.157 0.6999999881
37383  18.812  -17.360  19.079 0.8999999762
35906  20.039  -19.425  17.320 0.6999999881
35908  17.844  -19.480  17.712 0.8000000119
146395  17.083  -17.628  18.452 0.8000000119
35907  18.998  -19.448  17.479 0.6999999881
36633  17.084  -18.783  17.998 0.8000000119
36616  17.158  -18.875  18.049 0.8000000119
152893  17.935  -18.254  17.525 0.8000000119
40447  30.584  -14.688  25.686 0.6999999881
40463  30.387  -14.721  24.906 0.6000000238
32977  23.818  -22.665  17.562 0.6000000238
38359  21.590  -16.411  19.668 0.8000000119
38360  20.289  -16.664  19.434 0.8999999762
37382  19.684  -17.442  19.238 0.8999999762
149338  23.015  -21.402  17.139 0.6000000238
38362  18.451  -16.616  19.103 0.8999999762
137906  20.796  -20.189  17.201 0.8000000119
37393  17.797  -17.292  18.801 0.8999999762
37395  16.589  -17.438  18.148 0.8000000119
36652  19.612  -18.794  17.383 0.6999999881
148738  16.619  -17.369  17.805 0.8000000119
38402  16.182  -16.120  17.984 0.8000000119
34067  22.406  -21.171  17.110 0.6999999881
143531  21.087  -16.158  19.651 0.8000000119
153308  22.028  -19.882  16.807 0.5000000000
35109  21.514  -20.155  17.003 0.6000000238
35904  21.777  -19.466  16.903 0.6000000238
35905  20.941  -19.535  17.135 0.6999999881
38373  17.501  -16.398  18.809 0.8000000119
36651  20.479  -18.824  17.275 0.6000000238
36631  19.956  -18.184  17.384 0.6000000238
37440  17.866  -17.100  17.419 0.6999999881
38416  16.833  -16.122  17.525 0.8000000119
37394  16.876  -16.897  18.495 0.8000000119
38401  18.634  -16.825  17.392 0.6000000238
39422  20.456  -15.844  19.525 0.8000000119
39435  19.593  -15.447  19.347 0.8000000119
39436  18.684  -15.451  19.166 0.8999999762
36649  22.178  -18.939  16.858 0.6000000238
39468  16.153  -15.389  17.952 0.8000000119
39438  16.424  -15.521  18.253 0.8000000119
40544  16.884  -14.850  18.344 0.8000000119
38415  17.690  -16.115  17.337 0.6000000238
145285  19.774  -14.826  19.227 0.8000000119
147159  18.758  -14.847  19.004 0.8000000119
36650  21.351  -18.774  17.127 0.6000000238
36630  20.694  -18.103  17.337 0.6000000238
40560  16.570  -14.455  17.976 0.8000000119
38400  19.490  -16.587  17.455 0.6000000238
40602  16.743  -14.483  17.527 0.6999999881
41659  17.166  -14.238  18.122 0.8000000119
39481  19.953  -15.092  16.825 0.6000000238
127860  17.237  -14.147  16.889 0.6000000238
145766  17.603  -13.440  16.503 0.6999999881
38399  20.957  -16.380  17.574 0.6000000238
39466  19.669  -15.734  17.323 0.6000000238
40557  20.961  -14.106  18.918 0.8000000119
40558  19.418  -14.338  18.758 0.8000000119
36629  21.912  -18.356  17.180 0.6000000238
151948  20.213  -14.102  18.730 0.8000000119
37421  23.027  -17.511  17.619 0.5000000000
41683  17.706  -13.805  17.761 0.8000000119
139233  18.676  -13.856  18.154 0.8000000119
37422  22.160  -17.498  17.512 0.6000000238
144027  21.392  -17.871  17.345 0.6000000238
41720  17.745  -13.136  16.396 0.6000000238
38396  23.342  -16.636  18.004 0.5000000000
139837  22.083  -16.554  17.749 0.6000000238
39465  20.601  -15.710  17.397 0.6000000238
40600  19.077  -14.290  15.982 0.6000000238
40580  22.070  -15.102  17.234 0.6000000238
131357  20.404  -14.522  16.204 0.6000000238
40614  19.668  -13.773  15.460 0.6000000238
41681  20.480  -13.679  18.315 0.8000000119
41682  19.536  -13.733  18.209 0.8000000119
41701  21.784  -13.222  17.888 0.8000000119
41702  20.859  -13.217  17.725 0.6999999881
41703  19.782  -13.223  17.547 0.6999999881
39463  22.603  -15.884  17.849 0.6000000238
40616  17.781  -12.949  15.979 0.6000000238
42765  18.105  -12.619  15.934 0.6000000238
42748  17.944  -12.820  16.378 0.6999999881
40579  23.031  -15.009  17.373 0.5000000000
41731  19.168  -12.921  15.092 0.6000000238
40598  22.548  -14.468  16.596 0.5000000000
40599  21.553  -14.551  16.440 0.6000000238
40613  20.955  -14.029  15.557 0.6000000238
40597  23.466  -14.352  16.775 0.5000000000
42745  21.343  -12.695  17.215 0.6999999881
42763  20.089  -12.141  16.374 0.6000000238
42764  18.408  -12.277  15.961 0.6000000238
42747  18.906  -12.687  16.650 0.6000000238
42774  18.716  -12.078  15.438 0.6000000238
43730  19.289  -12.127  16.135 0.6000000238
40611  23.031  -13.944  15.897 0.5000000000
40612  22.076  -14.045  15.715 0.6000000238
41729  21.584  -13.550  14.879 0.6000000238
41730  20.262  -13.346  14.901 0.6000000238
41744  18.709  -12.126  15.098 0.6000000238
43758  19.194  -11.424  14.912 0.6000000238
135409  22.628  -13.594  15.093 0.6000000238
41719  24.003  -13.775  16.128 0.5000000000
144973  23.452  -13.496  15.291 0.5000000000
128248  24.742  -13.321  15.855 0.4000000060
41728  24.110  -13.281  15.262 0.5000000000
42762  20.841  -12.197  16.516 0.6000000238
43746  19.983  -11.680  15.838 0.6000000238
41742  20.851  -12.870  14.386 0.6000000238
42786  19.929  -12.013  14.093 0.6000000238
44739  19.444  -11.162  15.074 0.6000000238
41741  22.342  -13.238  14.469 0.6000000238
42785  21.862  -12.793  14.043 0.6000000238
152024  23.694  -13.239  14.905 0.5000000000
41740  23.238  -13.188  14.554 0.6000000238
41739  24.009  -13.002  14.545 0.5000000000
133868  25.266  -12.955  15.661 0.4000000060
41727  24.757  -12.852  14.911 0.4000000060
42803  20.542  -11.650  13.716 0.6000000238
43781  19.929  -10.538  13.985 0.5000000000
44738  20.607  -11.114  15.354 0.5000000000
43745  21.283  -11.680  16.041 0.5000000000
146169  20.949  -12.349  13.923 0.6000000238
43780  20.296  -10.867  13.652 0.5000000000
42784  22.850  -12.871  13.959 0.6000000238
42783  23.730  -12.764  13.925 0.5000000000
41738  24.540  -12.649  13.956 0.4000000060
44750  21.201  -10.552  14.902 0.4000000060
42802  21.597  -12.166  13.586 0.6000000238
43779  21.308  -11.252  13.313 0.5000000000
42799  24.375  -12.460  13.336 0.4000000060
42800  23.332  -12.394  13.379 0.6000000238
43793  23.201  -11.744  12.884 0.6000000238
44784  21.392  -10.215  13.129 0.4000000060
42798  25.178  -12.426  13.245 0.4000000060
42812  25.135  -12.277  12.827 0.4000000060
147280  22.472  -10.101  12.652 0.4000000060
42813  24.178  -12.086  12.911 0.4000000060
148081  23.067  -10.982  12.628 0.4000000060
42797  25.883  -12.160  13.351 0.4000000060
43792  23.895  -11.317  12.599 0.4000000060
46579  22.131  -8.933  14.180 0.4000000060
46598  21.859  -8.850  13.661 0.4000000060
44783  23.510  -10.413  12.418 0.4000000060
43804  25.974  -11.925  12.462 0.4000000060
43791  24.966  -11.610  12.497 0.4000000060
43805  25.869  -11.285  12.104 0.4000000060
44782  24.407  -10.650  12.289 0.4000000060
46586  22.407  -8.397  13.933 0.4000000060
46604  22.729  -8.413  12.847 0.4000000060
45741  22.499  -9.165  12.704 0.4000000060
134430  26.799  -11.753  11.963 0.3000000119
45739  24.016  -9.789  12.144 0.4000000060
45740  23.208  -9.560  12.386 0.4000000060
47479  22.910  -7.844  13.362 0.4000000060
46602  23.692  -9.019  12.110 0.4000000060
22394  18.211  -33.998  22.151 0.8000000119
23328  20.273  -32.840  22.464 0.8999999762
139178  21.624  -32.045  22.527 0.8999999762
22383  21.018  -33.511  22.488 0.8999999762
151437  21.622  -33.209  22.531 0.8999999762
144520  26.532  -27.832  24.763 0.8999999762
28861  26.413  -26.540  24.524 1.0000000000
28851  26.790  -25.831  24.759 1.0000000000
141701  24.361  -31.095  23.623 0.8999999762
150713  25.091  -29.189  23.855 0.8999999762
27042  24.755  -28.569  23.604 0.8999999762
28862  25.717  -26.506  24.019 1.0000000000
24226  23.099  -31.659  22.924 0.8999999762
26139  24.503  -29.368  23.518 0.8999999762
26140  23.769  -29.523  23.115 0.8999999762
27942  25.242  -27.150  23.730 1.0000000000
24227  22.104  -31.277  22.574 0.8999999762
136701  23.504  -28.155  22.919 0.8999999762
44760  20.037  -10.432  14.133 0.4000000060
44785  20.730  -10.039  13.557 0.4000000060
45709  20.668  -10.010  14.271 0.4000000060
44749  22.327  -10.496  15.094 0.4000000060
24090  26.638  -31.312  32.847 0.8999999762
144062  28.745  -32.193  29.544 1.0000000000
21482  28.233  -34.816  26.847 0.8000000119
25042  23.569  -30.976  33.410 0.8999999762
25083  27.917  -29.871  30.749 1.0000000000
22342  27.768  -34.085  26.350 0.8000000119
27803  27.261  -27.255  31.463 0.8999999762
25153  27.454  -30.571  26.097 0.8999999762
23284  27.699  -32.568  26.305 0.8000000119
22360  26.109  -33.150  24.800 0.8000000119
139301  25.079  -34.042  24.262 0.8000000119
27885  28.181  -27.882  27.403 1.0000000000
23310  25.047  -32.420  24.232 0.8999999762
22372  24.663  -33.179  23.981 0.8000000119
23325  22.893  -32.393  22.880 0.8999999762
23326  22.224  -32.861  22.633 0.8000000119
27012  26.705  -28.552  25.084 0.8999999762
25192  23.421  -30.206  22.955 0.8999999762
28706  24.514  -26.371  32.545 0.8999999762
29674  23.581  -25.232  32.171 1.0000000000
29723  20.054  -25.299  29.272 0.6000000238
29725  18.025  -25.293  29.686 0.4000000060
141615  27.330  -26.809  25.486 1.0000000000
27928  25.986  -27.364  24.344 0.8999999762
21549  18.179  -34.596  21.769 0.6999999881
24242  18.004  -31.364  21.876 0.8000000119
31613  26.468  -23.844  32.418 0.8999999762
136015  21.683  -32.964  20.512 0.6000000238
141251  19.513  -32.117  22.457 0.8999999762
32773  23.576  -22.584  30.903 0.6999999881
30641  18.272  -24.387  29.796 0.4000000060
25193  22.647  -30.031  22.640 0.8999999762
25194  19.316  -29.889  22.509 0.8999999762
135413  18.668  -29.571  22.328 0.8999999762
139177  21.815  -30.825  20.573 0.6999999881
26178  21.562  -29.932  20.601 0.6999999881
32766  25.170  -22.514  32.225 0.8000000119
31623  26.796  -23.159  32.315 0.8999999762
31731  25.480  -23.278  24.349 1.0000000000
140164  24.151  -28.128  23.266 0.8999999762
27945  22.987  -27.463  22.726 0.8999999762
27044  22.680  -28.270  22.642 0.8999999762
131953  23.271  -28.913  22.777 0.8999999762
27047  19.731  -28.370  22.522 0.8999999762
33821  28.412  -21.700  31.196 0.8000000119
32812  29.269  -22.481  28.676 1.0000000000
27948  20.167  -27.629  22.535 0.8999999762
33834  28.652  -21.066  30.768 0.6999999881
33869  28.858  -20.957  28.488 0.8000000119
130659  28.897  -21.617  28.121 0.8999999762
33905  28.385  -21.519  27.256 0.8999999762
143660  21.616  -27.466  20.553 0.6999999881
28916  19.174  -26.457  21.922 0.8999999762
28929  20.068  -26.297  20.961 0.8000000119
34904  22.670  -20.376  31.458 0.6000000238
128417  27.080  -20.001  32.187 0.8000000119
35707  24.790  -19.521  32.404 0.6000000238
34910  28.617  -20.253  30.499 0.6999999881
34931  28.606  -20.125  28.360 0.6999999881
34946  28.224  -19.944  27.415 0.6999999881
33944  24.724  -21.686  24.022 1.0000000000
30752  21.592  -24.392  22.523 1.0000000000
29848  19.515  -25.762  21.669 0.8999999762
36436  24.331  -18.813  32.415 0.6000000238
35722  22.251  -19.567  31.512 0.5000000000
152255  28.605  -19.368  28.629 0.6999999881
35015  25.661  -20.820  23.923 0.8999999762
37225  23.835  -18.013  32.422 0.5000000000
36492  29.268  -18.127  27.075 0.6999999881
35800  28.283  -19.096  25.116 0.8000000119
32931  19.783  -23.655  20.388 0.8999999762
37246  27.110  -17.334  32.091 0.6000000238
138580  26.106  -17.123  32.452 0.5000000000
129890  28.580  -17.820  29.935 0.6999999881
34011  24.616  -21.555  20.459 0.8999999762
35855  26.861  -19.246  21.396 0.8000000119
35058  25.611  -20.280  20.285 0.8000000119
134944  18.142  -20.368  18.763 0.8999999762
38217  27.412  -16.435  31.541 0.5000000000
38232  28.624  -16.383  30.168 0.6999999881
37326  29.227  -17.814  23.977 0.6999999881
36577  27.731  -18.292  22.173 0.8000000119
153101  24.608  -20.588  19.524 0.8999999762
35076  22.429  -20.419  18.900 0.8999999762
35095  20.036  -20.656  17.445 0.8000000119
35112  18.262  -20.176  17.745 0.8000000119
38278  30.396  -16.113  25.680 0.6999999881
38296  29.830  -16.200  24.391 0.6999999881
153180  25.710  -17.155  20.624 0.8000000119
140581  18.351  -17.944  18.859 0.8999999762
39359  30.452  -15.408  25.303 0.6999999881
37381  21.053  -16.891  19.494 0.8999999762
40427  30.583  -14.625  26.501 0.6000000238
36632  19.245  -18.210  17.420 0.6999999881
150017  19.775  -16.156  19.401 0.8999999762
39484  16.927  -15.126  17.392 0.6999999881
39467  18.694  -15.832  17.264 0.6000000238
39483  17.753  -14.952  16.905 0.6000000238
41705  17.049  -13.999  17.626 0.8000000119
40601  17.944  -13.885  16.235 0.6000000238
42730  18.508  -13.334  17.363 0.6999999881
39480  21.059  -15.130  17.027 0.6000000238
41743  19.511  -12.452  14.618 0.6000000238
43766  19.639  -11.123  14.054 0.6000000238
45708  21.695  -9.847  14.486 0.4000000060
138825  21.103  -9.620  13.503 0.4000000060
47460  22.877  -7.817  14.013 0.4000000060
44795  25.669  -10.331  11.819 0.4000000060
146453  22.396  -32.051  22.661 0.8999999762
126799  22.633  -40.123  35.421 0.4000000060
17353  20.980  -39.357  35.651 0.4000000060
17354  20.013  -39.387  35.568 0.4000000060
18119  24.674  -38.839  35.041 0.4000000060
18098  21.471  -38.527  35.554 0.4000000060
18100  19.717  -38.872  35.281 0.4000000060
131081  25.713  -37.934  34.592 0.3000000119
18096  23.131  -38.105  35.511 0.4000000060
18906  27.308  -37.686  33.115 0.4000000060
18933  28.385  -37.713  31.557 0.4000000060
18946  28.938  -37.601  30.744 0.4000000060
18195  29.399  -38.136  29.313 0.4000000060
18097  22.185  -37.777  35.425 0.5000000000
18120  20.197  -38.167  35.100 0.4000000060
18892  25.229  -37.209  34.838 0.4000000060
18875  23.775  -37.638  35.348 0.4000000060
129581  27.649  -36.946  32.827 0.5000000000
19688  28.333  -36.853  32.043 0.4000000060
150394  28.720  -37.078  31.305 0.4000000060
18960  29.509  -37.479  29.301 0.5000000000
18996  29.386  -36.981  27.949 0.5000000000
18997  28.968  -37.225  27.449 0.6000000238
18238  28.428  -37.600  26.816 0.5000000000
18239  27.795  -37.991  26.221 0.6000000238
19008  26.586  -37.636  25.230 0.4000000060
19642  22.529  -36.896  35.051 0.5000000000
134981  21.234  -37.197  34.828 0.5000000000
18908  20.377  -37.264  33.758 0.5000000000
18921  19.905  -37.824  32.199 0.5000000000
149453  24.323  -37.186  35.162 0.6000000238
19641  23.498  -36.831  35.117 0.6000000238
19676  26.678  -36.753  33.953 0.5000000000
20548  26.542  -35.780  34.038 0.6000000238
19689  27.890  -36.179  32.611 0.5000000000
19717  29.218  -36.186  30.578 0.4000000060
19730  29.549  -36.663  29.159 0.6000000238
19747  29.416  -36.321  28.320 0.6000000238
135151  28.446  -36.540  26.902 0.6000000238
19771  27.866  -36.308  26.295 0.6000000238
19777  27.392  -36.507  25.817 0.6000000238
19784  26.142  -36.554  24.902 0.6000000238
19002  27.869  -37.060  26.266 0.6000000238
19007  27.280  -37.341  25.703 0.6000000238
19013  26.003  -37.309  24.796 0.6000000238
134781  24.752  -37.063  24.160 0.6000000238
137882  22.561  -36.114  34.638 0.5000000000
19662  20.983  -36.855  34.219 0.5000000000
19678  20.808  -36.633  33.174 0.5000000000
18920  20.389  -37.230  32.566 0.5000000000
20534  25.675  -35.738  34.449 0.6000000238
150127  22.991  -36.436  34.907 0.6000000238
136365  27.604  -35.568  32.997 0.6000000238
21399  26.784  -34.788  33.737 0.6000000238
131912  28.431  -35.922  31.974 0.5000000000
151935  27.404  -34.999  33.261 0.6000000238
20590  29.308  -35.379  30.236 0.6000000238
134344  29.446  -36.081  29.748 0.6000000238
20632  28.099  -35.667  26.576 0.6000000238
19785  25.440  -36.616  24.517 0.6000000238
19793  24.263  -36.464  23.839 0.6999999881
20538  22.054  -35.738  34.131 0.6000000238
19690  21.359  -36.115  32.670 0.5000000000
19691  21.160  -36.673  31.756 0.5000000000
21389  25.310  -35.164  34.467 0.6000000238
138274  24.054  -35.504  34.722 0.6000000238
20537  22.884  -35.181  34.383 0.6000000238
19705  22.338  -36.603  30.497 0.5000000000
19718  22.641  -36.970  29.808 0.5000000000
149576  25.403  -34.593  34.380 0.6000000238
20574  28.861  -35.440  31.197 0.6000000238
20658  24.458  -35.715  23.939 0.6999999881
21391  23.287  -34.426  34.328 0.6000000238
20549  22.315  -34.980  33.679 0.6000000238
20564  21.867  -35.600  32.098 0.6000000238
20536  23.683  -34.899  34.539 0.6000000238
21401  22.248  -34.250  33.156 0.6000000238
20563  22.515  -35.213  31.269 0.6000000238
20575  23.407  -35.748  30.123 0.6000000238
20591  23.404  -35.818  29.846 0.6000000238
21390  23.964  -34.154  34.466 0.6000000238
20606  22.398  -36.535  29.537 0.5000000000
143651  26.795  -33.965  33.643 0.6000000238
21437  21.819  -34.624  29.769 0.6000000238
20659  23.762  -35.855  23.555 0.6999999881
21392  22.748  -34.282  34.003 0.6000000238
21411  22.372  -34.456  31.878 0.6000000238
23173  24.213  -32.574  34.036 0.6000000238
22240  23.407  -32.948  34.009 0.6000000238
22264  22.210  -33.664  32.491 0.6000000238
21424  23.152  -34.916  30.452 0.6000000238
21448  23.319  -35.002  29.696 0.6000000238
22238  24.973  -33.898  34.364 0.6000000238
139916  23.193  -34.293  29.560 0.6000000238
22249  26.367  -33.367  33.744 0.6000000238
22262  28.349  -33.664  31.799 0.6000000238
21527  22.550  -34.486  22.835 0.6999999881
21528  21.844  -34.655  22.608 0.6999999881
22251  24.980  -33.010  34.148 0.6000000238
23191  22.146  -32.814  32.930 0.6999999881
22265  22.062  -33.081  31.835 0.6999999881
23178  26.610  -32.644  33.393 0.6000000238
145098  21.315  -34.204  22.525 0.6999999881
23181  22.808  -32.534  33.566 0.6999999881
128884  25.047  -32.238  33.837 0.6999999881
23180  23.542  -32.300  33.811 0.6999999881
23192  21.768  -32.158  32.341 0.6999999881
151392  22.000  -32.588  31.348 0.6999999881
23209  22.872  -33.254  30.222 0.6000000238
23225  22.917  -32.917  29.580 0.6999999881
24125  22.520  -32.136  29.482 0.6000000238
145053  22.654  -32.872  29.191 0.5000000000
22385  18.902  -33.908  22.383 0.8000000119
24082  23.146  -31.795  33.560 0.6999999881
24083  22.320  -31.993  33.144 0.6999999881
24092  21.544  -31.249  32.027 0.6999999881
24108  21.758  -31.642  30.833 0.6999999881
23244  21.420  -32.473  28.384 0.5000000000
139661  21.403  -30.372  30.682 0.6999999881
133901  22.391  -31.515  29.091 0.6000000238
24152  22.161  -31.437  28.492 0.6000000238
147934  22.875  -16.903  19.772 0.6999999881
38330  27.542  -16.726  22.101 0.6999999881
37368  26.738  -17.666  21.230 0.6999999881
138419  25.060  -16.909  20.460 0.6999999881
38315  28.730  -16.489  23.106 0.6000000238
142448  27.745  -16.080  22.348 0.6000000238
38356  24.192  -16.560  20.330 0.6999999881
38357  23.214  -16.202  20.198 0.6999999881
38358  22.279  -16.419  19.805 0.6999999881
133542  21.751  -15.860  19.818 0.6999999881
39377  28.914  -15.636  23.267 0.6000000238
141646  27.109  -15.847  21.935 0.6000000238
141466  26.188  -16.877  21.034 0.6999999881
38355  24.842  -16.102  20.735 0.6999999881
40481  29.220  -14.676  23.431 0.6000000238
39420  22.467  -15.623  20.058 0.6999999881
130402  21.293  -14.496  19.329 0.6999999881
39391  28.394  -14.978  22.782 0.6000000238
39392  27.698  -15.349  22.370 0.6000000238
39406  26.522  -15.114  21.679 0.6000000238
38344  25.487  -15.830  21.111 0.6999999881
39418  24.029  -15.695  20.536 0.6999999881
139629  22.569  -14.924  20.030 0.6999999881
40541  21.916  -14.688  19.604 0.6999999881
41658  21.848  -14.105  19.105 0.6999999881
41583  28.633  -13.991  22.727 0.6000000238
41606  28.086  -13.650  22.181 0.6000000238
40516  26.925  -14.371  21.708 0.5000000000
40517  26.143  -14.437  21.361 0.6000000238
41642  25.114  -13.942  20.382 0.5000000000
40530  23.398  -14.607  20.092 0.6999999881
128141  23.130  -13.738  19.133 0.6999999881
135263  22.170  -13.576  18.528 0.6999999881
44770  29.233  -10.250  13.396 0.3000000119
44771  28.710  -10.942  12.780 0.3000000119
42811  25.917  -12.095  12.740 0.3000000119
16615  21.153  -40.314  35.654 0.4000000060
16616  19.638  -40.216  35.579 0.3000000119
16617  18.743  -40.520  35.311 0.4000000060
16638  23.435  -40.228  35.055 0.3000000119
17356  18.581  -39.829  34.881 0.4000000060
18131  26.356  -38.961  33.571 0.4000000060
18121  19.533  -38.514  34.746 0.4000000060
18158  27.775  -38.655  31.768 0.4000000060
18157  28.411  -38.415  30.983 0.4000000060
18196  29.054  -38.626  29.717 0.4000000060
18227  29.399  -37.694  27.967 0.5000000000
18242  27.180  -38.266  25.662 0.4000000060
18146  19.409  -38.324  32.717 0.4000000060
19014  25.361  -37.612  24.451 0.5000000000
18160  19.974  -38.261  31.304 0.5000000000
19018  24.031  -37.245  23.727 0.6000000238
18935  20.755  -37.514  31.158 0.5000000000
18934  21.823  -37.108  30.416 0.5000000000
18177  21.529  -38.015  29.081 0.5000000000
19794  23.563  -36.612  23.497 0.6000000238
18961  21.862  -37.341  29.614 0.5000000000
20593  21.249  -35.360  29.926 0.4000000060
20660  22.393  -35.977  22.910 0.6999999881
22290  22.323  -33.815  29.473 0.5000000000
138812  21.100  -34.879  22.548 0.6999999881
22303  22.281  -33.006  28.939 0.5000000000
131917  20.180  -35.111  22.485 0.8000000119
21531  18.596  -34.694  22.243 0.6999999881
23245  20.276  -32.469  28.917 0.5000000000
23259  21.291  -32.226  27.866 0.6000000238
148553  29.278  -16.990  29.136 0.6000000238
38242  29.592  -16.312  28.782 0.6000000238
40464  29.867  -14.745  24.217 0.6000000238
41605  28.566  -13.283  22.385 0.5000000000
41625  27.483  -13.575  21.646 0.5000000000
41641  26.496  -13.242  20.554 0.5000000000
42702  25.830  -13.341  20.123 0.5000000000
41677  24.268  -13.379  19.175 0.5000000000
42727  24.435  -12.839  18.537 0.5000000000
42743  23.327  -12.480  17.426 0.5000000000
45738  29.646  -9.913  12.865 0.3000000119
137249  28.194  -11.778  11.830 0.3000000119
22263  27.773  -33.507  32.567 0.6000000238
21398  27.456  -34.258  33.133 0.6000000238
20561  28.371  -35.114  32.059 0.6000000238
153307  21.531  -30.369  32.038 0.8000000119
20652  25.113  -35.713  24.358 0.6999999881
21525  23.955  -35.023  23.589 0.6999999881
22382  21.928  -33.788  22.577 0.6999999881
38342  26.877  -16.776  21.582 0.6999999881
39421  21.183  -15.521  19.671 0.6999999881
42744  22.380  -12.715  17.431 0.6000000238
42810  26.637  -11.912  12.721 0.3000000119
21529  20.561  -34.288  22.487 0.8000000119
144038  18.600  -35.939  21.933 0.6999999881
38354  25.544  -16.508  20.835 0.6999999881
130235  23.323  -38.792  35.519 0.4000000060
137653  25.197  -38.113  34.937 0.4000000060
18118  25.501  -38.687  34.557 0.3000000119
18891  26.159  -37.383  34.345 0.5000000000
18896  19.937  -37.856  34.323 0.5000000000
17462  29.249  -38.520  28.107 0.3000000119
18243  26.613  -38.472  25.276 0.4000000060
17396  19.431  -38.576  31.936 0.5000000000
24139  22.436  -32.028  28.662 0.6000000238
39419  23.253  -15.294  20.321 0.6999999881
40531  21.857  -15.243  19.824 0.6999999881
39405  27.150  -15.000  22.032 0.6000000238
38343  26.244  -15.965  21.445 0.6999999881
39417  24.812  -15.224  20.921 0.6999999881
40501  27.717  -14.401  22.240 0.6000000238
41626  26.647  -13.742  21.231 0.5000000000
40528  25.362  -14.508  20.990 0.6000000238
127751  24.021  -14.913  20.529 0.6999999881
40540  22.733  -14.292  19.530 0.6999999881
41657  22.564  -13.808  19.010 0.6999999881
41640  27.159  -13.104  20.933 0.5000000000
41627  25.907  -13.849  20.846 0.5000000000
41656  24.569  -13.676  19.734 0.5000000000
137608  23.709  -13.910  19.565 0.5000000000
42728  23.609  -12.900  18.155 0.5000000000
42729  22.964  -12.943  17.911 0.6999999881
42662  28.929  -12.547  22.331 0.5000000000
42713  26.429  -12.643  19.821 0.5000000000
42714  25.623  -12.848  19.431 0.5000000000
42742  24.172  -12.401  17.732 0.5000000000
20662  20.835  -35.671  22.544 0.6000000238
20663  19.792  -35.986  22.434 0.6000000238
138633  20.735  -35.207  20.770 0.5000000000
19811  19.095  -36.664  21.969 0.6000000238
20697  18.529  -35.248  21.682 0.6000000238
22411  22.957  -33.624  20.749 0.5000000000
21557  21.449  -34.411  20.571 0.5000000000
147238  19.260  -34.250  20.864 0.6000000238
26067  19.427  -29.952  27.681 0.5000000000
21559  18.516  -34.449  21.299 0.6000000238
23346  23.661  -32.539  21.304 0.5000000000
22412  22.057  -33.653  20.529 0.5000000000
149165  24.180  -32.256  21.591 0.5000000000
26048  19.292  -29.034  28.131 0.4000000060
26068  18.268  -29.690  28.007 0.4000000060
26964  17.576  -28.661  28.804 0.4000000060
23352  23.120  -32.782  20.962 0.5000000000
24246  24.425  -31.540  21.684 0.5000000000
24247  23.701  -31.660  21.247 0.5000000000
26166  24.629  -29.995  21.254 0.5000000000
139715  24.123  -30.812  21.253 0.5000000000
27848  16.645  -27.569  29.544 0.4000000060
32777  20.297  -22.136  30.369 0.4000000060
32791  19.459  -22.331  30.246 0.4000000060
138497  18.730  -22.856  30.080 0.4000000060
31653  18.053  -23.353  29.878 0.3000000119
37248  24.210  -17.166  32.485 0.4000000060
37249  23.375  -17.236  32.287 0.4000000060
34905  21.797  -20.169  31.250 0.4000000060
34911  21.245  -20.729  30.891 0.4000000060
130408  23.760  -16.599  32.215 0.4000000060
35727  21.016  -19.768  31.024 0.4000000060
33839  19.765  -21.648  30.365 0.4000000060
36467  20.752  -18.747  30.844 0.4000000060
34912  20.364  -20.344  30.659 0.4000000060
33850  18.987  -21.431  30.118 0.4000000060
140280  18.457  -22.001  29.923 0.4000000060
36460  22.615  -18.837  31.772 0.4000000060
36461  22.178  -18.059  31.638 0.4000000060
130612  21.826  -18.841  31.467 0.4000000060
38204  24.522  -16.255  32.191 0.4000000060
38205  23.099  -16.599  31.859 0.4000000060
37250  21.935  -17.372  31.328 0.4000000060
36462  21.337  -18.162  31.210 0.4000000060
37263  21.375  -17.371  30.796 0.4000000060
37264  20.661  -17.996  30.496 0.4000000060
35729  19.595  -19.942  30.268 0.4000000060
37270  20.391  -17.632  29.565 0.4000000060
36475  19.410  -18.761  29.375 0.4000000060
34921  18.818  -20.491  29.751 0.4000000060
149716  24.319  -15.581  31.536 0.4000000060
38221  22.952  -16.105  31.168 0.4000000060
38206  22.416  -16.738  31.363 0.4000000060
38216  28.098  -16.435  30.862 0.5000000000
137947  27.605  -15.683  31.120 0.4000000060
38218  26.759  -15.534  31.505 0.4000000060
39268  25.124  -15.565  31.734 0.4000000060
39280  22.835  -15.824  30.223 0.4000000060
38233  22.133  -16.242  29.771 0.4000000060
38223  21.648  -16.765  30.351 0.4000000060
37269  21.005  -17.189  30.020 0.4000000060
38235  20.807  -16.986  29.115 0.4000000060
37271  19.759  -17.996  29.056 0.4000000060
39287  29.293  -15.701  29.301 0.5000000000
39288  28.793  -15.609  29.858 0.5000000000
39276  27.618  -15.044  30.797 0.5000000000
137420  26.834  -14.816  31.044 0.4000000060
39291  25.193  -14.478  30.356 0.4000000060
39278  24.691  -15.000  31.045 0.4000000060
39279  23.690  -15.418  30.804 0.4000000060
38234  21.431  -16.618  29.463 0.4000000060
39289  28.264  -14.752  30.058 0.5000000000
40386  26.205  -14.348  30.467 0.4000000060
39292  24.232  -14.787  30.051 0.4000000060
39293  23.402  -15.231  29.629 0.4000000060
40393  26.574  -13.891  29.725 0.4000000060
40394  25.630  -14.037  29.625 0.4000000060
40396  23.917  -14.707  28.991 0.4000000060
42568  27.033  -13.036  28.349 0.4000000060
41502  26.179  -13.300  28.379 0.4000000060
144854  25.525  -13.567  28.359 0.4000000060
134197  24.970  -13.306  27.500 0.4000000060
39311  30.211  -15.061  28.004 0.5000000000
41499  29.280  -13.733  28.397 0.5000000000
41511  28.006  -12.899  28.269 0.4000000060
42578  26.244  -12.851  27.807 0.4000000060
41512  25.522  -13.280  27.863 0.4000000060
42580  24.523  -13.016  27.060 0.3000000119
39321  30.531  -15.247  27.047 0.5000000000
40392  27.604  -13.926  29.606 0.5000000000
41495  25.976  -13.640  28.992 0.4000000060
40406  25.178  -13.922  28.740 0.4000000060
40407  24.447  -14.302  28.348 0.4000000060
41494  26.850  -13.491  29.004 0.4000000060
41503  24.889  -13.765  27.937 0.4000000060
41509  29.669  -13.332  27.707 0.5000000000
41510  28.947  -13.032  28.075 0.5000000000
42577  27.194  -12.438  27.656 0.4000000060
143575  26.266  -12.334  27.309 0.4000000060
42595  24.843  -12.198  26.680 0.3000000119
41526  30.414  -13.368  26.532 0.5000000000
42575  29.365  -12.587  27.454 0.5000000000
42594  25.786  -11.868  26.730 0.4000000060
42579  25.424  -12.700  27.297 0.3000000119
43597  24.262  -11.662  26.211 0.3000000119
42596  24.016  -12.370  26.573 0.3000000119
42614  30.271  -12.514  26.239 0.5000000000
41547  30.505  -13.242  25.737 0.4000000060
41563  30.389  -13.201  24.937 0.5000000000
43593  28.488  -11.336  26.578 0.3000000119
43587  27.851  -11.822  27.143 0.4000000060
42593  26.814  -11.815  27.006 0.4000000060
43596  25.028  -11.479  26.227 0.3000000119
133198  23.212  -10.979  25.466 0.3000000119
43624  22.529  -11.261  25.681 0.3000000119
42591  29.755  -12.154  26.795 0.3000000119
42625  30.343  -12.484  25.417 0.4000000060
42626  30.199  -12.291  24.613 0.4000000060
41582  29.366  -13.725  23.403 0.4000000060
41604  29.109  -13.172  22.878 0.4000000060
43594  27.437  -11.298  26.566 0.3000000119
43595  25.741  -11.168  26.136 0.3000000119
43623  24.452  -11.081  25.751 0.3000000119
151339  23.835  -11.226  25.759 0.3000000119
44601  21.815  -10.729  25.274 0.3000000119
44602  21.024  -10.495  24.989 0.3000000119
43592  29.447  -11.517  26.432 0.3000000119
44622  23.078  -10.362  24.749 0.3000000119
146954  22.575  -10.702  25.189 0.3000000119
149324  20.960  -10.204  24.324 0.3000000119
43591  29.985  -11.854  26.198 0.3000000119
43618  30.193  -11.819  25.257 0.3000000119
143175  29.970  -11.743  23.941 0.3000000119
42661  29.552  -12.331  23.173 0.4000000060
42685  28.495  -12.324  21.612 0.4000000060
42686  27.814  -12.766  21.280 0.4000000060
42701  27.508  -12.447  20.632 0.4000000060
152769  25.234  -13.392  19.782 0.4000000060
44625  20.295  -10.331  24.625 0.3000000119
44596  28.684  -10.273  25.466 0.3000000119
44583  28.104  -10.741  26.087 0.3000000119
43620  29.122  -10.842  25.996 0.3000000119
43619  29.868  -11.333  25.689 0.3000000119
43651  29.851  -10.850  23.897 0.3000000119
43666  29.434  -11.676  22.621 0.3000000119
43667  29.056  -11.832  21.967 0.4000000060
44678  29.097  -10.624  21.240 0.3000000119
43683  28.788  -11.531  21.399 0.4000000060
42700  28.179  -12.067  20.946 0.4000000060
42712  27.179  -12.188  19.994 0.4000000060
43705  26.783  -11.885  19.332 0.4000000060
42725  26.060  -12.227  19.018 0.4000000060
42726  25.301  -12.519  18.732 0.4000000060
42741  24.982  -12.213  18.003 0.4000000060
43640  29.989  -11.201  24.750 0.3000000119
43694  28.499  -11.267  20.706 0.3000000119
43703  28.234  -11.022  20.002 0.3000000119
43714  27.232  -11.245  18.929 0.4000000060
43715  26.480  -11.588  18.611 0.4000000060
43716  25.734  -11.890  18.312 0.4000000060
43741  25.097  -11.240  16.829 0.4000000060
43728  24.643  -11.809  17.309 0.4000000060
43743  23.361  -11.651  16.449 0.4000000060
42760  22.800  -12.181  16.823 0.5000000000
44689  28.800  -10.384  20.505 0.3000000119
44708  28.353  -9.935  19.032 0.3000000119
44709  27.664  -10.502  18.570 0.3000000119
44710  26.962  -10.980  18.173 0.4000000060
44721  26.641  -10.650  17.439 0.4000000060
44722  25.870  -10.972  17.133 0.4000000060
44732  26.300  -10.324  16.686 0.3000000119
44734  24.698  -10.793  16.150 0.4000000060
44735  23.839  -10.997  15.887 0.3000000119
44736  22.891  -11.123  15.682 0.3000000119
43744  22.365  -11.667  16.210 0.4000000060
44748  23.368  -10.434  15.226 0.3000000119
44737  21.831  -11.136  15.545 0.3000000119
45669  28.785  -9.307  19.563 0.3000000119
45676  28.624  -9.089  18.810 0.3000000119
44720  27.419  -10.251  17.773 0.3000000119
45687  27.091  -9.937  17.008 0.3000000119
45696  26.670  -9.594  16.283 0.3000000119
45697  25.917  -9.973  15.981 0.3000000119
44746  25.149  -10.185  15.731 0.3000000119
44747  24.311  -10.317  15.441 0.3000000119
45705  24.822  -9.641  15.129 0.3000000119
150445  28.786  -8.585  19.401 0.3000000119
45677  28.105  -9.691  18.250 0.3000000119
45695  27.516  -9.150  16.608 0.3000000119
46568  27.024  -8.873  15.867 0.3000000119
45704  25.522  -9.613  15.456 0.3000000119
46576  25.507  -8.921  14.921 0.3000000119
45706  23.836  -9.643  14.777 0.3000000119
139580  23.060  -9.075  14.445 0.3000000119
46577  24.478  -8.958  14.643 0.3000000119
46578  23.662  -8.844  14.478 0.3000000119
47459  23.367  -7.627  14.093 0.3000000119
40391  29.117  -14.955  29.393 0.5000000000
39303  29.662  -15.385  28.759 0.5000000000
20661  21.695  -35.428  22.646 0.6000000238
147943  20.324  -37.150  22.468 0.5000000000
19805  19.250  -37.010  22.062 0.5000000000
19820  20.328  -36.881  21.306 0.5000000000
19051  19.825  -37.456  21.638 0.5000000000
22402  24.344  -33.170  21.633 0.5000000000
128460  22.847  -35.050  20.582 0.5000000000
134619  21.895  -35.183  20.618 0.5000000000
25101  21.714  -30.569  29.553 0.6000000238
25114  21.603  -30.953  28.046 0.6000000238
130849  21.227  -29.895  28.193 0.6000000238
25133  20.538  -30.965  27.517 0.5000000000
25134  19.848  -30.992  27.349 0.5000000000
25135  18.914  -30.884  27.358 0.5000000000
142970  18.009  -30.860  27.408 0.5000000000
25116  17.432  -30.255  27.875 0.4000000060
26049  17.104  -29.542  28.395 0.4000000060
26965  16.568  -28.871  28.994 0.4000000060
26938  16.102  -28.185  29.439 0.4000000060
29726  16.681  -25.129  29.494 0.3000000119
141412  17.315  -23.800  29.603 0.3000000119
32792  17.897  -22.492  29.708 0.4000000060
35746  18.792  -19.180  28.856 0.4000000060
33851  18.219  -21.238  29.524 0.4000000060
36483  19.180  -18.412  28.536 0.4000000060
39294  22.668  -15.675  29.169 0.4000000060
37282  20.150  -17.095  27.611 0.4000000060
39295  21.936  -16.128  28.650 0.4000000060
39304  23.232  -15.216  28.507 0.4000000060
39314  21.754  -15.711  27.069 0.4000000060
41513  24.537  -13.609  27.408 0.4000000060
42581  23.792  -13.169  26.812 0.4000000060
40408  23.733  -14.757  27.943 0.4000000060
41514  23.624  -13.931  26.955 0.4000000060
42597  23.187  -12.489  26.574 0.3000000119
43599  22.439  -11.903  26.320 0.3000000119
43625  21.688  -11.364  25.929 0.3000000119
23345  24.875  -32.422  22.166 0.5000000000
37277  19.622  -17.712  28.127 0.4000000060
39305  22.594  -15.633  28.108 0.4000000060
39306  22.055  -15.876  27.708 0.4000000060
28775  16.360  -26.711  29.584 0.4000000060
21558  20.326  -34.378  20.667 0.5000000000
37247  25.133  -17.111  32.524 0.4000000060
41564  29.950  -13.273  24.099 0.5000000000
38203  25.550  -16.298  32.247 0.4000000060
40414  30.394  -14.444  27.279 0.5000000000
43729  23.876  -12.011  17.057 0.4000000060
43727  25.429  -11.583  17.577 0.4000000060
20696  19.938  -35.996  21.195 0.6000000238
21556  22.423  -34.379  20.570 0.5000000000
21548  23.658  -34.112  20.931 0.5000000000
147480  20.287  -18.722  30.423 0.4000000060
36474  20.022  -18.370  29.881 0.4000000060
36468  19.731  -19.107  30.114 0.4000000060
35736  19.123  -19.574  29.596 0.4000000060
39275  28.221  -15.604  30.549 0.5000000000
39277  25.819  -14.915  31.286 0.4000000060
133637  21.243  -16.553  28.639 0.4000000060
37276  20.242  -17.363  28.613 0.4000000060
39290  27.213  -14.402  30.356 0.4000000060
40405  28.699  -14.073  29.169 0.5000000000
40395  24.751  -14.344  29.334 0.4000000060
40415  29.943  -14.110  27.925 0.5000000000
40404  29.529  -14.528  28.651 0.5000000000
41500  28.601  -13.444  28.583 0.5000000000
42574  30.057  -12.885  27.057 0.5000000000
41508  30.223  -13.672  27.242 0.5000000000
42576  28.375  -12.414  27.658 0.4000000060
42592  28.953  -11.879  27.117 0.4000000060
42641  29.878  -12.538  23.852 0.4000000060
152112  29.723  -11.472  23.334 0.3000000119
43695  27.831  -11.761  20.318 0.4000000060
43704  27.520  -11.498  19.641 0.4000000060
44616  29.580  -10.265  24.432 0.3000000119
43726  26.202  -11.310  17.866 0.4000000060
44699  28.572  -10.161  19.768 0.3000000119
44700  27.927  -10.746  19.307 0.3000000119
44733  25.510  -10.590  16.415 0.3000000119
43742  24.271  -11.438  16.596 0.4000000060
45686  27.854  -9.419  17.430 0.3000000119
46559  28.282  -8.496  17.107 0.3000000119
47451  23.907  -8.193  14.357 0.3000000119
38244  20.732  -16.770  28.148 0.4000000060
145664  20.896  -34.561  30.253 0.4000000060
147055  21.100  -33.283  29.778 0.4000000060
22291  19.822  -33.016  30.503 0.4000000060
23227  19.482  -32.497  30.056 0.3000000119
23226  20.741  -32.781  29.498 0.4000000060
23246  19.107  -32.376  29.373 0.3000000119
18262  23.500  -38.078  23.510 0.5000000000
23271  20.410  -32.354  27.521 0.5000000000
23261  19.504  -32.810  27.736 0.3000000119
19019  23.315  -37.261  23.406 0.5000000000
19020  22.600  -37.629  23.117 0.5000000000
25132  21.135  -31.420  27.676 0.5000000000
23272  19.700  -32.687  27.093 0.4000000060
19795  22.846  -36.741  23.183 0.5000000000
127841  22.002  -38.410  22.866 0.5000000000
18264  21.082  -38.486  22.548 0.3000000119
19796  21.489  -36.223  22.662 0.5000000000
19022  20.653  -37.759  22.498 0.4000000060
19023  19.702  -37.678  22.178 0.4000000060
17549  20.546  -39.057  21.725 0.3000000119
18275  20.096  -38.916  21.952 0.3000000119
19049  21.274  -38.120  21.295 0.3000000119
18288  19.864  -38.112  21.806 0.3000000119
19818  22.339  -36.782  20.835 0.3000000119
19048  22.225  -37.772  21.030 0.3000000119
19050  20.479  -37.722  21.439 0.4000000060
19040  19.442  -37.549  21.961 0.4000000060
25117  16.629  -30.297  28.031 0.3000000119
136310  23.648  -34.874  20.676 0.4000000060
20694  23.384  -35.630  20.581 0.4000000060
19819  21.310  -36.164  20.861 0.4000000060
26050  16.140  -29.594  28.578 0.3000000119
27849  15.841  -27.439  29.482 0.3000000119
33870  17.550  -21.287  28.783 0.3000000119
34932  18.083  -20.511  28.969 0.3000000119
35747  18.207  -19.722  28.320 0.3000000119
35748  17.713  -19.873  27.702 0.3000000119
36484  18.578  -18.805  28.036 0.3000000119
38252  19.955  -16.732  26.775 0.3000000119
38250  21.133  -15.990  26.876 0.3000000119
135809  20.505  -16.165  26.782 0.3000000119
38260  19.937  -16.039  26.608 0.3000000119
39323  19.174  -15.678  26.592 0.3000000119
138164  18.574  -16.136  26.196 0.3000000119
39312  23.050  -15.135  27.599 0.3000000119
39313  22.377  -15.409  27.303 0.3000000119
39322  21.286  -15.363  26.860 0.3000000119
130885  20.576  -15.497  26.805 0.3000000119
40420  19.980  -14.560  27.104 0.3000000119
40417  23.398  -14.551  27.260 0.3000000119
41515  22.928  -14.147  26.871 0.3000000119
152674  20.849  -13.838  27.174 0.3000000119
148696  20.279  -13.778  27.271 0.3000000119
41517  19.423  -13.734  27.364 0.3000000119
41530  20.727  -13.224  27.225 0.3000000119
41516  19.876  -12.962  27.364 0.3000000119
41527  23.034  -13.346  26.795 0.3000000119
41528  22.248  -13.508  26.934 0.3000000119
42598  21.457  -12.860  27.041 0.3000000119
143111  20.500  -12.261  26.957 0.3000000119
18252  24.578  -38.033  24.005 0.5000000000
20695  22.504  -35.869  20.650 0.4000000060
139507  15.642  -28.888  29.083 0.3000000119
40419  21.871  -14.909  26.873 0.3000000119
38261  19.298  -16.481  26.398 0.3000000119
40428  22.267  -14.276  26.915 0.3000000119
23285  19.182  -32.969  26.796 0.3000000119
24166  18.549  -31.850  26.849 0.3000000119
143276  17.205  -31.015  27.392 0.3000000119
17397  18.941  -39.051  32.406 0.4000000060
17414  18.696  -39.779  31.589 0.4000000060
17413  19.455  -39.093  31.134 0.4000000060
17465  19.443  -39.825  27.863 0.4000000060
18214  19.752  -39.177  27.930 0.3000000119
18179  20.333  -38.708  30.202 0.4000000060
17431  20.612  -39.019  29.246 0.4000000060
18197  21.186  -38.397  28.926 0.4000000060
17483  28.361  -38.695  26.811 0.3000000119
18178  21.161  -38.334  29.369 0.4000000060
19732  20.542  -37.140  29.252 0.3000000119
19720  19.707  -36.344  30.023 0.3000000119
18962  21.398  -38.082  28.912 0.4000000060
20577  19.077  -34.843  31.060 0.3000000119
146115  19.079  -35.757  30.628 0.3000000119
22277  18.994  -33.088  31.163 0.3000000119
19719  20.973  -36.373  29.594 0.4000000060
140718  20.159  -34.583  30.565 0.3000000119
21425  19.541  -33.766  31.022 0.3000000119
16709  18.998  -40.685  28.881 0.4000000060
149513  19.824  -39.584  29.519 0.4000000060
23211  18.763  -32.553  30.843 0.3000000119
17384  18.607  -39.267  33.483 0.3000000119
139195  17.572  -32.784  31.588 0.3000000119
16639  18.134  -40.484  34.800 0.4000000060
16692  19.458  -40.154  29.266 0.4000000060
16708  19.575  -40.062  28.432 0.4000000060
17350  23.822  -39.264  35.283 0.4000000060
17351  23.057  -39.451  35.471 0.4000000060
17352  21.820  -39.835  35.612 0.4000000060
17355  19.271  -39.625  35.300 0.4000000060
17375  19.072  -39.143  34.918 0.4000000060
17432  19.860  -39.277  30.086 0.4000000060
17433  19.191  -39.893  30.374 0.4000000060
17445  29.251  -38.692  28.907 0.4000000060
17448  20.666  -38.855  28.724 0.4000000060
17449  20.099  -39.522  28.810 0.4000000060
17464  20.041  -39.343  28.332 0.3000000119
17542  20.453  -39.381  21.907 0.3000000119
18095  23.937  -38.424  35.397 0.4000000060
18099  20.515  -38.639  35.446 0.4000000060
18117  26.253  -38.331  34.103 0.3000000119
18122  18.988  -38.845  34.174 0.4000000060
18130  26.824  -38.355  33.395 0.4000000060
18133  19.413  -38.299  33.797 0.5000000000
18134  19.016  -38.716  33.321 0.3000000119
18144  27.289  -38.497  32.663 0.4000000060
18159  20.837  -38.140  30.285 0.5000000000
18175  29.309  -37.869  29.951 0.4000000060
18176  28.881  -38.327  30.372 0.4000000060
18211  29.480  -37.967  28.659 0.5000000000
18212  20.994  -38.437  28.737 0.4000000060
18213  20.454  -38.767  28.444 0.3000000119
18250  26.012  -38.229  24.783 0.5000000000
18263  22.710  -38.470  23.202 0.5000000000
18265  20.099  -38.527  22.164 0.3000000119
18266  19.669  -38.271  21.987 0.3000000119
18276  19.713  -38.242  21.953 0.3000000119
18287  20.075  -38.776  21.902 0.3000000119
18298  21.059  -38.795  21.493 0.3000000119
18299  20.487  -38.467  21.597 0.3000000119
18876  23.030  -37.440  35.331 0.4000000060
18877  21.094  -37.820  35.276 0.4000000060
18893  24.582  -37.905  35.224 0.4000000060
18894  21.740  -37.239  35.086 0.5000000000
18895  20.625  -37.502  34.694 0.5000000000
18907  26.770  -37.579  33.759 0.5000000000
18909  19.820  -37.732  33.250 0.5000000000
18919  27.839  -37.715  32.351 0.4000000060
18947  21.636  -37.633  29.709 0.5000000000
18963  20.149  -37.763  28.791 0.3000000119
18980  29.522  -37.190  28.534 0.5000000000
19021  21.639  -37.665  22.766 0.4000000060
19031  19.426  -37.639  21.980 0.4000000060
19657  25.957  -36.529  34.423 0.5000000000
19658  25.226  -36.300  34.659 0.6000000238
19659  24.373  -36.363  34.900 0.6000000238
19660  23.390  -35.959  34.775 0.5000000000
19661  21.750  -36.589  34.577 0.5000000000
19675  27.173  -37.042  33.448 0.5000000000
19677  21.406  -36.233  33.767 0.6000000238
19703  28.789  -36.387  31.322 0.4000000060
19704  23.217  -36.411  29.904 0.5000000000
19716  29.404  -36.975  30.077 0.4000000060
19731  23.083  -36.602  29.878 0.5000000000
19761  29.062  -36.407  27.650 0.6000000238
19778  26.726  -36.691  25.354 0.6000000238
19786  24.805  -36.314  24.207 0.6000000238
19797  20.557  -36.466  22.525 0.5000000000
19798  19.627  -36.815  22.312 0.5000000000
19817  23.217  -36.402  20.648 0.4000000060
20535  24.864  -35.651  34.630 0.6000000238
20547  27.141  -35.469  33.512 0.6000000238
20550  21.736  -35.547  33.251 0.6000000238
20562  27.834  -34.969  32.708 0.6000000238
20576  22.594  -35.969  30.758 0.5000000000
20592  22.764  -35.501  29.496 0.5000000000
20594  19.972  -35.507  30.365 0.3000000119
20604  29.405  -35.330  29.339 0.6000000238
20605  23.217  -35.394  29.569 0.6000000238
20643  27.535  -35.757  25.999 0.8000000119
20644  26.975  -35.878  25.562 0.8000000119
20651  25.815  -35.782  24.704 0.6999999881
20664  19.115  -35.385  22.335 0.6999999881
20673  18.924  -36.254  22.117 0.6999999881
20674  18.459  -35.434  22.035 0.6999999881
20685  18.640  -35.985  21.916 0.6000000238
20686  18.391  -35.354  21.915 0.6999999881
21388  26.005  -35.013  34.275 0.6000000238
21400  26.046  -34.121  34.126 0.6000000238
21412  22.103  -34.963  32.613 0.6000000238
21423  28.584  -34.495  31.501 0.8000000119
21435  23.447  -35.260  29.877 0.6000000238
21436  23.060  -34.644  29.431 0.6000000238
21438  20.742  -33.859  30.333 0.4000000060
21446  29.268  -34.645  29.753 0.8000000119
21468  28.720  -34.610  27.624 0.8000000119
21497  27.346  -34.470  25.827 0.8000000119
21526  23.322  -34.347  23.274 0.8000000119
21530  19.559  -34.502  22.438 0.8000000119
21536  18.226  -34.699  21.930 0.6999999881
21555  23.135  -34.398  20.672 0.5000000000
22239  24.124  -33.353  34.287 0.6000000238
22241  23.328  -33.731  34.181 0.6000000238
22248  27.126  -33.370  33.278 0.6000000238
22250  25.658  -33.411  34.088 0.6000000238
22252  22.644  -33.425  33.595 0.6000000238
22276  22.616  -33.954  31.075 0.6999999881
22278  18.264  -32.894  31.416 0.3000000119
22301  23.117  -33.592  29.525 0.6000000238
22302  22.991  -33.703  29.355 0.6000000238
22373  23.896  -33.094  23.518 0.8000000119
22384  19.939  -33.662  22.453 0.8000000119
22403  23.617  -33.334  21.176 0.5000000000
22404  18.008  -33.882  21.870 0.8000000119
22413  21.056  -33.656  20.529 0.6000000238
22414  19.894  -33.625  20.623 0.6999999881
22415  18.682  -33.655  20.940 0.6000000238
23179  25.800  -32.739  33.812 0.6000000238
23190  26.796  -32.023  33.016 0.8999999762
23207  28.252  -32.164  31.385 1.0000000000
23210  22.377  -32.444  30.373 0.6999999881
23243  22.144  -32.227  28.396 0.5000000000
23260  19.765  -32.704  27.270 0.5000000000
23273  19.114  -33.176  26.919 0.3000000119
23298  27.163  -32.947  25.655 0.8000000119
23327  21.259  -32.741  22.499 0.8999999762
23329  18.396  -32.181  22.251 0.8999999762
23353  22.493  -32.926  20.663 0.5000000000
23356  18.987  -32.035  20.811 0.8000000119
24081  24.171  -31.766  33.720 0.6999999881
24091  22.060  -31.303  32.801 0.8999999762
24107  27.738  -31.494  31.820 0.8999999762
24124  28.450  -31.061  30.348 1.0000000000
24153  21.839  -31.866  27.960 0.6000000238
24163  21.085  -32.061  27.637 0.6000000238
24164  20.379  -31.926  27.300 0.4000000060
24165  19.426  -32.135  26.915 0.5000000000
24167  17.150  -32.165  26.691 0.3000000119
24184  18.856  -32.711  26.673 0.3000000119
24196  27.095  -32.038  25.620 0.8000000119
24210  23.962  -31.701  23.473 0.8999999762
24230  18.847  -31.323  22.418 0.8999999762
24248  18.197  -31.332  21.568 0.8000000119
24253  22.198  -31.671  20.587 0.6000000238
25041  24.277  -30.386  33.281 0.8999999762
25043  22.705  -31.320  33.268 0.6999999881
25054  27.192  -30.799  32.156 0.8999999762
25059  21.917  -30.482  32.567 0.8999999762
25067  28.206  -30.463  30.599 1.0000000000
25070  21.454  -30.747  31.298 0.6999999881
25084  21.784  -31.185  30.147 0.6999999881
25115  20.985  -30.425  27.799 0.6000000238
25131  27.850  -30.386  26.867 1.0000000000
25154  27.260  -31.230  25.812 0.8999999762
25165  26.631  -30.891  25.294 0.8999999762
25166  25.926  -30.886  24.626 0.8999999762
25177  23.665  -30.962  23.247 0.8999999762
25212  24.767  -30.729  21.729 0.5000000000
25213  23.927  -30.130  20.825 0.6000000238
25222  20.713  -30.622  20.640 0.6999999881
25977  23.508  -29.264  32.831 0.8999999762
25979  21.752  -29.682  32.310 0.8999999762
25990  27.472  -29.540  31.193 0.8999999762
25991  26.871  -29.131  31.634 0.8999999762
26005  28.275  -29.856  30.146 1.0000000000
26066  20.283  -30.122  27.668 0.5000000000
26121  25.538  -29.408  24.283 0.8999999762
26122  25.058  -29.859  23.893 0.8999999762
26143  19.115  -29.032  22.497 0.8999999762
26144  18.596  -28.940  22.228 0.8999999762
26155  18.356  -29.650  22.092 0.8999999762
26177  22.511  -29.644  20.570 0.6000000238
26180  18.781  -29.412  21.522 0.8000000119
26877  23.457  -28.477  32.660 0.8999999762
26879  21.604  -28.928  32.013 0.8999999762
26936  21.459  -28.596  29.207 0.6999999881
26937  16.844  -28.212  29.340 0.4000000060
26981  28.373  -28.471  27.888 1.0000000000
27026  26.007  -28.263  24.468 0.8999999762
27041  25.364  -27.988  23.934 1.0000000000
27043  23.998  -28.780  23.187 0.8999999762
27045  21.735  -28.345  22.568 0.8999999762
27066  25.644  -28.746  21.242 0.6000000238
27067  18.535  -28.410  21.973 0.8999999762
27076  23.680  -28.741  20.472 0.6000000238
27779  25.872  -27.341  32.399 0.8999999762
27781  23.282  -27.541  32.542 0.8999999762
27782  22.356  -27.520  32.265 0.8999999762
27804  26.608  -27.377  32.048 0.8999999762
27805  22.215  -26.839  31.827 0.8999999762
27827  27.778  -27.524  30.712 0.8999999762
27847  17.455  -27.789  29.358 0.4000000060
27865  28.426  -27.857  28.279 1.0000000000
27866  21.171  -27.633  28.590 0.6000000238
27869  19.212  -28.143  28.499 0.5000000000
27886  27.774  -27.638  26.595 1.0000000000
27949  19.321  -27.614  22.402 0.8999999762
27961  18.814  -27.622  22.144 0.8999999762
27971  18.671  -27.684  22.004 0.8999999762
27984  20.851  -27.745  20.741 0.6999999881
27985  20.134  -27.239  21.091 0.8000000119
27986  19.345  -27.769  21.453 0.8999999762
27996  25.888  -27.303  19.691 0.6000000238
27998  24.727  -27.569  19.577 0.6000000238
28705  25.561  -26.532  32.493 0.8999999762
28707  23.523  -26.602  32.473 0.8999999762
28708  22.981  -25.966  32.204 0.8999999762
28732  27.380  -26.263  31.631 0.8999999762
28733  22.482  -26.066  31.423 0.6999999881
28769  28.180  -27.017  30.232 0.8999999762
28770  22.039  -25.826  29.450 0.6999999881
28773  18.260  -26.685  29.448 0.5000000000
28794  21.106  -26.745  28.688 0.6999999881
28796  19.781  -26.745  28.786 0.6000000238
28878  23.238  -26.620  22.843 0.8999999762
28901  21.645  -25.999  22.617 0.8999999762
28902  19.154  -26.564  22.051 0.8999999762
28903  18.897  -27.057  22.019 0.8999999762
28917  18.912  -27.097  21.935 0.8999999762
28927  22.067  -26.892  20.335 0.6999999881
28931  19.138  -27.182  21.688 0.8999999762
28945  23.523  -26.687  19.491 0.6000000238
28947  21.603  -26.093  20.083 0.6999999881
28959  24.814  -26.706  18.719 0.6000000238
28960  24.072  -26.343  18.896 0.6000000238
29706  27.938  -25.668  31.146 0.8999999762
29707  22.708  -25.253  30.562 0.8000000119
29743  20.459  -26.228  28.806 0.6000000238
29790  27.079  -25.192  25.098 1.0000000000
29815  20.583  -25.670  22.465 0.8999999762
29816  19.808  -25.900  22.270 0.8999999762
29831  22.973  -25.137  22.866 1.0000000000
30593  26.868  -24.405  32.350 0.8999999762
30594  26.176  -24.527  32.473 1.0000000000
30595  25.189  -24.722  32.473 1.0000000000
30596  24.195  -24.564  32.235 0.8999999762
30608  28.007  -24.126  31.512 1.0000000000
30610  24.050  -23.850  31.748 0.8999999762
30620  27.829  -24.934  31.514 0.8999999762
30622  22.660  -24.571  29.920 0.6999999881
30639  20.085  -24.438  29.562 0.6000000238
30664  29.072  -24.143  28.270 1.0000000000
30731  23.517  -24.221  23.187 1.0000000000
30769  19.999  -24.867  21.869 0.8999999762
30781  19.688  -24.620  20.337 0.8000000119
30782  19.570  -24.307  20.332 0.8999999762
30797  19.655  -24.315  19.603 0.6999999881
30798  19.252  -23.892  19.727 0.8999999762
30813  20.060  -24.025  18.934 0.6999999881
31622  27.737  -23.146  31.766 0.8999999762
31626  23.885  -23.202  31.184 0.6999999881
31634  23.306  -23.221  30.549 0.6999999881
31649  22.343  -23.966  29.746 0.6000000238
31651  20.210  -23.713  29.816 0.6000000238
31689  28.688  -23.993  27.427 1.0000000000
31722  26.688  -23.453  25.205 1.0000000000
31747  25.013  -23.918  23.764 1.0000000000
31748  24.016  -23.448  23.471 1.0000000000
31804  18.625  -22.791  19.280 0.8999999762
31828  21.433  -23.228  18.118 0.6999999881
31830  18.412  -22.949  18.781 0.8000000119
32763  28.020  -22.321  31.561 0.8000000119
32765  26.173  -22.613  32.360 0.8999999762
32774  22.937  -22.551  30.501 0.6999999881
32843  27.394  -22.697  26.025 1.0000000000
32861  26.729  -22.686  25.450 1.0000000000
32891  23.740  -22.235  23.119 1.0000000000
32943  22.461  -22.746  20.175 1.0000000000
32944  21.586  -22.749  19.995 1.0000000000
32946  19.253  -23.273  20.020 0.8999999762
32947  18.769  -22.856  19.521 0.8999999762
32966  20.469  -22.962  18.186 0.6999999881
32968  18.412  -22.447  19.084 0.8000000119
32981  19.134  -21.929  18.225 0.8000000119
32982  18.393  -22.287  18.899 0.8000000119
33838  20.584  -21.396  30.562 0.4000000060
33962  25.027  -21.304  23.503 1.0000000000
33963  24.340  -21.872  23.464 1.0000000000
34030  22.004  -21.135  19.126 0.8999999762
34048  23.364  -21.984  17.357 0.6000000238
34051  20.153  -21.438  17.600 0.8000000119
34890  24.447  -20.158  32.216 0.6000000238
34902  24.676  -20.928  32.105 0.6999999881
35035  25.809  -20.889  22.954 0.8000000119
35073  25.096  -20.111  19.631 0.8000000119
35074  24.375  -21.262  19.699 0.8999999762
35078  20.424  -19.947  18.920 1.0000000000
35081  17.938  -20.344  18.521 0.8000000119
35090  17.692  -20.132  18.205 0.8999999762
35094  20.913  -20.806  17.287 0.8000000119
35096  18.808  -20.963  17.812 0.8000000119
35097  17.984  -20.608  18.174 0.8999999762
35098  17.536  -19.932  17.960 0.8000000119
35108  22.305  -20.370  16.827 0.5000000000
35110  20.317  -19.949  17.274 0.6999999881
35708  23.954  -19.605  32.181 0.6000000238
35720  27.094  -19.132  32.249 0.6000000238
35723  21.593  -19.476  31.300 0.4000000060
35728  20.334  -19.391  30.626 0.4000000060
35737  18.556  -19.893  29.118 0.3000000119
35773  28.103  -19.483  26.742 0.8000000119
35789  27.604  -19.594  25.573 0.8000000119
35823  28.287  -19.015  24.192 0.8000000119
35840  27.377  -19.149  22.095 0.8000000119
35871  24.326  -19.836  19.262 0.8999999762
35873  21.970  -19.539  18.849 0.8999999762
35876  17.930  -19.659  18.577 0.8999999762
35890  17.294  -19.349  17.953 0.8000000119
36437  23.467  -18.850  32.144 0.5000000000
36438  22.613  -17.295  31.834 0.4000000060
36493  28.727  -18.678  27.521 0.6999999881
36524  29.363  -18.159  25.352 0.6999999881
36592  19.096  -18.129  19.014 0.8999999762
36604  18.301  -18.802  18.760 0.8999999762
36606  17.005  -18.231  18.230 0.8000000119
36628  22.639  -18.304  17.211 0.5000000000
36634  16.739  -18.113  17.992 0.8000000119
36653  18.518  -18.687  17.495 0.6999999881
36654  17.393  -18.702  17.754 0.8000000119
36655  16.748  -18.051  17.908 0.8000000119
37268  28.869  -17.109  29.718 0.6999999881
37360  27.992  -17.467  22.366 0.6999999881
37375  26.137  -17.758  20.656 0.8000000119
37380  21.746  -17.094  19.505 0.8999999762
37423  20.818  -17.187  17.512 0.6000000238
37424  20.102  -17.395  17.473 0.6000000238
37425  19.347  -17.533  17.438 0.6000000238
37426  18.456  -17.783  17.440 0.6999999881
37427  16.342  -17.198  17.980 0.8000000119
37441  17.089  -16.888  17.516 0.8000000119
37442  16.389  -16.627  17.824 0.8000000119
38202  26.511  -16.367  32.055 0.5000000000
38207  21.880  -16.881  30.979 0.4000000060
38219  25.947  -15.678  31.841 0.4000000060
38220  23.692  -16.005  31.708 0.4000000060
38222  22.287  -16.415  30.691 0.4000000060
38231  29.109  -16.357  29.507 0.5000000000
38243  21.413  -16.258  27.654 0.4000000060
38251  20.676  -16.478  27.172 0.4000000060
38361  19.364  -16.721  19.293 0.8999999762
38374  16.758  -16.157  18.493 0.8000000119
38383  16.303  -16.393  18.120 0.8000000119
38397  22.632  -16.800  17.833 0.6000000238
38398  21.487  -16.890  17.617 0.6000000238
38417  16.322  -15.716  17.809 0.8000000119
39407  25.712  -15.160  21.343 0.6999999881
39423  19.023  -16.046  19.292 0.8999999762
39433  21.223  -14.925  19.584 0.6999999881
39434  20.481  -15.142  19.469 0.8000000119
39437  17.207  -15.639  18.663 0.8000000119
39447  16.107  -15.479  18.018 0.8000000119
39464  21.548  -15.857  17.628 0.6000000238
39482  18.783  -14.989  16.688 0.6000000238
39485  16.341  -15.037  17.763 0.8000000119
40416  24.141  -14.161  27.501 0.4000000060
40418  22.687  -14.800  27.057 0.3000000119
40429  20.939  -14.556  26.984 0.3000000119
40529  24.678  -14.573  20.634 0.5000000000
40542  20.504  -14.554  19.209 0.6999999881
40543  17.760  -14.671  18.538 0.8000000119
40559  18.235  -14.296  18.410 0.8000000119
40561  16.283  -14.937  18.064 0.8000000119
40581  16.767  -14.324  17.746 0.6999999881
40582  16.327  -14.835  17.923 0.8000000119
40615  18.462  -13.286  15.638 0.6000000238
41501  27.807  -13.433  28.874 0.4000000060
41529  21.483  -13.860  27.056 0.3000000119
41624  28.217  -13.043  21.883 0.5000000000
41643  24.239  -14.291  20.170 0.5000000000
41678  23.701  -13.364  18.836 0.6999999881
41679  22.961  -13.377  18.513 0.6999999881
41680  21.360  -13.660  18.456 0.8000000119
41700  22.462  -13.186  18.054 0.6999999881
41704  17.527  -13.445  17.036 0.6000000238
41721  17.301  -13.817  17.148 0.8000000119
41732  18.349  -12.503  15.626 0.6000000238
42715  24.915  -13.115  19.206 0.5000000000
42746  20.177  -12.598  16.910 0.6000000238
42761  21.873  -12.228  16.686 0.6999999881
42773  25.569  -12.518  15.094 0.4000000060
42782  25.278  -12.436  14.125 0.4000000060
42787  19.173  -11.613  14.723 0.6000000238
42801  22.445  -12.492  13.632 0.6000000238
42820  26.788  -11.888  12.263 0.3000000119
43598  23.367  -11.680  26.121 0.3000000119
43601  19.858  -11.579  26.584 0.3000000119
43747  18.946  -11.751  15.429 0.6000000238
43778  22.391  -11.932  13.246 0.6000000238
43790  27.486  -11.862  12.182 0.3000000119
43794  22.284  -11.095  12.875 0.5000000000
44646  19.748  -10.166  24.233 0.3000000119
44751  20.085  -10.659  14.642 0.5000000000
44752  19.529  -10.949  14.517 0.5000000000
44761  19.632  -10.841  14.256 0.5000000000
44772  20.773  -10.520  13.453 0.5000000000
44773  20.361  -10.329  13.730 0.5000000000
44781  29.401  -10.889  12.133 0.3000000119
44796  24.839  -9.996  11.947 0.4000000060
45707  22.767  -9.758  14.682 0.4000000060
45718  21.191  -9.323  14.044 0.4000000060
45719  20.619  -9.749  14.011 0.4000000060
45728  21.175  -9.353  13.847 0.4000000060
45729  20.475  -9.962  13.874 0.4000000060
45742  21.544  -9.199  13.439 0.4000000060
46585  22.959  -8.244  14.197 0.4000000060
46587  21.709  -8.932  13.940 0.4000000060
46597  22.461  -8.378  13.497 0.4000000060
46603  23.092  -8.898  12.426 0.4000000060
46605  22.071  -8.866  13.172 0.4000000060
47450  24.857  -8.128  14.496 0.3000000119
47458  24.155  -7.460  14.164 0.3000000119
47470  23.205  -7.519  13.842 0.4000000060
47471  22.762  -7.914  13.833 0.4000000060
127200  17.893  -15.204  18.814 0.8000000119
127578  20.381  -39.991  35.662 0.3000000119
127943  19.608  -26.074  21.328 0.8999999762
127980  27.679  -39.035  26.212 0.4000000060
128184  28.924  -38.174  27.409 0.5000000000
128209  21.652  -30.279  28.655 0.6000000238
129365  22.475  -38.716  35.617 0.4000000060
129489  19.673  -25.386  21.843 0.8999999762
129738  21.833  -29.880  22.562 0.8999999762
130032  21.472  -29.511  29.445 0.6999999881
130323  21.083  -29.119  20.675 0.6999999881
130360  20.247  -29.300  22.543 0.8999999762
130514  21.163  -37.004  22.649 0.5000000000
130760  21.349  -37.229  21.114 0.4000000060
130862  24.675  -26.051  18.447 0.6000000238
130901  22.061  -36.864  22.848 0.5000000000
131146  19.517  -29.593  21.109 0.8000000119
131182  26.949  -12.722  20.386 0.5000000000
131373  21.737  -36.151  31.615 0.5000000000
131519  19.587  -23.138  30.111 0.5000000000
131521  28.674  -33.746  27.722 0.8000000119
131526  25.826  -28.908  32.471 0.8999999762
131738  28.006  -23.149  26.486 1.0000000000
131906  19.739  -25.015  21.238 0.8999999762
132091  18.436  -28.913  22.023 0.8999999762
132092  18.176  -30.083  21.909 0.8000000119
132142  27.742  -31.144  26.556 0.8999999762
132175  23.123  -29.576  22.728 0.8999999762
132460  17.843  -32.999  21.746 0.8000000119
132987  21.729  -9.423  13.039 0.4000000060
133750  21.844  -21.755  17.398 0.6999999881
133813  21.528  -37.429  29.223 0.4000000060
133875  28.506  -33.039  31.261 0.8999999762
133904  21.430  -30.536  22.530 0.8999999762
133924  17.989  -32.107  21.658 0.8000000119
134265  28.454  -29.932  29.362 1.0000000000
135329  19.359  -30.664  22.502 0.8999999762
135335  28.289  -15.858  22.713 0.6000000238
135346  28.380  -27.956  29.213 1.0000000000
135400  28.736  -33.189  30.441 0.8000000119
135499  27.273  -36.245  33.382 0.6000000238
135971  28.043  -35.551  32.473 0.6000000238
136236  24.156  -13.640  27.095 0.4000000060
136522  29.061  -36.845  30.818 0.4000000060
136538  22.874  -30.788  22.752 0.8999999762
136576  26.498  -11.293  26.430 0.4000000060
136591  19.625  -38.222  32.059 0.5000000000
136665  19.432  -11.146  14.520 0.6000000238
136808  18.166  -30.687  21.840 0.8000000119
137017  17.363  -17.780  17.587 0.8000000119
137160  23.735  -7.308  13.996 0.3000000119
137296  24.594  -34.831  34.537 0.6000000238
137313  28.562  -32.985  27.668 0.8999999762
137686  29.474  -35.926  28.957 0.6999999881
138068  19.613  -20.883  30.374 0.4000000060
138195  21.968  -23.757  22.531 1.0000000000
138323  17.612  -18.163  18.596 0.8000000119
138436  27.594  -18.790  31.865 0.6999999881
138747  17.734  -26.045  29.617 0.5000000000
138756  25.317  -25.684  32.522 0.8999999762
138853  19.312  -36.674  21.728 0.6000000238
138987  21.188  -19.025  31.168 0.4000000060
139102  21.075  -37.834  28.748 0.4000000060
139515  17.993  -32.195  21.876 0.8000000119
139520  29.566  -13.029  23.467 0.4000000060
139606  24.622  -31.022  33.480 0.8000000119
139697  19.057  -35.849  21.548 0.6000000238
139858  21.482  -26.937  28.948 0.6000000238
139988  23.058  -35.278  23.185 0.6999999881
140625  25.824  -25.171  24.151 1.0000000000
140638  16.886  -25.981  29.653 0.4000000060
140891  20.455  -32.468  27.772 0.5000000000
140899  18.127  -15.877  19.060 0.8999999762
140929  19.426  -26.088  21.578 0.8999999762
141315  26.620  -20.659  32.257 0.8000000119
141479  22.744  -32.238  20.747 0.5000000000
141557  29.718  -14.094  23.938 0.6000000238
141558  30.201  -14.003  24.562 0.5000000000
142057  30.595  -13.983  26.079 0.6000000238
142074  30.499  -13.977  25.296 0.5000000000
142248  23.353  -34.356  29.839 0.6000000238
142258  25.207  -21.606  32.215 0.8000000119
142359  20.284  -16.454  17.532 0.6000000238
142563  28.349  -17.828  30.576 0.6999999881
142840  23.241  -32.141  21.040 0.5000000000
143122  24.560  -26.992  23.415 0.8999999762
143378  20.757  -22.590  19.860 1.0000000000
143464  20.051  -29.340  27.870 0.5000000000
143967  28.404  -20.465  31.099 0.6999999881
144214  22.327  -35.172  22.790 0.6999999881
144515  23.123  -36.093  23.274 0.6000000238
144935  26.504  -30.639  32.650 0.8999999762
145047  30.488  -14.012  26.742 0.5000000000
146069  19.397  -35.067  21.125 0.6000000238
146071  23.159  -35.972  29.590 0.5000000000
146145  18.764  -22.676  18.782 0.8000000119
146157  26.969  -26.466  24.936 1.0000000000
146573  27.247  -15.237  31.161 0.4000000060
146691  27.872  -28.354  30.478 0.8999999762
146773  17.809  -31.699  26.918 0.3000000119
146977  22.968  -18.025  32.095 0.4000000060
147485  23.357  -12.102  16.926 0.4000000060
147512  21.594  -28.287  31.705 0.8000000119
147858  21.712  -32.012  31.503 0.6999999881
148309  20.397  -26.998  22.537 0.8999999762
148466  21.108  -29.024  28.310 0.6999999881
148691  21.803  -39.141  35.654 0.4000000060
148834  30.175  -11.967  25.767 0.3000000119
148992  25.152  -10.764  12.154 0.4000000060
149592  23.161  -7.874  12.839 0.4000000060
149711  23.458  -33.623  23.317 0.8000000119
149956  27.489  -27.469  25.900 1.0000000000
150054  22.249  -31.931  28.306 0.6000000238
150112  23.606  -29.840  20.650 0.6000000238
150132  19.297  -23.730  20.161 0.8999999762
150285  26.361  -37.081  25.067 0.6000000238
150339  21.120  -10.878  25.570 0.3000000119
150532  28.573  -22.335  30.994 0.8000000119
151440  28.833  -32.541  28.871 0.8999999762
151922  28.373  -19.206  27.237 0.6999999881
151966  28.706  -32.603  30.123 0.8999999762
152089  17.826  -21.803  29.445 0.4000000060
152127  21.529  -10.353  24.683 0.3000000119
152256  18.450  -33.543  22.299 0.8999999762
152297  22.361  -39.451  35.582 0.4000000060
152346  25.865  -16.289  21.137 0.6999999881
152603  25.063  -31.592  33.612 0.8000000119
152783  28.198  -28.768  30.005 1.0000000000
152785  23.486  -35.383  34.611 0.6000000238
153036  21.709  -13.168  14.434 0.6000000238
153049  20.809  -19.227  30.934 0.4000000060
153078  22.965  -20.168  18.874 0.8999999762
153203  25.919  -29.496  32.578 0.8999999762
